-7.001729556267077,-7.001729556267077
-7.027936008167856,-7.027936008167856
-7.012971705755571,-7.012971705755571
-6.982642314986152,-6.982642314986152
-6.94268911095797,-6.94268911095797
-6.89584606080249,-6.89584606080249
-6.843724775855514,-6.843724775855514
-6.787390213890881,-6.787390213890881
-6.727598962437004,-6.727598962437004
-6.664916276101916,-6.664916276101916
-6.599780423538702,-6.599780423538702
-6.532541040427427,-6.532541040427427
-6.463483426676808,-6.463483426676808
-6.392844693177295,-6.392844693177295
-6.320824914256681,-6.320824914256681
-6.247595079636881,-6.247595079636881
-6.173302917835056,-6.173302917835056
-6.0980772589030545,-6.0980772589030545
-6.022031367625628,-6.022031367625628
-5.945265534036061,-5.945265534036061
-5.8678691172141475,-5.8678691172141475
-5.78992217936596,-5.78992217936596
-5.711496807938002,-5.711496807938002
-5.63265819679493,-5.63265819679493
-5.553465538921032,-5.553465538921032
-5.473972769965061,-5.473972769965061
-5.394229192494626,-5.394229192494626
-5.314280003923049,-5.314280003923049
-5.234166745961017,-5.234166745961017
-5.153927689614559,-5.153927689614559
-5.073598166846162,-5.073598166846162
-4.993210857789622,-4.993210857789622
-4.912796040686505,-4.912796040686505
-4.8323818103665515,-4.8323818103665515
-4.751994270034497,-4.751994270034497
-4.671657700284442,-4.671657700284442
-4.591394708589859,-4.591394708589859
-4.511226361975329,-4.511226361975329
-4.431172305136663,-4.431172305136663
-4.351250865917674,-4.351250865917674
-4.271479149757774,-4.271479149757774
-4.191873124482012,-4.191873124482012
-4.1124476966040024,-4.1124476966040024
-4.0332167801445795,-4.0332167801445795
-3.954193358828677,-3.954193358828677
-3.8753895424049016,-3.8753895424049016
-3.796816617732602,-3.796816617732602
-3.7184850951967516,-3.7184850951967516
-3.640404750938978,-3.640404750938978
-3.5625846653316415,-3.5625846653316415
-3.4850332580691576,-3.4850332580691576
-3.4077583202054074,-3.4077583202054074
-3.330767043426948,-3.330767043426948
-3.254066046817853,-3.254066046817853
-3.177661401342551,-3.177661401342551
-3.1015586522474154,-3.1015586522474154
-3.0257628395594587,-3.0257628395594587
-2.9502785168405983,-2.9502785168405983
-2.8751097683395357,-2.8751097683395357
-2.8002602246666997,-2.8002602246666997
-2.7257330771056605,-2.7257330771056605
-2.651531090661728,-2.651531090661728
-2.5776566159381136,-2.5776566159381136
-2.504111599920638,-2.504111599920638
-2.4308975957435432,-2.4308975957435432
-2.358015771501438,-2.358015771501438
-2.285466918165695,-2.285466918165695
-2.2132514566574866,-2.2132514566574866
-2.1413694441242037,-2.1413694441242037
-2.0698205794609947,-2.0698205794609947
-1.998604208114652,-1.998604208114652
-1.9277193262029586,-1.9277193262029586
-1.8571645839788278,-1.8571645839788278
-1.7869382886650889,-1.7869382886650889
-1.7170384066826063,-1.7170384066826063
-1.647462565291416,-1.647462565291416
-1.5782080536618461,-1.5782080536618461
-1.5092718233899698,-1.5092718233899698
-1.4406504884693534,-1.4406504884693534
-1.3723403247287311,-1.3723403247287311
-1.3043372687430967,-1.3043372687430967
-1.2366369162235882,-1.2366369162235882
-1.169234519889554,-1.169234519889554
-1.1021249868242422,-1.1021249868242422
-1.0353028753136568,-1.0353028753136568
-0.9687623911662799,-0.9687623911662799
-0.9024973835094983,-0.9024973835094983
-0.8365013400567879,-0.8365013400567879
-0.7707673818378288,-0.7707673818378288
-0.7052882573819442,-0.7052882573819442
-0.6400563363433246,-0.6400563363433246
-0.5750636025546704,-0.5750636025546704
-0.5103016464938542,-0.5103016464938542
-0.4457616571462744,-0.4457616571462744
-0.3814344132434148,-0.3814344132434148
-0.3173102738560195,-0.3173102738560195
-0.25337916831796836,-0.25337916831796836
-0.18963058545461423,-0.18963058545461423
-0.12605356208678317,-0.12605356208678317
-0.06263667077902765,-0.06263667077902765
0.000631993202107055,0.000631993202107055
0.06376482575703048,0.06376482575703048
0.12677472868967918,0.12677472868967918
0.18967512535553632,0.18967512535553632
0.25247997726856847,0.25247997726856847
0.31520380171847645,0.31520380171847645
0.37786169045386947,0.37786169045386947
0.44046932949151735,0.44046932949151735
0.5030430201167428,0.5030430201167428
0.5655997011453295,0.5655997011453295
0.6281569725230599,0.6281569725230599
0.6907331203452317,0.6907331203452317
0.75334714338528,0.75334714338528
0.8160187812289954,0.8160187812289954
0.8787685441188421,0.8787685441188421
0.9416177446216499,0.9416177446216499
1.0045885312424563,1.0045885312424563
1.0677039241178319,1.0677039241178319
1.1309878529332928,1.1309878529332928
1.1944651972221203,1.1944651972221203
1.2581618292165253,1.2581618292165253
1.3221046594373063,1.3221046594373063
1.3863216852247473,1.3863216852247473
1.4508420424318549,1.4508420424318549
1.5156960605212548,1.5156960605212548
1.5809153213294231,1.5809153213294231
1.64653272178664,1.64653272178664
1.712582540908445,1.712582540908445
1.7791005114047498,1.7791005114047498
1.8461238962865059,1.8461238962865059
1.913691570887378,1.913691570887378
1.9818441107596962,1.9818441107596962
2.050623885950642,2.050623885950642
2.120075162216787,2.120075162216787
2.190244209793524,2.190244209793524
2.2611794204013784,2.2611794204013784
2.3329314332447946,2.3329314332447946
2.405553270841687,2.405553270841687
2.4791004856154393,2.4791004856154393
2.5536313182862034,2.5536313182862034
2.629206869217841,2.629206869217841
2.7058912840116127,2.7058912840116127
2.783751954791647,2.783751954791647
2.862859738801579,2.862859738801579
2.943289196131443,2.943289196131443
3.0251188486216636,3.0251188486216636
3.108431462252319,3.108431462252319
3.1933143556259576,3.1933143556259576
3.279859737497903,3.279859737497903
3.3681650767070126,3.3681650767070126
3.458333508321903,3.458333508321903
3.5504742803539715,3.5504742803539715
3.644703246012916,3.644703246012916
3.741143407209621,3.741143407209621
3.8399255158653043,3.8399255158653043
3.941188740589351,3.941188740589351
4.0450814074715975,4.0450814074715975
4.15176182513484,4.15176182513484
4.261399205855948,4.261399205855948
4.3741746965458965,4.3741746965458965
4.490282535750975,4.490282535750975
4.609931355688434,4.609931355688434
4.733345651770612,4.733345651770612
4.860767446245046,4.860767446245046
4.992458177662247,4.992458177662247
5.128700854110546,5.128700854110546
5.269802515823959,5.269802515823959
5.416097062262474,5.416097062262474
5.56794851058741,5.56794851058741
5.725754767274038,5.725754767274038
5.88995201330026,5.88995201330026
6.061019827106999,6.061019827106999
6.239487199936735,6.239487199936735
6.425939637398554,6.425939637398554
6.621027592175504,6.621027592175504
6.825476539854188,6.825476539854188
7.040099098789055,7.040099098789055
7.265809714085417,7.265809714085417
7.503642587287674,7.503642587287674
7.75477375490972,7.75477375490972
8.020548526908517,8.020548526908517
8.30251593047614,8.30251593047614
8.602472426597007,8.602472426597007
8.922518073356594,8.922518073356594
9.265129656360214,9.265129656360214
9.63325734864033,9.63325734864033
10.03045463280799,10.03045463280799
10.46105627119286,10.46105627119286
10.930427405316237,10.930427405316237
11.445320952370183,11.445320952370183
12.014405332108616,12.014405332108616
12.649070479025573,12.649070479025573
13.36470954192653,13.36470954192653
14.182859400091273,14.182859400091273
15.13500017785174,15.13500017785174
16.26984746012222,16.26984746012222
17.668884129960546,17.668884129960546
19.48468528488829,19.48468528488829
22.05970592981833,22.05970592981833
26.489524389948098,26.489524389948098
