-7.918467852157076,-7.918467852157076
-7.913396709483457,-7.913396709483457
-7.9063252695828865,-7.9063252695828865
-7.897333408713235,-7.897333408713235
-7.886498203818629,-7.886498203818629
-7.873894019680333,-7.873894019680333
-7.859592593746647,-7.859592593746647
-7.843663118692101,-7.843663118692101
-7.826172322755441,-7.826172322755441
-7.807184547905171,-7.807184547905171
-7.78676182588043,-7.78676182588043
-7.764963952154327,-7.764963952154327
-7.741848557865973,-7.741848557865973
-7.717471179766716,-7.717471179766716
-7.691885328225255,-7.691885328225255
-7.665142553335568,-7.665142553335568
-7.6372925091708455,-7.6372925091708455
-7.608383016225839,-7.608383016225839
-7.578460122089275,-7.578460122089275
-7.547568160387341,-7.547568160387341
-7.515749808038389,-7.515749808038389
-7.483046140858418,-7.483046140858418
-7.449496687556095,-7.449496687556095
-7.4151394821554355,-7.4151394821554355
-7.380011114883522,-7.380011114883522
-7.3441467815600125,-7.3441467815600125
-7.307580331524466,-7.307580331524466
-7.270344314136899,-7.270344314136899
-7.232470023886264,-7.232470023886264
-7.193987544140962,-7.193987544140962
-7.1549257895748335,-7.1549257895748335
-7.115312547301389,-7.115312547301389
-7.07517451674854,-7.07517451674854
-7.03453734830532,-7.03453734830532
-6.99342568077163,-6.99342568077163
-6.951863177641306,-6.951863177641306
-6.909872562248336,-6.909872562248336
-6.867475651805373,-6.867475651805373
-6.824693390363172,-6.824693390363172
-6.781545880718994,-6.781545880718994
-6.73805241530145,-6.73805241530145
-6.69423150605872,-6.69423150605872
-6.650100913376534,-6.650100913376534
-6.605677674051756,-6.605677674051756
-6.560978128346883,-6.560978128346883
-6.516017946150256,-6.516017946150256
-6.470812152266267,-6.470812152266267
-6.425375150859312,-6.425375150859312
-6.379720749074777,-6.379720749074777
-6.333862179859832,-6.333862179859832
-6.287812124006283,-6.287812124006283
-6.2415827314373615,-6.2415827314373615
-6.195185641759711,-6.195185641759711
-6.148632004101491,-6.148632004101491
-6.101932496256998,-6.101932496256998
-6.055097343157755,-6.055097343157755
-6.008136334689592,-6.008136334689592
-5.961058842874806,-5.961058842874806
-5.913873838438017,-5.913873838438017
-5.866589906773988,-5.866589906773988
-5.819215263335161,-5.819215263335161
-5.771757768456348,-5.771757768456348
-5.724224941633545,-5.724224941633545
-5.676623975273443,-5.676623975273443
-5.628961747929862,-5.628961747929862
-5.581244837042924,-5.581244837042924
-5.533479531196351,-5.533479531196351
-5.485671841908002,-5.485671841908002
-5.437827514968322,-5.437827514968322
-5.389952041341013,-5.389952041341013
-5.342050667639951,-5.342050667639951
-5.294128406195926,-5.294128406195926
-5.246190044726541,-5.246190044726541
-5.198240155622175,-5.198240155622175
-5.150283104860666,-5.150283104860666
-5.102323060562976,-5.102323060562976
-5.054364001201838,-5.054364001201838
-5.00640972347503,-5.00640972347503
-4.95846384985463,-4.95846384985463
-4.910529835823307,-4.910529835823307
-4.862610976808408,-4.862610976808408
-4.814710414824275,-4.814710414824275
-4.766831144833,-4.766831144833
-4.718976020833498,-4.718976020833498
-4.671147761688526,-4.671147761688526
-4.623348956698972,-4.623348956698972
-4.575582070934542,-4.575582070934542
-4.527849450329632,-4.527849450329632
-4.480153326552981,-4.480153326552981
-4.432495821659417,-4.432495821659417
-4.384878952531761,-4.384878952531761
-4.337304635120751,-4.337304635120751
-4.289774688490581,-4.289774688490581
-4.2422908386774045,-4.2422908386774045
-4.19485472236799,-4.19485472236799
-4.147467890405419,-4.147467890405419
-4.100131811128569,-4.100131811128569
-4.052847873551858,-4.052847873551858
-4.00561739039156,-4.00561739039156
-3.9584416009447794,-3.9584416009447794
-3.91132167382698,-3.91132167382698
-3.864258709573765,-3.864258709573765
-3.817253743112433,-3.817253743112433
-3.77030774610862,-3.77030774610862
-3.7234216291932034,-3.7234216291932034
-3.6765962440744047,-3.6765962440744047
-3.6298323855399226,-3.6298323855399226
-3.5831307933537166,-3.5831307933537166
-3.5364921540519023,-3.5364921540519023
-3.4899171026420794,-3.4899171026420794
-3.4434062242102366,-3.4434062242102366
-3.396960055439243,-3.396960055439243
-3.350579086042764,-3.350579086042764
-3.3042637601183285,-3.3042637601183285
-3.2580144774230924,-3.2580144774230924
-3.2118315945757505,-3.2118315945757505
-3.1657154261878717,-3.1657154261878717
-3.119666245927843,-3.119666245927843
-3.0736842875204378,-3.0736842875204378
-3.02776974568496,-3.02776974568496
-2.9819227770147165,-2.9819227770147165
-2.9361435008005343,-2.9361435008005343
-2.8904319998008674,-2.8904319998008674
-2.844788320960961,-2.844788320960961
-2.7992124760834143,-2.7992124760834143
-2.753704442452393,-2.753704442452393
-2.7082641634136393,-2.7082641634136393
-2.6628915489123113,-2.6628915489123113
-2.617586475990626,-2.617586475990626
-2.5723487892471506,-2.5723487892471506
-2.527178301259514,-2.527178301259514
-2.482074792972232,-2.482074792972232
-2.4370380140512453,-2.4370380140512453
-2.39206768320668,-2.39206768320668
-2.347163488485285,-2.347163488485285
-2.3023250875339087,-2.3023250875339087
-2.2575521078353047,-2.2575521078353047
-2.212844146917494,-2.212844146917494
-2.1682007725378307,-2.1682007725378307
-2.123621522842862,-2.123621522842862
-2.0791059065050113,-2.0791059065050113
-2.034653402837036,-2.034653402837036
-1.99026346188517,-1.99026346188517
-1.945935504501794,-1.945935504501794
-1.9016689223984267,-1.9016689223984267
-1.8574630781797643,-1.8574630781797643
-1.81331730535947,-1.81331730535947
-1.7692309083583333,-1.7692309083583333
-1.725203162485398,-1.725203162485398
-1.6812333139026026,-1.6812333139026026
-1.6373205795734203,-1.6373205795734203
-1.5934641471959772,-1.5934641471959772
-1.5496631751210421,-1.5496631751210421
-1.5059167922552772,-1.5059167922552772
-1.4622240979500958,-1.4622240979500958
-1.418584161876411,-1.418584161876411
-1.374996023885567,-1.374996023885567
-1.3314586938566728,-1.3314586938566728
-1.2879711515305494,-1.2879711515305494
-1.244532346330464,-1.244532346330464
-1.2011411971697916,-1.2011411971697916
-1.1577965922467246,-1.1577965922467246
-1.1144973888261134,-1.1144973888261134
-1.071242413008503,-1.071242413008503
-1.0280304594864045,-1.0280304594864045
-0.9848602912878077,-0.9848602912878077
-0.9417306395069328,-0.9417306395069328
-0.898640203022181,-0.898640203022181
-0.8555876482012325,-0.8555876482012325
-0.8125716085932125,-0.8125716085932125
-0.7695906846078346,-0.7695906846078346
-0.7266434431813965,-0.7266434431813965
-0.6837284174295026,-0.6837284174295026
-0.6408441062863489,-0.6408441062863489
-0.5979889741304059,-0.5979889741304059
-0.5551614503963029,-0.5551614503963029
-0.5123599291727089,-0.5123599291727089
-0.46958276878598215,-0.46958276878598215
-0.4268282913693494,-0.4268282913693494
-0.38409478241734984,-0.38409478241734984
-0.3413804903252723,-0.3413804903252723
-0.29868362591329034,-0.29868362591329034
-0.25600236193498427,-0.25600236193498427
-0.2133348325699278,-0.2133348325699278
-0.1706791328999904,-0.1706791328999904
-0.1280333183689986,-0.1280333183689986
-0.08539540422537864,-0.08539540422537864
-0.042763364947383774,-0.042763364947383774
-0.00013513365049250663,-0.00013513365049250663
0.04249139852344961,0.04249139852344961
0.08511838303579758,0.08511838303579758
0.12774801459985152,0.12774801459985152
0.1703825318492662,0.1703825318492662
0.2130242180266344,0.2130242180266344
0.25567540169277314,0.25567540169277314
0.29833845745726334,0.29833845745726334
0.34101580673081616,0.34101580673081616
0.3837099185000623,0.3837099185000623
0.4264233101253833,0.4264233101253833
0.4691585481624303,0.4691585481624303
0.5119182492080012,0.5119182492080012
0.5547050807709721,0.5547050807709721
0.59752176216901,0.59752176216901
0.6403710654518189,0.6403710654518189
0.683255816351706,0.683255816351706
0.7261788952622821,0.7261788952622821
0.7691432382461446,0.7691432382461446
0.8121518380724277,0.8121518380724277
0.8552077452851343,0.8552077452851343
0.8983140693032075,0.8983140693032075
0.9414739795533341,0.9414739795533341
0.9846907066365126,0.9846907066365126
1.0279675435294604,1.0279675435294604
1.0713078468219797,1.0713078468219797
1.1147150379914448,1.1147150379914448
1.1581926047156146,1.1581926047156146
1.2017441022250455,1.2017441022250455
1.2453731546963858,1.2453731546963858
1.2890834566879439,1.2890834566879439
1.33287877461892,1.33287877461892
1.3767629482937895,1.3767629482937895
1.4207398924733594,1.4207398924733594
1.4648135984940984,1.4648135984940984
1.5089881359373798,1.5089881359373798
1.553267654350373,1.553267654350373
1.5976563850203611,1.5976563850203611
1.642158642804339,1.642158642804339
1.6867788280158322,1.6867788280158322
1.7315214283709244,1.7315214283709244
1.7763910209955875,1.7763910209955875
1.8213922744964717,1.8213922744964717
1.8665299510973914,1.8665299510973914
1.9118089088438501,1.9118089088438501
1.9572341038780037,1.9572341038780037
2.0028105927865867,2.0028105927865867
2.048543535024386,2.048543535024386
2.094438195415973,2.094438195415973
2.140499946738485,2.140499946738485
2.1867342723883536,2.1867342723883536
2.233146769134991,2.233146769134991
2.279743149964544,2.279743149964544
2.3265292470169427,2.3265292470169427
2.373511014619586,2.373511014619586
2.4206945324211215,2.4206945324211215
2.4680860086289043,2.4680860086289043
2.515691783353836,2.515691783353836
2.5635183320664283,2.5635183320664283
2.611572269168047,2.611572269168047
2.659860351681452,2.659860351681452
2.7083894830648614,2.7083894830648614
2.7571667171539436,2.7571667171539436
2.806199262236253,2.806199262236253
2.855494485262801,2.855494485262801
2.9050599162016,2.9050599162016
2.95490325253817,2.95490325253817
3.005032363928175,3.005032363928175
3.055455297007505,3.055455297007505
3.1061802803652974,3.1061802803652974
3.1572157296855794,3.1572157296855794
3.20857025306336,3.20857025306336
3.2602526565012204,3.2602526565012204
3.312271949592598,3.312271949592598
3.364637351398198,3.364637351398198
3.4173582965221185,3.4173582965221185
3.4704444413944944,3.4704444413944944
3.523905670767678,3.523905670767678
3.5777521044331677,3.5777521044331677
3.631994104166724,3.631994104166724
3.686642280909304,3.686642280909304
3.741707502191714,3.741707502191714
3.797200899811065,3.797200899811065
3.8531338777673634,3.8531338777673634
3.909518120468824,3.909518120468824
3.9663656012146955,3.9663656012146955
4.0236885909646825,4.0236885909646825
4.08149966740427,4.08149966740427
4.139811724315507,4.139811724315507
4.198637981263115,4.198637981263115
4.257991993605987,4.257991993605987
4.317887662844479,4.317887662844479
4.378339247314143,4.378339247314143
4.439361373236816,4.439361373236816
4.50096904614033,4.50096904614033
4.563177662658327,4.563177662658327
4.626003022722023,4.626003022722023
4.689461342156042,4.689461342156042
4.7535692656907536,4.7535692656907536
4.818343880403874,4.818343880403874
4.883802729604406,4.883802729604406
4.949963827172333,4.949963827172333
5.016845672367778,5.016845672367778
5.084467265123769,5.084467265123769
5.152848121836957,5.152848121836957
5.222008291671143,5.222008291671143
5.2919683733886975,5.2919683733886975
5.362749532725401,5.362749532725401
5.4343735203245735,5.4343735203245735
5.506862690246742,5.506862690246742
5.58024001907147,5.58024001907147
5.65452912560838,5.65452912560838
5.729754291234795,5.729754291234795
5.805940480877789,5.805940480877789
5.883113364658909,5.883113364658909
5.961299340220193,5.961299340220193
6.040525555750549,6.040525555750549
6.120819933731997,6.120819933731997
6.202211195425692,6.202211195425692
6.284728886118122,6.284728886118122
6.368403401148263,6.368403401148263
6.453266012737001,6.453266012737001
6.539348897640542,6.539348897640542
6.626685165650019,6.626685165650019
6.7153088889599895,6.7153088889599895
6.805255132428959,6.805255132428959
6.8965599847556405,6.8965599847556405
6.9892605905950616,6.9892605905950616
7.083395183639201,7.083395183639201
7.179003120687317,7.179003120687317
7.276124916731684,7.276124916731684
7.37480228108492,7.37480228108492
7.475078154575703,7.475078154575703
7.576996747840149,7.576996747840149
7.680603580736684,7.680603580736684
7.785945522912873,7.785945522912873
7.8930708355531065,7.8930708355531065
8.002029214336735,8.002029214336735
8.112871833636756,8.112871833636756
8.225651391989775,8.225651391989775
8.340422158868531,8.340422158868531
8.457240022788932,8.457240022788932
8.576162540784086,8.576162540784086
8.697248989278519,8.697248989278519
8.82056041639629,8.82056041639629
8.946159695737514,8.946159695737514
9.074111581658212,9.074111581658212
9.20448276608934,9.20448276608934
9.337341936931265,9.337341936931265
9.472759838060782,9.472759838060782
9.610809330988346,9.610809330988346
9.75156545820399,9.75156545820399
9.895105508250976,9.895105508250976
10.041509082566982,10.041509082566982
10.190858164133397,10.190858164133397
10.343237187973891,10.343237187973891
10.498733113544304,10.498733113544304
10.657435499056495,10.657435499056495
10.819436577779642,10.819436577779642
10.984831336363214,10.984831336363214
11.153717595226567,11.153717595226567
11.326196091060925,11.326196091060925
11.50237056149032,11.50237056149032
11.682347831938733,11.682347831938733
11.866237904751696,11.866237904751696
12.054154050621158,12.054154050621158
12.246212902363498,12.246212902363498
12.442534551101215,12.442534551101215
12.643242644899734,12.643242644899734
12.84846448991165,12.84846448991165
13.058331154081488,13.058331154081488
13.272977573465056,13.272977573465056
13.492542661218232,13.492542661218232
13.717169419310968,13.717169419310968
13.94700505302324,13.94700505302324
14.18220108828038,14.18220108828038
14.422913491886462,14.422913491886462
14.669302794715062,14.669302794715062
14.921534217917756,14.921534217917756
15.179777802211666,15.179777802211666
15.444208540308367,15.444208540308367
15.715006512547317,15.715006512547317
15.992357025798054,15.992357025798054
16.276450755696327,16.276450755696327
18.027865409277698,18.027865409277698
17.976319396667105,17.976319396667105
17.929141572594304,17.929141572594304
17.88662133158904,17.88662133158904
17.84904957546196,17.84904957546196
17.816719353479733,17.816719353479733
17.7899264397837,17.7899264397837
17.76896985965841,17.76896985965841
17.754152373901352,17.754152373901352
17.745780928742374,17.745780928742374
17.744167077360107,17.744167077360107
17.749627377949153,17.749627377949153
17.76248377242649,17.76248377242649
17.78306394917707,17.78306394917707
17.81170169268612,17.81170169268612
17.848737222459746,17.848737222459746
17.894517523271077,17.894517523271077
17.949396668473547,17.949396668473547
18.01373613787613,18.01373613787613
18.0879051314744,18.0879051314744
18.172283271185552,18.172283271185552
18.26851122766543,18.26851122766543
18.378013606881908,18.378013606881908
18.50116252011961,18.50116252011961
18.63834029901908,18.63834029901908
18.78993975086353,18.78993975086353
18.95636441937159,18.95636441937159
