-7.174646899960299,-7.174646899960299
-7.179198021620665,-7.179198021620665
-7.180853756597949,-7.180853756597949
-7.181231502159133,-7.181231502159133
-7.180767091671116,-7.180767091671116
-7.179673831883303,-7.179673831883303
-7.178079187192615,-7.178079187192615
-7.176068118122891,-7.176068118122891
-7.17370136453257,-7.17370136453257
-7.171024534015006,-7.171024534015006
-7.168073140535947,-7.168073140535947
-7.164875626251925,-7.164875626251925
-7.161455285057685,-7.161455285057685
-7.157831545780553,-7.157831545780553
-7.154020861257262,-7.154020861257262
-7.150037343932211,-7.150037343932211
-7.14589323236317,-7.14589323236317
-7.141599241392815,-7.141599241392815
-7.137164830140869,-7.137164830140869
-7.13259841060004,-7.13259841060004
-7.1279075124343345,-7.1279075124343345
-7.123098914905824,-7.123098914905824
-7.118178753739474,-7.118178753739474
-7.113152608609333,-7.113152608609333
-7.108025575449532,-7.108025575449532
-7.102802326744553,-7.102802326744553
-7.097487162197598,-7.097487162197598
-7.09208405162335,-7.09208405162335
-7.086596671501901,-7.086596671501901
-7.081028436323333,-7.081028436323333
-7.075382525619199,-7.075382525619199
-7.069661907398213,-7.069661907398213
-7.063869358564941,-7.063869358564941
-7.058007482791872,-7.058007482791872
-7.052078726230002,-7.052078726230002
-7.0460853913751,-7.0460853913751
-7.040029649352642,-7.040029649352642
-7.033913550840621,-7.033913550840621
-7.027739035813924,-7.027739035813924
-7.02150794226506,-7.02150794226506
-7.015222014032238,-7.015222014032238
-7.0088829078461465,-7.0088829078461465
-7.002492199690564,-7.002492199690564
-6.996051390558339,-6.996051390558339
-6.989561911672927,-6.989561911672927
-6.983025129236077,-6.983025129236077
-6.976442348754303,-6.976442348754303
-6.969814818989746,-6.969814818989746
-6.963143735575424,-6.963143735575424
-6.956430244329694,-6.956430244329694
-6.949675444300608,-6.949675444300608
-6.942880390567123,-6.942880390567123
-6.9360460968209585,-6.9360460968209585
-6.929173537750181,-6.929173537750181
-6.922263651243162,-6.922263651243162
-6.91531734042954,-6.91531734042954
-6.908335475572981,-6.908335475572981
-6.901318895828939,-6.901318895828939
-6.894268410879243,-6.894268410879243
-6.8871848024541285,-6.8871848024541285
-6.880068825751235,-6.880068825751235
-6.872921210760107,-6.872921210760107
-6.865742663500006,-6.865742663500006
-6.858533867177947,-6.858533867177947
-6.851295483273309,-6.851295483273309
-6.8440281525547695,-6.8440281525547695
-6.836732496034712,-6.836732496034712
-6.829409115865892,-6.829409115865892
-6.822058596184632,-6.822058596184632
-6.814681503904467,-6.814681503904467
-6.807278389463857,-6.807278389463857
-6.799849787531223,-6.799849787531223
-6.792396217670305,-6.792396217670305
-6.784918184968598,-6.784918184968598
-6.777416180631407,-6.777416180631407
-6.769890682543827,-6.769890682543827
-6.762342155802763,-6.762342155802763
-6.754771053221016,-6.754771053221016
-6.74717781580519,-6.74717781580519
-6.739562873209123,-6.739562873209123
-6.731926644164387,-6.731926644164387
-6.724269536889285,-6.724269536889285
-6.716591949477677,-6.716591949477677
-6.708894270268851,-6.708894270268851
-6.701176878199598,-6.701176878199598
-6.693440143139526,-6.693440143139526
-6.685684426210629,-6.685684426210629
-6.6779100800919915,-6.6779100800919915
-6.670117449310499,-6.670117449310499
-6.662306870518362,-6.662306870518362
-6.654478672758166,-6.654478672758166
-6.646633177716151,-6.646633177716151
-6.63877069996438,-6.63877069996438
-6.630891547192388,-6.630891547192388
-6.622996020428858,-6.622996020428858
-6.615084414253897,-6.615084414253897
-6.607157017002372,-6.607157017002372
-6.599214110958777,-6.599214110958777
-6.591255972544079,-6.591255972544079
-6.583282872494942,-6.583282872494942
-6.575295076035709,-6.575295076035709
-6.5672928430435284,-6.5672928430435284
-6.559276428206926,-6.559276428206926
-6.5512460811781805,-6.5512460811781805
-6.543202046719772,-6.543202046719772
-6.535144564845211,-6.535144564845211
-6.5270738709545135,-6.5270738709545135
-6.518990195964549,-6.518990195964549
-6.510893766434538,-6.510893766434538
-6.502784804686897,-6.502784804686897
-6.494663528923647,-6.494663528923647
-6.486530153338613,-6.486530153338613
-6.478384888225551,-6.478384888225551
-6.470227940082445,-6.470227940082445
-6.462059511712106,-6.462059511712106
-6.4538798023192285,-6.4538798023192285
-6.445689007604106,-6.445689007604106
-6.437487319853081,-6.437487319853081
-6.429274928025931,-6.429274928025931
-6.421052017840289,-6.421052017840289
-6.41281877185321,-6.41281877185321
-6.404575369540052,-6.404575369540052
-6.396321987370725,-6.396321987370725
-6.388058798883453,-6.388058798883453
-6.379785974756136,-6.379785974756136
-6.371503682875417,-6.371503682875417
-6.363212088403531,-6.363212088403531
-6.354911353843035,-6.354911353843035
-6.3466016390995135,-6.3466016390995135
-6.3382831015423085,-6.3382831015423085
-6.329955896063372,-6.329955896063372
-6.321620175134317,-6.321620175134317
-6.313276088861723,-6.313276088861723
-6.3049237850407565,-6.3049237850407565
-6.296563409207199,-6.296563409207199
-6.288195104687905,-6.288195104687905
-6.279819012649777,-6.279819012649777
-6.271435272147295,-6.271435272147295
-6.263044020168664,-6.263044020168664
-6.254645391680615,-6.254645391680615
-6.246239519671936,-6.246239519671936
-6.237826535195734,-6.237826535195734
-6.229406567410521,-6.229406567410521
-6.220979743620132,-6.220979743620132
-6.212546189312536,-6.212546189312536
-6.204106028197549,-6.204106028197549
-6.1956593822435355,-6.1956593822435355
-6.187206371713086,-6.187206371713086
-6.178747115197725,-6.178747115197725
-6.170281729651685,-6.170281729651685
-6.161810330424784,-6.161810330424784
-6.153333031294409,-6.153333031294409
-6.144849944496655,-6.144849944496655
-6.136361180756661,-6.136361180756661
-6.127866849318142,-6.127866849318142
-6.119367057972147,-6.119367057972147
-6.110861913085083,-6.110861913085083
-6.102351519626032,-6.102351519626032
-6.093835981193348,-6.093835981193348
-6.085315400040601,-6.085315400040601
-6.076789877101858,-6.076789877101858
-6.068259512016335,-6.068259512016335
-6.059724403152439,-6.059724403152439
-6.051184647631211,-6.051184647631211
-6.042640341349203,-6.042640341349203
-6.034091579000787,-6.034091579000787
-6.025538454099927,-6.025538454099927
-6.01698105900143,-6.01698105900143
-6.008419484921686,-6.008419484921686
-5.999853821958908,-5.999853821958908
-5.991284159112906,-5.991284159112906
-5.982710584304385,-5.982710584304385
-5.974133184393792,-5.974133184393792
-5.965552045199732,-5.965552045199732
-5.956967251516953,-5.956967251516953
-5.948378887133917,-5.948378887133917
-5.939787034849977,-5.939787034849977
-5.931191776492146,-5.931191776492146
-5.92259319293151,-5.92259319293151
-5.913991364099255,-5.913991364099255
-5.905386369002345,-5.905386369002345
-5.8967782857388436,-5.8967782857388436
-5.888167191512907,-5.888167191512907
-5.879553162649439,-5.879553162649439
-5.87093627460843,-5.87093627460843
-5.862316601998982,-5.862316601998982
-5.853694218593032,-5.853694218593032
-5.845069197338782,-5.845069197338782
-5.836441610373834,-5.836441610373834
-5.827811529038056,-5.827811529038056
-5.819179023886168,-5.819179023886168
-5.810544164700064,-5.810544164700064
-5.8019070205008845,-5.8019070205008845
-5.793267659560818,-5.793267659560818
-5.784626149414683,-5.784626149414683
-5.775982556871247,-5.775982556871247
-5.7673369480243375,-5.7673369480243375
-5.758689388263695,-5.758689388263695
-5.750039942285646,-5.750039942285646
-5.741388674103516,-5.741388674103516
-5.732735647057876,-5.732735647057876
-5.724080923826538,-5.724080923826538
-5.715424566434404,-5.715424566434404
-5.706766636263076,-5.706766636263076
-5.698107194060298,-5.698107194060298
-5.689446299949201,-5.689446299949201
-5.680784013437385,-5.680784013437385
-5.67212039342581,-5.67212039342581
-5.6634554982175125,-5.6634554982175125
-5.654789385526171,-5.654789385526171
-5.646122112484489,-5.646122112484489
-5.637453735652436,-5.637453735652436
-5.628784311025305,-5.628784311025305
-5.620113894041656,-5.620113894041656
-5.61144253959108,-5.61144253959108
-5.602770302021822,-5.602770302021822
-5.594097235148281,-5.594097235148281
-5.5854233922583445,-5.5854233922583445
-5.576748826120607,-5.576748826120607
-5.568073588991452,-5.568073588991452
-5.559397732621995,-5.559397732621995
-5.550721308264913,-5.550721308264913
-5.542044366681145,-5.542044366681145
-5.533366958146462,-5.533366958146462
-5.524689132457941,-5.524689132457941
-5.516010938940304,-5.516010938940304
-5.507332426452151,-5.507332426452151
-5.498653643392081,-5.498653643392081
-5.48997463770471,-5.48997463770471
-5.481295456886577,-5.481295456886577
-5.472616147991944,-5.472616147991944
-5.463936757638516,-5.463936757638516
-5.455257332013026,-5.455257332013026
-5.44657791687676,-5.44657791687676
-5.437898557570961,-5.437898557570961
-5.4292192990221535,-5.4292192990221535
-5.420540185747376,-5.420540185747376
-5.411861261859315,-5.411861261859315
-5.403182571071366,-5.403182571071366
-5.394504156702609,-5.394504156702609
-5.3858260616826765,-5.3858260616826765
-5.37714832855658,-5.37714832855658
-5.368470999489413,-5.368470999489413
-5.359794116271018,-5.359794116271018
-5.351117720320542,-5.351117720320542
-5.342441852690937,-5.342441852690937
-5.333766554073382,-5.333766554073382
-5.325091864801628,-5.325091864801628
-5.316417824856285,-5.316417824856285
-5.307744473869019,-5.307744473869019
-5.2990718511267065,-5.2990718511267065
-5.290399995575504,-5.290399995575504
-5.281728945824854,-5.281728945824854
-5.273058740151442,-5.273058740151442
-5.264389416503069,-5.264389416503069
-5.2557210125024865,-5.2557210125024865
-5.247053565451144,-5.247053565451144
-5.238387112332907,-5.238387112332907
-5.229721689817694,-5.229721689817694
-5.221057334265066,-5.221057334265066
-5.212394081727766,-5.212394081727766
-5.203731967955191,-5.203731967955191
-5.195071028396826,-5.195071028396826
-5.186411298205601,-5.186411298205601
-5.177752812241236,-5.177752812241236
-5.169095605073489,-5.169095605073489
-5.160439710985394,-5.160439710985394
-5.1517851639764265,-5.1517851639764265
-5.143131997765631,-5.143131997765631
-5.134480245794697,-5.134480245794697
-5.125829941230995,-5.125829941230995
-5.117181116970562,-5.117181116970562
-5.108533805641048,-5.108533805641048
-5.0998880396046085,-5.0998880396046085
-5.091243850960767,-5.091243850960767
-5.082601271549237,-5.082601271549237
-5.073960332952676,-5.073960332952676
-5.065321066499445,-5.065321066499445
-5.056683503266279,-5.056683503266279
-5.048047674080961,-5.048047674080961
-5.039413609524928,-5.039413609524928
-5.030781339935855,-5.030781339935855
-5.022150895410193,-5.022150895410193
-5.013522305805681,-5.013522305805681
-5.004895600743818,-5.004895600743818
-4.996270809612289,-4.996270809612289
-4.987647961567375,-4.987647961567375
-4.979027085536326,-4.979027085536326
-4.970408210219676,-4.970408210219676
-4.961791364093565,-4.961791364093565
-4.953176575412,-4.953176575412
-4.9445638722090965,-4.9445638722090965
-4.935953282301282,-4.935953282301282
-4.9273448332894745,-4.9273448332894745
-4.918738552561235,-4.918738552561235
-4.910134467292879,-4.910134467292879
-4.901532604451568,-4.901532604451568
-4.892932990797373,-4.892932990797373
-4.884335652885299,-4.884335652885299
-4.875740617067302,-4.875740617067302
-4.867147909494255,-4.867147909494255
-4.858557556117911,-4.858557556117911
-4.849969582692821,-4.849969582692821
-4.841384014778235,-4.841384014778235
-4.832800877739984,-4.832800877739984
-4.824220196752316,-4.824220196752316
-4.815641996799738,-4.815641996799738
-4.807066302678804,-4.807066302678804
-4.798493138999898,-4.798493138999898
-4.789922530188991,-4.789922530188991
-4.781354500489369,-4.781354500489369
-4.772789073963348,-4.772789073963348
-4.764226274493946,-4.764226274493946
-4.755666125786571,-4.755666125786571
-4.7471086513706435,-4.7471086513706435
-4.738553874601233,-4.738553874601233
-4.730001818660655,-4.730001818660655
-4.721452506560054,-4.721452506560054
-4.712905961140956,-4.712905961140956
-4.704362205076831,-4.704362205076831
-4.695821260874587,-4.695821260874587
-4.6872831508761035,-4.6872831508761035
-4.678747897259686,-4.678747897259686
-4.670215522041549,-4.670215522041549
-4.661686047077268,-4.661686047077268
-4.653159494063186,-4.653159494063186
-4.6446358845378475,-4.6446358845378475
-4.636115239883377,-4.636115239883377
-4.627597581326869,-4.627597581326869
-4.6190829299417375,-4.6190829299417375
-4.610571306649061,-4.610571306649061
-4.602062732218908,-4.602062732218908
-4.59355722727165,-4.59355722727165
-4.585054812279263,-4.585054812279263
-4.576555507566585,-4.576555507566585
-4.568059333312601,-4.568059333312601
-4.55956630955168,-4.55956630955168
-4.55107645617481,-4.55107645617481
-4.542589792930813,-4.542589792930813
-4.534106339427559,-4.534106339427559
-4.525626115133138,-4.525626115133138
-4.517149139377052,-4.517149139377052
-4.508675431351365,-4.508675431351365
-4.500205010111853,-4.500205010111853
-4.491737894579141,-4.491737894579141
-4.48327410353982,-4.48327410353982
-4.474813655647554,-4.474813655647554
-4.466356569424175,-4.466356569424175
-4.457902863260766,-4.457902863260766
-4.449452555418725,-4.449452555418725
-4.441005664030829,-4.441005664030829
-4.4325622071022694,-4.4325622071022694
-4.424122202511693,-4.424122202511693
-4.415685668012218,-4.415685668012218
-4.407252621232433,-4.407252621232433
-4.398823079677417,-4.398823079677417
-4.390397060729699,-4.390397060729699
-4.381974581650249,-4.381974581650249
-4.373555659579437,-4.373555659579437
-4.365140311537984,-4.365140311537984
-4.356728554427901,-4.356728554427901
-4.348320405033427,-4.348320405033427
-4.33991588002194,-4.33991588002194
-4.331514995944878,-4.331514995944878
-4.323117769238626,-4.323117769238626
-4.314724216225417,-4.314724216225417
-4.306334353114206,-4.306334353114206
-4.297948196001538,-4.297948196001538
-4.289565760872417,-4.289565760872417
-4.281187063601146,-4.281187063601146
-4.2728121199521745,-4.2728121199521745
-4.264440945580931,-4.264440945580931
-4.256073556034648,-4.256073556034648
-4.247709966753164,-4.247709966753164
-4.2393501930697415,-4.2393501930697415
-4.230994250211863,-4.230994250211863
-4.222642153302007,-4.222642153302007
-4.214293917358439,-4.214293917358439
-4.205949557295976,-4.205949557295976
-4.1976090879267485,-4.1976090879267485
-4.1892725239609625,-4.1892725239609625
-4.1809398800076325,-4.1809398800076325
-4.172611170575326,-4.172611170575326
-4.164286410072901,-4.164286410072901
-4.1559656128102125,-4.1559656128102125
-4.14764879299884,-4.14764879299884
-4.139335964752787,-4.139335964752787
-4.1310271420891835,-4.1310271420891835
-4.122722338928981,-4.122722338928981
-4.114421569097626,-4.114421569097626
-4.106124846325756,-4.106124846325756
-4.097832184249847,-4.097832184249847
-4.089543596412897,-4.089543596412897
-4.081259096265071,-4.081259096265071
-4.072978697164355,-4.072978697164355
-4.064702412377191,-4.064702412377191
-4.056430255079128,-4.056430255079128
-4.048162238355437,-4.048162238355437
-4.039898375201743,-4.039898375201743
-4.031638678524633,-4.031638678524633
-4.023383161142273,-4.023383161142273
-4.015131835785014,-4.015131835785014
-4.006884715095976,-4.006884715095976
-3.9986418116316567,-3.9986418116316567
-3.9904031378625056,-3.9904031378625056
-3.9821687061735056,-3.9821687061735056
-3.9739385288647506,-3.9739385288647506
-3.9657126181520073,-3.9657126181520073
-3.9574909861672807,-3.9574909861672807
-3.9492736449593697,-3.9492736449593697
-3.941060606494418,-3.941060606494418
-3.932851882656459,-3.932851882656459
-3.924647485247952,-3.924647485247952
-3.9164474259903206,-3.9164474259903206
-3.908251716524483,-3.908251716524483
-3.900060368411369,-3.900060368411369
-3.891873393132443,-3.891873393132443
-3.883690802090216,-3.883690802090216
-3.875512606608752,-3.875512606608752
-3.867338817934175,-3.867338817934175
-3.859169447235161,-3.859169447235161
-3.851004505603437,-3.851004505603437
-3.842844004054264,-3.842844004054264
-3.8346879535269225,-3.8346879535269225
-3.826536364885194,-3.826536364885194
-3.8183892489178275,-3.8183892489178275
-3.8102466163390165,-3.8102466163390165
-3.8021084777888583,-3.8021084777888583
-3.7939748438338166,-3.7939748438338166
-3.7858457249671766,-3.7858457249671766
-3.7777211316094945,-3.7777211316094945
-3.769601074109047,-3.769601074109047
-3.76148556274227,-3.76148556274227
-3.7533746077142025,-3.7533746077142025
-3.7452682191589135,-3.7452682191589135
-3.7371664071399366,-3.7371664071399366
-3.7290691816506922,-3.7290691816506922
-3.7209765526149146,-3.7209765526149146
-3.7128885298870595,-3.7128885298870595
-3.704805123252729,-3.704805123252729
-3.696726342429072,-3.696726342429072
-3.688652197065195,-3.688652197065195
-3.680582696742558,-3.680582696742558
-3.67251785097538,-3.67251785097538
-3.6644576692110276,-3.6644576692110276
-3.656402160830406,-3.656402160830406
-3.6483513351483468,-3.6483513351483468
-3.6403052014139896,-3.6403052014139896
-3.6322637688111623,-3.6322637688111623
-3.6242270464587576,-3.6242270464587576
-3.6161950434111025,-3.6161950434111025
-3.6081677686583276,-3.6081677686583276
-3.6001452311267346,-3.6001452311267346
-3.592127439679156,-3.592127439679156
-3.584114403115313,-3.584114403115313
-3.5761061301721746,-3.5761061301721746
-3.568102629524301,-3.568102629524301
-3.5601039097842007,-3.5601039097842007
-3.5521099795026716,-3.5521099795026716
-3.544120847169142,-3.544120847169142
-3.5361365212120104,-3.5361365212120104
-3.5281570099989823,-3.5281570099989823
-3.520182321837403,-3.520182321837403
-3.512212464974583,-3.512212464974583
-3.5042474475981273,-3.5042474475981273
-3.4962872778362595,-3.4962872778362595
-3.488331963758142,-3.488331963758142
-3.480381513374189,-3.480381513374189
-3.4724359346363887,-3.4724359346363887
-3.4644952354386067,-3.4644952354386067
-3.4565594236169015,-3.4565594236169015
-3.4486285069498255,-3.4486285069498255
-3.4407024931587333,-3.4407024931587333
-3.4327813899080732,-3.4327813899080732
-3.424865204805696,-3.424865204805696
-3.4169539454031406,-3.4169539454031406
-3.409047619195931,-3.409047619195931
-3.401146233623866,-3.401146233623866
-3.3932497960713013,-3.3932497960713013
-3.3853583138674392,-3.3853583138674392
-3.377471794286608,-3.377471794286608
-3.3695902445485406,-3.3695902445485406
-3.361713671818653,-3.361713671818653
-3.3538420832083147,-3.3538420832083147
-3.3459754857751243,-3.3459754857751243
-3.338113886523178,-3.338113886523178
-3.3302572924033322,-3.3302572924033322
-3.3224057103134745,-3.3224057103134745
-3.3145591470987785,-3.3145591470987785
-3.3067176095519697,-3.3067176095519697
-3.298881104413579,-3.298881104413579
-3.2910496383721983,-3.2910496383721983
-3.2832232180647334,-3.2832232180647334
-3.2754018500766535,-3.2754018500766535
-3.267585540942243,-3.267585540942243
-3.259774297144842,-3.259774297144842
-3.251968125117091,-3.251968125117091
-3.244167031241178,-3.244167031241178
-3.236371021849071,-3.236371021849071
-3.2285801032227592,-3.2285801032227592
-3.2207942815944857,-3.2207942815944857
-3.2130135631469825,-3.2130135631469825
-3.2052379540137,-3.2052379540137
-3.1974674602790367,-3.1974674602790367
-3.1897020879785662,-3.1897020879785662
-3.1819418430992608,-3.1819418430992608
-3.1741867315797156,-3.1741867315797156
-3.166436759310367,-3.166436759310367
-3.158691932133717,-3.158691932133717
-3.1509522558445413,-3.1509522558445413
-3.143217736190115,-3.143217736190115
-3.135488378870415,-3.135488378870415
-3.1277641895383406,-3.1277641895383406
-3.1200451737999146,-3.1200451737999146
-3.1123313372144974,-3.1123313372144974
-3.104622685294989,-3.104622685294989
-3.0969192235080327,-3.0969192235080327
-3.089220957274219,-3.089220957274219
-3.081527891968286,-3.081527891968286
-3.073840032919314,-3.073840032919314
-3.0661573854109268,-3.0661573854109268
-3.0584799546814843,-3.0584799546814843
-3.050807745924277,-3.050807745924277
-3.0431407642877137,-3.0431407642877137
-3.0354790148755186,-3.0354790148755186
-3.0278225027469126,-3.0278225027469126
-3.0201712329168005,-3.0201712329168005
-3.012525210355962,-3.012525210355962
-3.004884439991228,-3.004884439991228
-2.997248926705664,-2.997248926705664
-2.9896186753387526,-2.9896186753387526
-2.9819936906865694,-2.9819936906865694
-2.9743739775019593,-2.9743739775019593
-2.966759540494715,-2.966759540494715
-2.959150384331748,-2.959150384331748
-2.9515465136372603,-2.9515465136372603
-2.9439479329929172,-2.9439479329929172
-2.936354646938016,-2.936354646938016
-2.9287666599696527,-2.9287666599696527
-2.921183976542886,-2.921183976542886
-2.913606601070908,-2.913606601070908
-2.906034537925203,-2.906034537925203
-2.8984677914357095,-2.8984677914357095
-2.8909063658909817,-2.8909063658909817
-2.8833502655383474,-2.8833502655383474
-2.875799494584068,-2.875799494584068
-2.8682540571934907,-2.8682540571934907
-2.8607139574912077,-2.8607139574912077
-2.853179199561204,-2.853179199561204
-2.8456497874470155,-2.8456497874470155
-2.8381257251518774,-2.8381257251518774
-2.8306070166388695,-2.8306070166388695
-2.8230936658310712,-2.8230936658310712
-2.815585676611703,-2.815585676611703
-2.8080830528242746,-2.8080830528242746
-2.8005857982727265,-2.8005857982727265
-2.793093916721575,-2.793093916721575
-2.7856074118960543,-2.7856074118960543
-2.7781262874822548,-2.7781262874822548
-2.770650547127261,-2.770650547127261
-2.7631801944392937,-2.7631801944392937
-2.755715232987843,-2.755715232987843
-2.7482556663038054,-2.7482556663038054
-2.7408014978796147,-2.7408014978796147
-2.7333527311693793,-2.7333527311693793
-2.725909369589013,-2.725909369589013
-2.7184714165163624,-2.7184714165163624
-2.7110388752913397,-2.7110388752913397
-2.7036117492160487,-2.7036117492160487
-2.696190041554913,-2.696190041554913
-2.6887737555348026,-2.6887737555348026
-2.6813628943451557,-2.6813628943451557
-2.6739574611381065,-2.6739574611381065
-2.6665574590286036,-2.6665574590286036
-2.6591628910945353,-2.6591628910945353
-2.6517737603768454,-2.6517737603768454
-2.6443900698796576,-2.6443900698796576
-2.6370118225703902,-2.6370118225703902
-2.6296390213798717,-2.6296390213798717
-2.6222716692024632,-2.6222716692024632
-2.6149097688961636,-2.6149097688961636
-2.6075533232827355,-2.6075533232827355
-2.6002023351478045,-2.6002023351478045
-2.5928568072409846,-2.5928568072409846
-2.5855167422759773,-2.5855167422759773
-2.5781821429306886,-2.5781821429306886
-2.5708530118473347,-2.5708530118473347
-2.563529351632551,-2.563529351632551
-2.556211164857499,-2.556211164857499
-2.5488984540579693,-2.5488984540579693
-2.541591221734489,-2.541591221734489
-2.534289470352426,-2.534289470352426
-2.5269932023420894,-2.5269932023420894
-2.519702420098833,-2.519702420098833
-2.5124171259831547,-2.5124171259831547
-2.5051373223207998,-2.5051373223207998
-2.4978630114028535,-2.4978630114028535
-2.490594195485848,-2.490594195485848
-2.4833308767918503,-2.4833308767918503
-2.4760730575085645,-2.4760730575085645
-2.4688207397894257,-2.4688207397894257
-2.4615739257536933,-2.4615739257536933
-2.4543326174865454,-2.4543326174865454
-2.447096817039171,-2.447096817039171
-2.4398665264288617,-2.4398665264288617
-2.4326417476391025,-2.4326417476391025
-2.4254224826196626,-2.4254224826196626
-2.418208733286682,-2.418208733286682
-2.4110005015227634,-2.4110005015227634
-2.4037977891770548,-2.4037977891770548
-2.3966005980653415,-2.3966005980653415
-2.3894089299701258,-2.3894089299701258
-2.3822227866407184,-2.3822227866407184
-2.375042169793315,-2.375042169793315
-2.3678670811110853,-2.3678670811110853
-2.360697522244253,-2.360697522244253
-2.3535334948101774,-2.3535334948101774
-2.3463750003934325,-2.3463750003934325
-2.33922204054589,-2.33922204054589
-2.332074616786798,-2.332074616786798
-2.324932730602853,-2.324932730602853
-2.3177963834482873,-2.3177963834482873
-2.310665576744939,-2.310665576744939
-2.3035403118823283,-2.3035403118823283
-2.296420590217735,-2.296420590217735
-2.2893064130762717,-2.2893064130762717
-2.282197781750957,-2.282197781750957
-2.2750946975027873,-2.2750946975027873
-2.267997161560812,-2.267997161560812
-2.2609051751222022,-2.2609051751222022
-2.2538187393523206,-2.2538187393523206
-2.246737855384796,-2.246737855384796
-2.2396625243215835,-2.2396625243215835
-2.232592747233042,-2.232592747233042
-2.225528525157999,-2.225528525157999
-2.218469859103812,-2.218469859103812
-2.211416750046442,-2.211416750046442
-2.204369198930516,-2.204369198930516
-2.1973272066693905,-2.1973272066693905
-2.1902907741452182,-2.1902907741452182
-2.1832599022090062,-2.1832599022090062
-2.1762345916806862,-2.1762345916806862
-2.16921484334917,-2.16921484334917
-2.1622006579724133,-2.1622006579724133
-2.1551920362774744,-2.1551920362774744
-2.148188978960578,-2.148188978960578
-2.1411914866871706,-2.1411914866871706
-2.134199560091979,-2.134199560091979
-2.1272131997790713,-2.1272131997790713
-2.1202324063219105,-2.1202324063219105
-2.113257180263411,-2.113257180263411
-2.1062875221159985,-2.1062875221159985
-2.0993234323616607,-2.0993234323616607
-2.092364911452005,-2.092364911452005
-2.085411959808307,-2.085411959808307
-2.078464577821572,-2.078464577821572
-2.0715227658525794,-2.0715227658525794
-2.0645865242319412,-2.0645865242319412
-2.057655853260146,-2.057655853260146
-2.05073075320762,-2.05073075320762
-2.0438112243147635,-2.0438112243147635
-2.036897266792013,-2.036897266792013
-2.0299888808198827,-2.0299888808198827
-2.0230860665490136,-2.0230860665490136
-2.016188824100223,-2.016188824100223
-2.0092971535645487,-2.0092971535645487
-2.0024110550032987,-2.0024110550032987
-1.9955305284480938,-1.9955305284480938
-1.9886555739009146,-1.9886555739009146
-1.9817861913341448,-1.9817861913341448
-1.9749223806906144,-1.9749223806906144
-1.9680641418836438,-1.9680641418836438
-1.9612114747970897,-1.9612114747970897
-1.9543643792853813,-1.9543643792853813
-1.9475228551735655,-1.9475228551735655
-1.940686902257347,-1.940686902257347
-1.9338565203031295,-1.9338565203031295
-1.9270317090480527,-1.9270317090480527
-1.9202124682000357,-1.9202124682000357
-1.9133987974378104,-1.9133987974378104
-1.9065906964109658,-1.9065906964109658
-1.899788164739978,-1.899788164739978
-1.8929912020162558,-1.8929912020162558
-1.8861998078021691,-1.8861998078021691
-1.879413981631089,-1.879413981631089
-1.8726337230074217,-1.8726337230074217
-1.8658590314066452,-1.8658590314066452
-1.8590899062753388,-1.8590899062753388
-1.8523263470312223,-1.8523263470312223
-1.8455683530631852,-1.8455683530631852
-1.8388159237313204,-1.8388159237313204
-1.832069058366955,-1.832069058366955
-1.825327756272685,-1.825327756272685
-1.8185920167224026,-1.8185920167224026
-1.8118618389613268,-1.8118618389613268
-1.8051372222060362,-1.8051372222060362
-1.7984181656444946,-1.7984181656444946
-1.791704668436082,-1.791704668436082
-1.7849967297116223,-1.7849967297116223
-1.778294348573411,-1.778294348573411
-1.7715975240952415,-1.7715975240952415
-1.764906255322432,-1.764906255322432
-1.7582205412718537,-1.7582205412718537
-1.7515403809319536,-1.7515403809319536
-1.7448657732627812,-1.7448657732627812
-1.7381967171960104,-1.7381967171960104
-1.7315332116349693,-1.7315332116349693
-1.7248752554546574,-1.7248752554546574
-1.7182228475017718,-1.7182228475017718
-1.7115759865947298,-1.7115759865947298
-1.7049346715236902,-1.7049346715236902
-1.6982989010505742,-1.6982989010505742
-1.691668673909091,-1.691668673909091
-1.6850439888047484,-1.6850439888047484
-1.678424844414883,-1.678424844414883
-1.6718112393886757,-1.6718112393886757
-1.6652031723471692,-1.6652031723471692
-1.6586006418832893,-1.6586006418832893
-1.6520036465618617,-1.6520036465618617
-1.645412184919627,-1.645412184919627
-1.6388262554652655,-1.6388262554652655
-1.6322458566794034,-1.6322458566794034
-1.6256709870146384,-1.6256709870146384
-1.6191016448955475,-1.6191016448955475
-1.6125378287187098,-1.6125378287187098
-1.6059795368527126,-1.6059795368527126
-1.599426767638174,-1.599426767638174
-1.5928795193877494,-1.5928795193877494
-1.5863377903861526,-1.5863377903861526
-1.579801578890158,-1.579801578890158
-1.573270883128625,-1.573270883128625
-1.566745701302499,-1.566745701302499
-1.5602260315848304,-1.5602260315848304
-1.553711872120782,-1.553711872120782
-1.5472032210276376,-1.5472032210276376
-1.5407000763948173,-1.5407000763948173
-1.5342024362838844,-1.5342024362838844
-1.5277102987285522,-1.5277102987285522
-1.5212236617346933,-1.5212236617346933
-1.514742523280351,-1.514742523280351
-1.5082668813157447,-1.5082668813157447
-1.5017967337632772,-1.5017967337632772
-1.495332078517539,-1.495332078517539
-1.4888729134453196,-1.4888729134453196
-1.4824192363856088,-1.4824192363856088
-1.4759710451496053,-1.4759710451496053
-1.46952833752072,-1.46952833752072
-1.4630911112545784,-1.4630911112545784
-1.45665936407903,-1.45665936407903
-1.4502330936941459,-1.4502330936941459
-1.443812297772226,-1.443812297772226
-1.4373969739578005,-1.4373969739578005
-1.4309871198676316,-1.4309871198676316
-1.424582733090716,-1.424582733090716
-1.4181838111882834,-1.4181838111882834
-1.4117903516938017,-1.4117903516938017
-1.405402352112978,-1.405402352112978
-1.3990198099237496,-1.3990198099237496
-1.3926427225762952,-1.3926427225762952
-1.3862710874930262,-1.3862710874930262
-1.3799049020685892,-1.3799049020685892
-1.373544163669863,-1.373544163669863
-1.3671888696359535,-1.3671888696359535
-1.3608390172781968,-1.3608390172781968
-1.3544946038801529,-1.3544946038801529
-1.348155626697601,-1.348155626697601
-1.3418220829585357,-1.3418220829585357
-1.3354939698631656,-1.3354939698631656
-1.3291712845839079,-1.3291712845839079
-1.3228540242653786,-1.3228540242653786
-1.3165421860243904,-1.3165421860243904
-1.3102357669499487,-1.3102357669499487
-1.30393476410324,-1.30393476410324
-1.2976391745176274,-1.2976391745176274
-1.291348995198643,-1.291348995198643
-1.2850642231239808,-1.2850642231239808
-1.2787848552434875,-1.2787848552434875
-1.2725108884791527,-1.2725108884791527
-1.2662423197251016,-1.2662423197251016
-1.2599791458475853,-1.2599791458475853
-1.2537213636849682,-1.2537213636849682
-1.2474689700477213,-1.2474689700477213
-1.2412219617184077,-1.2412219617184077
-1.2349803354516746,-1.2349803354516746
-1.2287440879742388,-1.2287440879742388
-1.2225132159848768,-1.2225132159848768
-1.2162877161544077,-1.2162877161544077
-1.2100675851256881,-1.2100675851256881
-1.2038528195135918,-1.2038528195135918
-1.197643415904997,-1.197643415904997
-1.1914393708587747,-1.1914393708587747
-1.1852406809057718,-1.1852406809057718
-1.1790473425487966,-1.1790473425487966
-1.1728593522626023,-1.1728593522626023
-1.166676706493873,-1.166676706493873
-1.1604994016612054,-1.1604994016612054
-1.1543274341550929,-1.1543274341550929
-1.1481608003379065,-1.1481608003379065
-1.1419994965438798,-1.1419994965438798
-1.1358435190790896,-1.1358435190790896
-1.1296928642214377,-1.1296928642214377
-1.1235475282206298,-1.1235475282206298
-1.1174075072981582,-1.1174075072981582
-1.111272797647283,-1.111272797647283
-1.1051433954330092,-1.1051433954330092
-1.0990192967920678,-1.0990192967920678
-1.0929004978328922,-1.0929004978328922
-1.0867869946356006,-1.0867869946356006
-1.0806787832519718,-1.0806787832519718
-1.0745758597054218,-1.0745758597054218
-1.0684782199909821,-1.0684782199909821
-1.062385860075278,-1.062385860075278
-1.056298775896501,-1.056298775896501
-1.05021696336439,-1.05021696336439
-1.0441404183602006,-1.0441404183602006
-1.0380691367366872,-1.0380691367366872
-1.0320031143180701,-1.0320031143180701
-1.0259423469000173,-1.0259423469000173
-1.0198868302496096,-1.0198868302496096
-1.0138365601053245,-1.0138365601053245
-1.0077915321769988,-1.0077915321769988
-1.001751742145809,-1.001751742145809
-0.995717185664237,-0.995717185664237
-0.9896878583560483,-0.9896878583560483
-0.9836637558162568,-0.9836637558162568
-0.9776448736111012,-0.9776448736111012
-0.9716312072780099,-0.9716312072780099
-0.9656227523255774,-0.9656227523255774
-0.9596195042335266,-0.9596195042335266
-0.9536214584526843,-0.9536214584526843
-0.9476286104049445,-0.9476286104049445
-0.941640955483242,-0.941640955483242
-0.935658489051515,-0.935658489051515
-0.9296812064446771,-0.9296812064446771
-0.923709102968579,-0.923709102968579
-0.9177421738999815,-0.9177421738999815
-0.9117804144865147,-0.9117804144865147
-0.90582381994665,-0.90582381994665
-0.8998723854696589,-0.8998723854696589
-0.8939261062155857,-0.8939261062155857
-0.8879849773152024,-0.8879849773152024
-0.8820489938699821,-0.8820489938699821
-0.8761181509520545,-0.8761181509520545
-0.870192443604173,-0.870192443604173
-0.8642718668396777,-0.8642718668396777
-0.858356415642457,-0.858356415642457
-0.852446084966907,-0.852446084966907
-0.8465408697378947,-0.8465408697378947
-0.8406407648507205,-0.8406407648507205
-0.8347457651710762,-0.8347457651710762
-0.828855865535005,-0.828855865535005
-0.8229710607488618,-0.8229710607488618
-0.8170913455892723,-0.8170913455892723
-0.8112167148030932,-0.8112167148030932
-0.8053471631073663,-0.8053471631073663
-0.7994826851892792,-0.7994826851892792
-0.7936232757061236,-0.7936232757061236
-0.7877689292852504,-0.7877689292852504
-0.7819196405240244,-0.7819196405240244
-0.7760754039897843,-0.7760754039897843
-0.7702362142197965,-0.7702362142197965
-0.7644020657212088,-0.7644020657212088
-0.7585729529710077,-0.7585729529710077
-0.7527488704159687,-0.7527488704159687
-0.7469298124726148,-0.7469298124726148
-0.7411157735271668,-0.7411157735271668
-0.7353067479354963,-0.7353067479354963
-0.7295027300230792,-0.7295027300230792
-0.7237037140849457,-0.7237037140849457
-0.7179096943856363,-0.7179096943856363
-0.7121206651591463,-0.7121206651591463
-0.70633662060888,-0.70633662060888
-0.7005575549076029,-0.7005575549076029
-0.6947834621973872,-0.6947834621973872
-0.6890143365895627,-0.6890143365895627
-0.6832501721646655,-0.6832501721646655
-0.6774909629723873,-0.6774909629723873
-0.6717367030315226,-0.6717367030315226
-0.6659873863299132,-0.6659873863299132
-0.6602430068243997,-0.6602430068243997
-0.6545035584407656,-0.6545035584407656
-0.648769035073683,-0.648769035073683
-0.6430394305866587,-0.6430394305866587
-0.6373147388119778,-0.6373147388119778
-0.6315949535506507,-0.6315949535506507
-0.6258800685723572,-0.6258800685723572
-0.6201700776153858,-0.6201700776153858
-0.6144649743865813,-0.6144649743865813
-0.6087647525612853,-0.6087647525612853
-0.6030694057832812,-0.6030694057832812
-0.5973789276647302,-0.5973789276647302
-0.5916933117861176,-0.5916933117861176
-0.5860125516961925,-0.5860125516961925
-0.5803366409119067,-0.5803366409119067
-0.5746655729183554,-0.5746655729183554
-0.5689993411687154,-0.5689993411687154
-0.5633379390841853,-0.5633379390841853
-0.5576813600539242,-0.5576813600539242
-0.5520295974349866,-0.5520295974349866
-0.5463826445522619,-0.5463826445522619
-0.5407404946984125,-0.5407404946984125
-0.5351031411338072,-0.5351031411338072
-0.5294705770864587,-0.5294705770864587
-0.5238427957519579,-0.5238427957519579
-0.5182197902934106,-0.5182197902934106
-0.5126015538413706,-0.5126015538413706
-0.5069880794937723,-0.5069880794937723
-0.5013793603158663,-0.5013793603158663
-0.4957753893401512,-0.4957753893401512
-0.49017615956630634,-0.49017615956630634
-0.4845816639611225,-0.4845816639611225
-0.47899189545843374,-0.47899189545843374
-0.4734068469590489,-0.4734068469590489
-0.4678265113306819,-0.4678265113306819
-0.4622508814078807,-0.4622508814078807
-0.4566799499919552,-0.4566799499919552
-0.4511137098509096,-0.4511137098509096
-0.4455521537193684,-0.4455521537193684
-0.43999527429850377,-0.43999527429850377
-0.43444306425596185,-0.43444306425596185
-0.4288955162257939,-0.4288955162257939
-0.4233526228083768,-0.4233526228083768
-0.41781437657034204,-0.41781437657034204
-0.4122807700444993,-0.4122807700444993
-0.4067517957297621,-0.4067517957297621
-0.40122744609107186,-0.40122744609107186
-0.39570771355931905,-0.39570771355931905
-0.3901925905312679,-0.3901925905312679
-0.38468206936948046,-0.38468206936948046
-0.37917614240223546,-0.37917614240223546
-0.37367480192345015,-0.37367480192345015
-0.36817804019260214,-0.36817804019260214
-0.3626858494346491,-0.3626858494346491
-0.3571982218399487,-0.3571982218399487
-0.3517151495641772,-0.3517151495641772
-0.3462366247282472,-0.3462366247282472
-0.3407626394182278,-0.3407626394182278
-0.335293185685261,-0.335293185685261
-0.3298282555454774,-0.3298282555454774
-0.32436784097991267,-0.32436784097991267
-0.31891193393442635,-0.31891193393442635
-0.31346052631961363,-0.31346052631961363
-0.30801361001072086,-0.30801361001072086
-0.30257117684755863,-0.30257117684755863
-0.2971332186344191,-0.2971332186344191
-0.2916997271399844,-0.2916997271399844
-0.2862706940972402,-0.2862706940972402
-0.2808461112033881,-0.2808461112033881
-0.2754259701197586,-0.2754259701197586
-0.2700102624717159,-0.2700102624717159
-0.2645989798485751,-0.2645989798485751
-0.2591921138035048,-0.2591921138035048
-0.25378965585344265,-0.25378965585344265
-0.24839159747899534,-0.24839159747899534
-0.24299793012435586,-0.24299793012435586
-0.23760864519720146,-0.23760864519720146
-0.23222373406860483,-0.23222373406860483
-0.22684318807294038,-0.22684318807294038
-0.2214669985077876,-0.2214669985077876
-0.2160951566338351,-0.2160951566338351
-0.210727653674785,-0.210727653674785
-0.20536448081725867,-0.20536448081725867
-0.20000562921069676,-0.20000562921069676
-0.19465108996726138,-0.19465108996726138
-0.18930085416173778,-0.18930085416173778
-0.183954912831437,-0.183954912831437
-0.17861325697609468,-0.17861325697609468
-0.17327587755776905,-0.17327587755776905
-0.16794276550074205,-0.16794276550074205
-0.1626139116914179,-0.1626139116914179
-0.15728930697821966,-0.15728930697821966
-0.15196894217148543,-0.15196894217148543
-0.14665280804336547,-0.14665280804336547
-0.1413408953277201,-0.1413408953277201
-0.13603319472001182,-0.13603319472001182
-0.13072969687720043,-0.13072969687720043
-0.12543039241763665,-0.12543039241763665
-0.12013527192095698,-0.12013527192095698
-0.11484432592797428,-0.11484432592797428
-0.10955754494056995,-0.10955754494056995
-0.10427491942158419,-0.10427491942158419
-0.09899643979470849,-0.09899643979470849
-0.09372209644437479,-0.09372209644437479
-0.0884518797156425,-0.0884518797156425
-0.08318577991408814,-0.08318577991408814
-0.07792378730569466,-0.07792378730569466
-0.07266589211673694,-0.07266589211673694
-0.06741208453366664,-0.06741208453366664
-0.06216235470300015,-0.06216235470300015
-0.056916692731202936,-0.056916692731202936
-0.05167508868457359,-0.05167508868457359
-0.04643753258912664,-0.04643753258912664
-0.041204014430475555,-0.041204014430475555
-0.03597452415371646,-0.03597452415371646
-0.030749051663307426,-0.030749051663307426
-0.025527586822950105,-0.025527586822950105
-0.020310119455468564,-0.020310119455468564
-0.015096639342690876,-0.015096639342690876
-0.009887136225325353,-0.009887136225325353
-0.004681599802838652,-0.004681599802838652
0.0005199802666672949,0.0005199802666672949
0.005717614366577101,0.005717614366577101
0.01091131292188858,0.01091131292188858
0.01610108639933985,0.01610108639933985
0.02128694530752766,0.02128694530752766
0.026468900197045193,0.026468900197045193
0.03164696166059887,0.03164696166059887
0.03682114033314637,0.03682114033314637
0.04199144689201532,0.04199144689201532
0.04715789205704486,0.04715789205704486
0.05232048659070324,0.05232048659070324
0.057479241298232314,0.057479241298232314
0.06263416702776853,0.06263416702776853
0.06778527467048498,0.06778527467048498
0.07293257516071638,0.07293257516071638
0.0780760794761021,0.0780760794761021
0.08321579863771653,0.08321579863771653
0.08835174371020386,0.08835174371020386
0.09348392580192151,0.09348392580192151
0.09861235606506906,0.09861235606506906
0.10373704569583651,0.10373704569583651
0.10885800593453465,0.10885800593453465
0.11397524806574261,0.11397524806574261
0.1190887834184428,0.1190887834184428
0.1241986233661691,0.1241986233661691
0.12930477932714263,0.12930477932714263
0.13440726276442236,0.13440726276442236
0.13950608518604277,0.13950608518604277
0.14460125814516686,0.14460125814516686
0.1496927932402224,0.1496927932402224
0.15478070211505954,0.15478070211505954
0.15986499645908986,0.15986499645908986
0.16494568800744308,0.16494568800744308
0.17002278854110628,0.17002278854110628
0.17509630988708735,0.17509630988708735
0.18016626391855467,0.18016626391855467
0.18523266255499712,0.18523266255499712
0.1902955177623717,0.1902955177623717
0.1953548415532647,0.1953548415532647
0.20041064598703723,0.20041064598703723
0.20546294316999045,0.20546294316999045
0.21051174525551464,0.21051174525551464
0.21555706444425382,0.21555706444425382
0.220598912984258,0.220598912984258
0.22563730317114833,0.22563730317114833
0.23067224734827227,0.23067224734827227
0.23570375790687062,0.23570375790687062
0.24073184728623412,0.24073184728623412
0.24575652797387396,0.24575652797387396
0.2507778125056764,0.2507778125056764
0.2557957134660792,0.2557957134660792
0.26081024348822734,0.26081024348822734
0.26582141525414965,0.26582141525414965
0.27082924149491794,0.27082924149491794
0.2758337349908255,0.2758337349908255
0.28083490857154697,0.28083490857154697
0.285832775116321,0.285832775116321
0.29082734755411094,0.29082734755411094
0.2958186388637883,0.2958186388637883
0.30080666207429724,0.30080666207429724
0.30579143026483974,0.30579143026483974
0.31077295656504283,0.31077295656504283
0.3157512541551423,0.3157512541551423
0.3207263362661563,0.3207263362661563
0.32569821618006967,0.32569821618006967
0.33066690723000774,0.33066690723000774
0.3356324228004257,0.3356324228004257
0.34059477632728324,0.34059477632728324
0.3455539812982358,0.3455539812982358
0.3505100512528103,0.3505100512528103
0.35546299978260176,0.35546299978260176
0.360412840531448,0.360412840531448
0.36535958719562883,0.36535958719562883
0.3703032535240463,0.3703032535240463
0.3752438533184224,0.3752438533184224
0.38018140043348086,0.38018140043348086
0.3851159087771507,0.3851159087771507
0.3900473923107496,0.3900473923107496
0.3949758650491871,0.3949758650491871
0.3999013410611505,0.3999013410611505
0.4048238344693141,0.4048238344693141
0.40974335945052354,0.40974335945052354
0.4146599302360084,0.4146599302360084
0.41957356111157074,0.41957356111157074
0.4244842664177971,0.4244842664177971
0.4293920605502502,0.4293920605502502
0.43429695795968576,0.43429695795968576
0.43919897315224377,0.43919897315224377
0.44409812068966803,0.44409812068966803
0.4489944151895014,0.4489944151895014
0.4538878713253054,0.4538878713253054
0.45877850382686114,0.45877850382686114
0.4636663274803893,0.4636663274803893
0.4685513571287519,0.4685513571287519
0.4734336076716783,0.4734336076716783
0.47831309406596784,0.47831309406596784
0.48318983132571713,0.48318983132571713
0.48806383452252805,0.48806383452252805
0.49293511878573515,0.49293511878573515
0.49780369930261653,0.49780369930261653
0.5026695913186243,0.5026695913186243
0.5075328101376,0.5075328101376
0.5123933711220042,0.5123933711220042
0.5172512896931349,0.5172512896931349
0.5221065813313641,0.5221065813313641
0.5269592615763525,0.5269592615763525
0.5318093460272945,0.5318093460272945
0.5366568503431329,0.5366568503431329
0.5415017902428039,0.5415017902428039
0.5463441815054612,0.5463441815054612
0.5511840399707183,0.5511840399707183
0.5560213815388765,0.5560213815388765
0.5608562221711718,0.5608562221711718
0.5656885778900037,0.5656885778900037
0.5705184647791859,0.5705184647791859
0.5753458989841771,0.5753458989841771
0.5801708967123371,0.5801708967123371
0.5849934742331556,0.5849934742331556
0.589813647878516,0.589813647878516
0.5946314340429258,0.5946314340429258
0.5994468491837808,0.5994468491837808
0.6042599098216018,0.6042599098216018
0.6090706325403005,0.6090706325403005
0.6138790339874186,0.6138790339874186
0.6186851308743962,0.6186851308743962
0.623488939976817,0.623488939976817
0.6282904781346766,0.6282904781346766
0.6330897622526316,0.6330897622526316
0.6378868093002694,0.6378868093002694
0.6426816363123683,0.6426816363123683
0.6474742603891588,0.6474742603891588
0.6522646986965902,0.6522646986965902
0.6570529684666025,0.6570529684666025
0.661839086997394,0.661839086997394
0.6666230716536856,0.6666230716536856
0.6714049398669985,0.6714049398669985
0.6761847091359295,0.6761847091359295
0.6809623970264252,0.6809623970264252
0.6857380211720556,0.6857380211720556
0.6905115992742941,0.6905115992742941
0.6952831491028034,0.6952831491028034
0.7000526884957147,0.7000526884957147
0.7048202353599058,0.7048202353599058
0.7095858076712934,0.7095858076712934
0.7143494234751208,0.7143494234751208
0.7191111008862453,0.7191111008862453
0.7238708580894245,0.7238708580894245
0.7286287133396143,0.7286287133396143
0.733384684962263,0.733384684962263
0.7381387913536077,0.7381387913536077
0.7428910509809673,0.7428910509809673
0.7476414823830452,0.7476414823830452
0.752390104170234,0.752390104170234
0.7571369350249161,0.7571369350249161
0.7618819937017652,0.7618819937017652
0.7666252990280619,0.7666252990280619
0.771366869903991,0.771366869903991
0.776106725302967,0.776106725302967
0.78084488427193,0.78084488427193
0.7855813659316769,0.7855813659316769
0.7903161894771623,0.7903161894771623
0.7950493741778321,0.7950493741778321
0.799780939377929,0.799780939377929
0.8045109044968283,0.8045109044968283
0.8092392890293502,0.8092392890293502
0.813966112546097,0.813966112546097
0.8186913946937707,0.8186913946937707
0.823415155195515,0.823415155195515
0.8281374138512351,0.8281374138512351
0.832858190537943,0.832858190537943
0.8375775052100853,0.8375775052100853
0.8422953778998896,0.8422953778998896
0.8470118287176964,0.8470118287176964
0.8517268778523106,0.8517268778523106
0.8564405455713372,0.8564405455713372
0.8611528522215386,0.8611528522215386
0.8658638182291718,0.8658638182291718
0.8705734641003523,0.8705734641003523
0.8752818104213924,0.8752818104213924
0.8799888778591743,0.8799888778591743
0.8846946871614909,0.8846946871614909
0.8893992591574197,0.8893992591574197
0.8941026147576738,0.8941026147576738
0.8988047749549761,0.8988047749549761
0.9035057608244151,0.9035057608244151
0.9082055935238283,0.9082055935238283
0.9129042942941559,0.9129042942941559
0.9176018844598326,0.9176018844598326
0.9222983854291478,0.9222983854291478
0.926993818694635,0.926993818694635
0.9316882058334452,0.9316882058334452
0.9363815685077364,0.9363815685077364
0.9410739284650506,0.9410739284650506
0.9457653075387131,0.9457653075387131
0.9504557276482082,0.9504557276482082
0.9551452107995887,0.9551452107995887
0.9598337790858541,0.9598337790858541
0.9645214546873635,0.9645214546873635
0.9692082598722233,0.9692082598722233
0.9738942169966998,0.9738942169966998
0.9785793485056159,0.9785793485056159
0.9832636769327677,0.9832636769327677
0.9879472249013256,0.9879472249013256
0.9926300151242565,0.9926300151242565
0.9973120704047298,0.9973120704047298
1.0019934136365465,1.0019934136365465
1.006674067804549,1.006674067804549
1.0113540559850531,1.0113540559850531
1.0160334013462702,1.0160334013462702
1.0207121271487378,1.0207121271487378
1.0253902567457485,1.0253902567457485
1.0300678135837906,1.0300678135837906
1.0347448212029762,1.0347448212029762
1.0394213032374926,1.0394213032374926
1.044097283416031,1.044097283416031
1.0487727855622497,1.0487727855622497
1.0534478335952029,1.0534478335952029
1.0581224515298129,1.0581224515298129
1.0627966634773025,1.0627966634773025
1.0674704936456747,1.0674704936456747
1.0721439663401526,1.0721439663401526
1.0768171059636589,1.0768171059636589
1.0814899370172697,1.0814899370172697
1.0861624841006925,1.0861624841006925
1.0908347719127325,1.0908347719127325
1.0955068252517728,1.0955068252517728
1.1001786690162454,1.1001786690162454
1.1048503282051245,1.1048503282051245
1.1095218279183963,1.1095218279183963
1.1141931933575613,1.1141931933575613
1.1188644498261113,1.1188644498261113
1.12353562273004,1.12353562273004
1.1282067375783196,1.1282067375783196
1.1328778199834226,1.1328778199834226
1.137548895661809,1.137548895661809
1.142219990434444,1.142219990434444
1.1468911302273022,1.1468911302273022
1.151562341071887,1.151562341071887
1.15623364910574,1.15623364910574
1.1609050805729713,1.1609050805729713
1.1655766618247738,1.1655766618247738
1.1702484193199623,1.1702484193199623
1.1749203796254872,1.1749203796254872
1.1795925694169915,1.1795925694169915
1.1842650154793244,1.1842650154793244
1.188937744707108,1.188937744707108
1.1936107841052566,1.1936107841052566
1.1982841607895505,1.1982841607895505
1.2029579019871661,1.2029579019871661
1.207632035037249,1.207632035037249
1.2123065873914682,1.2123065873914682
1.2169815866145732,1.2169815866145732
1.2216570603849681,1.2216570603849681
1.2263330364952842,1.2263330364952842
1.2310095428529522,1.2310095428529522
1.2356866074807784,1.2356866074807784
1.2403642585175279,1.2403642585175279
1.245042524218518,1.245042524218518
1.249721432956204,1.249721432956204
1.2544010132207692,1.2544010132207692
1.2590812936207283,1.2590812936207283
1.2637623028835316,1.2637623028835316
1.268444069856172,1.268444069856172
1.2731266235057883,1.2731266235057883
1.2778099929202837,1.2778099929202837
1.2824942073089505,1.2824942073089505
1.2871792960030897,1.2871792960030897
1.2918652884566326,1.2918652884566326
1.2965522142467782,1.2965522142467782
1.3012401030746328,1.3012401030746328
1.3059289847658453,1.3059289847658453
1.3106188892712503,1.3106188892712503
1.3153098466675177,1.3153098466675177
1.3200018871578139,1.3200018871578139
1.324695041072454,1.324695041072454
1.329389338869562,1.329389338869562
1.3340848111357395,1.3340848111357395
1.338781488586743,1.338781488586743
1.3434794020681569,1.3434794020681569
1.3481785825560688,1.3481785825560688
1.352879061157761,1.352879061157761
1.3575808691124047,1.3575808691124047
1.3622840377917491,1.3622840377917491
1.3669885987008215,1.3669885987008215
1.3716945834786325,1.3716945834786325
1.3764020238988937,1.3764020238988937
1.3811109518707243,1.3811109518707243
1.3858213994393696,1.3858213994393696
1.3905333987869295,1.3905333987869295
1.3952469822330917,1.3952469822330917
1.3999621822358643,1.3999621822358643
1.404679031392311,1.404679031392311
1.4093975624392983,1.4093975624392983
1.4141178082542543,1.4141178082542543
1.4188398018559176,1.4188398018559176
1.4235635764050945,1.4235635764050945
1.4282891652054375,1.4282891652054375
1.4330166017042025,1.4330166017042025
1.437745919493044,1.437745919493044
1.4424771523087756,1.4424771523087756
1.447210334034185,1.447210334034185
1.4519454986988023,1.4519454986988023
1.4566826804797213,1.4566826804797213
1.4614219137023887,1.4614219137023887
1.466163232841428,1.466163232841428
1.4709066725214435,1.4709066725214435
1.4756522675178594,1.4756522675178594
1.4804000527577292,1.4804000527577292
1.485150063320592,1.485150063320592
1.4899023344392908,1.4899023344392908
1.4946569015008406,1.4946569015008406
1.4994138000472628,1.4994138000472628
1.5041730657764598,1.5041730657764598
1.5089347345430653,1.5089347345430653
1.5136988423593298,1.5136988423593298
1.518465425395987,1.518465425395987
1.5232345199831483,1.5232345199831483
1.5280061626111807,1.5280061626111807
1.5327803899316197,1.5327803899316197
1.5375572387580545,1.5375572387580545
1.542336746067058,1.542336746067058
1.5471189489990833,1.5471189489990833
1.5519038848594064,1.5519038848594064
1.5566915911190404,1.5566915911190404
1.5614821054156853,1.5614821054156853
1.5662754655546596,1.5662754655546596
1.5710717095098656,1.5710717095098656
1.5758708754247324,1.5758708754247324
1.5806730016131934,1.5806730016131934
1.5854781265606486,1.5854781265606486
1.5902862889249527,1.5902862889249527
1.5950975275373922,1.5950975275373922
1.599911881403692,1.599911881403692
1.6047293897049975,1.6047293897049975
1.6095500917989065,1.6095500917989065
1.6143740272204647,1.6143740272204647
1.6192012356832046,1.6192012356832046
1.624031757080166,1.624031757080166
1.628865631484945,1.628865631484945
1.633702899152729,1.633702899152729
1.6385436005213663,1.6385436005213663
1.6433877762124118,1.6433877762124118
1.6482354670322166,1.6482354670322166
1.6530867139729875,1.6530867139729875
1.6579415582138919,1.6579415582138919
1.662800041122135,1.662800041122135
1.6676622042540834,1.6676622042540834
1.6725280893563554,1.6725280893563554
1.6773977383669607,1.6773977383669607
1.6822711934164134,1.6822711934164134
1.6871484968288837,1.6871484968288837
1.6920296911233275,1.6920296911233275
1.696914819014661,1.696914819014661
1.701803923414901,1.701803923414901
1.7066970474343635,1.7066970474343635
1.7115942343828199,1.7115942343828199
1.7164955277707081,1.7164955277707081
1.721400971310316,1.721400971310316
1.7263106089170053,1.7263106089170053
1.7312244847104208,1.7312244847104208
1.7361426430157179,1.7361426430157179
1.7410651283647978,1.7410651283647978
1.745991985497568,1.745991985497568
1.750923259363187,1.750923259363187
1.7558589951213281,1.7558589951213281
1.7607992381434618,1.7607992381434618
1.7657440340141446,1.7657440340141446
1.7706934285323117,1.7706934285323117
1.7756474677125778,1.7756474677125778
1.7806061977865588,1.7806061977865588
1.7855696652042046,1.7855696652042046
1.790537916635128,1.790537916635128
1.795510998969955,1.795510998969955
1.8004889593216782,1.8004889593216782
1.805471845027039,1.805471845027039
1.8104597036479009,1.8104597036479009
1.8154525829726331,1.8154525829726331
1.8204505310175196,1.8204505310175196
1.8254535960281786,1.8254535960281786
1.830461826480977,1.830461826480977
1.835475271084468,1.835475271084468
1.8404939787808388,1.8404939787808388
1.845517998747374,1.845517998747374
1.8505473803979258,1.8505473803979258
1.8555821733843858,1.8555821733843858
1.8606224275981884,1.8606224275981884
1.8656681931718206,1.8656681931718206
1.8707195204803357,1.8707195204803357
1.8757764601428777,1.8757764601428777
1.8808390630242309,1.8808390630242309
1.8859073802363817,1.8859073802363817
1.8909814631400796,1.8909814631400796
1.8960613633464123,1.8960613633464123
1.9011471327184082,1.9011471327184082
1.9062388233726468,1.9062388233726468
1.9113364876808707,1.9113364876808707
1.9164401782716198,1.9164401782716198
1.9215499480318765,1.9215499480318765
1.9266658501087357,1.9266658501087357
1.9317879379110723,1.9317879379110723
1.936916265111223,1.936916265111223
1.9420508856466925,1.9420508856466925
1.947191853721875,1.947191853721875
1.9523392238097805,1.9523392238097805
1.9574930506537704,1.9574930506537704
1.9626533892693254,1.9626533892693254
1.9678202949458188,1.9678202949458188
1.9729938232483044,1.9729938232483044
1.9781740300193125,1.9781740300193125
1.9833609713806701,1.9833609713806701
1.9885547037353464,1.9885547037353464
1.9937552837692865,1.9937552837692865
1.9989627684532811,1.9989627684532811
2.004177215044844,2.004177215044844
2.0093986810901163,2.0093986810901163
2.014627224425768,2.014627224425768
2.019862903180933,2.019862903180933
2.0251057757791417,2.0251057757791417
2.0303559009403025,2.0303559009403025
2.0356133376826646,2.0356133376826646
2.0408781453248066,2.0408781453248066
2.046150383487667,2.046150383487667
2.0514301120965523,2.0514301120965523
2.056717391383203,2.056717391383203
2.0620122818878364,2.0620122818878364
2.0673148444612446,2.0673148444612446
2.072625140266885,2.072625140266885
2.0779432307830015,2.0779432307830015
2.083269177804752,2.083269177804752
2.0886030434463763,2.0886030434463763
2.093944890143354,2.093944890143354
2.0992947806546094,2.0992947806546094
2.1046527780647093,2.1046527780647093
2.110018945786104,2.110018945786104
2.1153933475613647,2.1153933475613647
2.120776047465471,2.120776047465471
2.126167109908073,2.126167109908073
2.1315665996358297,2.1315665996358297
2.1369745817347128,2.1369745817347128
2.1423911216323783,2.1423911216323783
2.1478162851005114,2.1478162851005114
2.1532501382572486,2.1532501382572486
2.1586927475695616,2.1586927475695616
2.164144179855715,2.164144179855715
2.1696045022876995,2.1696045022876995
2.1750737823937305,2.1750737823937305
2.1805520880607308,2.1805520880607308
2.1860394875368683,2.1860394875368683
2.191536049434079,2.191536049434079
2.197041842730662,2.197041842730662
2.2025569367738433,2.2025569367738433
2.208081401282406,2.208081401282406
2.213615306349321,2.213615306349321
2.2191587224444156,2.2191587224444156
2.2247117204170426,2.2247117204170426
2.230274371498808,2.230274371498808
2.23584674730629,2.23584674730629
2.241428919843817,2.241428919843817
2.2470209615062227,2.2470209615062227
2.2526229450816895,2.2526229450816895
2.25823494375455,2.25823494375455
2.2638570311081807,2.2638570311081807
2.2694892811278606,2.2694892811278606
2.275131768203709,2.275131768203709
2.280784567133605,2.280784567133605
2.2864477531261795,2.2864477531261795
2.292121401803782,2.292121401803782
2.297805589205536,2.297805589205536
2.303500391790355,2.303500391790355
2.3092058864400595,2.3092058864400595
2.3149221504624538,2.3149221504624538
2.320649261594484,2.320649261594484
2.326387298005392,2.326387298005392
2.332136338299925,2.332136338299925
2.3378964615215443,2.3378964615215443
2.343667747155702,2.343667747155702
2.349450275133113,2.349450275133113
2.355244125833086,2.355244125833086
2.361049380086857,2.361049380086857
2.3668661191809974,2.3668661191809974
2.372694424860793,2.372694424860793
2.3785343793337286,2.3785343793337286
2.3843860652729325,2.3843860652729325
2.3902495658207146,2.3902495658207146
2.3961249645921048,2.3961249645921048
2.4020123456784264,2.4020123456784264
2.407911793650913,2.407911793650913
2.4138233935643685,2.4138233935643685
2.4197472309608448,2.4197472309608448
2.4256833918733567,2.4256833918733567
2.4316319628296417,2.4316319628296417
2.43759303085596,2.43759303085596
2.443566683480923,2.443566683480923
2.449553008739345,2.449553008739345
2.455552095176163,2.455552095176163
2.4615640318503798,2.4615640318503798
2.467588908339045,2.467588908339045
2.473626814741264,2.473626814741264
2.4796778416822685,2.4796778416822685
2.48574208031752,2.48574208031752
2.491819622336849,2.491819622336849
2.4979105599686275,2.4979105599686275
2.504014985983998,2.504014985983998
2.5101329937011503,2.5101329937011503
2.516264676989614,2.516264676989614
2.5224101302746136,2.5224101302746136
2.5285694485414636,2.5285694485414636
2.5347427273400127,2.5347427273400127
2.540930062789123,2.540930062789123
2.547131551581191,2.547131551581191
2.553347290986729,2.553347290986729
2.5595773788589895,2.5595773788589895
2.5658219136386258,2.5658219136386258
2.5720809943584033,2.5720809943584033
2.578354720647966,2.578354720647966
2.5846431927386493,2.5846431927386493
2.590946511468342,2.590946511468342
2.5972647782863847,2.5972647782863847
2.603598095258535,2.603598095258535
2.6099465650719855,2.6099465650719855
2.6163102910404237,2.6163102910404237
2.6226893771091384,2.6226893771091384
2.6290839278601843,2.6290839278601843
2.635494048517631,2.635494048517631
2.6419198449528083,2.6419198449528083
2.6483614236896464,2.6483614236896464
2.6548188919100637,2.6548188919100637
2.661292357459407,2.661292357459407
2.667781928851961,2.667781928851961
2.6742877152764812,2.6742877152764812
2.6808098266018274,2.6808098266018274
2.687348373382644,2.687348373382644
2.6939034668650783,2.6939034668650783
2.7004752189925787,2.7004752189925787
2.7070637424117576,2.7070637424117576
2.713669150478308,2.713669150478308
2.720291557262988,2.720291557262988
2.726931077557658,2.726931077557658
2.7335878268813953,2.7335878268813953
2.740261921486676,2.740261921486676
2.7469534783656133,2.7469534783656133
2.7536626152562635,2.7536626152562635
2.760389450649,2.760389450649
2.7671341037929778,2.7671341037929778
2.773896694702636,2.773896694702636
2.780677344164284,2.780677344164284
2.7874761737427645,2.7874761737427645
2.794293305788186,2.794293305788186
2.8011288634427354,2.8011288634427354
2.8079829706475388,2.8079829706475388
2.8148557521496294,2.8148557521496294
2.821747333508985,2.821747333508985
2.8286578411056333,2.8286578411056333
2.835587402146828,2.835587402146828
2.8425361446743307,2.8425361446743307
2.8495041975717657,2.8495041975717657
2.856491690572033,2.856491690572033
2.863498754264833,2.863498754264833
2.870525520104258,2.870525520104258
2.877572120416484,2.877572120416484
2.884638688407538,2.884638688407538
2.891725358171143,2.891725358171143
2.898832264696674,2.898832264696674
2.9059595438771963,2.9059595438771963
2.9131073325175922,2.9131073325175922
2.920275768342759,2.920275768342759
2.9274649900059444,2.9274649900059444
2.9346751370971575,2.9346751370971575
2.941906350151652,2.941906350151652
2.9491587706585416,2.9491587706585416
2.9564325410694887,2.9564325410694887
2.963727804807524,2.963727804807524
2.971044706275937,2.971044706275937
2.9783833908672728,2.9783833908672728
2.9857440049724557,2.9857440049724557
2.9931266959900023,2.9931266959900023
3.000531612335344,3.000531612335344
3.007958903450259,3.007958903450259
3.015408719812411,3.015408719812411
3.0228812129450082,3.0228812129450082
3.030376535426575,3.030376535426575
3.0378948409008406,3.0378948409008406
3.0454362840867213,3.0454362840867213
3.053001020788454,3.053001020788454
3.0605892079058394,3.0605892079058394
3.068201003444605,3.068201003444605
3.075836566526869,3.075836566526869
3.0834960574017773,3.0834960574017773
3.0911796374562353,3.0911796374562353
3.098887469225775,3.098887469225775
3.1066197164055502,3.1066197164055502
3.114376543861468,3.114376543861468
3.1221581176414697,3.1221581176414697
3.129964604986928,3.129964604986928
3.1377961743441793,3.1377961743441793
3.145652995376221,3.145652995376221
3.153535238974537,3.153535238974537
3.1614430772710764,3.1614430772710764
3.16937668365035,3.16937668365035
3.177336232761725,3.177336232761725
3.1853219005318416,3.1853219005318416
3.193333864177181,3.193333864177181
3.2013723022167975,3.2013723022167975
3.209437394485211,3.209437394485211
3.2175293221454684,3.2175293221454684
3.2256482677023466,3.2256482677023466
3.23379441501573,3.23379441501573
3.241967949314173,3.241967949314173
3.2501690572086117,3.2501690572086117
3.258397926706268,3.258397926706268
3.266654747224707,3.266654747224707
3.274939709606085,3.274939709606085
3.2832530061316034,3.2832530061316034
3.291594830536106,3.291594830536106
3.299965378022879,3.299965378022879
3.3083648452786503,3.3083648452786503
3.3167934304887905,3.3167934304887905
3.3252513333526736,3.3252513333526736
3.333738755099269,3.333738755099269
3.342255898502924,3.342255898502924
3.3508029678993596,3.3508029678993596
3.3593801692018728,3.3593801692018728
3.3679877099177307,3.3679877099177307
3.3766257991648083,3.3766257991648083
3.385294647688442,3.385294647688442
3.3939944678784912,3.3939944678784912
3.402725473786622,3.402725473786622
3.4114878811438385,3.4114878811438385
3.4202819073782544,3.4202819073782544
3.4291077716330647,3.4291077716330647
3.4379656947847868,3.4379656947847868
3.4468558994617426,3.4468558994617426
3.455778610062787,3.455778610062787
3.464734052776289,3.464734052776289
3.4737224555993618,3.4737224555993618
3.4827440483573597,3.4827440483573597
3.491799062723657,3.491799062723657
3.500887732239671,3.500887732239671
3.5100102923351577,3.5100102923351577
3.519166980348809,3.519166980348809
3.52835803554913,3.52835803554913
3.53758369915558,3.53758369915558
3.546844214360024,3.546844214360024
3.556139826348477,3.556139826348477
3.565470782323168,3.565470782323168
3.574837331524883,3.574837331524883
3.584239725255633,3.584239725255633
3.593678216901644,3.593678216901644
3.6031530619566694,3.6031530619566694
3.6126645180456407,3.6126645180456407
3.622212844948613,3.622212844948613
3.631798304625098,3.631798304625098
3.6414211612387324,3.6414211612387324
3.6510816811822724,3.6510816811822724
3.66078013310297,3.66078013310297
3.670516787928305,3.670516787928305
3.6802919188921055,3.6802919188921055
3.690105801561009,3.690105801561009
3.6999587138613346,3.6999587138613346
3.70985093610634,3.70985093610634
3.719782751023878,3.719782751023878
3.729754443784455,3.729754443784455
3.7397663020296816,3.7397663020296816
3.7498186159011757,3.7498186159011757
3.7599116780698694,3.7599116780698694
3.7700457837657653,3.7700457837657653
3.7802212308080954,3.7802212308080954
3.790438319635982,3.790438319635982
3.8006973533395305,3.8006973533395305
3.810998637691376,3.810998637691376
3.8213424811787187,3.8213424811787187
3.8317291950358343,3.8317291950358343
3.8421590932770973,3.8421590932770973
3.8526324927304754,3.8526324927304754
3.863149713071532,3.863149713071532
3.873711076857974,3.873711076857974
3.884316909564719,3.884316909564719
3.894967539619488,3.894967539619488
3.905663298438939,3.905663298438939
3.9164045204653872,3.9164045204653872
3.927191543204086,3.927191543204086
3.938024707261066,3.938024707261066
3.948904356381575,3.948904356381575
3.9598308374891245,3.9598308374891245
3.9708045007251602,3.9708045007251602
3.9818256994893253,3.9818256994893253
3.992894790480371,3.992894790480371
4.004012133737733,4.004012133737733
4.015178092683749,4.015178092683749
4.0263930341665635,4.0263930341665635
4.03765732850369,4.03765732850369
4.048971349526298,4.048971349526298
4.060335474624226,4.060335474624226
4.0717500847916845,4.0717500847916845
4.083215564673707,4.083215564673707
4.094732302613376,4.094732302613376
4.106300690699817,4.106300690699817
4.117921124816966,4.117921124816966
4.129594004693112,4.129594004693112
4.141319733951311,4.141319733951311
4.15309872016061,4.15309872016061
4.164931374888098,4.164931374888098
4.1768181137518505,4.1768181137518505
4.188759356474732,4.188759356474732
4.200755526939133,4.200755526939133
4.212807053242609,4.212807053242609
4.224914367754449,4.224914367754449
4.237077907173205,4.237077907173205
4.249298112585213,4.249298112585213
4.261575429524098,4.261575429524098
4.273910308031307,4.273910308031307
4.286303202717655,4.286303202717655
4.298754572825953,4.298754572825953
4.311264882294731,4.311264882294731
5.541732715622738,5.541732715622738
5.53700217286541,5.53700217286541
5.532229754117665,5.532229754117665
5.527418383715953,5.527418383715953
5.522570828364766,5.522570828364766
5.517689714788263,5.517689714788263
5.512777544826544,5.512777544826544
5.507836708436196,5.507836708436196
5.502869494957208,5.502869494957208
5.497878102934995,5.497878102934995
5.492864648729527,5.492864648729527
5.487831174099665,5.487831174099665
5.482779652916128,5.482779652916128
5.477711997129791,5.477711997129791
5.472630062099931,5.472630062099931
5.467535651369612,5.467535651369612
5.462430520961732,5.462430520961732
5.457316383257077,5.457316383257077
5.452194910507062,5.452194910507062
5.447067738025565,5.447067738025565
5.441936467097925,5.441936467097925
5.436802667640059,5.436802667640059
5.431667880635784,5.431667880635784
5.42653362037704,5.42653362037704
5.421401376528184,5.421401376528184
5.416272616032915,5.416272616032915
5.41114878488031,5.41114878488031
5.406031309744039,5.406031309744039
5.400921599507492,5.400921599507492
5.3958210466859535,5.3958210466859535
5.39073102875558,5.39073102875558
5.385652909398152,5.385652909398152
5.38058803966918,5.38058803966918
5.375537759096526,5.375537759096526
5.3705033967156846,5.3705033967156846
5.365486272047452,5.365486272047452
5.360487696022848,5.360487696022848
5.3555089718600275,5.3555089718600275
5.350551395897144,5.350551395897144
5.345616258385082,5.345616258385082
5.340704844243149,5.340704844243149
5.3358184337811,5.3358184337811
5.330958303390076,5.330958303390076
5.326125726205189,5.326125726205189
5.321321972741887,5.321321972741887
5.316548311508445,5.316548311508445
5.311806009596394,5.311806009596394
5.3070963332508185,5.3070963332508185
5.302420548422094,5.302420548422094
5.2977799213006715,5.2977799213006715
5.293175718836248,5.293175718836248
5.288609209242833,5.288609209242833
5.2840816624906335,5.2840816624906335
5.279594350786232,5.279594350786232
5.275148549041874,5.275148549041874
5.270745535335002,5.270745535335002
5.266386591358858,5.266386591358858
5.262073002865137,5.262073002865137
5.25780606009945,5.25780606009945
5.253587058230386,5.253587058230386
5.249417297772871,5.249417297772871
5.245298085006573,5.245298085006573
5.241230732389984,5.241230732389984
5.237216558970785,5.237216558970785
5.233256890793099,5.233256890793099
5.229353061302212,5.229353061302212
5.225506411747256,5.225506411747256
5.221718291582504,5.221718291582504
5.217990058867617,5.217990058867617
5.21432308066737,5.21432308066737
5.210718733451431,5.210718733451431
5.207178403494544,5.207178403494544
5.203703487277569,5.203703487277569
5.200295391889805,5.200295391889805
5.196955535433073,5.196955535433073
5.19368534742794,5.19368534742794
5.190486269222425,5.190486269222425
5.187359754403681,5.187359754403681
5.184307269213001,5.184307269213001
5.181330292964572,5.181330292964572
5.178430318468251,5.178430318468251
5.175608852456933,5.175608852456933
5.172867416018713,5.172867416018713
5.170207545034335,5.170207545034335
5.167630790620332,5.167630790620332
5.165138719578042,5.165138719578042
5.162732914849209,5.162732914849209
5.16041497597828,5.16041497597828
5.15818651958191,5.15818651958191
5.156049179826077,5.156049179826077
5.154004608911133,5.154004608911133
5.152054477565405,5.152054477565405
5.150200475547437,5.150200475547437
5.148444312157513,5.148444312157513
5.146787716758974,5.146787716758974
5.1452324393094715,5.1452324393094715
5.143780250902953,5.143780250902953
5.142432944322467,5.142432944322467
5.141192334604652,5.141192334604652
5.1400602596160665,5.1400602596160665
5.13903858064206,5.13903858064206
5.138129182988564,5.138129182988564
5.137333976597443,5.137333976597443
5.136654896675802,5.136654896675802
5.136093904340011,5.136093904340011
5.135652987274775,5.135652987274775
5.135334160408006,5.135334160408006
5.135139466602085,5.135139466602085
5.135070977362132,5.135070977362132
5.135130793561849,5.135130793561849
5.135321046187748,5.135321046187748
5.135643897102389,5.135643897102389
5.136101539827357,5.136101539827357
5.136696200346749,5.136696200346749
5.137430137931868,5.137430137931868
5.138305645988067,5.138305645988067
5.13932505292446,5.13932505292446
5.1404907230474555,5.1404907230474555
5.141805057478829,5.141805057478829
5.143270495099654,5.143270495099654
5.144889513520586,5.144889513520586
5.146664630079903,5.146664630079903
5.148598402870124,5.148598402870124
5.150693431794377,5.150693431794377
5.15295235965382,5.15295235965382
5.1553778732668984,5.1553778732668984
5.157972704622119,5.157972704622119
5.1607396320653764,5.1607396320653764
5.163681481523333,5.163681481523333
5.1668011277640264,5.1668011277640264
5.170101495696445,5.170101495696445
5.173585561710465,5.173585561710465
5.177256355058792,5.177256355058792
5.181116959282481,5.181116959282481
5.18517051368193,5.18517051368193
5.189420214835089,5.189420214835089
5.193869318164844,5.193869318164844
5.198521139557495,5.198521139557495
5.203379057034503,5.203379057034503
5.2084465124796795,5.2084465124796795
5.213727013424102,5.213727013424102
5.219224134891128,5.219224134891128
5.224941521304113,5.224941521304113
5.230882888459329,5.230882888459329
5.237052025567103,5.237052025567103
5.243452797363802,5.243452797363802
5.250089146297842,5.250089146297842
5.256965094792966,5.256965094792966
5.26408474759212,5.26408474759212
5.27145229418543,5.27145229418543
5.279072011325946,5.279072011325946
5.286948265637262,5.286948265637262
5.29508551631692,5.29508551631692
5.30348831793993,5.30348831793993
5.312161323367062,5.312161323367062
5.321109286762654,5.321109286762654
5.330337066727042,5.330337066727042
5.339849629548689,5.339849629548689
5.349652052581963,5.349652052581963
5.359749527756223,5.359749527756223
5.370147365222657,5.370147365222657
5.380850997145207,5.380850997145207
5.391865981642757,5.391865981642757
5.403198006889891,5.403198006889891
5.414852895383927,5.414852895383927
5.426836608386498,5.426836608386498
5.439155250548314,5.439155250548314
5.451815074726465,5.451815074726465
5.464822487003769,5.464822487003769
5.478184051920773,5.478184051920773
5.491906497931039,5.491906497931039
5.505996723091634,5.505996723091634
5.5204618010009465,5.5204618010009465
5.535308986996949,5.535308986996949
5.550545724629838,5.550545724629838
5.566179652423738,5.566179652423738
5.582218610943293,5.582218610943293
5.5986706501816705,5.5986706501816705
5.6155440372878935,5.6155440372878935
5.632847264652337,5.632847264652337
5.650589058370761,5.650589058370761
5.668778387108027,5.668778387108027
5.687424471384784,5.687424471384784
5.706536793311507,5.706536793311507
5.726125106796136,5.726125106796136
5.746199448253045,5.746199448253045
5.76677014784368,5.76677014784368
5.787847841280474,5.787847841280474
5.809443482228809,5.809443482228809
5.831568355343298,5.831568355343298
5.854234089978208,5.854234089978208
5.877452674614291,5.877452674614291
5.901236472047261,5.901236472047261
5.925598235387166,5.925598235387166
5.950551124920793,5.950551124920793
5.976108725894056,5.976108725894056
6.002285067275282,6.002285067275282
6.029094641564823,6.029094641564823
6.0565524257223124,6.0565524257223124
6.084673903287992,6.084673903287992
6.1134750877809765,6.1134750877809765
6.142972547463975,6.142972547463975
6.173183431571452,6.173183431571452
6.204125498106753,6.204125498106753
6.235817143321613,6.235817143321613
6.268277433002565,6.268277433002565
6.3015261356984205,6.3015261356984205
6.335583758035688,6.335583758035688
6.370471582281263,6.370471582281263
6.40621170632654,6.40621170632654
6.442827086282636,6.442827086282636
6.480341581894673,6.480341581894673
6.518780005001867,6.518780005001867
6.558168171292039,6.558168171292039
6.598532955623577,6.598532955623577
6.639902351214057,6.639902351214057
6.68230553302471,6.68230553302471
6.725772925703203,6.725772925703203
6.770336276483944,6.770336276483944
6.816028733486972,6.816028733486972
6.862884929902706,6.862884929902706
6.910941074601872,6.910941074601872
6.960235049768532,6.960235049768532
7.0108065162205655,7.0108065162205655
7.062697027155712,7.062697027155712
7.115950151145889,7.115950151145889
7.170611605297397,7.170611605297397
7.226729399603413,7.226729399603413
7.284353993637074,7.284353993637074
7.34353846687441,7.34353846687441
7.404338704095418,7.404338704095418
7.466813597495488,7.466813597495488
7.531025267348321,7.531025267348321
7.597039303303273,7.597039303303273
7.664925028677876,7.664925028677876
7.7347557904282604,7.7347557904282604
7.806609277851632,7.806609277851632
7.880567873508472,7.880567873508472
7.956719040355736,7.956719040355736
8.035155749672127,8.035155749672127
8.115976955046563,8.115976955046563
8.199288118514517,8.199288118514517
8.285201795884657,8.285201795884657
8.373838289434792,8.373838289434792
8.46532637750592,8.46532637750592
8.559804132133536,8.559804132133536
8.657419837785133,8.657419837785133
8.758333026595034,8.758333026595034
8.86271564829227,8.86271564829227
8.970753396422868,8.970753396422868
9.08264721662149,9.08264721662149
9.19861502778047,9.19861502778047
9.31889369324151,9.31889369324151
9.443741286916424,9.443741286916424
9.573439708946143,9.573439708946143
9.708297717683491,9.708297717683491
9.84865446016659,9.84865446016659
9.994883602818359,9.994883602818359
10.147398189190268,10.147398189190268
10.306656383981247,10.306656383981247
10.473168304801124,10.473168304801124
10.647504198700133,10.647504198700133
10.830304294266808,10.830304294266808
11.022290759124868,11.022290759124868
11.224282327089544,11.224282327089544
11.437212343985085,11.437212343985085
11.66215123840623,11.66215123840623
11.900334787233591,11.900334787233591
12.15320006755013,12.15320006755013
12.422431748801607,12.422431748801607
12.71002251380956,12.71002251380956
13.018353122880258,13.018353122880258
13.350300322149245,13.350300322149245
13.709385093276948,13.709385093276948
14.099980819156881,14.099980819156881
14.527613005507494,14.527613005507494
14.999403590858849,14.999403590858849
15.524752586413914,15.524752586413914
16.116427593809853,16.116427593809853
16.79239444931676,16.79239444931676
17.579090746535005,17.579090746535005
18.51776715437694,18.51776715437694
19.67816107042072,19.67816107042072
21.19283379075357,21.19283379075357
23.366662555284684,23.366662555284684
27.22855794679458,27.22855794679458
