-7.002264341894569,-7.002264341894569
-7.056751149499921,-7.056751149499921
-7.062792453637444,-7.062792453637444
-7.050603749255537,-7.050603749255537
-7.02690741542508,-7.02690741542508
-6.9949046161924056,-6.9949046161924056
-6.956482364830447,-6.956482364830447
-6.912887605568069,-6.912887605568069
-6.865006216207525,-6.865006216207525
-6.813500045498727,-6.813500045498727
-6.758882256105099,-6.758882256105099
-6.70156223157608,-6.70156223157608
-6.641874025602262,-6.641874025602262
-6.580095268023727,-6.580095268023727
-6.51646022308504,-6.51646022308504
-6.451169100270724,-6.451169100270724
-6.384394872844544,-6.384394872844544
-6.316288386120372,-6.316288386120372
-6.24698226025757,-6.24698226025757
-6.1765939234596665,-6.1765939234596665
-6.105228005028951,-6.105228005028951
-6.032978248687727,-6.032978248687727
-5.9599290606233515,-5.9599290606233515
-5.886156775424193,-5.886156775424193
-5.811730701331344,-5.811730701331344
-5.736713990844928,-5.736713990844928
-5.661164371654866,-5.661164371654866
-5.585134764783092,-5.585134764783092
-5.508673810840211,-5.508673810840211
-5.431826320814302,-5.431826320814302
-5.354633664408274,-5.354633664408274
-5.2771341063357475,-5.2771341063357475
-5.199363098968181,-5.199363098968181
-5.12135353815052,-5.12135353815052
-5.043135987761727,-5.043135987761727
-4.964738877611353,-4.964738877611353
-4.886188678475296,-4.886188678475296
-4.8075100574393,-4.8075100574393
-4.728726016204159,-4.728726016204159
-4.649858014586994,-4.649858014586994
-4.570926081108635,-4.570926081108635
-4.491948912273097,-4.491948912273097
-4.412943961909609,-4.412943961909609
-4.333927521751429,-4.333927521751429
-4.254914794261295,-4.254914794261295
-4.175919958575235,-4.175919958575235
-4.096956230319699,-4.096956230319699
-4.018035915958108,-4.018035915958108
-3.939170462238567,-3.939170462238567
-3.8603705012426386,-3.8603705012426386
-3.781645891473309,-3.781645891473309
-3.7030057553670255,-3.7030057553670255
-3.6244585135694685,-3.6244585135694685
-3.5460119162740154,-3.5460119162740154
-3.4676730718883833,-3.4676730718883833
-3.389448473264339,-3.389448473264339
-3.3113440216992838,-3.3113440216992838
-3.233365048895558,-3.233365048895558
-3.155516337043052,-3.155516337043052
-3.077802137172963,-3.077802137172963
-3.0002261859147876,-3.0002261859147876
-2.9227917207747436,-2.9227917207747436
-2.8455014940414007,-2.8455014940414007
-2.768357785413347,-2.768357785413347
-2.6913624134338408,-2.6913624134338408
-2.6145167458085936,-2.6145167458085936
-2.5378217086749735,-2.5378217086749735
-2.4612777948837197,-2.4612777948837197
-2.384885071347916,-2.384885071347916
-2.3086431855080867,-2.3086431855080867
-2.232551370956991,-2.232551370956991
-2.1566084522629225,-2.1566084522629225
-2.0808128490258095,-2.0808128490258095
-2.005162579196434,-2.005162579196434
-1.9296552616853015,-1.9296552616853015
-1.8542881182842266,-1.8542881182842266
-1.7790579749204913,-1.7790579749204913
-1.7039612622603855,-1.7039612622603855
-1.628994015676121,-1.628994015676121
-1.5541518745874194,-1.5541518745874194
-1.4794300811865202,-1.4794300811865202
-1.4048234785529201,-1.4048234785529201
-1.3303265081618059,-1.3303265081618059
-1.2559332067878661,-1.2559332067878661
-1.1816372028039543,-1.1816372028039543
-1.1074317118719006,-1.1074317118719006
-1.0333095320206065,-1.0333095320206065
-0.9592630381044597,-0.9592630381044597
-0.8852841756328947,-0.8852841756328947
-0.8113644539598663,-0.8113644539598663
-0.7374949388197113,-0.7374949388197113
-0.6636662441937562,-0.6636662441937562
-0.5898685234896366,-0.5898685234896366
-0.5160914600130407,-0.5160914600130407
-0.4423242567090601,-0.4423242567090601
-0.3685556251478699,-0.3685556251478699
-0.29477377372673447,-0.29477377372673447
-0.22096639505761753,-0.22096639505761753
-0.1471206525066763,-0.1471206525066763
-0.07322316584886145,-0.07322316584886145
0.0007400040024671214,0.0007400040024671214
0.07478337123449776,0.07478337123449776
0.14892204238981438,0.14892204238981438
0.2231717346884448,0.2231717346884448
0.29754879547269164,0.29754879547269164
0.372070222834926,0.372070222834926
0.4467536874934563,0.4467536874934563
0.5216175559869054,0.5216175559869054
0.5966809152632775,0.5966809152632775
0.6719635987461172,0.6719635987461172
0.7474862139668783,0.7474862139668783
0.8232701718599283,0.8232701718599283
0.8993377178245429,0.8993377178245429
0.9757119646668689,0.9757119646668689
1.0524169275442221,1.0524169275442221
1.1294775610443468,1.1294775610443468
1.2069197985433935,1.2069197985433935
1.2847705939987397,1.2847705939987397
1.3630579663459579,1.3630579663459579
1.4418110466841434,1.4418110466841434
1.5210601284497456,1.5210601284497456
1.6008367207968646,1.6008367207968646
1.6811736054214017,1.6811736054214017
1.762104897087954,1.762104897087954
1.843666108142,1.843666108142
1.9258942173161238,1.9258942173161238
2.00882774316793,2.00882774316793
2.092506822519413,2.092506822519413
2.1769732943030635,2.1769732943030635
2.2622707892595515,2.2622707892595515
2.3484448259757658,2.3484448259757658
2.435542913800951,2.435542913800951
2.52361466323339,2.52361466323339
2.6127119044310945,2.6127119044310945
2.702888814568416,2.702888814568416
2.7942020548371094,2.7942020548371094
2.886710917976554,2.886710917976554
2.9804774873146926,2.9804774873146926
3.0755668084105445,3.0755668084105445
3.172047074512392,3.172047074512392
3.269989827185515,3.269989827185515
3.3694701736212633,3.3694701736212633
3.4705670223194076,3.4705670223194076
3.5733633390399007,3.5733633390399007
3.677946425153987,3.677946425153987
3.7844082207912764,3.7844082207912764
3.892845635485401,3.892845635485401
4.00336090937226,4.00336090937226
4.116062008399542,4.116062008399542
4.231063057473503,4.231063057473503
4.34848481600993,4.34848481600993
4.468455200984192,4.468455200984192
4.591109863306377,4.591109863306377
4.716592824201259,4.716592824201259
4.845057179272791,4.845057179272791
4.976665879107913,4.976665879107913
5.111592596659916,5.111592596659916
5.250022693290932,5.250022693290932
5.392154297299829,5.392154297299829
5.538199511082368,5.538199511082368
5.688385765847814,5.688385765847814
5.842957346154338,5.842957346154338
6.002177110554361,6.002177110554361
6.1663284395275975,6.1663284395275975
6.33571744783255,6.33571744783255
6.510675505699236,6.510675505699236
6.691562122262414,6.691562122262414
6.878768255750557,6.878768255750557
7.072720128789252,7.072720128789252
7.273883644529931,7.273883644529931
7.482769521206209,7.482769521206209
7.699939290536891,7.699939290536891
7.926012341002095,7.926012341002095
8.16167423296689,8.16167423296689
8.407686572420918,8.407686572420918
8.66489880862698,8.66489880862698
8.934262425101357,8.934262425101357
9.216848132885078,9.216848132885078
9.513866864166207,9.513866864166207
9.826695623723671,9.826695623723671
10.156909616253916,10.156909616253916
10.506322576127406,10.506322576127406
10.87703795449678,10.87703795449678
11.271514680133013,11.271514680133013
11.692652786814474,11.692652786814474
12.143906591066518,12.143906591066518
12.629436816199544,12.629436816199544
13.154318975067909,13.154318975067909
13.724835037174403,13.724835037174403
14.348891899231246,14.348891899231246
15.036639293228784,15.036639293228784
15.801413534872069,15.801413534872069
16.66123824776244,16.66123824776244
17.641330663967995,17.641330663967995
18.778550422738178,18.778550422738178
20.129937924130836,20.129937924130836
21.790900341346603,21.790900341346603
23.940085731610107,23.940085731610107
26.978469891813003,26.978469891813003
32.18885022804092,32.18885022804092
