-7.002204921269289,-7.002204921269289
-7.014658658682862,-7.014658658682862
-7.02305276892154,-7.02305276892154
-7.029651608159097,-7.029651608159097
-7.035065343109192,-7.035065343109192
-7.039592603220994,-7.039592603220994
-7.04341183865019,-7.04341183865019
-7.046641994130154,-7.046641994130154
-7.049368105462704,-7.049368105462704
-7.051654023278532,-7.051654023278532
-7.053549467129688,-7.053549467129688
-7.055094256035315,-7.055094256035315
-7.056321001448056,-7.056321001448056
-7.057256903726169,-7.057256903726169
-7.05792499684108,-7.05792499684108
-7.058345038214945,-7.058345038214945
-7.058534161828644,-7.058534161828644
-7.0585073684619255,-7.0585073684619255
-7.058277900882395,-7.058277900882395
-7.057857535879853,-7.057857535879853
-7.0572568149839,-7.0572568149839
-7.056485229161441,-7.056485229161441
-7.055551368427428,-7.055551368427428
-7.054463044325525,-7.054463044325525
-7.053227391163518,-7.053227391163518
-7.0518509504196825,-7.0518509504196825
-7.0503397416785,-7.0503397416785
-7.048699322680529,-7.048699322680529
-7.046934840497895,-7.046934840497895
-7.045051075416714,-7.045051075416714
-7.043052478781159,-7.043052478781159
-7.0409432058034325,-7.0409432058034325
-7.038727144149925,-7.038727144149925
-7.036407938962123,-7.036407938962123
-7.033989014851418,-7.033989014851418
-7.031473595311888,-7.031473595311888
-7.0288647199192,-7.0288647199192
-7.026165259622543,-7.026165259622543
-7.023377930386758,-7.023377930386758
-7.020505305401362,-7.020505305401362
-7.017549826039843,-7.017549826039843
-7.014513811725165,-7.014513811725165
-7.011399468834621,-7.011399468834621
-7.008208898758197,-7.008208898758197
-7.004944105208731,-7.004944105208731
-7.001607000868676,-7.001607000868676
-6.998199413447139,-6.998199413447139
-6.99472309121113,-6.99472309121113
-6.991179708046871,-6.991179708046871
-6.987570868100058,-6.987570868100058
-6.983898110037968,-6.983898110037968
-6.980162910971138,-6.980162910971138
-6.9763666900679775,-6.9763666900679775
-6.972510811891778,-6.972510811891778
-6.96859658948626,-6.96859658948626
-6.964625287232917,-6.964625287232917
-6.960598123500884,-6.960598123500884
-6.956516273107794,-6.956516273107794
-6.952380869608206,-6.952380869608206
-6.9481930074244564,-6.9481930074244564
-6.943953743833231,-6.943953743833231
-6.939664100819899,-6.939664100819899
-6.935325066811426,-6.935325066811426
-6.93093759829763,-6.93093759829763
-6.926502621349644,-6.926502621349644
-6.922021033043615,-6.922021033043615
-6.917493702796881,-6.917493702796881
-6.912921473623301,-6.912921473623301
-6.908305163313721,-6.908305163313721
-6.903645565547096,-6.903645565547096
-6.898943450937269,-6.898943450937269
-6.894199568020027,-6.894199568020027
-6.8894146441846065,-6.8894146441846065
-6.884589386553501,-6.884589386553501
-6.879724482814139,-6.879724482814139
-6.87482060200565,-6.87482060200565
-6.869878395263705,-6.869878395263705
-6.864898496526224,-6.864898496526224
-6.859881523202452,-6.859881523202452
-6.854828076807761,-6.854828076807761
-6.849738743566355,-6.849738743566355
-6.8446140949838545,-6.8446140949838545
-6.839454688391667,-6.839454688391667
-6.834261067464793,-6.834261067464793
-6.829033762714741,-6.829033762714741
-6.823773291958963,-6.823773291958963
-6.81848016076825,-6.81848016076825
-6.813154862893319,-6.813154862893319
-6.807797880671812,-6.807797880671812
-6.802409685416823,-6.802409685416823
-6.7969907377879695,-6.7969907377879695
-6.79154148814599,-6.79154148814599
-6.786062376891771,-6.786062376891771
-6.7805538347906635,-6.7805538347906635
-6.775016283282821,-6.775016283282821
-6.769450134780397,-6.769450134780397
-6.763855792952202,-6.763855792952202
-6.75823365299653,-6.75823365299653
-6.752584101902733,-6.752584101902733
-6.746907518702139,-6.746907518702139
-6.741204274708831,-6.741204274708831
-6.735474733750818,-6.735474733750818
-6.7297192523920355,-6.7297192523920355
-6.72393818014567,-6.72393818014567
-6.718131859679196,-6.718131859679196
-6.71230062701153,-6.71230062701153
-6.706444811702691,-6.706444811702691
-6.700564737036298,-6.700564737036298
-6.694660720195261,-6.694660720195261
-6.68873307243096,-6.68873307243096
-6.6827820992262295,-6.6827820992262295
-6.676808100452417,-6.676808100452417
-6.670811370520787,-6.670811370520787
-6.664792198528517,-6.664792198528517
-6.658750868399537,-6.658750868399537
-6.652687659020426,-6.652687659020426
-6.646602844371589,-6.646602844371589
-6.640496693653911,-6.640496693653911
-6.634369471411078,-6.634369471411078
-6.628221437647774,-6.628221437647774
-6.622052847943878,-6.622052847943878
-6.615863953564892,-6.615863953564892
-6.609655001568688,-6.609655001568688
-6.603426234908782,-6.603426234908782
-6.5971778925342335,-6.5971778925342335
-6.590910209486341,-6.590910209486341
-6.584623416992233,-6.584623416992233
-6.578317742555495,-6.578317742555495
-6.571993410043938,-6.571993410043938
-6.565650639774644,-6.565650639774644
-6.559289648596345,-6.559289648596345
-6.552910649969302,-6.552910649969302
-6.546513854042724,-6.546513854042724
-6.540099467729842,-6.540099467729842
-6.533667694780754,-6.533667694780754
-6.5272187358530545,-6.5272187358530545
-6.520752788580407,-6.520752788580407
-6.5142700476390845,-6.5142700476390845
-6.507770704812571,-6.507770704812571
-6.501254949054295,-6.501254949054295
-6.494722966548555,-6.494722966548555
-6.488174940769703,-6.488174940769703
-6.481611052539655,-6.481611052539655
-6.475031480083781,-6.475031480083781
-6.4684363990852365,-6.4684363990852365
-6.461825982737765,-6.461825982737765
-6.455200401797077,-6.455200401797077
-6.448559824630798,-6.448559824630798
-6.441904417267059,-6.441904417267059
-6.435234343441794,-6.435234343441794
-6.4285497646447425,-6.4285497646447425
-6.421850840164245,-6.421850840164245
-6.415137727130838,-6.415137727130838
-6.408410580559717,-6.408410580559717
-6.401669553392077,-6.401669553392077
-6.39491479653539,-6.39491479653539
-6.388146458902629,-6.388146458902629
-6.381364687450506,-6.381364687450506
-6.374569627216716,-6.374569627216716
-6.367761421356256,-6.367761421356256
-6.360940211176824,-6.360940211176824
-6.354106136173318,-6.354106136173318
-6.347259334061509,-6.347259334061509
-6.340399940810857,-6.340399940810857
-6.333528090676532,-6.333528090676532
-6.326643916230655,-6.326643916230655
-6.319747548392776,-6.319747548392776
-6.312839116459627,-6.312839116459627
-6.305918748134149,-6.305918748134149
-6.298986569553846,-6.298986569553846
-6.292042705318449,-6.292042705318449
-6.285087278516944,-6.285087278516944
-6.2781204107539565,-6.2781204107539565
-6.271142222175538,-6.271142222175538
-6.26415283149433,-6.26415283149433
-6.257152356014186,-6.257152356014186
-6.250140911654193,-6.250140911654193
-6.2431186129721725,-6.2431186129721725
-6.236085573187644,-6.236085573187644
-6.229041904204271,-6.229041904204271
-6.2219877166318,-6.2219877166318
-6.21492311980752,-6.21492311980752
-6.207848221817251,-6.207848221817251
-6.200763129515859,-6.200763129515859
-6.193667948547327,-6.193667948547327
-6.186562783364401,-6.186562783364401
-6.179447737247794,-6.179447737247794
-6.172322912324985,-6.172322912324985
-6.165188409588619,-6.165188409588619
-6.15804432891451,-6.15804432891451
-6.150890769079267,-6.150890769079267
-6.143727827777544,-6.143727827777544
-6.136555601638931,-6.136555601638931
-6.129374186244498,-6.129374186244498
-6.122183676142988,-6.122183676142988
-6.114984164866679,-6.114984164866679
-6.107775744946925,-6.107775744946925
-6.1005585079293665,-6.1005585079293665
-6.093332544388856,-6.093332544388856
-6.086097943944053,-6.086097943944053
-6.078854795271751,-6.078854795271751
-6.071603186120899,-6.071603186120899
-6.0643432033263505,-6.0643432033263505
-6.057074932822349,-6.057074932822349
-6.049798459655737,-6.049798459655737
-6.042513867998899,-6.042513867998899
-6.035221241162474,-6.035221241162474
-6.027920661607805,-6.027920661607805
-6.020612210959146,-6.020612210959146
-6.013295970015645,-6.013295970015645
-6.005972018763088,-6.005972018763088
-5.998640436385427,-5.998640436385427
-5.9913013012760805,-5.9913013012760805
-5.983954691049028,-5.983954691049028
-5.976600682549697,-5.976600682549697
-5.969239351865633,-5.969239351865633
-5.96187077433699,-5.96187077433699
-5.954495024566814,-5.954495024566814
-5.947112176431136,-5.947112176431136
-5.939722303088894,-5.939722303088894
-5.932325476991649,-5.932325476991649
-5.924921769893149,-5.924921769893149
-5.917511252858705,-5.917511252858705
-5.910093996274403,-5.910093996274403
-5.902670069856148,-5.902670069856148
-5.895239542658549,-5.895239542658549
-5.887802483083649,-5.887802483083649
-5.8803589588894845,-5.8803589588894845
-5.872909037198518,-5.872909037198518
-5.865452784505902,-5.865452784505902
-5.85799026668761,-5.85799026668761
-5.8505215490084215,-5.8505215490084215
-5.843046696129768,-5.843046696129768
-5.835565772117447,-5.835565772117447
-5.8280788404492005,-5.8280788404492005
-5.820585964022162,-5.820585964022162
-5.8130872051601825,-5.8130872051601825
-5.805582625621027,-5.805582625621027
-5.7980722866034515,-5.7980722866034515
-5.79055624875416,-5.79055624875416
-5.783034572174646,-5.783034572174646
-5.77550731642792,-5.77550731642792
-5.767974540545117,-5.767974540545117
-5.760436303032014,-5.760436303032014
-5.752892661875417,-5.752892661875417
-5.745343674549458,-5.745343674549458
-5.73778939802179,-5.73778939802179
-5.730229888759664,-5.730229888759664
-5.722665202735931,-5.722665202735931
-5.715095395434928,-5.715095395434928
-5.707520521858279,-5.707520521858279
-5.699940636530602,-5.699940636530602
-5.69235579350512,-5.69235579350512
-5.684766046369192,-5.684766046369192
-5.677171448249738,-5.677171448249738
-5.669572051818609,-5.669572051818609
-5.661967909297838,-5.661967909297838
-5.654359072464832,-5.654359072464832
-5.646745592657479,-5.646745592657479
-5.639127520779167,-5.639127520779167
-5.631504907303733,-5.631504907303733
-5.623877802280335,-5.623877802280335
-5.616246255338248,-5.616246255338248
-5.60861031569158,-5.60861031569158
-5.600970032143932,-5.600970032143932
-5.593325453092972,-5.593325453092972
-5.585676626534944,-5.585676626534944
-5.578023600069115,-5.578023600069115
-5.570366420902145,-5.570366420902145
-5.562705135852402,-5.562705135852402
-5.555039791354202,-5.555039791354202
-5.547370433462001,-5.547370433462001
-5.539697107854503,-5.539697107854503
-5.532019859838732,-5.532019859838732
-5.524338734354019,-5.524338734354019
-5.516653775975957,-5.516653775975957
-5.508965028920276,-5.508965028920276
-5.501272537046674,-5.501272537046674
-5.493576343862585,-5.493576343862585
-5.485876492526902,-5.485876492526902
-5.478173025853638,-5.478173025853638
-5.470465986315537,-5.470465986315537
-5.462755416047631,-5.462755416047631
-5.4550413568507565,-5.4550413568507565
-5.447323850195008,-5.447323850195008
-5.439602937223149,-5.439602937223149
-5.4318786587539725,-5.4318786587539725
-5.424151055285622,-5.424151055285622
-5.416420166998852,-5.416420166998852
-5.408686033760256,-5.408686033760256
-5.400948695125447,-5.400948695125447
-5.393208190342181,-5.393208190342181
-5.385464558353459,-5.385464558353459
-5.377717837800568,-5.377717837800568
-5.369968067026091,-5.369968067026091
-5.362215284076872,-5.362215284076872
-5.354459526706936,-5.354459526706936
-5.34670083238038,-5.34670083238038
-5.338939238274215,-5.338939238274215
-5.3311747812811765,-5.3311747812811765
-5.3234074980124895,-5.3234074980124895
-5.315637424800607,-5.315637424800607
-5.307864597701897,-5.307864597701897
-5.300089052499315,-5.300089052499315
-5.2923108247050195,-5.2923108247050195
-5.284529949562962,-5.284529949562962
-5.276746462051449,-5.276746462051449
-5.268960396885657,-5.268960396885657
-5.261171788520125,-5.261171788520125
-5.253380671151212,-5.253380671151212
-5.2455870787195185,-5.2455870787195185
-5.2377910449122815,-5.2377910449122815
-5.229992603165736,-5.229992603165736
-5.2221917866674445,-5.2221917866674445
-5.214388628358601,-5.214388628358601
-5.206583160936301,-5.206583160936301
-5.198775416855787,-5.198775416855787
-5.190965428332658,-5.190965428332658
-5.183153227345056,-5.183153227345056
-5.175338845635833,-5.175338845635833
-5.1675223147146685,-5.1675223147146685
-5.1597036658601825,-5.1597036658601825
-5.15188293012201,-5.15188293012201
-5.144060138322855,-5.144060138322855
-5.136235321060512,-5.136235321060512
-5.128408508709869,-5.128408508709869
-5.120579731424888,-5.120579731424888
-5.112749019140543,-5.112749019140543
-5.104916401574765,-5.104916401574765
-5.097081908230331,-5.097081908230331
-5.089245568396754,-5.089245568396754
-5.081407411152131,-5.081407411152131
-5.073567465364983,-5.073567465364983
-5.06572575969607,-5.06572575969607
-5.057882322600171,-5.057882322600171
-5.0500371823278645,-5.0500371823278645
-5.042190366927265,-5.042190366927265
-5.034341904245757,-5.034341904245757
-5.026491821931692,-5.026491821931692
-5.018640147436085,-5.018640147436085
-5.010786908014265,-5.010786908014265
-5.002932130727534,-5.002932130727534
-4.9950758424447805,-4.9950758424447805
-4.9872180698440935,-4.9872180698440935
-4.979358839414346,-4.979358839414346
-4.971498177456765,-4.971498177456765
-4.9636361100864805,-4.9636361100864805
-4.955772663234058,-4.955772663234058
-4.947907862647012,-4.947907862647012
-4.940041733891303,-4.940041733891303
-4.932174302352815,-4.932174302352815
-4.92430559323882,-4.92430559323882
-4.9164356315794215,-4.9164356315794215
-4.908564442228982,-4.908564442228982
-4.900692049867532,-4.900692049867532
-4.892818479002173,-4.892818479002173
-4.884943753968453,-4.884943753968453
-4.877067898931729,-4.877067898931729
-4.8691909378885185,-4.8691909378885185
-4.861312894667829,-4.861312894667829
-4.853433792932479,-4.853433792932479
-4.845553656180399,-4.845553656180399
-4.837672507745923,-4.837672507745923
-4.829790370801061,-4.829790370801061
-4.821907268356752,-4.821907268356752
-4.814023223264124,-4.814023223264124
-4.806138258215713,-4.806138258215713
-4.798252395746682,-4.798252395746682
-4.790365658236035,-4.790365658236035
-4.782478067907798,-4.782478067907798
-4.774589646832203,-4.774589646832203
-4.766700416926847,-4.766700416926847
-4.758810399957851,-4.758810399957851
-4.750919617540996,-4.750919617540996
-4.743028091142849,-4.743028091142849
-4.7351358420818785,-4.7351358420818785
-4.727242891529563,-4.727242891529563
-4.719349260511469,-4.719349260511469
-4.711454969908342,-4.711454969908342
-4.703560040457166,-4.703560040457166
-4.695664492752226,-4.695664492752226
-4.687768347246145,-4.687768347246145
-4.679871624250917,-4.679871624250917
-4.671974343938942,-4.671974343938942
-4.664076526344019,-4.664076526344019
-4.656178191362356,-4.656178191362356
-4.6482793587535625,-4.6482793587535625
-4.640380048141618,-4.640380048141618
-4.632480279015853,-4.632480279015853
-4.624580070731898,-4.624580070731898
-4.616679442512636,-4.616679442512636
-4.608778413449143,-4.608778413449143
-4.600877002501611,-4.600877002501611
-4.592975228500274,-4.592975228500274
-4.5850731101463085,-4.5850731101463085
-4.577170666012737,-4.577170666012737
-4.569267914545327,-4.569267914545327
-4.561364874063459,-4.561364874063459
-4.553461562761004,-4.553461562761004
-4.545557998707187,-4.545557998707187
-4.537654199847442,-4.537654199847442
-4.5297501840042536,-4.5297501840042536
-4.521845968877997,-4.521845968877997
-4.5139415720477665,-4.5139415720477665
-4.50603701097219,-4.50603701097219
-4.498132302990247,-4.498132302990247
-4.490227465322067,-4.490227465322067
-4.48232251506972,-4.48232251506972
-4.474417469218019,-4.474417469218019
-4.466512344635278,-4.466512344635278
-4.458607158074101,-4.458607158074101
-4.450701926172131,-4.450701926172131
-4.442796665452817,-4.442796665452817
-4.434891392326147,-4.434891392326147
-4.426986123089409,-4.426986123089409
-4.419080873927903,-4.419080873927903
-4.4111756609156805,-4.4111756609156805
-4.403270500016256,-4.403270500016256
-4.39536540708332,-4.39536540708332
-4.387460397861445,-4.387460397861445
-4.379555487986778,-4.379555487986778
-4.371650692987736,-4.371650692987736
-4.363746028285686,-4.363746028285686
-4.3558415091956215,-4.3558415091956215
-4.347937150926833,-4.347937150926833
-4.3400329685835715,-4.3400329685835715
-4.332128977165707,-4.332128977165707
-4.3242251915693775,-4.3242251915693775
-4.31632162658763,-4.31632162658763
-4.308418296911065,-4.308418296911065
-4.300515217128462,-4.300515217128462
-4.292612401727404,-4.292612401727404
-4.284709865094907,-4.284709865094907
-4.276807621518024,-4.276807621518024
-4.268905685184449,-4.268905685184449
-4.26100407018313,-4.26100407018313
-4.253102790504857,-4.253102790504857
-4.245201860042858,-4.245201860042858
-4.23730129259337,-4.23730129259337
-4.2294011018562365,-4.2294011018562365
-4.221501301435465,-4.221501301435465
-4.213601904839805,-4.213601904839805
-4.205702925483303,-4.205702925483303
-4.197804376685861,-4.197804376685861
-4.189906271673795,-4.189906271673795
-4.182008623580372,-4.182008623580372
-4.174111445446356,-4.174111445446356
-4.1662147502205436,-4.1662147502205436
-4.158318550760292,-4.158318550760292
-4.150422859832052,-4.150422859832052
-4.142527690111881,-4.142527690111881
-4.134633054185963,-4.134633054185963
-4.126738964551119,-4.126738964551119
-4.118845433615314,-4.118845433615314
-4.110952473698161,-4.110952473698161
-4.1030600970314115,-4.1030600970314115
-4.095168315759454,-4.095168315759454
-4.087277141939799,-4.087277141939799
-4.079386587543563,-4.079386587543563
-4.071496664455946,-4.071496664455946
-4.063607384476707,-4.063607384476707
-4.055718759320632,-4.055718759320632
-4.047830800618005,-4.047830800618005
-4.039943519915061,-4.039943519915061
-4.0320569286744465,-4.0320569286744465
-4.024171038275675,-4.024171038275675
-4.016285860015572,-4.016285860015572
-4.008401405108722,-4.008401405108722
-4.000517684687904,-4.000517684687904
-3.9926347098045314,-3.9926347098045314
-3.9847524914290866,-3.9847524914290866
-3.976871040451543,-3.976871040451543
-3.968990367681795,-3.968990367681795
-3.961110483850073,-3.961110483850073
-3.953231399607367,-3.953231399607367
-3.9453531255258305,-3.9453531255258305
-3.937475672099199,-3.937475672099199
-3.9295990497431874,-3.9295990497431874
-3.9217232687958976,-3.9217232687958976
-3.9138483395182115,-3.9138483395182115
-3.905974272094188,-3.905974272094188
-3.8981010766314537,-3.8981010766314537
-3.8902287631615904,-3.8902287631615904
-3.8823573416405166,-3.8823573416405166
-3.8744868219488704,-3.8744868219488704
-3.866617213892384,-3.866617213892384
-3.8587485272022595,-3.8587485272022595
-3.8508807715355373,-3.8508807715355373
-3.8430139564754615,-3.8430139564754615
-3.835148091531848,-3.835148091531848
-3.8272831861414387,-3.8272831861414387
-3.8194192496682637,-3.8194192496682637
-3.811556291403991,-3.811556291403991
-3.8036943205682765,-3.8036943205682765
-3.7958333463091196,-3.7958333463091196
-3.7879733777031936,-3.7879733777031936
-3.7801144237562,-3.7801144237562
-3.7722564934031992,-3.7722564934031992
-3.7643995955089458,-3.7643995955089458
-3.756543738868226,-3.756543738868226
-3.7486889322061785,-3.7486889322061785
-3.7408351841786294,-3.7408351841786294
-3.7329825033724098,-3.7329825033724098
-3.725130898305677,-3.725130898305677
-3.7172803774282333,-3.7172803774282333
-3.709430949121841,-3.709430949121841
-3.7015826217005317,-3.7015826217005317
-3.69373540341092,-3.69373540341092
-3.6858893024325035,-3.6858893024325035
-3.678044326877972,-3.678044326877972
-3.670200484793509,-3.670200484793509
-3.6623577841590835,-3.6623577841590835
-3.654516232888753,-3.654516232888753
-3.6466758388309493,-3.6466758388309493
-3.6388366097687785,-3.6388366097687785
-3.6309985534202998,-3.6309985534202998
-3.623161677438813,-3.623161677438813
-3.615325989413147,-3.615325989413147
-3.607491496867933,-3.607491496867933
-3.5996582072638836,-3.5996582072638836
-3.5918261279980737,-3.5918261279980737
-3.5839952664042065,-3.5839952664042065
-3.576165629752887,-3.576165629752887
-3.5683372252518906,-3.5683372252518906
-3.560510060046429,-3.560510060046429
-3.55268414121941,-3.55268414121941
-3.544859475791705,-3.544859475791705
-3.5370360707224013,-3.5370360707224013
-3.5292139329090633,-3.5292139329090633
-3.5213930691879844,-3.5213930691879844
-3.5135734863344377,-3.5135734863344377
-3.5057551910629305,-3.5057551910629305
-3.497938190027446,-3.497938190027446
-3.490122489821694,-3.490122489821694
-3.4823080969793483,-3.4823080969793483
-3.474495017974294,-3.474495017974294
-3.4666832592208636,-3.4666832592208636
-3.45887282707407,-3.45887282707407
-3.4510637278298484,-3.4510637278298484
-3.443255967725284,-3.443255967725284
-3.435449552938842,-3.435449552938842
-3.427644489590602,-3.427644489590602
-3.4198407837424787,-3.4198407837424787
-3.412038441398447,-3.412038441398447
-3.4042374685047667,-3.4042374685047667
-3.396437870950202,-3.396437870950202
-3.3886396545662403,-3.3886396545662403
-3.3808428251273095,-3.3808428251273095
-3.37304738835099,-3.37304738835099
-3.365253349898233,-3.365253349898233
-3.357460715373565,-3.357460715373565
-3.3496694903253,-3.3496694903253
-3.3418796802457473,-3.3418796802457473
-3.3340912905714166,-3.3340912905714166
-3.3263043266832217,-3.3263043266832217
-3.318518793906679,-3.318518793906679
-3.3107346975121112,-3.3107346975121112
-3.3029520427148475,-3.3029520427148475
-3.295170834675411,-3.295170834675411
-3.2873910784997236,-3.2873910784997236
-3.279612779239293,-3.279612779239293
-3.2718359418914056,-3.2718359418914056
-3.264060571399315,-3.264060571399315
-3.2562866726524313,-3.2562866726524313
-3.2485142504865054,-3.2485142504865054
-3.2407433096838147,-3.2407433096838147
-3.2329738549733467,-3.2329738549733467
-3.2252058910309773,-3.2252058910309773
-3.2174394224796514,-3.2174394224796514
-3.2096744538895625,-3.2096744538895625
-3.2019109897783293,-3.2019109897783293
-3.194149034611166,-3.194149034611166
-3.1863885928010576,-3.1863885928010576
-3.1786296687089353,-3.1786296687089353
-3.1708722666438387,-3.1708722666438387
-3.163116390863094,-3.163116390863094
-3.1553620455724714,-3.1553620455724714
-3.147609234926357,-3.147609234926357
-3.1398579630279118,-3.1398579630279118
-3.132108233929238,-3.132108233929238
-3.1243600516315393,-3.1243600516315393
-3.1166134200852778,-3.1166134200852778
-3.108868343190334,-3.108868343190334
-3.1011248247961656,-3.1011248247961656
-3.093382868701953,-3.093382868701953
-3.0856424786567676,-3.0856424786567676
-3.07790365835971,-3.07790365835971
-3.0701664114600713,-3.0701664114600713
-3.0624307415574754,-3.0624307415574754
-3.0546966522020313,-3.0546966522020313
-3.046964146894477,-3.046964146894477
-3.039233229086326,-3.039233229086326
-3.0315039021800114,-3.0315039021800114
-3.023776169529029,-3.023776169529029
-3.016050034438076,-3.016050034438076
-3.008325500163195,-3.008325500163195
-3.0006025699119068,-3.0006025699119068
-2.9928812468433543,-2.9928812468433543
-2.9851615340684328,-2.9851615340684328
-2.977443434649929,-2.977443434649929
-2.9697269516026488,-2.9697269516026488
-2.962012087893559,-2.962012087893559
-2.9542988464419064,-2.9542988464419064
-2.946587230119358,-2.946587230119358
-2.9388772417501188,-2.9388772417501188
-2.93116888411107,-2.93116888411107
-2.9234621599318884,-2.9234621599318884
-2.91575707189517,-2.91575707189517
-2.9080536226365563,-2.9080536226365563
-2.9003518147448584,-2.9003518147448584
-2.8926516507621716,-2.8926516507621716
-2.8849531331840033,-2.8849531331840033
-2.8772562644593855,-2.8772562644593855
-2.869561046990993,-2.869561046990993
-2.861867483135264,-2.861867483135264
-2.854175575202511,-2.854175575202511
-2.846485325457037,-2.846485325457037
-2.8387967361172466,-2.8387967361172466
-2.831109809355758,-2.831109809355758
-2.8234245472995196,-2.8234245472995196
-2.815740952029908,-2.815740952029908
-2.808059025582847,-2.808059025582847
-2.8003787699489098,-2.8003787699489098
-2.792700187073425,-2.792700187073425
-2.785023278856585,-2.785023278856585
-2.7773480471535463,-2.7773480471535463
-2.769674493774535,-2.769674493774535
-2.7620026204849473,-2.7620026204849473
-2.754332429005452,-2.754332429005452
-2.746663921012087,-2.746663921012087
-2.738997098136362,-2.738997098136362
-2.7313319619653558,-2.7313319619653558
-2.723668514041807,-2.723668514041807
-2.7160067558642176,-2.7160067558642176
-2.7083466888869445,-2.7083466888869445
-2.700688314520291,-2.700688314520291
-2.693031634130619,-2.693031634130619
-2.685376649040352,-2.685376649040352
-2.6777233605282444,-2.6777233605282444
-2.670071769829307,-2.670071769829307
-2.6624218781349183,-2.6624218781349183
-2.654773686592997,-2.654773686592997
-2.6471271963080203,-2.6471271963080203
-2.639482408341127,-2.639482408341127
-2.6318393237101994,-2.6318393237101994
-2.6241979433899507,-2.6241979433899507
-2.6165582683120054,-2.6165582683120054
-2.608920299364984,-2.608920299364984
-2.601284037394578,-2.601284037394578
-2.5936494832036368,-2.5936494832036368
-2.5860166375522424,-2.5860166375522424
-2.57838550115779,-2.57838550115779
-2.5707560746950624,-2.5707560746950624
-2.563128358796307,-2.563128358796307
-2.5555023540513147,-2.5555023540513147
-2.5478780610074896,-2.5478780610074896
-2.540255480169924,-2.540255480169924
-2.5326346120014738,-2.5326346120014738
-2.5250154569228247,-2.5250154569228247
-2.517398015312571,-2.517398015312571
-2.5097822875072753,-2.5097822875072753
-2.5021682738015474,-2.5021682738015474
-2.4945559744481063,-2.4945559744481063
-2.4869453896578517,-2.4869453896578517
-2.4793365195999266,-2.4793365195999266
-2.4717293644017846,-2.4717293644017846
-2.464123924149256,-2.464123924149256
-2.4565201988866114,-2.4565201988866114
-2.448918188616622,-2.448918188616622
-2.441317893300624,-2.441317893300624
-2.433719312858582,-2.433719312858582
-2.4261224471691443,-2.4261224471691443
-2.4185272960697084,-2.4185272960697084
-2.410933859356477,-2.410933859356477
-2.403342136784515,-2.403342136784515
-2.3957521280678087,-2.3957521280678087
-2.3881638328793247,-2.3881638328793247
-2.380577250851056,-2.380577250851056
-2.372992381574091,-2.372992381574091
-2.365409224598655,-2.365409224598655
-2.35782777943417,-2.35782777943417
-2.350248045549306,-2.350248045549306
-2.3426700223720336,-2.3426700223720336
-2.3350937092896698,-2.3350937092896698
-2.3275191056489355,-2.3275191056489355
-2.3199462107559987,-2.3199462107559987
-2.3123750238765295,-2.3123750238765295
-2.304805544235738,-2.304805544235738
-2.2972377710184317,-2.2972377710184317
-2.289671703369056,-2.289671703369056
-2.2821073403917422,-2.2821073403917422
-2.274544681150347,-2.274544681150347
-2.2669837246685067,-2.2669837246685067
-2.2594244699296664,-2.2594244699296664
-2.251866915877136,-2.251866915877136
-2.244311061414124,-2.244311061414124
-2.2367569054037815,-2.2367569054037815
-2.2292044466692387,-2.2292044466692387
-2.22165368399365,-2.22165368399365
-2.214104616120229,-2.214104616120229
-2.2065572417522863,-2.2065572417522863
-2.1990115595532673,-2.1990115595532673
-2.1914675681467926,-2.1914675681467926
-2.183925266116686,-2.183925266116686
-2.176384652007018,-2.176384652007018
-2.168845724322133,-2.168845724322133
-2.1613084815266888,-2.1613084815266888
-2.153772922045684,-2.153772922045684
-2.1462390442644974,-2.1462390442644974
-2.138706846528911,-2.138706846528911
-2.1311763271451483,-2.1311763271451483
-2.1236474843798994,-2.1236474843798994
-2.1161203164603544,-2.1161203164603544
-2.1085948215742256,-2.1085948215742256
-2.1010709978697863,-2.1010709978697863
-2.0935488434558875,-2.0935488434558875
-2.0860283564019895,-2.0860283564019895
-2.0785095347381883,-2.0785095347381883
-2.0709923764552403,-2.0709923764552403
-2.0634768795045826,-2.0634768795045826
-2.0559630417983668,-2.0559630417983668
-2.0484508612094703,-2.0484508612094703
-2.0409403355715288,-2.0409403355715288
-2.033431462678952,-2.033431462678952
-2.025924240286948,-2.025924240286948
-2.0184186661115415,-2.0184186661115415
-2.0109147378295957,-2.0109147378295957
-2.0034124530788313,-2.0034124530788313
-1.9959118094578436,-1.9959118094578436
-1.98841280452612,-1.98841280452612
-1.9809154358040617,-1.9809154358040617
-1.9734197007729937,-1.9734197007729937
-1.9659255968751859,-1.9659255968751859
-1.9584331215138653,-1.9584331215138653
-1.9509422720532306,-1.9509422720532306
-1.9434530458184702,-1.9434530458184702
-1.935965440095771,-1.935965440095771
-1.928479452132332,-1.928479452132332
-1.9209950791363761,-1.9209950791363761
-1.9135123182771636,-1.9135123182771636
-1.9060311666850014,-1.9060311666850014
-1.8985516214512523,-1.8985516214512523
-1.891073679628345,-1.891073679628345
-1.883597338229783,-1.883597338229783
-1.876122594230154,-1.876122594230154
-1.8686494445651345,-1.8686494445651345
-1.861177886131499,-1.861177886131499
-1.8537079157871257,-1.8537079157871257
-1.846239530351002,-1.846239530351002
-1.8387727266032288,-1.8387727266032288
-1.831307501285025,-1.831307501285025
-1.8238438510987336,-1.8238438510987336
-1.816381772707821,-1.816381772707821
-1.808921262736882,-1.808921262736882
-1.8014623177716396,-1.8014623177716396
-1.7940049343589495,-1.7940049343589495
-1.7865491090067978,-1.7865491090067978
-1.7790948381843015,-1.7790948381843015
-1.7716421183217077,-1.7716421183217077
-1.7641909458103933,-1.7641909458103933
-1.756741317002864,-1.756741317002864
-1.749293228212749,-1.749293228212749
-1.741846675714797,-1.741846675714797
-1.7344016557448796,-1.7344016557448796
-1.7269581644999792,-1.7269581644999792
-1.7195161981381863,-1.7195161981381863
-1.712075752778696,-1.712075752778696
-1.704636824501799,-1.704636824501799
-1.6971994093488787,-1.6971994093488787
-1.6897635033223974,-1.6897635033223974
-1.6823291023858946,-1.6823291023858946
-1.6748962024639755,-1.6748962024639755
-1.6674647994423026,-1.6674647994423026
-1.6600348891675845,-1.6600348891675845
-1.6526064674475656,-1.6526064674475656
-1.6451795300510172,-1.6451795300510172
-1.6377540727077253,-1.6377540727077253
-1.6303300911084753,-1.6303300911084753
-1.622907580905042,-1.622907580905042
-1.6154865377101768,-1.6154865377101768
-1.608066957097591,-1.608066957097591
-1.600648834601943,-1.600648834601943
-1.5932321657188215,-1.5932321657188215
-1.5858169459047322,-1.5858169459047322
-1.5784031705770794,-1.5784031705770794
-1.5709908351141488,-1.5709908351141488
-1.5635799348550896,-1.5635799348550896
-1.5561704650998982,-1.5561704650998982
-1.5487624211093989,-1.5487624211093989
-1.5413557981052228,-1.5413557981052228
-1.533950591269787,-1.533950591269787
-1.5265467957462784,-1.5265467957462784
-1.5191444066386286,-1.5191444066386286
-1.5117434190114922,-1.5117434190114922
-1.5043438278902264,-1.5043438278902264
-1.496945628260866,-1.496945628260866
-1.4895488150701028,-1.4895488150701028
-1.4821533832252565,-1.4821533832252565
-1.4747593275942532,-1.4747593275942532
-1.4673666430056012,-1.4673666430056012
-1.459975324248362,-1.459975324248362
-1.452585366072124,-1.452585366072124
-1.4451967631869773,-1.4451967631869773
-1.4378095102634851,-1.4378095102634851
-1.4304236019326546,-1.4304236019326546
-1.4230390327859093,-1.4230390327859093
-1.415655797375056,-1.415655797375056
-1.4082738902122602,-1.4082738902122602
-1.400893305770012,-1.400893305770012
-1.3935140384810936,-1.3935140384810936
-1.3861360827385496,-1.3861360827385496
-1.3787594328956554,-1.3787594328956554
-1.3713840832658788,-1.3713840832658788
-1.3640100281228547,-1.3640100281228547
-1.35663726170034,-1.35663726170034
-1.349265778192192,-1.349265778192192
-1.3418955717523182,-1.3418955717523182
-1.3345266364946542,-1.3345266364946542
-1.3271589664931136,-1.3271589664931136
-1.3197925557815644,-1.3197925557815644
-1.3124273983537778,-1.3124273983537778
-1.3050634881634016,-1.3050634881634016
-1.2977008191239097,-1.2977008191239097
-1.2903393851085743,-1.2903393851085743
-1.2829791799504153,-1.2829791799504153
-1.2756201974421657,-1.2756201974421657
-1.2682624313362265,-1.2682624313362265
-1.260905875344629,-1.260905875344629
-1.2535505231389854,-1.2535505231389854
-1.246196368350454,-1.246196368350454
-1.2388434045696857,-1.2388434045696857
-1.2314916253467898,-1.2314916253467898
-1.224141024191279,-1.224141024191279
-1.2167915945720327,-1.2167915945720327
-1.209443329917242,-1.209443329917242
-1.2020962236143715,-1.2020962236143715
-1.1947502690101044,-1.1947502690101044
-1.1874054594102996,-1.1874054594102996
-1.180061788079938,-1.180061788079938
-1.172719248243081,-1.172719248243081
-1.1653778330828104,-1.1653778330828104
-1.158037535741187,-1.158037535741187
-1.150698349319193,-1.150698349319193
-1.1433602668766836,-1.1433602668766836
-1.136023281432335,-1.136023281432335
-1.1286873859635902,-1.1286873859635902
-1.121352573406604,-1.121352573406604
-1.114018836656191,-1.114018836656191
-1.106686168565771,-1.106686168565771
-1.0993545619473124,-1.0993545619473124
-1.0920240095712759,-1.0920240095712759
-1.0846945041665585,-1.0846945041665585
-1.0773660384204362,-1.0773660384204362
-1.070038604978508,-1.070038604978508
-1.0627121964446329,-1.0627121964446329
-1.0553868053808733,-1.0553868053808733
-1.0480624243074375,-1.0480624243074375
-1.0407390457026167,-1.0407390457026167
-1.0334166620027219,-1.0334166620027219
-1.0260952656020277,-1.0260952656020277
-1.0187748488527055,-1.0187748488527055
-1.011455404064764,-1.011455404064764
-1.004136923505983,-1.004136923505983
-0.996819399401849,-0.996819399401849
-0.989502823935494,-0.989502823935494
-0.9821871892476269,-0.9821871892476269
-0.9748724874364685,-0.9748724874364685
-0.967558710557684,-0.967558710557684
-0.9602458506243169,-0.9602458506243169
-0.952933899606723,-0.952933899606723
-0.945622849432496,-0.945622849432496
-0.9383126919864023,-0.9383126919864023
-0.931003419110313,-0.931003419110313
-0.9236950226031295,-0.9236950226031295
-0.9163874942207134,-0.9163874942207134
-0.9090808256758156,-0.9090808256758156
-0.9017750086380043,-0.9017750086380043
-0.8944700347335909,-0.8944700347335909
-0.8871658955455554,-0.8871658955455554
-0.8798625826134739,-0.8798625826134739
-0.8725600874334429,-0.8725600874334429
-0.8652584014580043,-0.8652584014580043
-0.8579575160960669,-0.8579575160960669
-0.8506574227128298,-0.8506574227128298
-0.8433581126297085,-0.8433581126297085
-0.8360595771242537,-0.8360595771242537
-0.8287618074300693,-0.8287618074300693
-0.8214647947367385,-0.8214647947367385
-0.8141685301897399,-0.8141685301897399
-0.8068730048903691,-0.8068730048903691
-0.7995782098956526,-0.7995782098956526
-0.7922841362182697,-0.7922841362182697
-0.784990774826469,-0.784990774826469
-0.7776981166439835,-0.7776981166439835
-0.7704061525499457,-0.7704061525499457
-0.7631148733788038,-0.7631148733788038
-0.7558242699202351,-0.7558242699202351
-0.7485343329190631,-0.7485343329190631
-0.7412450530751639,-0.7412450530751639
-0.7339564210433823,-0.7339564210433823
-0.7266684274334461,-0.7266684274334461
-0.7193810628098716,-0.7193810628098716
-0.712094317691876,-0.712094317691876
-0.7048081825532874,-0.7048081825532874
-0.6975226478224529,-0.6975226478224529
-0.6902377038821488,-0.6902377038821488
-0.6829533410694829,-0.6829533410694829
-0.675669549675806,-0.675669549675806
-0.6683863199466159,-0.6683863199466159
-0.6611036420814641,-0.6611036420814641
-0.6538215062338577,-0.6538215062338577
-0.646539902511164,-0.646539902511164
-0.6392588209745155,-0.6392588209745155
-0.6319782516387119,-0.6319782516387119
-0.6246981844721203,-0.6246981844721203
-0.6174186093965742,-0.6174186093965742
-0.6101395162872799,-0.6101395162872799
-0.6028608949727117,-0.6028608949727117
-0.5955827352345106,-0.5955827352345106
-0.5883050268073807,-0.5883050268073807
-0.5810277593789942,-0.5810277593789942
-0.5737509225898789,-0.5737509225898789
-0.5664745060333185,-0.5664745060333185
-0.5591984992552467,-0.5591984992552467
-0.5519228917541427,-0.5519228917541427
-0.544647672980924,-0.544647672980924
-0.5373728323388375,-0.5373728323388375
-0.5300983591833534,-0.5300983591833534
-0.5228242428220579,-0.5228242428220579
-0.5155504725145417,-0.5155504725145417
-0.5082770374722889,-0.5082770374722889
-0.5010039268585681,-0.5010039268585681
-0.49373112978832007,-0.49373112978832007
-0.4864586353280455,-0.4864586353280455
-0.4791864324956913,-0.4791864324956913
-0.4719145102605349,-0.4719145102605349
-0.4646428575430732,-0.4646428575430732
-0.4573714632149049,-0.4573714632149049
-0.45010031609861273,-0.45010031609861273
-0.44282940496764694,-0.44282940496764694
-0.43555871854621064,-0.43555871854621064
-0.4282882455091372,-0.4282882455091372
-0.4210179744817715,-0.4210179744817715
-0.41374789403984835,-0.41374789403984835
-0.4064779927093768,-0.4064779927093768
-0.3992082589665116,-0.3992082589665116
-0.3919386812374331,-0.3919386812374331
-0.3846692478982233,-0.3846692478982233
-0.37739994727474485,-0.37739994727474485
-0.3701307676425077,-0.3701307676425077
-0.3628616972265532,-0.3628616972265532
-0.3555927242013171,-0.3555927242013171
-0.34832383669051203,-0.34832383669051203
-0.34105502276698774,-0.34105502276698774
-0.3337862704526142,-0.3337862704526142
-0.3265175677181393,-0.3265175677181393
-0.3192489024830653,-0.3192489024830653
-0.31198026261551615,-0.31198026261551615
-0.30471163593210315,-0.30471163593210315
-0.29744301019779024,-0.29744301019779024
-0.29017437312576044,-0.29017437312576044
-0.28290571237728374,-0.28290571237728374
-0.2756370155615771,-0.2756370155615771
-0.2683682702356673,-0.2683682702356673
-0.2610994639042538,-0.2610994639042538
-0.2538305840195722,-0.2538305840195722
-0.24656161798125217,-0.24656161798125217
-0.2392925531361752,-0.2392925531361752
-0.2320233767783362,-0.2320233767783362
-0.2247540761487008,-0.2247540761487008
-0.2174846384350616,-0.2174846384350616
-0.21021505077189181,-0.21021505077189181
-0.2029453002402018,-0.2029453002402018
-0.19567537386739592,-0.19567537386739592
-0.18840525862712187,-0.18840525862712187
-0.1811349414391232,-0.1811349414391232
-0.17386440916909107,-0.17386440916909107
-0.1665936486285163,-0.1665936486285163
-0.1593226465745372,-0.1593226465745372
-0.15205138970978763,-0.15205138970978763
-0.14477986468224374,-0.14477986468224374
-0.1375080580850738,-0.1375080580850738
-0.1302359564564825,-0.1302359564564825
-0.12296354627955286,-0.12296354627955286
-0.11569081398209215,-0.11569081398209215
-0.10841774593647652,-0.10841774593647652
-0.1011443284594907,-0.1011443284594907
-0.09387054781216705,-0.09387054781216705
-0.08659639019962856,-0.08659639019962856
-0.07932184177092684,-0.07932184177092684
-0.07204688861887991,-0.07204688861887991
-0.06477151677990815,-0.06477151677990815
-0.05749571223387038,-0.05749571223387038
-0.05021946090390118,-0.05021946090390118
-0.04294274865624187,-0.04294274865624187
-0.03566556130007474,-0.03566556130007474
-0.0283878845873535,-0.0283878845873535
-0.02110970421263745,-0.02110970421263745
-0.013831005812918221,-0.013831005812918221
-0.006551774967449129,-0.006551774967449129
0.000728002802427114,0.000728002802427114
0.008008342033448971,0.008008342033448971
0.015289257320613368,0.015289257320613368
0.022570763317353686,0.022570763317353686
0.029852874735705373,0.029852874735705373
0.03713560634649888,0.03713560634649888
0.04441897297952319,0.04441897297952319
0.05170298952371905,0.05170298952371905
0.058987670927345165,0.058987670927345165
0.0662730321981763,0.0662730321981763
0.07355908840366804,0.07355908840366804
0.08084585467115896,0.08084585467115896
0.08813334618804006,0.08813334618804006
0.09542157820195371,0.09542157820195371
0.10271056602096854,0.10271056602096854
0.11000032501377954,0.11000032501377954
0.11729087060989099,0.11729087060989099
0.12458221829980475,0.12458221829980475
0.13187438363522108,0.13187438363522108
0.1391673822292195,0.1391673822292195
0.14646122975646605,0.14646122975646605
0.15375594195339573,0.15375594195339573
0.1610515346184194,0.1610515346184194
0.16834802361211235,0.16834802361211235
0.17564542485742207,0.17564542485742207
0.18294375433985816,0.18294375433985816
0.19024302810770308,0.19024302810770308
0.1975432622722052,0.1975432622722052
0.20484447300779268,0.20484447300779268
0.21214667655226432,0.21214667655226432
0.21944988920701056,0.21944988920701056
0.22675412733720735,0.22675412733720735
0.23405940737203643,0.23405940737203643
0.2413657458048797,0.2413657458048797
0.24867315919354815,0.24867315919354815
0.25598166416047763,0.25598166416047763
0.26329127739295244,0.26329127739295244
0.27060201564331243,0.27060201564331243
0.2779138957291786,0.2779138957291786
0.2852269345336561,0.2852269345336561
0.2925411490055668,0.2925411490055668
0.2998565561596572,0.2998565561596572
0.3071731730768286,0.3071731730768286
0.3144910169043514,0.3144910169043514
0.32181010485609485,0.32181010485609485
0.32913045421274567,0.32913045421274567
0.33645208232204094,0.33645208232204094
0.3437750065989876,0.3437750065989876
0.3510992445261012,0.3510992445261012
0.3584248136536228,0.3584248136536228
0.36575173159976493,0.36575173159976493
0.3730800160509309,0.3730800160509309
0.38040968476196085,0.38040968476196085
0.38774075555635523,0.38774075555635523
0.39507324632652513,0.39507324632652513
0.40240717503401463,0.40240717503401463
0.40974255970975765,0.40974255970975765
0.4170794184543034,0.4170794184543034
0.4244177694380717,0.4244177694380717
0.4317576309015845,0.4317576309015845
0.43909902115572447,0.43909902115572447
0.4464419585819693,0.4464419585819693
0.4537864616326495,0.4537864616326495
0.4611325488311901,0.4611325488311901
0.46848023877237,0.46848023877237
0.4758295501225647,0.4758295501225647
0.48318050162001147,0.48318050162001147
0.490533112075054,0.490533112075054
0.4978874003704095,0.4978874003704095
0.5052433854614162,0.5052433854614162
0.5126010863763067,0.5126010863763067
0.5199605222164542,0.5199605222164542
0.5273217121566502,0.5273217121566502
0.5346846754453577,0.5346846754453577
0.5420494314049875,0.5420494314049875
0.549415999432153,0.549415999432153
0.5567843989979545,0.5567843989979545
0.5641546496482369,0.5641546496482369
0.5715267710038734,0.5715267710038734
0.5789007827610266,0.5789007827610266
0.5862767046914403,0.5862767046914403
0.5936545566426983,0.5936545566426983
0.601034358538522,0.601034358538522
0.6084161303790344,0.6084161303790344
0.6157998922410567,0.6157998922410567
0.6231856642783766,0.6231856642783766
0.6305734667220525,0.6305734667220525
0.6379633198806797,0.6379633198806797
0.6453552441406998,0.6453552441406998
0.6527492599666731,0.6527492599666731
0.6601453879015853,0.6601453879015853
0.6675436485671301,0.6675436485671301
0.6749440626640165,0.6749440626640165
0.6823466509722514,0.6823466509722514
0.6897514343514558,0.6897514343514558
0.697158433741149,0.697158433741149
0.7045676701610657,0.7045676701610657
0.7119791647114493,0.7119791647114493
0.7193929385733675,0.7193929385733675
0.7268090130090099,0.7268090130090099
0.7342274093620097,0.7342274093620097
0.7416481490577443,0.7416481490577443
0.7490712536036596,0.7490712536036596
0.756496744589572,0.756496744589572
0.7639246436880023,0.7639246436880023
0.771354972654476,0.771354972654476
0.7787877533278645,0.7787877533278645
0.7862230076306884,0.7862230076306884
0.7936607575694583,0.7936607575694583
0.8011010252349892,0.8011010252349892
0.8085438328027399,0.8085438328027399
0.8159892025331322,0.8159892025331322
0.8234371567718971,0.8234371567718971
0.8308877179503931,0.8308877179503931
0.8383409085859599,0.8383409085859599
0.8457967512822396,0.8457967512822396
0.8532552687295354,0.8532552687295354
0.8607164837051334,0.8607164837051334
0.8681804190736706,0.8681804190736706
0.8756470977874571,0.8756470977874571
0.8831165428868469,0.8831165428868469
0.8905887775005694,0.8905887775005694
0.8980638248461009,0.8980638248461009
0.9055417082299996,0.9055417082299996
0.9130224510482822,0.9130224510482822
0.920506076786765,0.920506076786765
0.9279926090214429,0.9279926090214429
0.935482071418834,0.935482071418834
0.9429744877363615,0.9429744877363615
0.950469881822715,0.950469881822715
0.9579682776182162,0.9579682776182162
0.9654696991551954,0.9654696991551954
0.9729741705583684,0.9729741705583684
0.9804817160452118,0.9804817160452118
0.9879923599263362,0.9879923599263362
0.99550612660587,0.99550612660587
1.0030230405818494,1.0030230405818494
1.0105431264465998,1.0105431264465998
1.0180664088871194,1.0180664088871194
1.0255929126854697,1.0255929126854697
1.0331226627191799,1.0331226627191799
1.040655683961633,1.040655683961633
1.0481920014824584,1.0481920014824584
1.0557316404479387,1.0557316404479387
1.063274626121415,1.063274626121415
1.070820983863687,1.070820983863687
1.0783707391334163,1.0783707391334163
1.0859239174875404,1.0859239174875404
1.0934805445816873,1.0934805445816873
1.101040646170589,1.101040646170589
1.1086042481084915,1.1086042481084915
1.1161713763495795,1.1161713763495795
1.1237420569484036,1.1237420569484036
1.1313163160602984,1.1313163160602984
1.138894179941807,1.138894179941807
1.146475674951123,1.146475674951123
1.1540608275485038,1.1540608275485038
1.1616496642967307,1.1616496642967307
1.1692422118615198,1.1692422118615198
1.176838497011986,1.176838497011986
1.1844385466210672,1.1844385466210672
1.1920423876659865,1.1920423876659865
1.1996500472286833,1.1996500472286833
1.2072615524962846,1.2072615524962846
1.2148769307615372,1.2148769307615372
1.222496209423285,1.222496209423285
1.2301194159869107,1.2301194159869107
1.2377465780648156,1.2377465780648156
1.2453777233768661,1.2453777233768661
1.2530128797508806,1.2530128797508806
1.2606520751230834,1.2606520751230834
1.2682953375385926,1.2682953375385926
1.2759426951518857,1.2759426951518857
1.28359417622729,1.28359417622729
1.2912498091394509,1.2912498091394509
1.2989096223738374,1.2989096223738374
1.3065736445272087,1.3065736445272087
1.3142419043081257,1.3142419043081257
1.3219144305374269,1.3219144305374269
1.3295912521487465,1.3295912521487465
1.3372723981889951,1.3372723981889951
1.3449578978188814,1.3449578978188814
1.3526477803134027,1.3526477803134027
1.360342075062372,1.360342075062372
1.3680408115709128,1.3680408115709128
1.3757440194599975,1.3757440194599975
1.383451728466943,1.383451728466943
1.3911639684459574,1.3911639684459574
1.3988807693686454,1.3988807693686454
1.406602161324555,1.406602161324555
1.4143281745216967,1.4143281745216967
1.4220588392870919,1.4220588392870919
1.4297941860672996,1.4297941860672996
1.4375342454289757,1.4375342454289757
1.4452790480593964,1.4452790480593964
1.4530286247670379,1.4530286247670379
1.4607830064820984,1.4607830064820984
1.4685422242570798,1.4685422242570798
1.4763063092673328,1.4763063092673328
1.4840752928116296,1.4840752928116296
1.4918492063127213,1.4918492063127213
1.499628081317924,1.499628081317924
1.507411949499675,1.507411949499675
1.5152008426561285,1.5152008426561285
1.5229947927117213,1.5229947927117213
1.5307938317177754,1.5307938317177754
1.538597991853069,1.538597991853069
1.5464073054244465,1.5464073054244465
1.5542218048674012,1.5542218048674012
1.5620415227466877,1.5620415227466877
1.569866491756914,1.569866491756914
1.5776967447231645,1.5776967447231645
1.585532314601597,1.585532314601597
1.5933732344800717,1.5933732344800717
1.6012195375787581,1.6012195375787581
1.609071257250777,1.609071257250777
1.6169284269828046,1.6169284269828046
1.6247910803957308,1.6247910803957308
1.63265925124527,1.63265925124527
1.640532973422625,1.640532973422625
1.6484122809551067,1.6484122809551067
1.6562972080068104,1.6562972080068104
1.6641877888792391,1.6641877888792391
1.672084058011986,1.672084058011986
1.6799860499833763,1.6799860499833763
1.6878937995111476,1.6878937995111476
1.6958073414531036,1.6958073414531036
1.7037267108078096,1.7037267108078096
1.7116519427152452,1.7116519427152452
1.7195830724575119,1.7195830724575119
1.7275201354594985,1.7275201354594985
1.735463167289594,1.735463167289594
1.7434122036603616,1.7434122036603616
1.7513672804292626,1.7513672804292626
1.7593284335993395,1.7593284335993395
1.767295699319946,1.767295699319946
1.775269113887444,1.775269113887444
1.7832487137459396,1.7832487137459396
1.7912345354879913,1.7912345354879913
1.7992266158553536,1.7992266158553536
1.8072249917396952,1.8072249917396952
1.815229700183356,1.815229700183356
1.8232407783800701,1.8232407783800701
1.831258263675734,1.831258263675734
1.8392821935691397,1.8392821935691397
1.8473126057127547,1.8473126057127547
1.8553495379134621,1.8553495379134621
1.8633930281333535,1.8633930281333535
1.8714431144904742,1.8714431144904742
1.87949983525963,1.87949983525963
1.887563228873157,1.887563228873157
1.8956333339217046,1.8956333339217046
1.9037101891550372,1.9037101891550372
1.9117938334828408,1.9117938334828408
1.9198843059755164,1.9198843059755164
1.927981645864994,1.927981645864994
1.9360858925455449,1.9360858925455449
1.9441970855746122,1.9441970855746122
1.9523152646736341,1.9523152646736341
1.960440469728867,1.960440469728867
1.9685727407922322,1.9685727407922322
1.976712118082159,1.976712118082159
1.9848586419844385,1.9848586419844385
1.9930123530530637,1.9930123530530637
2.0011732920110994,2.0011732920110994
2.009341499751557,2.009341499751557
2.0175170173382546,2.0175170173382546
2.025699886006698,2.025699886006698
2.0338901471649655,2.0338901471649655
2.0420878423946065,2.0420878423946065
2.050293013451528,2.050293013451528
2.0585057022668987,2.0585057022668987
2.0667259509480576,2.0667259509480576
2.0749538017794373,2.0749538017794373
2.0831892972234782,2.0831892972234782
2.0914324799215547,2.0914324799215547
2.099683392694909,2.099683392694909
2.1079420785456,2.1079420785456
2.116208580657444,2.116208580657444
2.124482942396967,2.124482942396967
2.1327652073143626,2.1327652073143626
2.141055419144469,2.141055419144469
2.1493536218077387,2.1493536218077387
2.1576598594112073,2.1576598594112073
2.165974176249489,2.165974176249489
2.1742966168057825,2.1742966168057825
2.182627225752853,2.182627225752853
2.190966047954044,2.190966047954044
2.1993131284642953,2.1993131284642953
2.20766851253117,2.20766851253117
2.2160322455958803,2.2160322455958803
2.2244043732943135,2.2244043732943135
2.232784941458085,2.232784941458085
2.2411739961155916,2.2411739961155916
2.2495715834930703,2.2495715834930703
2.2579777500156473,2.2579777500156473
2.2663925423084366,2.2663925423084366
2.274816007197598,2.274816007197598
2.2832481917114444,2.2832481917114444
2.2916891430815194,2.2916891430815194
2.300138908743723,2.300138908743723
2.308597536339398,2.308597536339398
2.317065073716475,2.317065073716475
2.3255415689305807,2.3255415689305807
2.334027070246187,2.334027070246187
2.34252162613774,2.34252162613774
2.3510252852908335,2.3510252852908335
2.3595380966033432,2.3595380966033432
2.3680601091866227,2.3680601091866227
2.376591372366654,2.376591372366654
2.3851319356852563,2.3851319356852563
2.39368184890126,2.39368184890126
2.402241161991729,2.402241161991729
2.4108099251531483,2.4108099251531483
2.4193881888026727,2.4193881888026727
2.4279760035793267,2.4279760035793267
2.4365734203452654,2.4365734203452654
2.445180490187005,2.445180490187005
2.4537972644166937,2.4537972644166937
2.4624237945733567,2.4624237945733567
2.471060132424196,2.471060132424196
2.479706329965847,2.479706329965847
2.488362439425694,2.488362439425694
2.4970285132631562,2.4970285132631562
2.5057046041710147,2.5057046041710147
2.514390765076714,2.514390765076714
2.5230870491437183,2.5230870491437183
2.5317935097728275,2.5317935097728275
2.5405102006035487,2.5405102006035487
2.5492371755154433,2.5492371755154433
2.5579744886295055,2.5579744886295055
2.5667221943095377,2.5667221943095377
2.5754803471635537,2.5754803471635537
2.584249002045158,2.584249002045158
2.5930282140549887,2.5930282140549887
2.601818038542108,2.601818038542108
2.610618531105462,2.610618531105462
2.619429747595306,2.619429747595306
2.628251744114675,2.628251744114675
2.63708457702083,2.63708457702083
2.6459283029267615,2.6459283029267615
2.6547829787026442,2.6547829787026442
2.66364866147737,2.66364866147737
2.6725254086400287,2.6725254086400287
2.681413277841455,2.681413277841455
2.6903123269957345,2.6903123269957345
2.6992226142817817,2.6992226142817817
2.7081441981448635,2.7081441981448635
2.717077137298191,2.717077137298191
2.7260214907244853,2.7260214907244853
2.734977317677585,2.734977317677585
2.7439446776840266,2.7439446776840266
2.7529236305446947,2.7529236305446947
2.7619142363364126,2.7619142363364126
2.770916555413621,2.770916555413621
2.779930648410002,2.779930648410002
2.788956576240167,2.788956576240167
2.79799440010132,2.79799440010132
2.8070441814749683,2.8070441814749683
2.816105982128613,2.816105982128613
2.825179864117471,2.825179864117471
2.834265889786206,2.834265889786206
2.843364121770688,2.843364121770688
2.8524746229997375,2.8524746229997375
2.861597456696899,2.861597456696899
2.87073268638223,2.87073268638223
2.87988037587411,2.87988037587411
2.8890405892910485,2.8890405892910485
2.8982133910535044,2.8982133910535044
2.9073988458857434,2.9073988458857434
2.916597018817692,2.916597018817692
2.9258079751868102,2.9258079751868102
2.9350317806399726,2.9350317806399726
2.944268501135371,2.944268501135371
2.9535182029444416,2.9535182029444416
2.962780952653795,2.962780952653795
2.972056817167146,2.972056817167146
2.981345863707293,2.981345863707293
2.9906481598181025,2.9906481598181025
2.999963773366488,2.999963773366488
3.0092927725444216,3.0092927725444216
3.018635225870968,3.018635225870968
3.0279912021943254,3.0279912021943254
3.0373607706938848,3.0373607706938848
3.0467440008822972,3.0467440008822972
3.0561409626075693,3.0561409626075693
3.0655517260551814,3.0655517260551814
3.074976361750212,3.074976361750212
3.084414940559459,3.084414940559459
3.093867533693622,3.093867533693622
3.1033342127094827,3.1033342127094827
3.1128150495120885,3.1128150495120885
3.1223101163569638,3.1223101163569638
3.1318194858523483,3.1318194858523483
3.1413432309614513,3.1413432309614513
3.1508814250047155,3.1508814250047155
3.160434141662095,3.160434141662095
3.170001454975364,3.170001454975364
3.1795834393504583,3.1795834393504583
3.1891801695598008,3.1891801695598008
3.1987917207446626,3.1987917207446626
3.208418168417551,3.208418168417551
3.218059588464618,3.218059588464618
3.2277160571480787,3.2277160571480787
3.2373876511086364,3.2373876511086364
3.2470744473679654,3.2470744473679654
3.256776523331188,3.256776523331188
3.2664939567893807,3.2664939567893807
3.2762268259220853,3.2762268259220853
3.285975209299858,3.285975209299858
3.2957391858868585,3.2957391858868585
3.305518835043409,3.305518835043409
3.3153142365286135,3.3153142365286135
3.325125470502995,3.325125470502995
3.334952617531151,3.334952617531151
3.344795758584418,3.344795758584418
3.354654975043582,3.354654975043582
3.36453034870159,3.36453034870159
3.3744219617663105,3.3744219617663105
3.3843298968632927,3.3843298968632927
3.3942542370385467,3.3942542370385467
3.404195065761386,3.404195065761386
3.414152466927242,3.414152466927242
3.424126524860548,3.424126524860548
3.4341173243176106,3.4341173243176106
3.44412495048954,3.44412495048954
3.454149489005171,3.454149489005171
3.4641910259340523,3.4641910259340523
3.4742496477893994,3.4742496477893994
3.484325441531151,3.484325441531151
3.494418494568977,3.494418494568977
3.5045288947653734,3.5045288947653734
3.51465673043873,3.51465673043873
3.524802090366481,3.524802090366481
3.534965063788224,3.534965063788224
3.54514574040893,3.54514574040893
3.5553442104021125,3.5553442104021125
3.5655605644130923,3.5655605644130923
3.575794893562227,3.575794893562227
3.5860472894482367,3.5860472894482367
3.596317844151484,3.596317844151484
3.6066066502373553,3.6066066502373553
3.6169138007596136,3.6169138007596136
3.627239389263829,3.627239389263829
3.6375835097907863,3.6375835097907863
3.6479462568799907,3.6479462568799907
3.658327725573132,3.658327725573132
3.668728011417645,3.668728011417645
3.679147210470242,3.679147210470242
3.689585419300539,3.689585419300539
3.700042734994653,3.700042734994653
3.7105192551588844,3.7105192551588844
3.7210150779233864,3.7210150779233864
3.7315303019459214,3.7315303019459214
3.7420650264155806,3.7420650264155806
3.752619351056614,3.752619351056614
3.7631933761322336,3.7631933761322336
3.7737872024484944,3.7737872024484944
3.7844009313581655,3.7844009313581655
3.795034664764701,3.795034664764701
3.80568850512617,3.80568850512617
3.8163625554592966,3.8163625554592966
3.827056919343473,3.827056919343473
3.8377717009248666,3.8377717009248666
3.8485070049205046,3.8485070049205046
3.8592629366224735,3.8592629366224735
3.8700396019020626,3.8700396019020626
3.8808371072140417,3.8808371072140417
3.8916555596008946,3.8916555596008946
3.9024950666971674,3.9024950666971674
3.9133557367337835,3.9133557367337835
3.924237678542472,3.924237678542472
3.9351410015601704,3.9351410015601704
3.946065815833522,3.946065815833522
3.9570122320233763,3.9570122320233763
3.9679803614093636,3.9679803614093636
3.9789703158944856,3.9789703158944856
3.989982208009776,3.989982208009776
4.001016150918963,4.001016150918963
4.012072258423245,4.012072258423245
4.0231506449660275,4.0231506449660275
4.034251425637785,4.034251425637785
4.045374716180898,4.045374716180898
4.056520632994604,4.056520632994604
4.067689293139938,4.067689293139938
4.078880814344756,4.078880814344756
4.090095315008787,4.090095315008787
4.101332914208753,4.101332914208753
4.11259373170353,4.11259373170353
4.123877887939337,4.123877887939337
4.135185504055004,4.135185504055004
4.146516701887301,4.146516701887301
4.15787160397628,4.15787160397628
4.16925033357068,4.16925033357068
4.180653014633416,4.180653014633416
4.192079771847093,4.192079771847093
4.2035307306195735,4.2035307306195735
4.215006017089611,4.215006017089611
4.226505758132529,4.226505758132529
4.238030081365972,4.238030081365972
4.249579115155706,4.249579115155706
4.261152988621448,4.261152988621448
4.272751831642799,4.272751831642799
4.284375774865224,4.284375774865224
4.296024949706067,4.296024949706067
4.30769948836064,4.30769948836064
4.319399523808383,4.319399523808383
4.331125189819085,4.331125189819085
4.342876620959152,4.342876620959152
4.354653952597942,4.354653952597942
4.366457320914169,4.366457320914169
4.378286862902388,4.378286862902388
4.390142716379515,4.390142716379515
4.402025019991417,4.402025019991417
4.413933913219599,4.413933913219599
4.425869536387931,4.425869536387931
4.4378320306694565,4.4378320306694565
4.449821538093251,4.449821538093251
4.461838201551378,4.461838201551378
4.473882164805904,4.473882164805904
4.485953572495994,4.485953572495994
4.49805257014505,4.49805257014505
4.51017930416795,4.51017930416795
4.522333921878393,4.522333921878393
4.5345165714962405,4.5345165714962405
4.54672740215499,4.54672740215499
4.558966563909331,4.558966563909331
4.571234207742751,4.571234207742751
4.583530485575242,4.583530485575242
4.595855550271068,4.595855550271068
4.608209555646632,4.608209555646632
4.620592656478434,4.620592656478434
4.6330050085110805,4.6330050085110805
4.6454467684653995,4.6454467684653995
4.657918094046649,4.657918094046649
4.670419143952798,4.670419143952798
4.682950077882912,4.682950077882912
4.6955110565455875,4.6955110565455875
4.708102241667541,4.708102241667541
4.7207237960022335,4.7207237960022335
4.733375883338626,4.733375883338626
4.746058668509996,4.746058668509996
4.758772317402867,4.758772317402867
4.771516996966058,4.771516996966058
4.784292875219781,4.784292875219781
4.79710012126487,4.79710012126487
4.809938905292102,4.809938905292102
4.8228093985916365,4.8228093985916365
4.835711773562527,4.835711773562527
4.848646203722353,4.848646203722353
4.861612863716963,4.861612863716963
4.874611929330324,4.874611929330324
4.887643577494472,4.887643577494472
4.900707986299571,4.900707986299571
4.913805335004077,4.913805335004077
4.926935804045069,4.926935804045069
4.940099575048608,4.940099575048608
4.95329683084027,4.95329683084027
4.96652775545579,4.96652775545579
4.979792534151811,4.979792534151811
4.99309135341677,4.99309135341677
5.006424400981882,5.006424400981882
5.01979186583227,5.01979186583227
5.033193938218227,5.033193938218227
5.046630809666585,5.046630809666585
5.060102672992204,5.060102672992204
5.07360972230963,5.07360972230963
5.087152153044874,5.087152153044874
5.100730161947292,5.100730161947292
5.114343947101645,5.114343947101645
5.127993707940257,5.127993707940257
5.1416796452553735,5.1416796452553735
5.155401961211598,5.155401961211598
5.169160859358497,5.169160859358497
5.182956544643359,5.182956544643359
5.196789223424112,5.196789223424112
5.2106591034823575,5.2106591034823575
5.224566394036587,5.224566394036587
5.238511305755528,5.238511305755528
5.252494050771671,5.252494050771671
5.266514842694955,5.266514842694955
5.280573896626596,5.280573896626596
5.2946714291730785,5.2946714291730785
5.308807658460331,5.308807658460331
5.322982804148082,5.322982804148082
5.337197087444343,5.337197087444343
5.3514507311200825,5.3514507311200825
5.365743959524104,5.365743959524104
5.380076998598075,5.380076998598075
5.394450075891741,5.394450075891741
5.408863420578317,5.408863420578317
5.423317263470073,5.423317263470073
5.437811837034127,5.437811837034127
5.4523473754084,5.4523473754084
5.466924114417765,5.466924114417765
5.481542291590413,5.481542291590413
5.496202146174428,5.496202146174428
5.5109039191545355,5.5109039191545355
5.525647853269051,5.525647853269051
5.540434193027088,5.540434193027088
5.555263184725944,5.555263184725944
5.570135076468691,5.570135076468691
5.58505011818201,5.58505011818201
5.600008561634221,5.600008561634221
5.615010660453595,5.615010660453595
5.630056670146819,5.630056670146819
5.64514684811773,5.64514684811773
5.660281453686302,5.660281453686302
5.675460748107851,5.675460748107851
5.690684994592487,5.690684994592487
5.705954458324793,5.705954458324793
5.721269406483801,5.721269406483801
5.73663010826318,5.73663010826318
5.752036834891718,5.752036834891718
5.767489859654017,5.767489859654017
5.782989457911492,5.782989457911492
5.7985359071236635,5.7985359071236635
5.814129486869659,5.814129486869659
5.829770478870029,5.829770478870029
5.84545916700886,5.84545916700886
5.861195837356168,5.861195837356168
5.876980778190563,5.876980778190563
5.8928142800222245,5.8928142800222245
5.90869663561617,5.90869663561617
5.924628140015875,5.924628140015875
5.940609090567141,5.940609090567141
5.956639786942302,5.956639786942302
5.9727205311647635,5.9727205311647635
5.988851627633883,5.988851627633883
6.005033383150137,6.005033383150137
6.021266106940648,6.021266106940648
6.037550110685063,6.037550110685063
6.053885708541785,6.053885708541785
6.070273217174529,6.070273217174529
6.086712955779251,6.086712955779251
6.1032052461114485,6.1032052461114485
6.119750412513846,6.119750412513846
6.136348781944426,6.136348781944426
6.153000684004846,6.153000684004846
6.169706450969279,6.169706450969279
6.186466417813629,6.186466417813629
6.203280922245141,6.203280922245141
6.2201503047324245,6.2201503047324245
6.2370749085359,6.2370749085359
6.25405507973869,6.25405507973869
6.271091167277893,6.271091167277893
6.288183522976325,6.288183522976325
6.305332501574701,6.305332501574701
6.322538460764282,6.322538460764282
6.339801761219965,6.339801761219965
6.357122766633828,6.357122766633828
6.374501843749192,6.374501843749192
6.391939362395141,6.391939362395141
6.409435695521543,6.409435695521543
6.426991219234544,6.426991219234544
6.444606312832619,6.444606312832619
6.4622813588431205,6.4622813588431205
6.480016743059352,6.480016743059352
6.497812854578151,6.497812854578151
6.515670085838083,6.515670085838083
6.533588832658143,6.533588832658143
6.551569494277036,6.551569494277036
6.569612473393019,6.569612473393019
6.5877181762043575,6.5877181762043575
6.605887012450355,6.605887012450355
6.624119395453014,6.624119395453014
6.642415742159264,6.642415742159264
6.660776473183872,6.660776473183872
6.679202012852986,6.679202012852986
6.697692789248298,6.697692789248298
6.716249234251883,6.716249234251883
6.734871783591734,6.734871783591734
6.7535608768879705,6.7535608768879705
6.772316957699747,6.772316957699747
6.791140473572854,6.791140473572854
6.810031876088082,6.810031876088082
6.828991620910314,6.828991620910314
6.848020167838357,6.848020167838357
6.867117980855538,6.867117980855538
6.886285528181094,6.886285528181094
6.905523282322382,6.905523282322382
6.9248317201278455,6.9248317201278455
6.944211322840828,6.944211322840828
6.963662576154248,6.963662576154248
6.983185970266128,6.983185970266128
7.0027819999359675,7.0027819999359675
7.022451164542024,7.022451164542024
7.0421939681394985,7.0421939681394985
7.0620109195196745,7.0620109195196745
7.081902532269947,7.081902532269947
7.1018693248348335,7.1018693248348335
7.121911820577978,7.121911820577978
7.142030547845149,7.142030547845149
7.1622260400282425,7.1622260400282425
7.182498835630306,7.182498835630306
7.202849478331655,7.202849478331655
7.223278517057067,7.223278517057067
7.243786506044045,7.243786506044045
7.264374004912203,7.264374004912203
7.285041578733815,7.285041578733815
7.30578979810555,7.30578979810555
7.3266192392213245,7.3266192392213245
7.347530483946451,7.347530483946451
7.3685241198929425,7.3685241198929425
7.389600740496138,7.389600740496138
7.410760945092616,7.410760945092616
7.4320053389993905,7.4320053389993905
7.4533345335944245,7.4533345335944245
7.474749146398587,7.474749146398587
7.496249801158962,7.496249801158962
7.517837127933572,7.517837127933572
7.539511763177553,7.539511763177553
7.561274349830847,7.561274349830847
7.583125537407392,7.583125537407392
7.60506598208585,7.60506598208585
7.62709634680191,7.62709634680191
7.649217301342206,7.649217301342206
7.671429522439917,7.671429522439917
7.693733693872006,7.693733693872006
7.7161305065581525,7.7161305065581525
7.7386206586615005,7.7386206586615005
7.761204855691178,7.761204855691178
7.783883810606613,7.783883810606613
7.806658243923735,7.806658243923735
7.829528883823092,7.829528883823092
7.852496466259931,7.852496466259931
7.8755617350762455,7.8755617350762455
7.898725442114834,7.898725442114834
7.921988347335499,7.921988347335499
7.945351218933363,7.945351218933363
7.968814833459299,7.968814833459299
7.9923799759426295,7.9923799759426295
8.016047440016097,8.016047440016097
8.039818028043143,8.039818028043143
8.063692551247584,8.063692551247584
8.08767182984564,8.08767182984564
8.111756693180544,8.111756693180544
8.135947979859628,8.135947979859628
8.160246537894048,8.160246537894048
8.184653224841076,8.184653224841076
8.209168907949207,8.209168907949207
8.233794464306024,8.233794464306024
8.258530780988853,8.258530780988853
8.283378755218367,8.283378755218367
8.308339294515156,8.308339294515156
8.333413316859382,8.333413316859382
8.358601750853476,8.358601750853476
8.38390553588808,8.38390553588808
8.40932562231123,8.40932562231123
8.43486297160094,8.43486297160094
8.460518556541116,8.460518556541116
8.486293361401042,8.486293361401042
8.512188382118438,8.512188382118438
8.538204626486216,8.538204626486216
8.564343114342963,8.564343114342963
8.5906048777673,8.5906048777673
8.616990961276198,8.616990961276198
8.643502422027364,8.643502422027364
8.670140330025736,8.670140330025736
8.696905768334233,8.696905768334233
8.72379983328888,8.72379983328888
8.750823634718435,8.750823634718435
8.777978296168522,8.777978296168522
8.805264955130479,8.805264955130479
8.832684763275054,8.832684763275054
8.860238886691011,8.860238886691011
8.8879285061288,8.8879285061288
8.91575481724938,8.91575481724938
8.943719030878441,8.943719030878441
8.971822373266022,8.971822373266022
9.000066086351785,9.000066086351785
9.028451428035941,9.028451428035941
9.05697967245621,9.05697967245621
9.085652110270727,9.085652110270727
9.114470048947236,9.114470048947236
9.143434813058565,9.143434813058565
9.172547744584763,9.172547744584763
9.201810203221902,9.201810203221902
9.231223566697786,9.231223566697786
9.260789231094744,9.260789231094744
9.290508611179705,9.290508611179705
9.320383140741825,9.320383140741825
9.350414272937694,9.350414272937694
9.380603480644488,9.380603480644488
9.410952256821242,9.410952256821242
9.441462114878483,9.441462114878483
9.472134589056413,9.472134589056413
9.502971234811863,9.502971234811863
9.533973629214382,9.533973629214382
9.565143371351637,9.565143371351637
9.596482082744348,9.596482082744348
9.627991407771095,9.627991407771095
9.659673014103285,9.659673014103285
9.691528593150576,9.691528593150576
9.723559860516964,9.723559860516964
9.755768556467942,9.755768556467942
9.788156446409063,9.788156446409063
9.820725321376202,9.820725321376202
9.853476998537818,9.853476998537818
9.886413321709647,9.886413321709647
9.919536161882206,9.919536161882206
9.952847417761436,9.952847417761436
9.986349016322892,9.986349016322892
10.020042913379886,10.020042913379886
10.053931094166064,10.053931094166064
10.088015573932822,10.088015573932822
10.122298398561972,10.122298398561972
10.156781645194158,10.156781645194158
10.1914674228736,10.1914674228736
10.22635787320955,10.22635787320955
10.261455171055049,10.261455171055049
10.296761525203452,10.296761525203452
10.332279179103484,10.332279179103484
10.368010411593188,10.368010411593188
10.403957537653483,10.403957537653483
10.440122909181959,10.440122909181959
10.476508915787539,10.476508915787539
10.513117985606792,10.513117985606792
10.549952586142389,10.549952586142389
10.587015225124643,10.587015225124643
10.624308451396809,10.624308451396809
10.66183485582496,10.66183485582496
10.699597072233235,10.699597072233235
10.737597778365283,10.737597778365283
10.775839696872929,10.775839696872929
10.81432559633286,10.81432559633286
10.853058292292303,10.853058292292303
10.89204064834476,10.89204064834476
10.931275577236779,10.931275577236779
10.97076604200689,10.97076604200689
11.010515057157857,11.010515057157857
11.050525689863308,11.050525689863308
11.090801061210055,11.090801061210055
11.131344347477395,11.131344347477395
11.172158781454739,11.172158781454739
11.213247653798767,11.213247653798767
11.254614314431805,11.254614314431805
11.29626217398276,11.29626217398276
11.338194705272299,11.338194705272299
11.380415444843798,11.380415444843798
11.422927994541782,11.422927994541782
11.465736023139774,11.465736023139774
11.508843268019314,11.508843268019314
11.552253536902006,11.552253536902006
11.59597070963678,11.59597070963678
11.63999874004448,11.63999874004448
11.684341657821895,11.684341657821895
11.729003570507631,11.729003570507631
11.77398866551219,11.77398866551219
11.81930121221489,11.81930121221489
11.864945564130275,11.864945564130275
11.910926161146639,11.910926161146639
11.957247531839734,11.957247531839734
12.00391429586471,12.00391429586471
12.050931166429452,12.050931166429452
12.098302952852588,12.098302952852588
12.146034563209774,12.146034563209774
12.194131007071936,12.194131007071936
12.242597398339345,12.242597398339345
12.291438958175457,12.291438958175457
12.340661018044928,12.340661018044928
12.390269022860183,12.390269022860183
12.440268534241318,12.440268534241318
12.490665233894177,12.490665233894177
12.541464927111775,12.541464927111775
12.592673546404686,12.592673546404686
12.644297155265997,12.644297155265997
12.69634195207687,12.69634195207687
12.748814274159086,12.748814274159086
12.801720601981321,12.801720601981321
12.85506756352624,12.85506756352624
12.908861938825636,12.908861938825636
12.963110664671667,12.963110664671667
13.017820839512416,13.017820839512416
13.072999728540497,13.072999728540497
13.128654768983846,13.128654768983846
13.184793575608513,13.184793575608513
13.241423946443764,13.241423946443764
13.298553868740308,13.298553868740308
13.35619152517317,13.35619152517317
13.414345300301276,13.414345300301276
13.473023787296881,13.473023787296881
13.532235794958236,13.532235794958236
13.59199035502005,13.59199035502005
13.652296729776998,13.652296729776998
13.713164420036595,13.713164420036595
13.774603173418784,13.774603173418784
13.836622993020189,13.836622993020189
13.899234146462803,13.899234146462803
13.96244717534768,13.96244717534768
14.026272905135576,14.026272905135576
14.090722455477874,14.090722455477874
14.15580725102272,14.15580725102272
14.22153903272288,14.22153903272288
14.287929869673635,14.287929869673635
14.354992171510577,14.354992171510577
14.422738701399632,14.422738701399632
14.491182589653706,14.491182589653706
14.560337348012347,14.560337348012347
14.630216884623755,14.630216884623755
14.70083551977099,14.70083551977099
14.772208002387213,14.772208002387213
14.844349527408145,14.844349527408145
14.917275754012964,14.917275754012964
14.991002824808971,14.991002824808971
15.065547386019418,15.065547386019418
15.140926608738017,15.140926608738017
15.217158211318491,15.217158211318491
15.294260482972849,15.294260482972849
15.372252308657648,15.372252308657648
15.45115319533357,15.45115319533357
15.530983299690224,15.530983299690224
15.611763457435572,15.611763457435572
15.693515214257289,15.693515214257289
15.776260858572007,15.776260858572007
15.860023456187621,15.860023456187621
15.944826887014717,15.944826887014717
16.030695883974328,16.030695883974328
16.117656074261664,16.117656074261664
16.205734023139147,16.205734023139147
16.294957280447342,16.294957280447342
16.38535443003898,16.38535443003898
16.476955142359408,16.476955142359408
16.56979023041696,16.56979023041696
16.66389170940923,16.66389170940923
16.759292860295872,16.759292860295872
16.856028297635838,16.856028297635838
16.95413404203685,16.95413404203685
17.053647597599326,17.053647597599326
17.15460803477383,17.15460803477383
17.25705607909281,17.25705607909281
17.36103420628394,17.36103420628394
17.46658674432424,17.46658674432424
17.57375998305227,17.57375998305227
17.68260229202055,17.68260229202055
17.793164247343324,17.793164247343324
17.905498768376873,17.905498768376873
18.019661265162195,18.019661265162195
18.13570979766371,18.13570979766371
18.25370524795543,18.25370524795543
18.373711506639687,18.373711506639687
18.49579567493491,18.49579567493491
18.620028284040576,18.620028284040576
18.746483533583675,18.746483533583675
18.87523955117502,18.87523955117502
19.00637867535985,19.00637867535985
19.139987764540766,19.139987764540766
19.276158534788753,19.276158534788753
19.414987929847772,19.414987929847772
19.55657852708819,19.55657852708819
19.701038983685436,19.701038983685436
19.848484527906084,19.848484527906084
19.999037501089703,19.999037501089703
20.152827956739205,20.152827956739205
20.30999432410031,20.30999432410031
20.47068414474759,20.47068414474759
20.635054892037292,20.635054892037292
20.8032748848772,20.8032748848772
20.975524309153773,20.975524309153773
21.15199636241154,21.15199636241154
21.332898540081487,21.332898540081487
21.51845408480534,21.51845408480534
21.708903624330482,21.708903624330482
21.90450702821693,21.90450702821693
22.10554551941358,22.10554551941358
22.312324083890736,22.312324083890736
22.525174230304547,22.525174230304547
22.744457162562053,22.744457162562053
22.97056744173986,22.97056744173986
23.203937230856184,23.203937230856184
23.44504123752991,23.44504123752991
23.694402496955895,23.694402496955895
23.95259917274273,23.95259917274273
24.220272598535495,24.220272598535495
24.498136842480847,24.498136842480847
24.78699015436481,24.78699015436481
25.087728758546362,25.087728758546362
25.401363594449467,25.401363594449467
25.729040794578513,25.729040794578513
26.072066948659465,26.072066948659465
26.431940562702493,26.431940562702493
26.81039163072022,26.81039163072022
27.20943196740743,27.20943196740743
27.631420017162554,27.631420017162554
28.07914544350253,28.07914544350253
28.555941218812265,28.555941218812265
29.06583469602377,29.06583469602377
29.613755158186926,29.613755158186926
30.20582525045796,30.20582525045796
30.84978059032491,30.84978059032491
31.55559180158616,31.55559180158616
32.336418810153035,32.336418810153035
33.210136168912896,33.210136168912896
34.201895959604414,34.201895959604414
35.34871072459097,35.34871072459097
36.708331312032236,36.708331312032236
38.37838999057669,38.37838999057669
40.544472487139565,40.544472487139565
43.633406850338005,43.633406850338005
49.085667809157556,49.085667809157556
