-7.000521336886759,-7.000521336886759
-6.962835133306833,-6.962835133306833
-6.900413719800532,-6.900413719800532
-6.8290998153408005,-6.8290998153408005
-6.752418126791827,-6.752418126791827
-6.6720471023292625,-6.6720471023292625
-6.5889761489124234,-6.5889761489124234
-6.503859069731581,-6.503859069731581
-6.417160352066836,-6.417160352066836
-6.32922701931679,-6.32922701931679
-6.2403281351482125,-6.2403281351482125
-6.15067834931405,-6.15067834931405
-6.060452814289914,-6.060452814289914
-5.969797098154115,-5.969797098154115
-5.878834031348399,-5.878834031348399
-5.787668588575461,-5.787668588575461
-5.696391463924953,-5.696391463924953
-5.605081749264145,-5.605081749264145
-5.513808980568489,-5.513808980568489
-5.422634728301455,-5.422634728301455
-5.331613852151272,-5.331613852151272
-5.240795504231796,-5.240795504231796
-5.15022394076018,-5.15022394076018
-5.059939185817895,-5.059939185817895
-4.969977579401623,-4.969977579401623
-4.880372233903317,-4.880372233903317
-4.791153417354992,-4.791153417354992
-4.702348877535713,-4.702348877535713
-4.613984117900777,-4.613984117900777
-4.526082633941225,-4.526082633941225
-4.438666116798583,-4.438666116798583
-4.351754629592967,-4.351754629592967
-4.265366760865086,-4.265366760865086
-4.179519758706617,-4.179519758706617
-4.094229648502743,-4.094229648502743
-4.009511336694148,-4.009511336694148
-3.925378702552521,-3.925378702552521
-3.841844679630925,-3.841844679630925
-3.7589213282805884,-3.7589213282805884
-3.6766199004056235,-3.6766199004056235
-3.5949508974466813,-3.5949508974466813
-3.513924122435597,-3.513924122435597
-3.433548726839588,-3.433548726839588
-3.353833252810687,-3.353833252810687
-3.2747856713698966,-3.2747856713698966
-3.1964134169831344,-3.1964134169831344
-3.118723418924809,-3.118723418924809
-3.041722129773039,-3.041722129773039
-2.96541555133629,-2.96541555133629
-2.8898092582735444,-2.8898092582735444
-2.8149084196377023,-2.8149084196377023
-2.7407178185441206,-2.7407178185441206
-2.667241870142142,-2.667241870142142
-2.594484638046672,-2.594484638046672
-2.5224498493687837,-2.5224498493687837
-2.451140908468593,-2.451140908468593
-2.3805609095398723,-2.3805609095398723
-2.31071264812385,-2.31071264812385
-2.2415986316390066,-2.2415986316390066
-2.173221089004404,-2.173221089004404
-2.105581979425778,-2.105581979425778
-2.0386830004063885,-2.0386830004063885
-1.9725255950380804,-1.9725255950380804
-1.9071109586222756,-1.9071109586222756
-1.842440044665439,-1.842440044665439
-1.7785135702889434,-1.7785135702889434
-1.7153320210891385,-1.7153320210891385
-1.6528956554797352,-1.6528956554797352
-1.5912045085447366,-1.5912045085447366
-1.5302583954287083,-1.5302583954287083
-1.4700569142856923,-1.4700569142856923
-1.4105994488082527,-1.4105994488082527
-1.3518851703541903,-1.3518851703541903
-1.2939130396868879,-1.2939130396868879
-1.2366818083432054,-1.2366818083432054
-1.1801900196410124,-1.1801900196410124
-1.1244360093367765,-1.1244360093367765
-1.069417905942011,-1.069417905942011
-1.0151336307059307,-1.0151336307059307
-0.9615808972702266,-0.9615808972702266
-0.9087572110005597,-0.9087572110005597
-0.8566598679980716,-0.8566598679980716
-0.8052859537929953,-0.8052859537929953
-0.7546323417212488,-0.7546323417212488
-0.7046956909837333,-0.7046956909837333
-0.6554724443869221,-0.6554724443869221
-0.6069588257621852,-0.6069588257621852
-0.5591508370602014,-0.5591508370602014
-0.5120442551156474,-0.5120442551156474
-0.4656346280762722,-0.4656346280762722
-0.419917271489269,-0.419917271489269
-0.3748872640367383,-0.3748872640367383
-0.33053944291079207,-0.33053944291079207
-0.28686839881765575,-0.28686839881765575
-0.2438684705988099,-0.2438684705988099
-0.20153373945591388,-0.20153373945591388
-0.15985802276483072,-0.15985802276483072
-0.11883486746264403,-0.11883486746264403
-0.07845754298998762,-0.07845754298998762
-0.03871903376940317,-0.03871903376940317
0.00038796880129357173,0.00038796880129357173
0.038871074863493255,0.038871074863493255
0.07673820514492909,0.07673820514492909
0.1139976005663724,0.1139976005663724
0.15065783243703046,0.15065783243703046
0.18672781327020066,0.18672781327020066
0.2222168082533203,0.2222168082533203
0.257134447409343,0.257134447409343
0.2914907384893845,0.2914907384893845
0.32529608063984383,0.32529608063984383
0.35856127889072653,0.35856127889072653
0.391297559515728,0.391297559515728
0.4235165863187927,0.4235165863187927
0.4552304779063869,0.4552304779063869
0.4864518260096438,0.4864518260096438
0.5171937149259208,0.5171937149259208
0.5474697421551462,0.5474697421551462
0.5772940403128092,0.5772940403128092
0.6066813004083725,0.6066813004083725
0.6356467965856858,0.6356467965856858
0.6642064124303471,0.6642064124303471
0.6923766689582898,0.6923766689582898
0.7201747544100677,0.7201747544100677
0.7476185559865773,0.7476185559865773
0.7747266936743673,0.7747266936743673
0.801518556322414,0.801518556322414
0.8280143401474079,0.8280143401474079
0.8542350898614205,0.8542350898614205
0.8802027426344616,0.8802027426344616
0.9059401751251523,0.9059401751251523
0.9314712538358066,0.9314712538358066
0.9568208890738676,0.9568208890738676
0.9820150928303264,0.9820150928303264
1.0070810409177617,1.0070810409177617
1.0320471397465094,1.0320471397465094
1.0569430981576518,1.0569430981576518
1.0818000047767016,1.0818000047767016
1.106650411402633,1.106650411402633
1.1315284230042304,1.1315284230042304
1.156469794960323,1.156469794960323
1.1815120382537865,1.1815120382537865
1.2066945334119779,1.2066945334119779
1.2320586540807226,1.2320586540807226
1.257647901226049,1.257647901226049
1.2835080490804482,1.2835080490804482
1.3096873040902568,1.3096873040902568
1.3362364782812164,1.3362364782812164
1.3632091786435023,1.3632091786435023
1.3906620143496842,1.3906620143496842
1.418654823864125,1.418654823864125
1.4472509242859117,1.4472509242859117
1.4765173855967266,1.4765173855967266
1.5065253328683434,1.5065253328683434
1.5373502799321297,1.5373502799321297
1.569072498537187,1.569072498537187
1.6017774276399115,1.6017774276399115
1.635556128194187,1.635556128194187
1.6705057896709734,1.6705057896709734
1.7067302955567025,1.7067302955567025
1.7443408562967195,1.7443408562967195
1.783456719606151,1.783456719606151
1.8242059698209043,1.8242059698209043
1.8667264300738715,1.8667264300738715
1.9111666836436028,1.9111666836436028
1.9576872339440197,1.9576872339440197
2.0064618264470733,2.0064618264470733
2.0576789605369363,2.0576789605369363
2.1115436251225916,2.1115436251225916
2.168279299094211,2.168279299094211
2.2281302668068705,2.2281302668068705
2.2913643102533303,2.2913643102533303
2.358275854172641,2.358275854172641
2.4291896590111306,2.4291896590111306
2.5044651807440017,2.5044651807440017
2.584501747917173,2.584501747917173
2.6697447474414093,2.6697447474414093
2.7606930652684922,2.7606930652684922
2.8579081012415557,2.8579081012415557
2.962024776561908,2.962024776561908
3.073765088329853,3.073765088329853
3.193954954683524,3.193954954683524
3.323545360671223,3.323545360671223
3.4636391968973026,3.4636391968973026
3.615525739528167,3.615525739528167
3.7807255468151784,3.7807255468151784
3.9610498009364936,3.9610498009364936
4.158680070330543,4.158680070330543
4.376277569845281,4.376277569845281
4.617136088895688,4.617136088895688
4.885401405757898,4.885401405757898
5.186395271799822,5.186395271799822
5.527110241742488,5.527110241742488
5.916996539852549,5.916996539852549
6.369276174295433,6.369276174295433
6.903275550515447,6.903275550515447
7.54890233773211,7.54890233773211
8.356180837569536,8.356180837569536
9.418780571923886,9.418780571923886
10.946942904570784,10.946942904570784
13.613269718701062,13.613269718701062
