-7.1246202955391915,-7.1246202955391915
-7.133123037093147,-7.133123037093147
-7.138137152818108,-7.138137152818108
-7.141609740193168,-7.141609740193168
-7.144065475540787,-7.144065475540787
-7.145761147370828,-7.145761147370828
-7.146850203207273,-7.146850203207273
-7.147434922449977,-7.147434922449977
-7.147588426543906,-7.147588426543906
-7.147365620014906,-7.147365620014906
-7.14680925621405,-7.14680925621405
-7.145953575122087,-7.145953575122087
-7.144826619004612,-7.144826619004612
-7.143451777180678,-7.143451777180678
-7.141848856334502,-7.141848856334502
-7.140034845677999,-7.140034845677999
-7.138024478551865,-7.138024478551865
-7.135830653978251,-7.135830653978251
-7.133464759282046,-7.133464759282046
-7.130936921208327,-7.130936921208327
-7.1282562043141375,-7.1282562043141375
-7.125430769788057,-7.125430769788057
-7.122468004098982,-7.122468004098982
-7.119374624316056,-7.119374624316056
-7.116156765159983,-7.116156765159983
-7.112820051583236,-7.112820051583236
-7.109369659766978,-7.109369659766978
-7.1058103687573455,-7.1058103687573455
-7.102146604470758,-7.102146604470758
-7.0983824774279665,-7.0983824774279665
-7.094521815295803,-7.094521815295803
-7.090568191100142,-7.090568191100142
-7.086524947806865,-7.086524947806865
-7.082395219837086,-7.082395219837086
-7.0781819519802704,-7.0781819519802704
-7.073887916087093,-7.073887916087093
-7.069515725858611,-7.069515725858611
-7.065067849995637,-7.065067849995637
-7.060546623929478,-7.060546623929478
-7.055954260320348,-7.055954260320348
-7.0512928584811645,-7.0512928584811645
-7.046564412860796,-7.046564412860796
-7.041770820701254,-7.041770820701254
-7.036913888967007,-7.036913888967007
-7.031995340630903,-7.031995340630903
-7.0270168203896715,-7.0270168203896715
-7.021979899872295,-7.021979899872295
-7.016886082396285,-7.016886082396285
-7.011736807319848,-7.011736807319848
-7.006533454032006,-7.006533454032006
-7.00127734561753,-7.00127734561753
-6.99596975222916,-6.99596975222916
-6.990611894195782,-6.990611894195782
-6.98520494489187,-6.98520494489187
-6.979750033390734,-6.979750033390734
-6.974248246921516,-6.974248246921516
-6.968700633147785,-6.968700633147785
-6.963108202283602,-6.963108202283602
-6.9574719290613265,-6.9574719290613265
-6.951792754563898,-6.951792754563898
-6.946071587933082,-6.946071587933082
-6.940309307963992,-6.940309307963992
-6.9345067645951985,-6.9345067645951985
-6.928664780302836,-6.928664780302836
-6.922784151406315,-6.922784151406315
-6.916865649292539,-6.916865649292539
-6.91091002156488,-6.91091002156488
-6.904917993122618,-6.904917993122618
-6.8988902671760135,-6.8988902671760135
-6.89282752620175,-6.89282752620175
-6.8867304328430485,-6.8867304328430485
-6.880599630758431,-6.880599630758431
-6.874435745422708,-6.874435745422708
-6.868239384883516,-6.868239384883516
-6.8620111404764765,-6.8620111404764765
-6.855751587501717,-6.855751587501717
-6.849461285864363,-6.849461285864363
-6.843140780681361,-6.843140780681361
-6.836790602856817,-6.836790602856817
-6.830411269627849,-6.830411269627849
-6.824003285082851,-6.824003285082851
-6.817567140653854,-6.817567140653854
-6.811103315584624,-6.811103315584624
-6.804612277375918,-6.804612277375918
-6.7980944822093345,-6.7980944822093345
-6.791550375350978,-6.791550375350978
-6.784980391536172,-6.784980391536172
-6.778384955336276,-6.778384955336276
-6.771764481508657,-6.771764481508657
-6.765119375330784,-6.765119375330784
-6.758450032919304,-6.758450032919304
-6.751756841534964,-6.751756841534964
-6.745040179874132,-6.745040179874132
-6.738300418347669,-6.738300418347669
-6.731537919347798,-6.731537919347798
-6.72475303750365,-6.72475303750365
-6.717946119926043,-6.717946119926043
-6.711117506442081,-6.711117506442081
-6.70426752982008,-6.70426752982008
-6.697396515985332,-6.697396515985332
-6.690504784227144,-6.690504784227144
-6.683592647397623,-6.683592647397623
-6.676660412102567,-6.676660412102567
-6.6697083788849145,-6.6697083788849145
-6.662736842401032,-6.662736842401032
-6.655746091590267,-6.655746091590267
-6.648736409838018,-6.648736409838018
-6.641708075132673,-6.641708075132673
-6.634661360216677,-6.634661360216677
-6.627596532732016,-6.627596532732016
-6.620513855360357,-6.620513855360357
-6.613413585958108,-6.613413585958108
-6.6062959776865995,-6.6062959776865995
-6.599161279137636,-6.599161279137636
-6.592009734454601,-6.592009734454601
-6.584841583449302,-6.584841583449302
-6.577657061714779,-6.577657061714779
-6.570456400734214,-6.570456400734214
-6.563239827986103,-6.563239827986103
-6.556007567045904,-6.556007567045904
-6.548759837684226,-6.548759837684226
-6.541496855961791,-6.541496855961791
-6.5342188343212175,-6.5342188343212175
-6.526925981675832,-6.526925981675832
-6.519618503495568,-6.519618503495568
-6.512296601890113,-6.512296601890113
-6.504960475689389,-6.504960475689389
-6.497610320521476,-6.497610320521476
-6.490246328888095,-6.490246328888095
-6.482868690237723,-6.482868690237723
-6.475477591036441,-6.475477591036441
-6.468073214836616,-6.468073214836616
-6.460655742343473,-6.460655742343473
-6.453225351479657,-6.453225351479657
-6.4457822174478565,-6.4457822174478565
-6.438326512791557,-6.438326512791557
-6.4308584074539885,-6.4308584074539885
-6.423378068835355,-6.423378068835355
-6.415885661848376,-6.415885661848376
-6.408381348972236,-6.408381348972236
-6.400865290304973,-6.400865290304973
-6.393337643614366,-6.393337643614366
-6.385798564387395,-6.385798564387395
-6.3782482058782906,-6.3782482058782906
-6.370686719155261,-6.370686719155261
-6.363114253145893,-6.363114253145893
-6.355530954681334,-6.355530954681334
-6.347936968539241,-6.347936968539241
-6.34033243748556,-6.34033243748556
-6.332717502315202,-6.332717502315202
-6.325092301891596,-6.325092301891596
-6.317456973185212,-6.317456973185212
-6.309811651311044,-6.309811651311044
-6.302156469565125,-6.302156469565125
-6.294491559460077,-6.294491559460077
-6.286817050759741,-6.286817050759741
-6.279133071512912,-6.279133071512912
-6.27143974808621,-6.27143974808621
-6.263737205196117,-6.263737205196117
-6.2560255659402,-6.2560255659402
-6.248304951827546,-6.248304951827546
-6.240575482808443,-6.240575482808443
-6.23283727730332,-6.23283727730332
-6.225090452230969,-6.225090452230969
-6.217335123036085,-6.217335123036085
-6.2095714037161205,-6.2095714037161205
-6.201799406847505,-6.201799406847505
-6.194019243611219,-6.194019243611219
-6.186231023817756,-6.186231023817756
-6.178434855931512,-6.178434855931512
-6.17063084709456,-6.17063084709456
-6.162819103149902,-6.162819103149902
-6.154999728664157,-6.154999728664157
-6.14717282694972,-6.14717282694972
-6.1393385000864225,-6.1393385000864225
-6.131496848942684,-6.131496848942684
-6.123647973196186,-6.123647973196186
-6.115791971354062,-6.115791971354062
-6.107928940772658,-6.107928940772658
-6.100058977676828,-6.100058977676828
-6.092182177178799,-6.092182177178799
-6.0842986332966245,-6.0842986332966245
-6.076408438972231,-6.076408438972231
-6.068511686089062,-6.068511686089062
-6.060608465489336,-6.060608465489336
-6.052698866990933,-6.052698866990933
-6.044782979403915,-6.044782979403915
-6.036860890546695,-6.036860890546695
-6.0289326872618485,-6.0289326872618485
-6.0209984554316005,-6.0209984554316005
-6.013058279992979,-6.013058279992979
-6.005112244952651,-6.005112244952651
-5.997160433401446,-5.997160433401446
-5.989202927528581,-5.989202927528581
-5.981239808635583,-5.981239808635583
-5.973271157149936,-5.973271157149936
-5.965297052638433,-5.965297052638433
-5.957317573820266,-5.957317573820266
-5.949332798579855,-5.949332798579855
-5.941342803979401,-5.941342803979401
-5.9333476662711995,-5.9333476662711995
-5.925347460909701,-5.925347460909701
-5.917342262563344,-5.917342262563344
-5.90933214512613,-5.90933214512613
-5.901317181728997,-5.901317181728997
-5.893297444750949,-5.893297444750949
-5.885273005829979,-5.885273005829979
-5.877243935873782,-5.877243935873782
-5.869210305070244,-5.869210305070244
-5.8611721828977545,-5.8611721828977545
-5.8531296381353,-5.8531296381353
-5.845082738872378,-5.845082738872378
-5.837031552518712,-5.837031552518712
-5.828976145813797,-5.828976145813797
-5.820916584836256,-5.820916584836256
-5.812852935013016,-5.812852935013016
-5.80478526112833,-5.80478526112833
-5.796713627332622,-5.796713627332622
-5.788638097151159,-5.788638097151159
-5.7805587334925885,-5.7805587334925885
-5.772475598657289,-5.772475598657289
-5.7643887543456005,-5.7643887543456005
-5.756298261665882,-5.756298261665882
-5.748204181142431,-5.748204181142431
-5.740106572723264,-5.740106572723264
-5.732005495787761,-5.732005495787761
-5.723901009154158,-5.723901009154158
-5.71579317108692,-5.71579317108692
-5.707682039303991,-5.707682039303991
-5.699567670983896,-5.699567670983896
-5.6914501227727285,-5.6914501227727285
-5.683329450791031,-5.683329450791031
-5.675205710640529,-5.675205710640529
-5.667078957410765,-5.667078957410765
-5.658949245685622,-5.658949245685622
-5.650816629549727,-5.650816629549727
-5.642681162594739,-5.642681162594739
-5.6345428979255505,-5.6345428979255505
-5.6264018881663675,-5.6264018881663675
-5.618258185466691,-5.618258185466691
-5.610111841507199,-5.610111841507199
-5.601962907505536,-5.601962907505536
-5.5938114342219905,-5.5938114342219905
-5.585657471965105,-5.585657471965105
-5.577501070597156,-5.577501070597156
-5.569342279539585,-5.569342279539585
-5.56118114777831,-5.56118114777831
-5.553017723868962,-5.553017723868962
-5.544852055942045,-5.544852055942045
-5.536684191707988,-5.536684191707988
-5.5285141784621485,-5.5285141784621485
-5.520342063089701,-5.520342063089701
-5.5121678920704795,-5.5121678920704795
-5.5039917114837245,-5.5039917114837245
-5.495813567012746,-5.495813567012746
-5.487633503949553,-5.487633503949553
-5.479451567199352,-5.479451567199352
-5.471267801285023,-5.471267801285023
-5.46308225035151,-5.46308225035151
-5.45489495817013,-5.45489495817013
-5.446705968142839,-5.446705968142839
-5.4385153233064125,-5.4385153233064125
-5.430323066336572,-5.430323066336572
-5.422129239552042,-5.422129239552042
-5.413933884918559,-5.413933884918559
-5.405737044052795,-5.405737044052795
-5.397538758226249,-5.397538758226249
-5.389339068369059,-5.389339068369059
-5.381138015073765,-5.381138015073765
-5.372935638599018,-5.372935638599018
-5.364731978873229,-5.364731978873229
-5.356527075498166,-5.356527075498166
-5.348320967752496,-5.348320967752496
-5.340113694595282,-5.340113694595282
-5.33190529466941,-5.33190529466941
-5.3236958063049915,-5.3236958063049915
-5.315485267522694,-5.315485267522694
-5.30727371603704,-5.30727371603704
-5.29906118925964,-5.29906118925964
-5.290847724302401,-5.290847724302401
-5.282633357980668,-5.282633357980668
-5.274418126816333,-5.274418126816333
-5.266202067040896,-5.266202067040896
-5.257985214598481,-5.257985214598481
-5.249767605148811,-5.249767605148811
-5.2415492740701435,-5.2415492740701435
-5.233330256462155,-5.233330256462155
-5.225110587148794,-5.225110587148794
-5.216890300681102,-5.216890300681102
-5.208669431339963,-5.208669431339963
-5.200448013138857,-5.200448013138857
-5.192226079826543,-5.192226079826543
-5.1840036648897225,-5.1840036648897225
-5.175780801555656,-5.175780801555656
-5.167557522794751,-5.167557522794751
-5.159333861323111,-5.159333861323111
-5.151109849605051,-5.151109849605051
-5.142885519855576,-5.142885519855576
-5.134660904042832,-5.134660904042832
-5.126436033890514,-5.126436033890514
-5.118210940880255,-5.118210940880255
-5.109985656253971,-5.109985656253971
-5.1017602110161775,-5.1017602110161775
-5.093534635936283,-5.093534635936283
-5.085308961550839,-5.085308961550839
-5.077083218165777,-5.077083218165777
-5.0688574358585905,-5.0688574358585905
-5.060631644480521,-5.060631644480521
-5.052405873658683,-5.052405873658683
-5.044180152798187,-5.044180152798187
-5.035954511084223,-5.035954511084223
-5.027728977484111,-5.027728977484111
-5.019503580749338,-5.019503580749338
-5.0112783494175615,-5.0112783494175615
-5.003053311814588,-5.003053311814588
-4.994828496056327,-4.994828496056327
-4.98660393005072,-4.98660393005072
-4.97837964149964,-4.97837964149964
-4.970155657900782,-4.970155657900782
-4.961932006549505,-4.961932006549505
-4.953708714540671,-4.953708714540671
-4.945485808770457,-4.945485808770457
-4.937263315938137,-4.937263315938137
-4.929041262547846,-4.929041262547846
-4.920819674910332,-4.920819674910332
-4.912598579144656,-4.912598579144656
-4.90437800117991,-4.90437800117991
-4.896157966756887,-4.896157966756887
-4.887938501429738,-4.887938501429738
-4.879719630567612,-4.879719630567612
-4.8715013793562685,-4.8715013793562685
-4.8632837727996785,-4.8632837727996785
-4.855066835721596,-4.855066835721596
-4.846850592767125,-4.846850592767125
-4.83863506840425,-4.83863506840425
-4.830420286925362,-4.830420286925362
-4.822206272448759,-4.822206272448759
-4.81399304892013,-4.81399304892013
-4.805780640114022,-4.805780640114022
-4.797569069635287,-4.797569069635287
-4.789358360920516,-4.789358360920516
-4.781148537239454,-4.781148537239454
-4.772939621696391,-4.772939621696391
-4.764731637231555,-4.764731637231555
-4.756524606622464,-4.756524606622464
-4.748318552485283,-4.748318552485283
-4.740113497276154,-4.740113497276154
-4.731909463292514,-4.731909463292514
-4.723706472674394,-4.723706472674394
-4.715504547405715,-4.715504547405715
-4.707303709315546,-4.707303709315546
-4.69910398007937,-4.69910398007937
-4.6909053812203245,-4.6909053812203245
-4.6827079341104305,-4.6827079341104305
-4.674511659971803,-4.674511659971803
-4.666316579877858,-4.666316579877858
-4.658122714754489,-4.658122714754489
-4.64993008538125,-4.64993008538125
-4.641738712392507,-4.641738712392507
-4.633548616278588,-4.633548616278588
-4.6253598173869195,-4.6253598173869195
-4.617172335923136,-4.617172335923136
-4.608986191952203,-4.608986191952203
-4.600801405399502,-4.600801405399502
-4.592617996051912,-4.592617996051912
-4.584435983558891,-4.584435983558891
-4.576255387433526,-4.576255387433526
-4.568076227053583,-4.568076227053583
-4.559898521662544,-4.559898521662544
-4.551722290370631,-4.551722290370631
-4.543547552155816,-4.543547552155816
-4.535374325864827,-4.535374325864827
-4.527202630214133,-4.527202630214133
-4.519032483790932,-4.519032483790932
-4.510863905054112,-4.510863905054112
-4.502696912335215,-4.502696912335215
-4.494531523839383,-4.494531523839383
-4.486367757646295,-4.486367757646295
-4.478205631711096,-4.478205631711096
-4.470045163865314,-4.470045163865314
-4.461886371817773,-4.461886371817773
-4.453729273155478,-4.453729273155478
-4.445573885344514,-4.445573885344514
-4.437420225730927,-4.437420225730927
-4.429268311541582,-4.429268311541582
-4.421118159885035,-4.421118159885035
-4.412969787752375,-4.412969787752375
-4.404823212018069,-4.404823212018069
-4.3966784494408,-4.3966784494408
-4.388535516664282,-4.388535516664282
-4.380394430218085,-4.380394430218085
-4.3722552065184335,-4.3722552065184335
-4.36411786186901,-4.36411786186901
-4.355982412461745,-4.355982412461745
-4.347848874377598,-4.347848874377598
-4.339717263587327,-4.339717263587327
-4.3315875959522625,-4.3315875959522625
-4.323459887225061,-4.323459887225061
-4.315334153050451,-4.315334153050451
-4.3072104089659815,-4.3072104089659815
-4.299088670402753,-4.299088670402753
-4.290968952686144,-4.290968952686144
-4.282851271036531,-4.282851271036531
-4.274735640570003,-4.274735640570003
-4.266622076299066,-4.266622076299066
-4.258510593133332,-4.258510593133332
-4.2504012058802205,-4.2504012058802205
-4.242293929245635,-4.242293929245635
-4.234188777834646,-4.234188777834646
-4.226085766152151,-4.226085766152151
-4.2179849086035475,-4.2179849086035475
-4.209886219495383,-4.209886219495383
-4.2017897130360025,-4.2017897130360025
-4.193695403336198,-4.193695403336198
-4.185603304409843,-4.185603304409843
-4.177513430174517,-4.177513430174517
-4.169425794452139,-4.169425794452139
-4.161340410969577,-4.161340410969577
-4.153257293359263,-4.153257293359263
-4.145176455159798,-4.145176455159798
-4.137097909816552,-4.137097909816552
-4.129021670682254,-4.129021670682254
-4.12094775101759,-4.12094775101759
-4.112876163991765,-4.112876163991765
-4.104806922683102,-4.104806922683102
-4.096740040079598,-4.096740040079598
-4.088675529079489,-4.088675529079489
-4.080613402491819,-4.080613402491819
-4.072553673036983,-4.072553673036983
-4.064496353347283,-4.064496353347283
-4.056441455967463,-4.056441455967463
-4.048388993355259,-4.048388993355259
-4.040338977881917,-4.040338977881917
-4.032291421832734,-4.032291421832734
-4.024246337407573,-4.024246337407573
-4.016203736721375,-4.016203736721375
-4.008163631804686,-4.008163631804686
-4.000126034604151,-4.000126034604151
-3.9920909569830205,-3.9920909569830205
-3.9840584107216555,-3.9840584107216555
-3.9760284075180055,-3.9760284075180055
-3.9680009589881116,-3.9680009589881116
-3.9599760766665786,-3.9599760766665786
-3.9519537720070597,-3.9519537720070597
-3.943934056382733,-3.943934056382733
-3.935916941086765,-3.935916941086765
-3.9279024373327798,-3.9279024373327798
-3.919890556255318,-3.919890556255318
-3.911881308910296,-3.911881308910296
-3.9038747062754564,-3.9038747062754564
-3.895870759250818,-3.895870759250818
-3.8878694786591144,-3.8878694786591144
-3.879870875246238,-3.879870875246238
-3.8718749596816764,-3.8718749596816764
-3.863881742558942,-3.863881742558942
-3.8558912343959983,-3.8558912343959983
-3.847903445635684,-3.847903445635684
-3.839918386646132,-3.839918386646132
-3.8319360677211893,-3.8319360677211893
-3.8239564990808197,-3.8239564990808197
-3.8159796908715204,-3.8159796908715204
-3.80800565316672,-3.80800565316672
-3.8000343959671845,-3.8000343959671845
-3.7920659292014065,-3.7920659292014065
-3.7841002627260045,-3.7841002627260045
-3.7761374063261073,-3.7761374063261073
-3.768177369715745,-3.768177369715745
-3.760220162538226,-3.760220162538226
-3.7522657943665183,-3.7522657943665183
-3.7443142747036235,-3.7443142747036235
-3.73636561298295,-3.73636561298295
-3.728419818568678,-3.728419818568678
-3.720476900756129,-3.720476900756129
-3.7125368687721223,-3.7125368687721223
-3.704599731775338,-3.704599731775338
-3.696665498856668,-3.696665498856668
-3.68873417903957,-3.68873417903957
-3.6808057812804162,-3.6808057812804162
-3.672880314468836,-3.672880314468836
-3.6649577874280617,-3.6649577874280617
-3.6570382089152638,-3.6570382089152638
-3.6491215876218903,-3.6491215876218903
-3.6412079321740007,-3.6412079321740007
-3.63329725113259,-3.63329725113259
-3.6253895529939206,-3.6253895529939206
-3.617484846189846,-3.617484846189846
-3.6095831390881292,-3.6095831390881292
-3.6016844399927646,-3.6016844399927646
-3.593788757144289,-3.593788757144289
-3.5858960987200987,-3.5858960987200987
-3.5780064728347547,-3.5780064728347547
-3.570119887540294,-3.570119887540294
-3.5622363508265305,-3.5622363508265305
-3.5543558706213547,-3.5543558706213547
-3.5464784547910404,-3.5464784547910404
-3.53860411114053,-3.53860411114053
-3.530732847413736,-3.530732847413736
-3.5228646712938296,-3.5228646712938296
-3.5149995904035256,-3.5149995904035256
-3.5071376123053724,-3.5071376123053724
-3.499278744502033,-3.499278744502033
-3.4914229944365633,-3.4914229944365633
-3.4835703694926967,-3.4835703694926967
-3.475720876995113,-3.475720876995113
-3.4678745242097113,-3.4678745242097113
-3.460031318343887,-3.460031318343887
-3.4521912665467953,-3.4521912665467953
-3.4443543759096156,-3.4443543759096156
-3.43652065346582,-3.43652065346582
-3.428690106191428,-3.428690106191428
-3.4208627410052745,-3.4208627410052745
-3.413038564769255,-3.413038564769255
-3.40521758428859,-3.40521758428859
-3.3973998063120683,-3.3973998063120683
-3.3895852375323052,-3.3895852375323052
-3.381773884585984,-3.381773884585984
-3.373965754054102,-3.373965754054102
-3.366160852462217,-3.366160852462217
-3.3583591862806847,-3.3583591862806847
-3.3505607619249007,-3.3505607619249007
-3.342765585755534,-3.342765585755534
-3.3349736640787633,-3.3349736640787633
-3.327185003146512,-3.327185003146512
-3.3193996091566733,-3.3193996091566733
-3.3116174882533445,-3.3116174882533445
-3.3038386465270477,-3.3038386465270477
-3.296063090014961,-3.296063090014961
-3.2882908247011353,-3.2882908247011353
-3.280521856516717,-3.280521856516717
-3.2727561913401675,-3.2727561913401675
-3.264993834997478,-3.264993834997478
-3.257234793262386,-3.257234793262386
-3.2494790718565856,-3.2494790718565856
-3.2417266764499426,-3.2417266764499426
-3.2339776126607,-3.2339776126607
-3.226231886055687,-3.226231886055687
-3.218489502150523,-3.218489502150523
-3.210750466409822,-3.210750466409822
-3.2030147842473973,-3.2030147842473973
-3.195282461026455,-3.195282461026455
-3.1875535020597976,-3.1875535020597976
-3.179827912610021,-3.179827912610021
-3.172105697889704,-3.172105697889704
-3.164386863061607,-3.164386863061607
-3.1566714132388585,-3.1566714132388585
-3.1489593534851505,-3.1489593534851505
-3.1412506888149196,-3.1412506888149196
-3.1335454241935414,-3.1335454241935414
-3.1258435645375053,-3.1258435645375053
-3.118145114714606,-3.118145114714606
-3.110450079544122,-3.110450079544122
-3.102758463796994,-3.102758463796994
-3.0950702721960033,-3.0950702721960033
-3.087385509415951,-3.087385509415951
-3.0797041800838323,-3.0797041800838323
-3.072026288779005,-3.072026288779005
-3.0643518400333694,-3.0643518400333694
-3.056680838331534,-3.056680838331534
-3.0490132881109813,-3.0490132881109813
-3.0413491937622443,-3.0413491937622443
-3.0336885596290637,-3.0336885596290637
-3.0260313900085563,-3.0260313900085563
-3.0183776891513783,-3.0183776891513783
-3.0107274612618835,-3.0107274612618835
-3.0030807104982875,-3.0030807104982875
-2.9954374409728226,-2.9954374409728226
-2.9877976567518987,-2.9877976567518987
-2.980161361856255,-2.980161361856255
-2.9725285602611162,-2.9725285602611162
-2.964899255896348,-2.964899255896348
-2.9572734526466027,-2.9572734526466027
-2.9496511543514767,-2.9496511543514767
-2.942032364805651,-2.942032364805651
-2.9344170877590474,-2.9344170877590474
-2.926805326916967,-2.926805326916967
-2.919197085940241,-2.919197085940241
-2.9115923684453713,-2.9115923684453713
-2.9039911780046723,-2.9039911780046723
-2.8963935181464113,-2.8963935181464113
-2.8887993923549526,-2.8887993923549526
-2.8812088040708903,-2.8812088040708903
-2.873621756691188,-2.873621756691188
-2.866038253569315,-2.866038253569315
-2.858458298015379,-2.858458298015379
-2.850881893296263,-2.850881893296263
-2.8433090426357515,-2.8433090426357515
-2.835739749214667,-2.835739749214667
-2.828174016170998,-2.828174016170998
-2.8206118466000256,-2.8206118466000256
-2.8130532435544535,-2.8130532435544535
-2.805498210044532,-2.805498210044532
-2.7979467490381826,-2.7979467490381826
-2.7903988634611254,-2.7903988634611254
-2.7828545561969964,-2.7828545561969964
-2.775313830087473,-2.775313830087473
-2.767776687932394,-2.767776687932394
-2.760243132489875,-2.760243132489875
-2.7527131664764313,-2.7527131664764313
-2.745186792567091,-2.745186792567091
-2.7376640133955137,-2.7376640133955137
-2.7301448315541035,-2.7301448315541035
-2.7226292495941222,-2.7226292495941222
-2.7151172700258046,-2.7151172700258046
-2.707608895318466,-2.707608895318466
-2.700104127900615,-2.700104127900615
-2.692602970160062,-2.692602970160062
-2.6851054244440298,-2.6851054244440298
-2.6776114930592563,-2.6776114930592563
-2.670121178272104,-2.670121178272104
-2.662634482308665,-2.662634482308665
-2.6551514073548637,-2.6551514073548637
-2.64767195555656,-2.64767195555656
-2.6401961290196536,-2.6401961290196536
-2.6327239298101803,-2.6327239298101803
-2.6252553599544184,-2.6252553599544184
-2.617790421438983,-2.617790421438983
-2.610329116210924,-2.610329116210924
-2.6028714461778284,-2.6028714461778284
-2.5954174132079073,-2.5954174132079073
-2.5879670191301027,-2.5879670191301027
-2.5805202657341706,-2.5805202657341706
-2.573077154770781,-2.573077154770781
-2.565637687951608,-2.565637687951608
-2.5582018669494206,-2.5582018669494206
-2.5507696933981756,-2.5507696933981756
-2.5433411688931042,-2.5433411688931042
-2.5359162949908014,-2.5359162949908014
-2.528495073209314,-2.528495073209314
-2.5210775050282273,-2.5210775050282273
-2.513663591888751,-2.513663591888751
-2.5062533351938034,-2.5062533351938034
-2.498846736308098,-2.498846736308098
-2.491443796558221,-2.491443796558221
-2.4840445172327184,-2.4840445172327184
-2.4766488995821785,-2.4766488995821785
-2.4692569448193065,-2.4692569448193065
-2.461868654119008,-2.461868654119008
-2.4544840286184675,-2.4544840286184675
-2.4471030694172273,-2.4471030694172273
-2.4397257775772636,-2.4397257775772636
-2.4323521541230586,-2.4323521541230586
-2.4249822000416814,-2.4249822000416814
-2.417615916282862,-2.417615916282862
-2.4102533037590623,-2.4102533037590623
-2.4028943633455495,-2.4028943633455495
-2.3955390958804705,-2.3955390958804705
-2.3881875021649193,-2.3881875021649193
-2.3808395829630116,-2.3808395829630116
-2.37349533900195,-2.37349533900195
-2.3661547709720963,-2.3661547709720963
-2.3588178795270376,-2.3588178795270376
-2.351484665283654,-2.351484665283654
-2.3441551288221865,-2.3441551288221865
-2.3368292706862968,-2.3368292706862968
-2.3295070913831406,-2.3295070913831406
-2.3221885913834255,-2.3221885913834255
-2.3148737711214755,-2.3148737711214755
-2.3075626309952955,-2.3075626309952955
-2.3002551713666297,-2.3002551713666297
-2.2929513925610254,-2.2929513925610254
-2.2856512948678924,-2.2856512948678924
-2.278354878540561,-2.278354878540561
-2.2710621437963425,-2.2710621437963425
-2.2637730908165863,-2.2637730908165863
-2.2564877197467386,-2.2564877197467386
-2.249206030696394,-2.249206030696394
-2.2419280237393577,-2.2419280237393577
-2.234653698913697,-2.234653698913697
-2.2273830562217958,-2.2273830562217958
-2.220116095630406,-2.220116095630406
-2.2128528170707074,-2.2128528170707074
-2.205593220438352,-2.205593220438352
-2.1983373055935167,-2.1983373055935167
-2.1910850723609587,-2.1910850723609587
-2.183836520530063,-2.183836520530063
-2.176591649854887,-2.176591649854887
-2.1693504600542175,-2.1693504600542175
-2.162112950811613,-2.162112950811613
-2.1548791217754477,-2.1548791217754477
-2.147648972558972,-2.147648972558972
-2.140422502740338,-2.140422502740338
-2.133199711862661,-2.133199711862661
-2.1259805994340604,-2.1259805994340604
-2.1187651649276944,-2.1187651649276944
-2.111553407781814,-2.111553407781814
-2.1043453273998027,-2.1043453273998027
-2.0971409231502167,-2.0971409231502167
-2.0899401943668194,-2.0899401943668194
-2.082743140348638,-2.082743140348638
-2.0755497603599875,-2.0755497603599875
-2.0683600536305202,-2.0683600536305202
-2.061174019355255,-2.061174019355255
-2.053991656694626,-2.053991656694626
-2.046812964774509,-2.046812964774509
-2.0396379426862667,-2.0396379426862667
-2.0324665894867797,-2.0324665894867797
-2.0252989041984804,-2.0252989041984804
-2.018134885809391,-2.018134885809391
-2.0109745332731586,-2.0109745332731586
-2.003817845509083,-2.003817845509083
-1.9966648214021574,-1.9966648214021574
-1.9895154598030904,-1.9895154598030904
-1.9823697595283445,-1.9823697595283445
-1.9752277193601677,-1.9752277193601677
-1.9680893380466173,-1.9680893380466173
-1.960954614301595,-1.960954614301595
-1.9538235468048752,-1.9538235468048752
-1.9466961342021307,-1.9466961342021307
-1.939572375104964,-1.939572375104964
-1.9324522680909293,-1.9324522680909293
-1.9253358117035646,-1.9253358117035646
-1.9182230044524142,-1.9182230044524142
-1.9111138448130562,-1.9111138448130562
-1.9040083312271237,-1.9040083312271237
-1.8969064621023335,-1.8969064621023335
-1.8898082358125048,-1.8898082358125048
-1.8827136506975883,-1.8827136506975883
-1.8756227050636807,-1.8756227050636807
-1.8685353971830538,-1.8685353971830538
-1.8614517252941691,-1.8614517252941691
-1.854371687601706,-1.854371687601706
-1.8472952822765731,-1.8472952822765731
-1.8402225074559357,-1.8402225074559357
-1.8331533612432265,-1.8331533612432265
-1.8260878417081734,-1.8260878417081734
-1.8190259468868066,-1.8190259468868066
-1.8119676747814868,-1.8119676747814868
-1.80491302336091,-1.80491302336091
-1.7978619905601334,-1.7978619905601334
-1.7908145742805854,-1.7908145742805854
-1.783770772390082,-1.783770772390082
-1.7767305827228401,-1.7767305827228401
-1.769694003079493,-1.769694003079493
-1.7626610312271005,-1.7626610312271005
-1.7556316648991643,-1.7556316648991643
-1.7486059017956397,-1.7486059017956397
-1.7415837395829452,-1.7415837395829452
-1.7345651758939762,-1.7345651758939762
-1.7275502083281085,-1.7275502083281085
-1.7205388344512198,-1.7205388344512198
-1.7135310517956877,-1.7135310517956877
-1.7065268578604038,-1.7065268578604038
-1.699526250110781,-1.699526250110781
-1.6925292259787614,-1.6925292259787614
-1.6855357828628217,-1.6855357828628217
-1.6785459181279807,-1.6785459181279807
-1.6715596291058061,-1.6715596291058061
-1.6645769130944166,-1.6645769130944166
-1.657597767358494,-1.657597767358494
-1.6506221891292767,-1.6506221891292767
-1.6436501756045712,-1.6436501756045712
-1.6366817239487557,-1.6366817239487557
-1.6297168312927763,-1.6297168312927763
-1.6227554947341576,-1.6227554947341576
-1.6157977113369957,-1.6157977113369957
-1.6088434781319654,-1.6088434781319654
-1.6018927921163193,-1.6018927921163193
-1.5949456502538846,-1.5949456502538846
-1.5880020494750688,-1.5880020494750688
-1.5810619866768503,-1.5810619866768503
-1.5741254587227844,-1.5741254587227844
-1.567192462443,-1.567192462443
-1.560262994634188,-1.560262994634188
-1.5533370520596126,-1.5533370520596126
-1.5464146314490963,-1.5464146314490963
-1.539495729499019,-1.539495729499019
-1.5325803428723148,-1.5325803428723148
-1.5256684681984651,-1.5256684681984651
-1.5187601020734942,-1.5187601020734942
-1.5118552410599593,-1.5118552410599593
-1.504953881686947,-1.504953881686947
-1.4980560204500666,-1.4980560204500666
-1.49116165381144,-1.49116165381144
-1.4842707781996922,-1.4842707781996922
-1.4773833900099447,-1.4773833900099447
-1.4704994856038058,-1.4704994856038058
-1.4636190613093605,-1.4636190613093605
-1.4567421134211573,-1.4567421134211573
-1.4498686382002015,-1.4498686382002015
-1.4429986318739407,-1.4429986318739407
-1.4361320906362531,-1.4361320906362531
-1.4292690106474357,-1.4292690106474357
-1.4224093880341895,-1.4224093880341895
-1.4155532188896087,-1.4155532188896087
-1.4087004992731653,-1.4087004992731653
-1.401851225210692,-1.401851225210692
-1.3950053926943697,-1.3950053926943697
-1.3881629976827121,-1.3881629976827121
-1.3813240361005483,-1.3813240361005483
-1.374488503839006,-1.374488503839006
-1.3676563967554942,-1.3676563967554942
-1.3608277106736866,-1.3608277106736866
-1.3540024413835028,-1.3540024413835028
-1.3471805846410878,-1.3471805846410878
-1.3403621361687956,-1.3403621361687956
-1.3335470916551668,-1.3335470916551668
-1.3267354467549126,-1.3267354467549126
-1.319927197088887,-1.319927197088887
-1.3131223382440698,-1.3131223382440698
-1.306320865773547,-1.306320865773547
-1.2995227751964846,-1.2995227751964846
-1.2927280619981047,-1.2927280619981047
-1.2859367216296664,-1.2859367216296664
-1.2791487495084404,-1.2791487495084404
-1.272364141017682,-1.272364141017682
-1.2655828915066096,-1.2655828915066096
-1.2588049962903765,-1.2588049962903765
-1.252030450650048,-1.252030450650048
-1.2452592498325723,-1.2452592498325723
-1.238491389050755,-1.238491389050755
-1.2317268634832295,-1.2317268634832295
-1.2249656682744336,-1.2249656682744336
-1.2182077985345752,-1.2182077985345752
-1.2114532493396082,-1.2114532493396082
-1.2047020157311983,-1.2047020157311983
-1.1979540927167,-1.1979540927167
-1.1912094752691171,-1.1912094752691171
-1.1844681583270802,-1.1844681583270802
-1.177730136794807,-1.177730136794807
-1.1709954055420786,-1.1709954055420786
-1.164263959404199,-1.164263959404199
-1.1575357931819696,-1.1575357931819696
-1.1508109016416468,-1.1508109016416468
-1.144089279514918,-1.144089279514918
-1.1373709214988577,-1.1373709214988577
-1.130655822255899,-1.130655822255899
-1.1239439764137924,-1.1239439764137924
-1.1172353785655764,-1.1172353785655764
-1.1105300232695332,-1.1105300232695332
-1.1038279050491584,-1.1038279050491584
-1.0971290183931162,-1.0971290183931162
-1.090433357755209,-1.090433357755209
-1.0837409175543316,-1.0837409175543316
-1.0770516921744373,-1.0770516921744373
-1.0703656759644935,-1.0703656759644935
-1.0636828632384459,-1.0636828632384459
-1.0570032482751726,-1.0570032482751726
-1.050326825318449,-1.050326825318449
-1.043653588576898,-1.043653588576898
-1.0369835322239576,-1.0369835322239576
-1.0303166503978265,-1.0303166503978265
-1.0236529372014314,-1.0236529372014314
-1.016992386702375,-1.016992386702375
-1.0103349929328944,-1.0103349929328944
-1.0036807498898197,-1.0036807498898197
-0.9970296515345228,-0.9970296515345228
-0.9903816917928735,-0.9903816917928735
-0.9837368645551925,-0.9837368645551925
-0.9770951636762069,-0.9770951636762069
-0.9704565829749989,-0.9704565829749989
-0.9638211162349596,-0.9638211162349596
-0.9571887572037391,-0.9571887572037391
-0.9505594995931983,-0.9505594995931983
-0.9439333370793609,-0.9439333370793609
-0.9373102633023579,-0.9373102633023579
-0.930690271866381,-0.930690271866381
-0.9240733563396304,-0.9240733563396304
-0.9174595102542636,-0.9174595102542636
-0.9108487271063398,-0.9108487271063398
-0.9042410003557697,-0.9042410003557697
-0.8976363234262623,-0.8976363234262623
-0.8910346897052694,-0.8910346897052694
-0.8844360925439314,-0.8844360925439314
-0.8778405252570213,-0.8778405252570213
-0.8712479811228916,-0.8712479811228916
-0.8646584533834153,-0.8646584533834153
-0.858071935243931,-0.858071935243931
-0.8514884198731835,-0.8514884198731835
-0.8449079004032681,-0.8449079004032681
-0.8383303699295729,-0.8383303699295729
-0.8317558215107158,-0.8317558215107158
-0.8251842481684878,-0.8251842481684878
-0.8186156428877939,-0.8186156428877939
-0.8120499986165913,-0.8120499986165913
-0.8054873082658268,-0.8054873082658268
-0.7989275647093763,-0.7989275647093763
-0.7923707607839844,-0.7923707607839844
-0.785816889289199,-0.785816889289199
-0.7792659429873077,-0.7792659429873077
-0.7727179146032755,-0.7727179146032755
-0.7661727968246805,-0.7661727968246805
-0.7596305823016476,-0.7596305823016476
-0.7530912636467824,-0.7530912636467824
-0.7465548334351051,-0.7465548334351051
-0.7400212842039866,-0.7400212842039866
-0.7334906084530792,-0.7334906084530792
-0.7269627986442457,-0.7269627986442457
-0.7204378472014954,-0.7204378472014954
-0.7139157465109134,-0.7139157465109134
-0.7073964889205915,-0.7073964889205915
-0.7008800667405554,-0.7008800667405554
-0.6943664722426965,-0.6943664722426965
-0.6878556976607016,-0.6878556976607016
-0.6813477351899784,-0.6813477351899784
-0.6748425769875831,-0.6748425769875831
-0.6683402151721479,-0.6683402151721479
-0.6618406418238081,-0.6618406418238081
-0.6553438489841286,-0.6553438489841286
-0.6488498286560248,-0.6488498286560248
-0.6423585728036902,-0.6423585728036902
-0.6358700733525229,-0.6358700733525229
-0.6293843221890433,-0.6293843221890433
-0.6229013111608205,-0.6229013111608205
-0.616421032076393,-0.616421032076393
-0.6099434767051919,-0.6099434767051919
-0.6034686367774608,-0.6034686367774608
-0.5969965039841745,-0.5969965039841745
-0.590527069976962,-0.590527069976962
-0.584060326368023,-0.584060326368023
-0.5775962647300487,-0.5775962647300487
-0.5711348765961374,-0.5711348765961374
-0.564676153459712,-0.564676153459712
-0.5582200867744387,-0.5582200867744387
-0.5517666679541425,-0.5517666679541425
-0.5453158883727213,-0.5453158883727213
-0.5388677393640599,-0.5388677393640599
-0.5324222122219477,-0.5324222122219477
-0.5259792981999903,-0.5259792981999903
-0.5195389885115227,-0.5195389885115227
-0.5131012743295179,-0.5131012743295179
-0.5066661467865073,-0.5066661467865073
-0.5002335969744831,-0.5002335969744831
-0.493803615944813,-0.493803615944813
-0.4873761947081487,-0.4873761947081487
-0.4809513242343365,-0.4809513242343365
-0.47452899545232446,-0.47452899545232446
-0.46810919925006966,-0.46810919925006966
-0.4616919264744457,-0.4616919264744457
-0.45527716793115236,-0.45527716793115236
-0.44886491438461773,-0.44886491438461773
-0.4424551565579034,-0.4424551565579034
-0.43604788513261133,-0.43604788513261133
-0.42964309074878665,-0.42964309074878665
-0.4232407640048218,-0.4232407640048218
-0.4168408954573576,-0.4168408954573576
-0.4104434756211849,-0.4104434756211849
-0.4040484949691486,-0.4040484949691486
-0.3976559439320464,-0.3976559439320464
-0.39126581289852796,-0.39126581289852796
-0.38487809221499386,-0.38487809221499386
-0.3784927721854981,-0.3784927721854981
-0.3721098430716417,-0.3721098430716417
-0.36572929509247154,-0.36572929509247154
-0.35935111842437467,-0.35935111842437467
-0.35297530320098,-0.35297530320098
-0.3466018395130466,-0.3466018395130466
-0.34023071740836186,-0.34023071740836186
-0.3338619268916334,-0.3338619268916334
-0.32749545792438606,-0.32749545792438606
-0.32113130042484667,-0.32113130042484667
-0.31476944426784476,-0.31476944426784476
-0.30840987928469477,-0.30840987928469477
-0.3020525952630946,-0.3020525952630946
-0.2956975819470056,-0.2956975819470056
-0.2893448290365523,-0.2893448290365523
-0.2829943261878997,-0.2829943261878997
-0.27664606301314726,-0.27664606301314726
-0.2703000290802149,-0.2703000290802149
-0.2639562139127271,-0.2639562139127271
-0.25761460698989735,-0.25761460698989735
-0.25127519774641327,-0.25127519774641327
-0.24493797557232283,-0.24493797557232283
-0.2386029298129144,-0.2386029298129144
-0.2322700497685984,-0.2322700497685984
-0.22593932469478928,-0.22593932469478928
-0.21961074380178858,-0.21961074380178858
-0.21328429625466255,-0.21328429625466255
-0.2069599711731198,-0.2069599711731198
-0.20063775763139205,-0.20063775763139205
-0.1943176446581119,-0.1943176446581119
-0.18799962123618894,-0.18799962123618894
-0.1816836763026839,-0.1816836763026839
-0.17536979874868536,-0.17536979874868536
-0.16905797741918668,-0.16905797741918668
-0.16274820111295626,-0.16274820111295626
-0.156440458582411,-0.156440458582411
-0.1501347385334886,-0.1501347385334886
-0.14383102962552044,-0.14383102962552044
-0.1375293204711009,-0.1375293204711009
-0.1312295996359561,-0.1312295996359561
-0.12493185563881291,-0.12493185563881291
-0.1186360769512693,-0.1186360769512693
-0.11234225199766057,-0.11234225199766057
-0.1060503691549236,-0.1060503691549236
-0.09976041675246404,-0.09976041675246404
-0.09347238307202288,-0.09347238307202288
-0.0871862563475387,-0.0871862563475387
-0.08090202476500907,-0.08090202476500907
-0.07461967646235566,-0.07461967646235566
-0.06833919952928501,-0.06833919952928501
-0.06206058200714881,-0.06206058200714881
-0.055783811888803075,-0.055783811888803075
-0.049508877118467076,-0.049508877118467076
-0.043235765591583444,-0.043235765591583444
-0.03696446515467288,-0.03696446515467288
-0.03069496360519158,-0.03069496360519158
-0.024427248691385458,-0.024427248691385458
-0.018161308112147525,-0.018161308112147525
-0.011897129516868955,-0.011897129516868955
-0.00563470050529229,-0.00563470050529229
0.0006259913726366776,0.0006259913726366776
0.0068849586169155794,0.0068849586169155794
0.013142213777637933,0.013142213777637933
0.01939776945514617,0.01939776945514617
0.02565163830017407,0.02565163830017407
0.03190383301401266,0.03190383301401266
0.03815436634865082,0.03815436634865082
0.04440325110694143,0.04440325110694143
0.05065050014274431,0.05065050014274431
0.05689612636109659,0.05689612636109659
0.06314014271835425,0.06314014271835425
0.06938256222236613,0.06938256222236613
0.07562339793261962,0.07562339793261962
0.08186266296041149,0.08186266296041149
0.08810037046899862,0.08810037046899862
0.09433653367376982,0.09433653367376982
0.10057116584240326,0.10057116584240326
0.10680428029502817,0.10680428029502817
0.11303589040439793,0.11303589040439793
0.11926600959604512,0.11926600959604512
0.12549465134846008,0.12549465134846008
0.1317218291932476,0.1317218291932476
0.13794755671530498,0.13794755671530498
0.14417184755298398,0.14417184755298398
0.15039471539826973,0.15039471539826973
0.15661617399694383,0.15661617399694383
0.16283623714876563,0.16283623714876563
0.16905491870763822,0.16905491870763822
0.17527223258179253,0.17527223258179253
0.18148819273395103,0.18148819273395103
0.18770281318151813,0.18770281318151813
0.19391610799674688,0.19391610799674688
0.20012809130692813,0.20012809130692813
0.20633877729455785,0.20633877729455785
0.21254818019753394,0.21254818019753394
0.21875631430932457,0.21875631430932457
0.22496319397916048,0.22496319397916048
0.2311688336122131,0.2311688336122131
0.23737324766978826,0.23737324766978826
0.24357645066950126,0.24357645066950126
0.24977845718547637,0.24977845718547637
0.2559792818485257,0.2559792818485257
0.2621789393463474,0.2621789393463474
0.26837744442370975,0.26837744442370975
0.2745748118826487,0.2745748118826487
0.2807710565826558,0.2807710565826558
0.2869661934408785,0.2869661934408785
0.2931602374323091,0.2931602374323091
0.29935320358999,0.29935320358999
0.3055451070051996,0.3055451070051996
0.3117359628276649,0.3117359628276649
0.317925786265749,0.317925786265749
0.3241145925866634,0.3241145925866634
0.3303023971166598,0.3303023971166598
0.33648921524124564,0.33648921524124564
0.342675062405375,0.342675062405375
0.34885995411366955,0.34885995411366955
0.35504390593061264,0.35504390593061264
0.36122693348076856,0.36122693348076856
0.3674090524489816,0.3674090524489816
0.37359027858059873,0.37359027858059873
0.379770627681671,0.379770627681671
0.38595011561917475,0.38595011561917475
0.39212875832121996,0.39212875832121996
0.3983065717772732,0.3983065717772732
0.40448357203836605,0.40448357203836605
0.4106597752173235,0.4106597752173235
0.4168351974889739,0.4168351974889739
0.4230098550903793,0.4230098550903793
0.4291837643210472,0.4291837643210472
0.43535694154316695,0.43535694154316695
0.4415294031818202,0.4415294031818202
0.44770116572522084,0.44770116572522084
0.4538722457249316,0.4538722457249316
0.46004265979610254,0.46004265979610254
0.46621242461768947,0.46621242461768947
0.47238155693269906,0.47238155693269906
0.4785500735484102,0.4785500735484102
0.4847179913366175,0.4847179913366175
0.4908853272338565,0.4908853272338565
0.49705209824165414,0.49705209824165414
0.5032183214267515,0.5032183214267515
0.5093840139213595,0.5093840139213595
0.515549192923386,0.515549192923386
0.5217138756966908,0.5217138756966908
0.5278780795713173,0.5278780795713173
0.5340418219437517,0.5340418219437517
0.540205120277155,0.540205120277155
0.5463679921016262,0.5463679921016262
0.5525304550144386,0.5525304550144386
0.5586925266803021,0.5586925266803021
0.5648542248316076,0.5648542248316076
0.5710155672686897,0.5710155672686897
0.5771765718600711,0.5771765718600711
0.5833372565427333,0.5833372565427333
0.5894976393223618,0.5894976393223618
0.5956577382736188,0.5956577382736188
0.601817571540395,0.601817571540395
0.6079771573360807,0.6079771573360807
0.6141365139438228,0.6141365139438228
0.6202956597168003,0.6202956597168003
0.6264546130784834,0.6264546130784834
0.6326133925229115,0.6326133925229115
0.638772016614955,0.638772016614955
0.6449305039905999,0.6449305039905999
0.6510888733572073,0.6510888733572073
0.657247143493807,0.657247143493807
0.6634053332513574,0.6634053332513574
0.6695634615530391,0.6695634615530391
0.675721547394526,0.675721547394526
0.6818796098442755,0.6818796098442755
0.6880376680438042,0.6880376680438042
0.694195741207985,0.694195741207985
0.7003538486253217,0.7003538486253217
0.7065120096582513,0.7065120096582513
0.7126702437434227,0.7126702437434227
0.7188285703920031,0.7188285703920031
0.7249870091899554,0.7249870091899554
0.7311455797983548,0.7311455797983548
0.7373043019536657,0.7373043019536657
0.7434631954680608,0.7434631954680608
0.7496222802297059,0.7496222802297059
0.755781576203079,0.755781576203079
0.761941103429259,0.761941103429259
0.7681008820262494,0.7681008820262494
0.7742609321892712,0.7742609321892712
0.7804212741910894,0.7804212741910894
0.7865819283823088,0.7865819283823088
0.7927429151917026,0.7927429151917026
0.798904255126523,0.798904255126523
0.8050659687728164,0.8050659687728164
0.8112280767957453,0.8112280767957453
0.8173905999399144,0.8173905999399144
0.8235535590296923,0.8235535590296923
0.8297169749695329,0.8297169749695329
0.8358808687443048,0.8358808687443048
0.8420452614196268,0.8420452614196268
0.8482101741421965,0.8482101741421965
0.8543756281401188,0.8543756281401188
0.8605416447232443,0.8605416447232443
0.866708245283514,0.866708245283514
0.8728754512952926,0.8728754512952926
0.8790432843157067,0.8790432843157067
0.885211765984994,0.885211765984994
0.8913809180268514,0.8913809180268514
0.89755076224878,0.89755076224878
0.9037213205424308,0.9037213205424308
0.9098926148839619,0.9098926148839619
0.9160646673343936,0.9160646673343936
0.9222375000399659,0.9222375000399659
0.9284111352324887,0.9284111352324887
0.934585595229709,0.934585595229709
0.9407609024356769,0.9407609024356769
0.9469370793411063,0.9469370793411063
0.953114148523739,0.953114148523739
0.959292132648724,0.959292132648724
0.9654710544689766,0.9654710544689766
0.9716509368255685,0.9716509368255685
0.9778318026480854,0.9778318026480854
0.9840136749550251,0.9840136749550251
0.9901965768541602,0.9901965768541602
0.9963805315429386,0.9963805315429386
1.0025655623088525,1.0025655623088525
1.0087516925298425,1.0087516925298425
1.014938945674672,1.014938945674672
1.0211273453033367,1.0211273453033367
1.0273169150674426,1.0273169150674426
1.0335076787106199,1.0335076787106199
1.0396996600689086,1.0396996600689086
1.0458928830711738,1.0458928830711738
1.0520873717394987,1.0520873717394987
1.0582831501896035,1.0582831501896035
1.064480242631244,1.064480242631244
1.070678673368636,1.070678673368636
1.076878466800857,1.076878466800857
1.0830796474222792,1.0830796474222792
1.089282239822974,1.089282239822974
1.0954862686891482,1.0954862686891482
1.101691758803556,1.101691758803556
1.1078987350459442,1.1078987350459442
1.1141072223934623,1.1141072223934623
1.1203172459211155,1.1203172459211155
1.1265288308021864,1.1265288308021864
1.1327420023086825,1.1327420023086825
1.1389567858117684,1.1389567858117684
1.1451732067822253,1.1451732067822253
1.1513912907908779,1.1513912907908779
1.1576110635090644,1.1576110635090644
1.1638325507090714,1.1638325507090714
1.1700557782646037,1.1700557782646037
1.1762807721512303,1.1762807721512303
1.1825075584468578,1.1825075584468578
1.1887361633321802,1.1887361633321802
1.1949666130911627,1.1949666130911627
1.2011989341114924,1.2011989341114924
1.2074331528850706,1.2074331528850706
1.2136692960084703,1.2136692960084703
1.2199073901834312,1.2199073901834312
1.2261474622173276,1.2261474622173276
1.2323895390236652,1.2323895390236652
1.238633647622557,1.238633647622557
1.244879815141227,1.244879815141227
1.2511280688144921,1.2511280688144921
1.2573784359852702,1.2573784359852702
1.2636309441050684,1.2636309441050684
1.2698856207345015,1.2698856207345015
1.2761424935437835,1.2761424935437835
1.282401590313249,1.282401590313249
1.288662938933859,1.288662938933859
1.2949265674077237,1.2949265674077237
1.3011925038486127,1.3011925038486127
1.307460776482492,1.307460776482492
1.3137314136480354,1.3137314136480354
1.3200044437971665,1.3200044437971665
1.326279895495581,1.326279895495581
1.3325577974232972,1.3325577974232972
1.338838178375177,1.338838178375177
1.3451210672614913,1.3451210672614913
1.351406493108444,1.351406493108444
1.3576944850587465,1.3576944850587465
1.3639850723721467,1.3639850723721467
1.3702782844260117,1.3702782844260117
1.376574150715865,1.376574150715865
1.382872700855972,1.382872700855972
1.3891739645798924,1.3891739645798924
1.3954779717410661,1.3954779717410661
1.4017847523133737,1.4017847523133737
1.4080943363917346,1.4080943363917346
1.4144067541926704,1.4144067541926704
1.4207220360549102,1.4207220360549102
1.427040212439967,1.427040212439967
1.4333613139327455,1.4333613139327455
1.4396853712421267,1.4396853712421267
1.446012415201586,1.446012415201586
1.4523424767697846,1.4523424767697846
1.4586755870311927,1.4586755870311927
1.4650117771966937,1.4650117771966937
1.4713510786042148,1.4713510786042148
1.4776935227193335,1.4776935227193335
1.4840391411359226,1.4840391411359226
1.4903879655767627,1.4903879655767627
1.4967400278941951,1.4967400278941951
1.5030953600707442,1.5030953600707442
1.5094539942197773,1.5094539942197773
1.515815962586134,1.515815962586134
1.5221812975467996,1.5221812975467996
1.5285500316115395,1.5285500316115395
1.534922197423578,1.534922197423578
1.5412978277602483,1.5412978277602483
1.547676955533677,1.547676955533677
1.5540596137914477,1.5540596137914477
1.5604458357172801,1.5604458357172801
1.5668356546317133,1.5668356546317133
1.5732291039927997,1.5732291039927997
1.5796262173967928,1.5796262173967928
1.5860270285788405,1.5860270285788405
1.5924315714136865,1.5924315714136865
1.5988398799163857,1.5988398799163857
1.60525198824301,1.60525198824301
1.6116679306913555,1.6116679306913555
1.6180877417016735,1.6180877417016735
1.624511455857396,1.624511455857396
1.6309391078858626,1.6309391078858626
1.6373707326590519,1.6373707326590519
1.6438063651943244,1.6438063651943244
1.650246040655176,1.650246040655176
1.656689794351978,1.656689794351978
1.6631376617427338,1.6631376617427338
1.6695896784338409,1.6695896784338409
1.6760458801808618,1.6760458801808618
1.6825063028892884,1.6825063028892884
1.6889709826153172,1.6889709826153172
1.6954399555666337,1.6954399555666337
1.7019132581032022,1.7019132581032022
1.7083909267380566,1.7083909267380566
1.7148729981380908,1.7148729981380908
1.72135950912487,1.72135950912487
1.7278504966754373,1.7278504966754373
1.7343459979231315,1.7343459979231315
1.7408460501583964,1.7408460501583964
1.7473506908296148,1.7473506908296148
1.7538599575439417,1.7538599575439417
1.7603738880681385,1.7603738880681385
1.76689252032941,1.76689252032941
1.7734158924162575,1.7734158924162575
1.779944042579341,1.779944042579341
1.7864770092323314,1.7864770092323314
1.793014830952775,1.793014830952775
1.7995575464829665,1.7995575464829665
1.8061051947308397,1.8061051947308397
1.812657814770843,1.812657814770843
1.8192154458448238,1.8192154458448238
1.8257781273629354,1.8257781273629354
1.832345898904542,1.832345898904542
1.8389188002191266,1.8389188002191266
1.8454968712271969,1.8454968712271969
1.8520801520212262,1.8520801520212262
1.8586686828665662,1.8586686828665662
1.8652625042023991,1.8652625042023991
1.8718616566426618,1.8718616566426618
1.8784661809770147,1.8784661809770147
1.8850761181717777,1.8850761181717777
1.8916915093709141,1.8916915093709141
1.8983123958969803,1.8983123958969803
1.9049388192521193,1.9049388192521193
1.9115708211190285,1.9115708211190285
1.9182084433619675,1.9182084433619675
1.924851728027737,1.924851728027737
1.9315007173467031,1.9315007173467031
1.9381554537337897,1.9381554537337897
1.9448159797895195,1.9448159797895195
1.9514823383010154,1.9514823383010154
1.9581545722430622,1.9581545722430622
1.9648327247791217,1.9648327247791217
1.971516839262405,1.971516839262405
1.9782069592369087,1.9782069592369087
1.9849031284384977,1.9849031284384977
1.991605390795961,1.991605390795961
1.9983137904321089,1.9983137904321089
2.005028371664838,2.005028371664838
2.0117491790082545,2.0117491790082545
2.0184762571737496,2.0184762571737496
2.025209651071136,2.025209651071136
2.031949405809748,2.031949405809748
2.038695566699588,2.038695566699588
2.0454481792524417,2.0454481792524417
2.0522072891830456,2.0522072891830456
2.05897294241022,2.05897294241022
2.0657451850580477,2.0657451850580477
2.0725240634570268,2.0725240634570268
2.079309624145269,2.079309624145269
2.0861019138696704,2.0861019138696704
2.0929009795871183,2.0929009795871183
2.0997068684656885,2.0997068684656885
2.106519627885872,2.106519627885872
2.1133393054417824,2.1133393054417824
2.1201659489424016,2.1201659489424016
2.1269996064128116,2.1269996064128116
2.1338403260954593,2.1338403260954593
2.140688156451395,2.140688156451395
2.1475431461615684,2.1475431461615684
2.1544053441280813,2.1544053441280813
2.1612747994755033,2.1612747994755033
2.1681515615521443,2.1681515615521443
2.1750356799313866,2.1750356799313866
2.1819272044129816,2.1819272044129816
2.1888261850244,2.1888261850244
2.19573267202215,2.19573267202215
2.2026467158931404,2.2026467158931404
2.209568367356031,2.209568367356031
2.2164976773626104,2.2164976773626104
2.2234346970991594,2.2234346970991594
2.230379477987866,2.230379477987866
2.237332071688198,2.237332071688198
2.244292530098342,2.244292530098342
2.2512609053565997,2.2512609053565997
2.2582372498428454,2.2582372498428454
2.2652216161799474,2.2652216161799474
2.2722140572352467,2.2722140572352467
2.279214626122007,2.279214626122007
2.2862233762008954,2.2862233762008954
2.2932403610814722,2.2932403610814722
2.3002656346237003,2.3002656346237003
2.307299250939452,2.307299250939452
2.314341264394027,2.314341264394027
2.321391729607696,2.321391729607696
2.3284507014572506,2.3284507014572506
2.3355182350775645,2.3355182350775645
2.3425943858631526,2.3425943858631526
2.34967920946977,2.34967920946977
2.3567727618160075,2.3567727618160075
2.3638750990849022,2.3638750990849022
2.370986277725551,2.370986277725551
2.3781063544547507,2.3781063544547507
2.385235386258656,2.385235386258656
2.3923734303944313,2.3923734303944313
2.3995205443919203,2.3995205443919203
2.406676786055345,2.406676786055345
2.413842213465005,2.413842213465005
2.4210168849789904,2.4210168849789904
2.4282008592349027,2.4282008592349027
2.4353941951516074,2.4353941951516074
2.442596951930989,2.442596951930989
2.449809189059724,2.449809189059724
2.4570309663110512,2.4570309663110512
2.4642623437465816,2.4642623437465816
2.4715033817181156,2.4715033817181156
2.4787541408694684,2.4787541408694684
2.486014682138302,2.486014682138302
2.4932850667579918,2.4932850667579918
2.5005653562595054,2.5005653562595054
2.5078556124732843,2.5078556124732843
2.515155897531136,2.515155897531136
2.522466273868171,2.522466273868171
2.529786804224729,2.529786804224729
2.5371175516483344,2.5371175516483344
2.5444585794956507,2.5444585794956507
2.551809951434469,2.551809951434469
2.5591717314457156,2.5591717314457156
2.5665439838254573,2.5665439838254573
2.5739267731869306,2.5739267731869306
2.581320164462594,2.581320164462594
2.5887242229061997,2.5887242229061997
2.5961390140948706,2.5961390140948706
2.603564603931191,2.603564603931191
2.6110010586453356,2.6110010586453356
2.6184484447972043,2.6184484447972043
2.6259068292785748,2.6259068292785748
2.63337627931526,2.63337627931526
2.6408568624693074,2.6408568624693074
2.648348646641213,2.648348646641213
2.655851700072135,2.655851700072135
2.663366091346139,2.663366091346139
2.6708918893924647,2.6708918893924647
2.678429163487812,2.678429163487812
2.6859779832586352,2.6859779832586352
2.6935384186834646,2.6935384186834646
2.7011105400952475,2.7011105400952475
2.708694418183716,2.708694418183716
2.7162901239977635,2.7162901239977635
2.7238977289478328,2.7238977289478328
2.7315173048083614,2.7315173048083614
2.7391489237201996,2.7391489237201996
2.7467926581930953,2.7467926581930953
2.7544485811081576,2.7544485811081576
2.7621167657203785,2.7621167657203785
2.769797285661148,2.769797285661148
2.7774902149408187,2.7774902149408187
2.785195627951249,2.785195627951249
2.7929135994684313,2.7929135994684313
2.8006442046550744,2.8006442046550744
2.808387519063271,2.808387519063271
2.816143618637131,2.816143618637131
2.823912579715491,2.823912579715491
2.8316944790345997,2.8316944790345997
2.8394893937308754,2.8394893937308754
2.8472974013436265,2.8472974013436265
2.855118579817869,2.855118579817869
2.862953007507101,2.862953007507101
2.870800763176154,2.870800763176154
2.8786619260040185,2.8786619260040185
2.886536575586759,2.886536575586759
2.8944247919403834,2.8944247919403834
2.9023266555038023,2.9023266555038023
2.9102422471417575,2.9102422471417575
2.9181716481478346,2.9181716481478346
2.9261149402474396,2.9261149402474396
2.9340722056008706,2.9340722056008706
2.942043526806344,2.942043526806344
2.9500289869031153,2.9500289869031153
2.9580286693745776,2.9580286693745776
2.966042658151423,2.966042658151423
2.9740710376148014,2.9740710376148014
2.982113892599545,2.982113892599545
2.990171308397372,2.990171308397372
2.998243370760181,2.998243370760181
3.0063301659033144,3.0063301659033144
3.0144317805089016,3.0144317805089016
3.0225483017291888,3.0225483017291888
3.0306798171899447,3.0306798171899447
3.038826414993853,3.038826414993853
3.046988183723973,3.046988183723973
3.0551652124472026,3.0551652124472026
3.0633575907178,3.0633575907178
3.0715654085809008,3.0715654085809008
3.0797887565761295,3.0797887565761295
3.0880277257411586,3.0880277257411586
3.0962824076153943,3.0962824076153943
3.104552894243608,3.104552894243608
3.112839278179683,3.112839278179683
3.1211416524903197,3.1211416524903197
3.129460110758845,3.129460110758845
3.137794747088999,3.137794747088999
3.1461456561088004,3.1461456561088004
3.1545129329744213,3.1545129329744213
3.1628966733741173,3.1628966733741173
3.171296973532168,3.171296973532168
3.1797139302128996,3.1797139302128996
3.188147640724681,3.188147640724681
3.19659820292404,3.19659820292404
3.2050657152197246,3.2050657152197246
3.2135502765769,3.2135502765769
3.2220519865212927,3.2220519865212927
3.2305709451434534,3.2305709451434534
3.2391072531030134,3.2391072531030134
3.247661011632987,3.247661011632987
3.2562323225441325,3.2562323225441325
3.2648212882293475,3.2648212882293475
3.2734280116681007,3.2734280116681007
3.282052596430906,3.282052596430906
3.290695146683848,3.290695146683848
3.299355767193157,3.299355767193157
3.308034563329812,3.308034563329812
3.3167316410741874,3.3167316410741874
3.3254471070207647,3.3254471070207647
3.334181068382884,3.334181068382884
3.3429336329975277,3.3429336329975277
3.3517049093301585,3.3517049093301585
3.360495006479616,3.360495006479616
3.3693040341830485,3.3693040341830485
3.37813210282091,3.37813210282091
3.3869793234219667,3.3869793234219667
3.3958458076684037,3.3958458076684037
3.4047316679009656,3.4047316679009656
3.413637017124124,3.413637017124124
3.422561969011322,3.422561969011322
3.431506637910264,3.431506637910264
3.44047113884827,3.44047113884827
3.4494555875376616,3.4494555875376616
3.4584601003812065,3.4584601003812065
3.4674847944776395,3.4674847944776395
3.476529787627223,3.476529787627223
3.4855951983373568,3.4855951983373568
3.494681145828254,3.494681145828254
3.5037877500386805,3.5037877500386805
3.5129151316317415,3.5129151316317415
3.5220634120007444,3.5220634120007444
3.531232713275086,3.531232713275086
3.5404231583262358,3.5404231583262358
3.549634870773776,3.549634870773776
3.5588679749914935,3.5588679749914935
3.56812259611352,3.56812259611352
3.577398860040565,3.577398860040565
3.5866968934462173,3.5866968934462173
3.5960168237832715,3.5960168237832715
3.6053587792901496,3.6053587792901496
3.614722888997392,3.614722888997392
3.624109282734206,3.624109282734206
3.633518091135094,3.633518091135094
3.6429494456465226,3.6429494456465226
3.6524034785336927,3.6524034785336927
3.661880322887389,3.661880322887389
3.671380112630859,3.671380112630859
3.6809029825267885,3.6809029825267885
3.6904490681843733,3.6904490681843733
3.700018506066426,3.700018506066426
3.709611433496593,3.709611433496593
3.7192279886666113,3.7192279886666113
3.7288683106436777,3.7288683106436777
3.7385325393778874,3.7385325393778874
3.74822081570975,3.74822081570975
3.7579332813777677,3.7579332813777677
3.7676700790261224,3.7676700790261224
3.7774313522124503,3.7774313522124503
3.787217245415674,3.787217245415674
3.797027904043925,3.797027904043925
3.8068634744425713,3.8068634744425713
3.816724103902325,3.816724103902325
3.8266099406674297,3.8266099406674297
3.8365211339439336,3.8365211339439336
3.846457833908075,3.846457833908075
3.856420191714749,3.856420191714749
3.8664083595060648,3.8664083595060648
3.876422490419989,3.876422490419989
3.886462738599101,3.886462738599101
3.8965292591994554,3.8965292591994554
3.906622208399508,3.906622208399508
3.916741743409163,3.916741743409163
3.9268880224789293,3.9268880224789293
3.9370612049091607,3.9370612049091607
3.9472614510594224,3.9472614510594224
3.9574889223579266,3.9574889223579266
3.9677437813111127,3.9677437813111127
3.9780261915133264,3.9780261915133264
3.9883363176565947,3.9883363176565947
3.9986743255405117,3.9986743255405117
4.0090403820822536,4.0090403820822536
4.019434655326714,4.019434655326714
4.029857314456719,4.029857314456719
4.0403085298033945,4.0403085298033945
4.050788472856626,4.050788472856626
4.061297316275679,4.061297316275679
4.071835233899894,4.071835233899894
4.082402400759533,4.082402400759533
4.092998993086742,4.092998993086742
4.10362518832666,4.10362518832666
4.1142811651486335,4.1142811651486335
4.124967103457572,4.124967103457572
4.135683184405434,4.135683184405434
4.146429590402849,4.146429590402849
4.157206505130887,4.157206505130887
4.168014113552962,4.168014113552962
4.178852601926845,4.178852601926845
4.189722157816865,4.189722157816865
4.200622970106248,4.200622970106248
4.211555229009578,4.211555229009578
4.222519126085409,4.222519126085409
4.233514854249054,4.233514854249054
4.244542607785522,4.244542607785522
4.255602582362587,4.255602582362587
4.266694975044028,4.266694975044028
4.277819984303037,4.277819984303037
4.288977810035787,4.288977810035787
4.300168653575162,4.300168653575162
4.311392717704636,4.311392717704636
4.322650206672357,4.322650206672357
4.333941326205378,4.333941326205378
4.345266283524086,4.345266283524086
4.356625287356757,4.356625287356757
4.368018547954361,4.368018547954361
4.379446277105505,4.379446277105505
4.390908688151571,4.390908688151571
4.402405996002034,4.402405996002034
4.41393841714999,4.41393841714999
4.425506169687872,4.425506169687872
4.4371094733233605,4.4371094733233605
4.448748549395467,4.448748549395467
4.460423620890872,4.460423620890872
4.4721349124604375,4.4721349124604375
4.483882650435934,4.483882650435934
4.495667062846963,4.495667062846963
4.50748837943813,4.50748837943813
4.51934683168641,4.51934683168641
4.531242652818755,4.531242652818755
4.54317607782989,4.54317607782989
4.555147343500377,4.555147343500377
4.567156688414907,4.567156688414907
4.579204352980808,4.579204352980808
4.5912905794468,4.5912905794468
4.603415611921998,4.603415611921998
4.61557969639518,4.61557969639518
4.627783080754273,4.627783080754273
4.6400260148061,4.6400260148061
4.652308750296413,4.652308750296413
4.664631540930176,4.664631540930176
4.676994642392102,4.676994642392102
4.689398312367468,4.689398312367468
4.701842810563212,4.701842810563212
4.714328398729331,4.714328398729331
4.726855340680522,4.726855340680522
4.739423902318126,4.739423902318126
4.752034351652395,4.752034351652395
4.764686958825027,4.764686958825027
4.777381996132021,4.777381996132021
4.7901197380468234,4.7901197380468234
4.802900461243802,4.802900461243802
4.815724444622059,4.815724444622059
4.828591969329532,4.828591969329532
4.841503318787424,4.841503318787424
4.854458778715012,4.854458778715012
4.867458637154759,4.867458637154759
4.880503184497787,4.880503184497787
4.893592713509688,4.893592713509688
4.906727519356702,4.906727519356702
4.919907899632281,4.919907899632281
4.933134154383988,4.933134154383988
4.946406586140783,4.946406586140783
4.959725499940695,4.959725499940695
4.973091203358901,4.973091203358901
4.986504006536184,4.986504006536184
4.99996422220776,4.99996422220776
5.013472165732585,5.013472165732585
5.0270281551230305,5.0270281551230305
5.040632511074999,5.040632511074999
5.054285556998447,5.054285556998447
5.067987619048382,5.067987619048382
5.081739026156291,5.081739026156291
5.095540110062016,5.095540110062016
5.109391205346088,5.109391205346088
5.123292649462539,5.123292649462539
5.137244782772213,5.137244782772213
5.151247948576526,5.151247948576526
5.16530249315172,5.16530249315172
5.179408765783668,5.179408765783668
5.19356711880315,5.19356711880315
5.207777907621663,5.207777907621663
5.222041490767749,5.222041490767749
5.236358229923889,5.236358229923889
5.2507284899639375,5.2507284899639375
5.265152638991109,5.265152638991109
5.2796310483765305,5.2796310483765305
5.294164092798387,5.294164092798387
5.30875215028168,5.30875215028168
5.323395602238535,5.323395602238535
5.338094833509152,5.338094833509152
5.352850232403385,5.352850232403385
5.367662190742964,5.367662190742964
5.382531103904331,5.382531103904331
5.39745737086216,5.39745737086216
5.412441394233548,5.412441394233548
5.427483580322894,5.427483580322894
5.442584339167458,5.442584339167458
5.457744084583633,5.457744084583633
5.472963234213955,5.472963234213955
5.488242209574857,5.488242209574857
5.503581436105139,5.503581436105139
5.518981343215224,5.518981343215224
5.534442364337198,5.534442364337198
5.5499649369756465,5.5499649369756465
5.565549502759297,5.565549502759297
5.5811965074934635,5.5811965074934635
5.5969064012133645,5.5969064012133645
5.6126796382382995,5.6126796382382995
5.628516677226689,5.628516677226689
5.644417981231974,5.644417981231974
5.660384017759482,5.660384017759482
5.6764152588242,5.6764152588242
5.692512181009476,5.692512181009476
5.70867526552668,5.70867526552668
5.724904998275873,5.724904998275873
5.741201869907488,5.741201869907488
5.7575663758849736,5.7575663758849736
5.773999016548556,5.773999016548556
5.7905002971799995,5.7905002971799995
5.807070728068478,5.807070728068478
5.823710824577589,5.823710824577589
5.840421107213444,5.840421107213444
5.857202101693913,5.857202101693913
5.874054339019076,5.874054339019076
5.890978355542888,5.890978355542888
5.907974693046007,5.907974693046007
5.925043898809912,5.925043898809912
5.942186525692301,5.942186525692301
5.959403132203784,5.959403132203784
5.9766942825859015,5.9766942825859015
5.9940605468904975,5.9940605468904975
6.011502501060475,6.011502501060475
6.029020727012005,6.029020727012005
6.0466158127181275,6.0466158127181275
6.064288352293847,6.064288352293847
6.082038946082744,6.082038946082744
6.0998682007451395,6.0998682007451395
6.117776729347801,6.117776729347801
6.135765151455239,6.135765151455239
6.153834093222712,6.153834093222712
6.17198418749086,6.17198418749086
6.190216073882049,6.190216073882049
6.208530398898474,6.208530398898474
6.226927816022049,6.226927816022049
6.245408985816161,6.245408985816161
6.263974576029231,6.263974576029231
6.282625261700202,6.282625261700202
6.301361725266022,6.301361725266022
6.320184656671088,6.320184656671088
6.339094753478723,6.339094753478723
6.358092720984752,6.358092720984752
6.377179272333212,6.377179272333212
6.396355128634262,6.396355128634262
6.4156210190843,6.4156210190843
6.43497768108835,6.43497768108835
6.45442586038481,6.45442586038481
6.473966311172619,6.473966311172619
6.493599796240802,6.493599796240802
6.513327087100535,6.513327087100535
6.533148964119801,6.533148964119801
6.553066216660661,6.553066216660661
6.573079643219166,6.573079643219166
6.593190051568029,6.593190051568029
6.613398258902137,6.613398258902137
6.633705091986919,6.633705091986919
6.654111387309639,6.654111387309639
6.674617991233717,6.674617991233717
6.6952257601561485,6.6952257601561485
6.715935560668092,6.715935560668092
6.736748269718662,6.736748269718662
6.757664774782057,6.757664774782057
6.778685974028094,6.778685974028094
6.799812776496222,6.799812776496222
6.821046102273113,6.821046102273113
6.842386882673851,6.842386882673851
6.863836060426949,6.863836060426949
6.885394589863175,6.885394589863175
6.907063437108296,6.907063437108296
6.928843580279875,6.928843580279875
6.950736009688186,6.950736009688186
6.972741728041431,6.972741728041431
6.994861750655242,6.994861750655242
7.017097105666655,7.017097105666655
7.039448834252699,7.039448834252699
7.061917990853665,7.061917990853665
7.084505643401175,7.084505643401175
7.107212873551189,7.107212873551189
7.130040776922124,7.130040776922124
7.15299046333815,7.15299046333815
7.176063057077842,7.176063057077842
7.199259697128285,7.199259697128285
7.222581537444844,7.222581537444844
7.246029747216722,7.246029747216722
7.2696055111384394,7.2696055111384394
7.293310029687378,7.293310029687378
7.31714451940763,7.31714451940763
7.341110213200308,7.341110213200308
7.365208360620396,7.365208360620396
7.389440228180404,7.389440228180404
8.55764199860399,8.55764199860399
8.5652692855204,8.5652692855204
8.572937012463738,8.572937012463738
8.580648747418042,8.580648747418042
8.588407934246618,8.588407934246618
8.596217907887223,8.596217907887223
8.604081907473823,8.604081907473823
8.612003087746551,8.612003087746551
8.619984529037232,8.619984529037232
8.62802924606179,8.62802924606179
8.63614019570632,8.63614019570632
8.644320283959962,8.644320283959962
8.652572372120055,8.652572372120055
8.660899282373844,8.660899282373844
8.66930380284342,8.66930380284342
8.677788692166637,8.677788692166637
8.686356683675577,8.686356683675577
8.695010489224455,8.695010489224455
8.70375280271135,8.70375280271135
8.71258630333184,8.71258630333184
8.721513658597136,8.721513658597136
8.73053752714514,8.73053752714514
8.739660561368737,8.739660561368737
8.748885409882867,8.748885409882867
8.758214719849049,8.758214719849049
8.767651139173815,8.767651139173815
8.777197318595526,8.777197318595526
8.78685591367228,8.78685591367228
8.796629586682696,8.796629586682696
8.806521008449264,8.806521008449264
8.816532860093785,8.816532860093785
8.826667834732746,8.826667834732746
8.836928639120256,8.836928639120256
8.847317995245188,8.847317995245188
8.857838641888364,8.857838641888364
8.868493336145669,8.868493336145669
8.879284854921865,8.879284854921865
8.890215996400006,8.890215996400006
8.901289581490573,8.901289581490573
8.912508455264406,8.912508455264406
8.92387548837316,8.92387548837316
8.93539357846075,8.93539357846075
8.94706565156905,8.94706565156905
8.958894663540896,8.958894663540896
8.970883601423383,8.970883601423383
8.983035484874245,8.983035484874245
8.995353367573868,8.995353367573868
9.00784033864575,9.00784033864575
9.020499524087487,9.020499524087487
9.033334088215229,9.033334088215229
9.046347235123498,9.046347235123498
9.059542210162851,9.059542210162851
9.072922301437721,9.072922301437721
9.086490841326562,9.086490841326562
9.100251208026656,9.100251208026656
9.114206827125631,9.114206827125631
9.128361173202029,9.128361173202029
9.142717771457196,9.142717771457196
9.15728019938065,9.15728019938065
9.17205208845124,9.17205208845124
9.187037125876408,9.187037125876408
9.202239056371857,9.202239056371857
9.217661683984195,9.217661683984195
9.233308873958782,9.233308873958782
9.249184554655319,9.249184554655319
9.265292719513987,9.265292719513987
9.281637429074573,9.281637429074573
9.298222813051332,9.298222813051332
9.315053072466522,9.315053072466522
9.332132481845461,9.332132481845461
9.349465391476224,9.349465391476224
9.367056229737003,9.367056229737003
9.384909505494512,9.384909505494512
9.403029810576758,9.403029810576758
9.421421822323907,9.421421822323907
9.440090306220632,9.440090306220632
9.459040118614073,9.459040118614073
9.478276209521326,9.478276209521326
9.497803625530732,9.497803625530732
9.517627512801297,9.517627512801297
9.537753120164865,9.537753120164865
9.558185802335995,9.558185802335995
9.578931023234594,9.578931023234594
9.599994359426436,9.599994359426436
9.621381503687399,9.621381503687399
9.643098268697205,9.643098268697205
9.665150590868885,9.665150590868885
9.687544534320368,9.687544534320368
9.710286294995115,9.710286294995115
9.733382204939033,9.733382204939033
9.756838736741253,9.756838736741253
9.780662508146706,9.780662508146706
9.804860286849028,9.804860286849028
9.82943899547271,9.82943899547271
9.85440571675393,9.85440571675393
9.879767698929983,9.879767698929983
9.905532361347825,9.905532361347825
9.931707300302893,9.931707300302893
9.958300295120175,9.958300295120175
9.985319314489558,9.985319314489558
10.012772523069264,10.012772523069264
10.040668288370771,10.040668288370771
10.069015187940783,10.069015187940783
10.097822016855448,10.097822016855448
10.127097795543799,10.127097795543799
10.156851777958396,10.156851777958396
10.187093460111871,10.187093460111871
10.217832588999578,10.217832588999578
10.24907917192981,10.24907917192981
10.280843486284432,10.280843486284432
10.313136089734199,10.313136089734199
10.345967830934697,10.345967830934697
10.379349860730528,10.379349860730528
10.413293643897388,10.413293643897388
10.447810971453531,10.447810971453531
10.482913973574183,10.482913973574183
10.518615133145175,10.518615133145175
10.554927299994233,10.554927299994233
10.591863705841465,10.591863705841465
10.629437980013002,10.629437980013002
10.667664165965535,10.667664165965535
10.70655673867275,10.70655673867275
10.746130622928316,10.746130622928316
10.78640121262426,10.78640121262426
10.827384391068037,10.827384391068037
10.869096552406617,10.869096552406617
10.9115546242308,10.9115546242308
10.954776091438916,10.954776091438916
10.998779021445392,10.998779021445392
11.043582090826497,11.043582090826497
11.089204613502847,11.089204613502847
11.135666570566567,11.135666570566567
11.182988641869825,11.182988641869825
11.231192239501745,11.231192239501745
11.280299543290376,11.280299543290376
11.330333538479476,11.330333538479476
11.381318055741804,11.381318055741804
11.433277813705473,11.433277813705473
11.48623846418563,11.48623846418563
11.540226640330577,11.540226640330577
11.59527000791117,11.59527000791117
11.65139732000359,11.65139732000359
11.708638475338427,11.708638475338427
11.767024580615683,11.767024580615683
11.826588017113963,11.826588017113963
11.887362511954358,11.887362511954358
11.949383214415349,11.949383214415349
12.012686777734798,12.012686777734798
12.077311446879941,12.077311446879941
12.143297152816142,12.143297152816142
12.210685613861205,12.210685613861205
12.279520444774217,12.279520444774217
12.349847274299144,12.349847274299144
12.421713871962565,12.421713871962565
12.495170285014437,12.495170285014437
12.570268986501997,12.570268986501997
12.64706503558189,12.64706503558189
12.72561625130557,12.72561625130557
12.80598340126117,12.80598340126117
12.888230406622892,12.888230406622892
12.972424565352561,12.972424565352561
13.058636795517213,13.058636795517213
13.146941900940115,13.146941900940115
13.237418861691873,13.237418861691873
13.33015115226447,13.33015115226447
13.425227090657074,13.425227090657074
13.522740222050931,13.522740222050931
13.622789741271449,13.622789741271449
13.725480958843024,13.725480958843024
13.830925816150556,13.830925816150556
13.939243456054452,13.939243456054452
14.050560856283033,14.050560856283033
14.165013534081131,14.165013534081131
14.282746331960794,14.282746331960794
14.403914296025217,14.403914296025217
14.528683660276034,14.528683660276034
14.657232952636864,14.657232952636864
14.789754241221415,14.789754241221415
14.92645454275134,14.92645454275134
15.06755741912838,15.06755741912838
15.21330479316581,15.21330479316581
15.36395902061553,15.36395902061553
15.519805263183901,15.519805263183901
15.681154216596628,15.681154216596628
15.848345259453893,15.848345259453893
16.02175010327517,16.02175010327517
16.201777042650015,16.201777042650015
16.388875927968513,16.388875927968513
16.58354401340132,16.58354401340132
16.78633287181838,16.78633287181838
16.99785661918462,16.99785661918462
17.218801757847153,17.218801757847153
17.449939036948983,17.449939036948983
17.692137847418874,17.692137847418874
17.946383830820743,17.946383830820743
18.213800603744865,18.213800603744865
18.495676809150854,18.495676809150854
18.793500143702797,18.793500143702797
19.10900063834873,19.10900063834873
19.444206386962954,19.444206386962954
19.80151628395313,19.80151628395313
20.1837964091328,20.1837964091328
20.5945099327698,20.5945099327698
21.037895585414855,21.037895585414855
21.51921825739166,21.51921825739166
22.045129817485012,22.045129817485012
22.62420399381216,22.62420399381216
23.267756963350564,23.267756963350564
23.991158963707132,23.991158963707132
24.816038107098233,24.816038107098233
25.774221198061042,25.774221198061042
26.91536770471843,26.91536770471843
28.323430733780373,28.323430733780373
30.15799370039613,30.15799370039613
32.78608190578317,32.78608190578317
37.446345406084845,37.446345406084845
