-7.080967134030939,-7.080967134030939
-7.094135471940681,-7.094135471940681
-7.103110044592365,-7.103110044592365
-7.110229857264392,-7.110229857264392
-7.116125192056588,-7.116125192056588
-7.121104523345014,-7.121104523345014
-7.125352184257525,-7.125352184257525
-7.128991040782444,-7.128991040782444
-7.132108932099664,-7.132108932099664
-7.134771813805729,-7.134771813805729
-7.137031044558801,-7.137031044558801
-7.138927756092938,-7.138927756092938
-7.140495634963616,-7.140495634963616
-7.141762778244203,-7.141762778244203
-7.142752979267818,-7.142752979267818
-7.143486646800209,-7.143486646800209
-7.143981479678762,-7.143981479678762
-7.144252973214431,-7.144252973214431
-7.144314806749578,-7.144314806749578
-7.144179145319817,-7.144179145319817
-7.143856877977705,-7.143856877977705
-7.143357808579166,-7.143357808579166
-7.142690810326457,-7.142690810326457
-7.141863952286661,-7.141863952286661
-7.140884603964523,-7.140884603964523
-7.139759522491448,-7.139759522491448
-7.138494925899759,-7.138494925899759
-7.137096555152227,-7.137096555152227
-7.13556972700468,-7.13556972700468
-7.13391937933508,-7.13391937933508
-7.132150110235211,-7.132150110235211
-7.130266211902293,-7.130266211902293
-7.128271700167541,-7.128271700167541
-7.126170340341944,-7.126170340341944
-7.123965669936169,-7.123965669936169
-7.121661018713329,-7.121661018713329
-7.119259526454883,-7.119259526454883
-7.116764158756695,-7.116764158756695
-7.114177721120909,-7.114177721120909
-7.111502871567468,-7.111502871567468
-7.108742131954698,-7.108742131954698
-7.105897898170057,-7.105897898170057
-7.102972449328549,-7.102972449328549
-7.099967956096757,-7.099967956096757
-7.096886488243982,-7.096886488243982
-7.093730021508144,-7.093730021508144
-7.090500443852499,-7.090500443852499
-7.087199561179229,-7.087199561179229
-7.08382910255762,-7.08382910255762
-7.080390725017294,-7.080390725017294
-7.0768860179508195,-7.0768860179508195
-7.073316507164686,-7.073316507164686
-7.069683658613078,-7.069683658613078
-7.065988881844885,-7.065988881844885
-7.062233533190987,-7.062233533190987
-7.058418918715785,-7.058418918715785
-7.054546296954424,-7.054546296954424
-7.050616881454792,-7.050616881454792
-7.046631843141378,-7.046631843141378
-7.042592312516376,-7.042592312516376
-7.038499381711746,-7.038499381711746
-7.0343541064046855,-7.0343541064046855
-7.030157507607661,-7.030157507607661
-7.025910573343123,-7.025910573343123
-7.021614260212024,-7.021614260212024
-7.017269494864448,-7.017269494864448
-7.012877175379841,-7.012877175379841
-7.008438172563732,-7.008438172563732
-7.003953331167104,-7.003953331167104
-6.99942347103415,-6.99942347103415
-6.994849388183565,-6.994849388183565
-6.990231855828142,-6.990231855828142
-6.985571625336981,-6.985571625336981
-6.980869427144308,-6.980869427144308
-6.976125971608563,-6.976125971608563
-6.971341949825111,-6.971341949825111
-6.9665180343956346,-6.9665180343956346
-6.961654880157107,-6.961654880157107
-6.956753124872924,-6.956753124872924
-6.951813389888635,-6.951813389888635
-6.946836280754513,-6.946836280754513
-6.941822387817029,-6.941822387817029
-6.9367722867811485,-6.9367722867811485
-6.931686539245225,-6.931686539245225
-6.9265656932101605,-6.9265656932101605
-6.921410283564308,-6.921410283564308
-6.916220832545628,-6.916220832545628
-6.910997850182334,-6.910997850182334
-6.905741834713312,-6.905741834713312
-6.900453272989445,-6.900453272989445
-6.895132640856935,-6.895132640856935
-6.889780403523577,-6.889780403523577
-6.88439701590897,-6.88439701590897
-6.878982922979515,-6.878982922979515
-6.873538560069003,-6.873538560069003
-6.868064353185587,-6.868064353185587
-6.862560719305846,-6.862560719305846
-6.857028066656586,-6.857028066656586
-6.85146679498505,-6.85146679498505
-6.845877295818104,-6.845877295818104
-6.840259952710958,-6.840259952710958
-6.834615141485945,-6.834615141485945
-6.828943230461858,-6.828943230461858
-6.8232445806743005,-6.8232445806743005
-6.817519546087471,-6.817519546087471
-6.8117684737978355,-6.8117684737978355
-6.8059917042300295,-6.8059917042300295
-6.800189571325372,-6.800189571325372
-6.794362402723353,-6.794362402723353
-6.788510519936387,-6.788510519936387
-6.782634238518172,-6.782634238518172
-6.776733868225925,-6.776733868225925
-6.7708097131767735,-6.7708097131767735
-6.764862071998571,-6.764862071998571
-6.758891237975381,-6.758891237975381
-6.752897499187843,-6.752897499187843
-6.746881138648683,-6.746881138648683
-6.7408424344335405,-6.7408424344335405
-6.734781659807322,-6.734781659807322
-6.728699083346293,-6.728699083346293
-6.722594969056047,-6.722594969056047
-6.716469576485561,-6.716469576485561
-6.710323160837471,-6.710323160837471
-6.7041559730747515,-6.7041559730747515
-6.697968260023904,-6.697968260023904
-6.691760264474841,-6.691760264474841
-6.68553222527756,-6.68553222527756
-6.679284377435769,-6.679284377435769
-6.673016952197534,-6.673016952197534
-6.66673017714314,-6.66673017714314
-6.6604242762701755,-6.6604242762701755
-6.654099470076055,-6.654099470076055
-6.647755975637981,-6.647755975637981
-6.641394006690504,-6.641394006690504
-6.635013773700754,-6.635013773700754
-6.628615483941411,-6.628615483941411
-6.622199341561539,-6.622199341561539
-6.615765547655303,-6.615765547655303
-6.609314300328727,-6.609314300328727
-6.602845794764466,-6.602845794764466
-6.596360223284769,-6.596360223284769
-6.589857775412587,-6.589857775412587
-6.5833386379310035,-6.5833386379310035
-6.576802994940948,-6.576802994940948
-6.570251027917325,-6.570251027917325
-6.563682915763566,-6.563682915763566
-6.557098834864691,-6.557098834864691
-6.5504989591389045,-6.5504989591389045
-6.543883460087794,-6.543883460087794
-6.537252506845179,-6.537252506845179
-6.530606266224638,-6.530606266224638
-6.523944902765775,-6.523944902765775
-6.517268578779256,-6.517268578779256
-6.510577454390663,-6.510577454390663
-6.503871687583215,-6.503871687583215
-6.497151434239352,-6.497151434239352
-6.4904168481812645,-6.4904168481812645
-6.483668081210392,-6.483668081210392
-6.476905283145895,-6.476905283145895
-6.470128601862164,-6.470128601862164
-6.46333818332539,-6.46333818332539
-6.456534171629207,-6.456534171629207
-6.449716709029466,-6.449716709029466
-6.442885935978135,-6.442885935978135
-6.436041991156381,-6.436041991156381
-6.429185011506835,-6.429185011506835
-6.422315132265072,-6.422315132265072
-6.4154324869903565,-6.4154324869903565
-6.408537207595617,-6.408537207595617
-6.401629424376734,-6.401629424376734
-6.394709266041125,-6.394709266041125
-6.387776859735652,-6.387776859735652
-6.38083233107389,-6.38083233107389
-6.373875804162741,-6.373875804162741
-6.366907401628454,-6.366907401628454
-6.359927244642043,-6.359927244642043
-6.352935452944106,-6.352935452944106
-6.34593214486909,-6.34593214486909
-6.338917437369031,-6.338917437369031
-6.331891446036722,-6.331891446036722
-6.324854285128382,-6.324854285128382
-6.317806067585832,-6.317806067585832
-6.310746905058157,-6.310746905058157
-6.30367690792291,-6.30367690792291
-6.296596185306849,-6.296596185306849
-6.289504845106208,-6.289504845106208
-6.282402994006565,-6.282402994006565
-6.275290737502235,-6.275290737502235
-6.268168179915294,-6.268168179915294
-6.261035424414167,-6.261035424414167
-6.25389257303183,-6.25389257303183
-6.246739726683641,-6.246739726683641
-6.239576985184782,-6.239576985184782
-6.232404447267348,-6.232404447267348
-6.225222210597074,-6.225222210597074
-6.218030371789715,-6.218030371789715
-6.210829026427112,-6.210829026427112
-6.203618269072896,-6.203618269072896
-6.1963981932879015,-6.1963981932879015
-6.18916889164525,-6.18916889164525
-6.181930455745144,-6.181930455745144
-6.174682976229356,-6.174682976229356
-6.167426542795429,-6.167426542795429
-6.1601612442106015,-6.1601612442106015
-6.152887168325456,-6.152887168325456
-6.145604402087295,-6.145604402087295
-6.1383130315532615,-6.1383130315532615
-6.131013141903201,-6.131013141903201
-6.12370481745228,-6.12370481745228
-6.116388141663354,-6.116388141663354
-6.109063197159101,-6.109063197159101
-6.1017300657339355,-6.1017300657339355
-6.094388828365674,-6.094388828365674
-6.087039565226998,-6.087039565226998
-6.0796823556967015,-6.0796823556967015
-6.072317278370708,-6.072317278370708
-6.064944411072917,-6.064944411072917
-6.057563830865813,-6.057563830865813
-6.050175614060901,-6.050175614060901
-6.042779836228952,-6.042779836228952
-6.03537657221004,-6.03537657221004
-6.027965896123422,-6.027965896123422
-6.02054788137722,-6.02054788137722
-6.013122600677941,-6.013122600677941
-6.005690126039818,-6.005690126039818
-5.998250528793984,-5.998250528793984
-5.990803879597493,-5.990803879597493
-5.983350248442166,-5.983350248442166
-5.975889704663293,-5.975889704663293
-5.968422316948174,-5.968422316948174
-5.960948153344517,-5.960948153344517
-5.953467281268689,-5.953467281268689
-5.945979767513816,-5.945979767513816
-5.938485678257757,-5.938485678257757
-5.930985079070922,-5.930985079070922
-5.923478034923981,-5.923478034923981
-5.915964610195417,-5.915964610195417
-5.908444868678964,-5.908444868678964
-5.900918873590918,-5.900918873590918
-5.893386687577327,-5.893386687577327
-5.885848372721053,-5.885848372721053
-5.87830399054872,-5.87830399054872
-5.870753602037546,-5.870753602037546
-5.863197267622069,-5.863197267622069
-5.855635047200749,-5.855635047200749
-5.8480670001424695,-5.8480670001424695
-5.840493185292937,-5.840493185292937
-5.83291366098096,-5.83291366098096
-5.825328485024648,-5.825328485024648
-5.817737714737494,-5.817737714737494
-5.810141406934363,-5.810141406934363
-5.802539617937385,-5.802539617937385
-5.794932403581758,-5.794932403581758
-5.787319819221458,-5.787319819221458
-5.779701919734841,-5.779701919734841
-5.772078759530194,-5.772078759530194
-5.764450392551155,-5.764450392551155
-5.756816872282079,-5.756816872282079
-5.749178251753311,-5.749178251753311
-5.74153458354637,-5.74153458354637
-5.733885919799073,-5.733885919799073
-5.726232312210544,-5.726232312210544
-5.7185738120461895,-5.7185738120461895
-5.71091047014256,-5.71091047014256
-5.703242336912169,-5.703242336912169
-5.6955694623482085,-5.6955694623482085
-5.687891896029219,-5.687891896029219
-5.680209687123671,-5.680209687123671
-5.6725228843944935,-5.6725228843944935
-5.664831536203512,-5.664831536203512
-5.657135690515847,-5.657135690515847
-5.649435394904232,-5.649435394904232
-5.641730696553262,-5.641730696553262
-5.6340216422635985,-5.6340216422635985
-5.626308278456091,-5.626308278456091
-5.618590651175858,-5.618590651175858
-5.610868806096289,-5.610868806096289
-5.603142788523004,-5.603142788523004
-5.595412643397755,-5.595412643397755
-5.587678415302249,-5.587678415302249
-5.579940148461953,-5.579940148461953
-5.572197886749809,-5.572197886749809
-5.564451673689919,-5.564451673689919
-5.55670155246117,-5.55670155246117
-5.548947565900797,-5.548947565900797
-5.541189756507921,-5.541189756507921
-5.5334281664470115,-5.5334281664470115
-5.525662837551315,-5.525662837551315
-5.517893811326224,-5.517893811326224
-5.510121128952619,-5.510121128952619
-5.502344831290138,-5.502344831290138
-5.494564958880426,-5.494564958880426
-5.486781551950315,-5.486781551950315
-5.4789946504149825,-5.4789946504149825
-5.471204293881052,-5.471204293881052
-5.463410521649658,-5.463410521649658
-5.4556133727194664,-5.4556133727194664
-5.447812885789652,-5.447812885789652
-5.440009099262841,-5.440009099262841
-5.432202051248015,-5.432202051248015
-5.424391779563362,-5.424391779563362
-5.416578321739105,-5.416578321739105
-5.4087617150202885,-5.4087617150202885
-5.400941996369524,-5.400941996369524
-5.393119202469699,-5.393119202469699
-5.385293369726657,-5.385293369726657
-5.377464534271832,-5.377464534271832
-5.369632731964856,-5.369632731964856
-5.361797998396137,-5.361797998396137
-5.35396036888938,-5.35396036888938
-5.346119878504112,-5.346119878504112
-5.338276562038135,-5.338276562038135
-5.33043045402998,-5.33043045402998
-5.322581588761301,-5.322581588761301
-5.31473000025927,-5.31473000025927
-5.306875722298906,-5.306875722298906
-5.299018788405405,-5.299018788405405
-5.291159231856418,-5.291159231856418
-5.283297085684314,-5.283297085684314
-5.27543238267841,-5.27543238267841
-5.267565155387167,-5.267565155387167
-5.25969543612037,-5.25969543612037
-5.2518232569512655,-5.2518232569512655
-5.243948649718692,-5.243948649718692
-5.236071646029161,-5.236071646029161
-5.228192277258934,-5.228192277258934
-5.220310574556055,-5.220310574556055
-5.2124265688423685,-5.2124265688423685
-5.204540290815518,-5.204540290815518
-5.196651770950898,-5.196651770950898
-5.188761039503609,-5.188761039503609
-5.180868126510368,-5.180868126510368
-5.1729730617914065,-5.1729730617914065
-5.165075874952342,-5.165075874952342
-5.1571765953860265,-5.1571765953860265
-5.149275252274371,-5.149275252274371
-5.14137187459016,-5.14137187459016
-5.133466491098817,-5.133466491098817
-5.125559130360182,-5.125559130360182
-5.117649820730246,-5.117649820730246
-5.109738590362869,-5.109738590362869
-5.101825467211479,-5.101825467211479
-5.093910479030755,-5.093910479030755
-5.085993653378283,-5.085993653378283
-5.078075017616197,-5.078075017616197
-5.070154598912794,-5.070154598912794
-5.062232424244144,-5.062232424244144
-5.054308520395666,-5.054308520395666
-5.046382913963695,-5.046382913963695
-5.0384556313570235,-5.0384556313570235
-5.030526698798436,-5.030526698798436
-5.0225961423262095,-5.0225961423262095
-5.014663987795617,-5.014663987795617
-5.0067302608803965,-5.0067302608803965
-4.998794987074205,-4.998794987074205
-4.990858191692072,-4.990858191692072
-4.982919899871815,-4.982919899871815
-4.974980136575451,-4.974980136575451
-4.967038926590592,-4.967038926590592
-4.9590962945318156,-4.9590962945318156
-4.951152264842035,-4.951152264842035
-4.943206861793839,-4.943206861793839
-4.935260109490823,-4.935260109490823
-4.927312031868908,-4.927312031868908
-4.9193626526976395,-4.9193626526976395
-4.911411995581476,-4.911411995581476
-4.903460083961061,-4.903460083961061
-4.895506941114474,-4.895506941114474
-4.88755259015849,-4.88755259015849
-4.879597054049795,-4.879597054049795
-4.871640355586207,-4.871640355586207
-4.863682517407884,-4.863682517407884
-4.855723561998515,-4.855723561998515
-4.847763511686482,-4.847763511686482
-4.839802388646046,-4.839802388646046
-4.831840214898483,-4.831840214898483
-4.823877012313228,-4.823877012313228
-4.815912802608999,-4.815912802608999
-4.807947607354922,-4.807947607354922
-4.799981447971615,-4.799981447971615
-4.792014345732294,-4.792014345732294
-4.784046321763846,-4.784046321763846
-4.776077397047891,-4.776077397047891
-4.768107592421853,-4.768107592421853
-4.760136928579985,-4.760136928579985
-4.7521654260744155,-4.7521654260744155
-4.744193105316169,-4.744193105316169
-4.736219986576169,-4.736219986576169
-4.728246089986253,-4.728246089986253
-4.720271435540145,-4.720271435540145
-4.712296043094455,-4.712296043094455
-4.704319932369633,-4.704319932369633
-4.696343122950931,-4.696343122950931
-4.68836563428936,-4.68836563428936
-4.68038748570262,-4.68038748570262
-4.672408696376032,-4.672408696376032
-4.664429285363464,-4.664429285363464
-4.6564492715882295,-4.6564492715882295
-4.648468673844002,-4.648468673844002
-4.640487510795695,-4.640487510795695
-4.632505800980347,-4.632505800980347
-4.624523562808,-4.624523562808
-4.616540814562557,-4.616540814562557
-4.608557574402641,-4.608557574402641
-4.600573860362443,-4.600573860362443
-4.592589690352553,-4.592589690352553
-4.5846050821608,-4.5846050821608
-4.576620053453058,-4.576620053453058
-4.568634621774079,-4.568634621774079
-4.560648804548275,-4.560648804548275
-4.552662619080532,-4.552662619080532
-4.544676082556989,-4.544676082556989
-4.536689212045821,-4.536689212045821
-4.52870202449801,-4.52870202449801
-4.520714536748112,-4.520714536748112
-4.512726765515011,-4.512726765515011
-4.504738727402672,-4.504738727402672
-4.496750438900878,-4.496750438900878
-4.488761916385971,-4.488761916385971
-4.4807731761215726,-4.4807731761215726
-4.47278423425931,-4.47278423425931
-4.464795106839523,-4.464795106839523
-4.456805809791977,-4.456805809791977
-4.448816358936554,-4.448816358936554
-4.440826769983952,-4.440826769983952
-4.432837058536364,-4.432837058536364
-4.42484724008816,-4.42484724008816
-4.416857330026559,-4.416857330026559
-4.408867343632293,-4.408867343632293
-4.400877296080266,-4.400877296080266
-4.392887202440206,-4.392887202440206
-4.384897077677312,-4.384897077677312
-4.376906936652895,-4.376906936652895
-4.368916794125006,-4.368916794125006
-4.360926664749071,-4.360926664749071
-4.352936563078507,-4.352936563078507
-4.344946503565339,-4.344946503565339
-4.336956500560811,-4.336956500560811
-4.328966568315986,-4.328966568315986
-4.320976720982345,-4.320976720982345
-4.312986972612383,-4.312986972612383
-4.3049973371601915,-4.3049973371601915
-4.2970078284820366,-4.2970078284820366
-4.289018460336943,-4.289018460336943
-4.281029246387256,-4.281029246387256
-4.273040200199207,-4.273040200199207
-4.265051335243477,-4.265051335243477
-4.2570626648957415,-4.2570626648957415
-4.2490742024372326,-4.2490742024372326
-4.241085961055269,-4.241085961055269
-4.233097953843803,-4.233097953843803
-4.225110193803944,-4.225110193803944
-4.217122693844501,-4.217122693844501
-4.209135466782489,-4.209135466782489
-4.201148525343663,-4.201148525343663
-4.19316188216302,-4.19316188216302
-4.185175549785312,-4.185175549785312
-4.177189540665549,-4.177189540665549
-4.169203867169503,-4.169203867169503
-4.16121854157419,-4.16121854157419
-4.153233576068373,-4.153233576068373
-4.145248982753042,-4.145248982753042
-4.137264773641895,-4.137264773641895
-4.129280960661812,-4.129280960661812
-4.12129755565333,-4.12129755565333
-4.11331457037111,-4.11331457037111
-4.105332016484403,-4.105332016484403
-4.0973499055775005,-4.0973499055775005
-4.089368249150199,-4.089368249150199
-4.081387058618247,-4.081387058618247
-4.073406345313785,-4.073406345313785
-4.0654261204858,-4.0654261204858
-4.057446395300557,-4.057446395300557
-4.049467180842029,-4.049467180842029
-4.041488488112337,-4.041488488112337
-4.033510328032171,-4.033510328032171
-4.025532711441208,-4.025532711441208
-4.017555649098544,-4.017555649098544
-4.009579151683092,-4.009579151683092
-4.001603229794008,-4.001603229794008
-3.9936278939510874,-3.9936278939510874
-3.9856531545951768,-3.9856531545951768
-3.9776790220885685,-3.9776790220885685
-3.969705506715399,-3.969705506715399
-3.96173261868204,-3.96173261868204
-3.953760368117491,-3.953760368117491
-3.9457887650737633,-3.9457887650737633
-3.9378178195262605,-3.9378178195262605
-3.929847541374158,-3.929847541374158
-3.921877940440782,-3.921877940440782
-3.913909026473976,-3.913909026473976
-3.9059408091464745,-3.9059408091464745
-3.897973298056263,-3.897973298056263
-3.8900065027269446,-3.8900065027269446
-3.8820404326080986,-3.8820404326080986
-3.8740750970756306,-3.8740750970756306
-3.8661105054321325,-3.8661105054321325
-3.858146666907227,-3.858146666907227
-3.850183590657915,-3.850183590657915
-3.8422212857689195,-3.8422212857689195
-3.8342597612530214,-3.8342597612530214
-3.8262990260514043,-3.8262990260514043
-3.8183390890339806,-3.8183390890339806
-3.810379958999727,-3.810379958999727
-3.8024216446770094,-3.8024216446770094
-3.794464154723912,-3.794464154723912
-3.786507497728557,-3.786507497728557
-3.7785516822094234,-3.7785516822094234
-3.770596716615664,-3.770596716615664
-3.76264260932742,-3.76264260932742
-3.7546893686561322,-3.7546893686561322
-3.7467370028448475,-3.7467370028448475
-3.7387855200685243,-3.7387855200685243
-3.7308349284343363,-3.7308349284343363
-3.7228852359819733,-3.7228852359819733
-3.714936450683936,-3.714936450683936
-3.706988580445834,-3.706988580445834
-3.699041633106673,-3.699041633106673
-3.691095616439152,-3.691095616439152
-3.683150538149941,-3.683150538149941
-3.675206405879972,-3.675206405879972
-3.6672632272047205,-3.6672632272047205
-3.659321009634483,-3.659321009634483
-3.6513797606146516,-3.6513797606146516
-3.6434394875259946,-3.6434394875259946
-3.6355001976849244,-3.6355001976849244
-3.627561898343767,-3.627561898343767
-3.619624596691032,-3.619624596691032
-3.611688299851676,-3.611688299851676
-3.603753014887362,-3.603753014887362
-3.5958187487967286,-3.5958187487967286
-3.587885508515637,-3.587885508515637
-3.579953300917433,-3.579953300917433
-3.572022132813201,-3.572022132813201
-3.5640920109520122,-3.5640920109520122
-3.5561629420211758,-3.5561629420211758
-3.548234932646485,-3.548234932646485
-3.5403079893924603,-3.5403079893924603
-3.5323821187625932,-3.5323821187625932
-3.5244573271995883,-3.5244573271995883
-3.516533621085597,-3.516533621085597
-3.5086110067424587,-3.5086110067424587
-3.5006894904319306,-3.5006894904319306
-3.492769078355923,-3.492769078355923
-3.4848497766567244,-3.4848497766567244
-3.476931591417236,-3.476931591417236
-3.46901452866119,-3.46901452866119
-3.4610985943533823,-3.4610985943533823
-3.4531837943998824,-3.4531837943998824
-3.4452701346482684,-3.4452701346482684
-3.43735762088783,-3.43735762088783
-3.4294462588497927,-3.4294462588497927
-3.421536054207533,-3.421536054207533
-3.4136270125767836,-3.4136270125767836
-3.405719139515852,-3.405719139515852
-3.397812440525821,-3.397812440525821
-3.3899069210507613,-3.3899069210507613
-3.3820025864779337,-3.3820025864779337
-3.3740994421379913,-3.3740994421379913
-3.366197493305181,-3.366197493305181
-3.3582967451975447,-3.3582967451975447
-3.350397202977114,-3.350397202977114
-3.3424988717501067,-3.3424988717501067
-3.334601756567123,-3.334601756567123
-3.3267058624233328,-3.3267058624233328
-3.3188111942586733,-3.3188111942586733
-3.310917756958031,-3.310917756958031
-3.3030255553514314,-3.3030255553514314
-3.295134594214224,-3.295134594214224
-3.2872448782672716,-3.2872448782672716
-3.27935641217712,-3.27935641217712
-3.2714692005561905,-3.2714692005561905
-3.263583247962952,-3.263583247962952
-3.255698558902102,-3.255698558902102
-3.247815137824738,-3.247815137824738
-3.2399329891285347,-3.2399329891285347
-3.232052117157915,-3.232052117157915
-3.224172526204223,-3.224172526204223
-3.2162942205058886,-3.2162942205058886
-3.2084172042486014,-3.2084172042486014
-3.200541481565471,-3.200541481565471
-3.192667056537195,-3.192667056537195
-3.1847939331922226,-3.1847939331922226
-3.1769221155069127,-3.1769221155069127
-3.1690516074056996,-3.1690516074056996
-3.161182412761245,-3.161182412761245
-3.153314535394601,-3.153314535394601
-3.1454479790753638,-3.1454479790753638
-3.1375827475218268,-3.1375827475218268
-3.129718844401135,-3.129718844401135
-3.1218562733294344,-3.1218562733294344
-3.113995037872027,-3.113995037872027
-3.106135141543513,-3.106135141543513
-3.0982765878079426,-3.0982765878079426
-3.090419380078959,-3.090419380078959
-3.0825635217199476,-3.0825635217199476
-3.074709016044171,-3.074709016044171
-3.06685586631492,-3.06685586631492
-3.0590040757456465,-3.0590040757456465
-3.0511536475001075,-3.0511536475001075
-3.0433045846925015,-3.0433045846925015
-3.035456890387604,-3.035456890387604
-3.0276105676009015,-3.0276105676009015
-3.0197656192987297,-3.0197656192987297
-3.0119220483984037,-3.0119220483984037
-3.0040798577683465,-3.0040798577683465
-2.9962390502282252,-2.9962390502282252
-2.9883996285490735,-2.9883996285490735
-2.9805615954534224,-2.9805615954534224
-2.972724953615426,-2.972724953615426
-2.964889705660989,-2.964889705660989
-2.9570558541678857,-2.9570558541678857
-2.949223401665885,-2.949223401665885
-2.9413923506368715,-2.9413923506368715
-2.9335627035149687,-2.9335627035149687
-2.925734462686653,-2.925734462686653
-2.9179076304908733,-2.9179076304908733
-2.910082209219171,-2.910082209219171
-2.902258201115787,-2.902258201115787
-2.89443560837779,-2.89443560837779
-2.8866144331551733,-2.8866144331551733
-2.878794677550979,-2.878794677550979
-2.870976343621402,-2.870976343621402
-2.863159433375905,-2.863159433375905
-2.855343948777324,-2.855343948777324
-2.8475298917419716,-2.8475298917419716
-2.839717264139755,-2.839717264139755
-2.8319060677942685,-2.8319060677942685
-2.824096304482907,-2.824096304482907
-2.8162879759369606,-2.8162879759369606
-2.8084810838417287,-2.8084810838417287
-2.8006756298366082,-2.8006756298366082
-2.7928716155151987,-2.7928716155151987
-2.785069042425403,-2.785069042425403
-2.777267912069523,-2.777267912069523
-2.7694682259043564,-2.7694682259043564
-2.7616699853412925,-2.7616699853412925
-2.7538731917464045,-2.7538731917464045
-2.7460778464405484,-2.7460778464405484
-2.7382839506994516,-2.7382839506994516
-2.730491505753804,-2.730491505753804
-2.7227005127893493,-2.7227005127893493
-2.7149109729469765,-2.7149109729469765
-2.7071228873228073,-2.7071228873228073
-2.6993362569682806,-2.6993362569682806
-2.691551082890242,-2.691551082890242
-2.6837673660510304,-2.6837673660510304
-2.67598510736856,-2.67598510736856
-2.6682043077164033,-2.6682043077164033
-2.6604249679238774,-2.6604249679238774
-2.652647088776121,-2.652647088776121
-2.64487067101418,-2.64487067101418
-2.6370957153350822,-2.6370957153350822
-2.6293222223919197,-2.6293222223919197
-2.621550192793926,-2.621550192793926
-2.6137796271065525,-2.6137796271065525
-2.6060105258515427,-2.6060105258515427
-2.598242889507009,-2.598242889507009
-2.5904767185075097,-2.5904767185075097
-2.5827120132441173,-2.5827120132441173
-2.5749487740644916,-2.5749487740644916
-2.5671870012729534,-2.5671870012729534
-2.559426695130556,-2.559426695130556
-2.551667855855148,-2.551667855855148
-2.543910483621451,-2.543910483621451
-2.5361545785611197,-2.5361545785611197
-2.5284001407628134,-2.5284001407628134
-2.520647170272263,-2.520647170272263
-2.512895667092329,-2.512895667092329
-2.5051456311830775,-2.5051456311830775
-2.497397062461831,-2.497397062461831
-2.4896499608032374,-2.4896499608032374
-2.4819043260393348,-2.4819043260393348
-2.4741601579596066,-2.4741601579596066
-2.4664174563110426,-2.4664174563110426
-2.4586762207982007,-2.4586762207982007
-2.4509364510832663,-2.4509364510832663
-2.4431981467861004,-2.4431981467861004
-2.43546130748431,-2.43546130748431
-2.427725932713293,-2.427725932713293
-2.419992021966299,-2.419992021966299
-2.4122595746944815,-2.4122595746944815
-2.4045285903069527,-2.4045285903069527
-2.39679906817083,-2.39679906817083
-2.3890710076112986,-2.3890710076112986
-2.381344407911656,-2.381344407911656
-2.3736192683133583,-2.3736192683133583
-2.365895588016077,-2.365895588016077
-2.3581733661777435,-2.3581733661777435
-2.3504526019145984,-2.3504526019145984
-2.342733294301238,-2.342733294301238
-2.3350154423706586,-2.3350154423706586
-2.327299045114307,-2.327299045114307
-2.319584101482118,-2.319584101482118
-2.3118706103825635,-2.3118706103825635
-2.3041585706826955,-2.3041585706826955
-2.296447981208184,-2.296447981208184
-2.288738840743364,-2.288738840743364
-2.281031148031273,-2.281031148031273
-2.2733249017736914,-2.2733249017736914
-2.265620100631183,-2.265620100631183
-2.257916743223132,-2.257916743223132
-2.2502148281277816,-2.2502148281277816
-2.242514353882269,-2.242514353882269
-2.2348153189826667,-2.2348153189826667
-2.227117721884013,-2.227117721884013
-2.219421561000349,-2.219421561000349
-2.2117268347047516,-2.2117268347047516
-2.2040335413293684,-2.2040335413293684
-2.1963416791654478,-2.1963416791654478
-2.188651246463374,-2.188651246463374
-2.1809622414326952,-2.1809622414326952
-2.173274662242158,-2.173274662242158
-2.1655885070197294,-2.1655885070197294
-2.157903773852635,-2.157903773852635
-2.15022046078738,-2.15022046078738
-2.1425385658297817,-2.1425385658297817
-2.134858086944995,-2.134858086944995
-2.1271790220575353,-2.1271790220575353
-2.119501369051306,-2.119501369051306
-2.111825125769629,-2.111825125769629
-2.104150290015255,-2.104150290015255
-2.0964768595504037,-2.0964768595504037
-2.088804832096771,-2.088804832096771
-2.0811342053355615,-2.0811342053355615
-2.0734649769075033,-2.0734649769075033
-2.065797144412874,-2.065797144412874
-2.058130705411516,-2.058130705411516
-2.0504656574228584,-2.0504656574228584
-2.0428019979259306,-2.0428019979259306
-2.0351397243593894,-2.0351397243593894
-2.0274788341215277,-2.0274788341215277
-2.019819324570294,-2.019819324570294
-2.0121611930233056,-2.0121611930233056
-2.0045044367578693,-2.0045044367578693
-1.9968490530109915,-1.9968490530109915
-1.9891950389793929,-1.9891950389793929
-1.9815423918195212,-1.9815423918195212
-1.973891108647562,-1.973891108647562
-1.9662411865394551,-1.9662411865394551
-1.958592622530902,-1.958592622530902
-1.9509454136173763,-1.9509454136173763
-1.9432995567541334,-1.9432995567541334
-1.9356550488562225,-1.9356550488562225
-1.9280118867984906,-1.9280118867984906
-1.920370067415594,-1.920370067415594
-1.9127295875020023,-1.9127295875020023
-1.905090443812007,-1.905090443812007
-1.897452633059728,-1.897452633059728
-1.8898161519191148,-1.8898161519191148
-1.8821809970239545,-1.8821809970239545
-1.8745471649678753,-1.8745471649678753
-1.866914652304349,-1.866914652304349
-1.8592834555466915,-1.8592834555466915
-1.8516535711680704,-1.8516535711680704
-1.8440249956014987,-1.8440249956014987
-1.8363977252398427,-1.8363977252398427
-1.828771756435815,-1.828771756435815
-1.8211470855019805,-1.8211470855019805
-1.813523708710749,-1.813523708710749
-1.8059016222943798,-1.8059016222943798
-1.7982808224449727,-1.7982808224449727
-1.7906613053144687,-1.7906613053144687
-1.7830430670146433,-1.7830430670146433
-1.7754261036171068,-1.7754261036171068
-1.7678104111532935,-1.7678104111532935
-1.7601959856144587,-1.7601959856144587
-1.7525828229516731,-1.7525828229516731
-1.744970919075815,-1.744970919075815
-1.7373602698575616,-1.7373602698575616
-1.7297508711273806,-1.7297508711273806
-1.7221427186755245,-1.7221427186755245
-1.7145358082520172,-1.7145358082520172
-1.7069301355666469,-1.7069301355666469
-1.6993256962889511,-1.6993256962889511
-1.6917224860482103,-1.6917224860482103
-1.6841205004334339,-1.6841205004334339
-1.6765197349933454,-1.6765197349933454
-1.6689201852363715,-1.6689201852363715
-1.661321846630629,-1.661321846630629
-1.6537247146039082,-1.6537247146039082
-1.6461287845436574,-1.6461287845436574
-1.6385340517969686,-1.6385340517969686
-1.6309405116705624,-1.6309405116705624
-1.6233481594307682,-1.6233481594307682
-1.6157569903035076,-1.6157569903035076
-1.6081669994742749,-1.6081669994742749
-1.6005781820881224,-1.6005781820881224
-1.5929905332496368,-1.5929905332496368
-1.5854040480229208,-1.5854040480229208
-1.5778187214315702,-1.5778187214315702
-1.570234548458657,-1.570234548458657
-1.5626515240467045,-1.5626515240467045
-1.5550696430976632,-1.5550696430976632
-1.5474889004728907,-1.5474889004728907
-1.5399092909931273,-1.5399092909931273
-1.5323308094384713,-1.5323308094384713
-1.5247534505483522,-1.5247534505483522
-1.5171772090215065,-1.5171772090215065
-1.5096020795159542,-1.5096020795159542
-1.5020280566489679,-1.5020280566489679
-1.494455134997045,-1.494455134997045
-1.4868833090958822,-1.4868833090958822
-1.4793125734403487,-1.4793125734403487
-1.4717429224844507,-1.4717429224844507
-1.4641743506413072,-1.4641743506413072
-1.4566068522831148,-1.4566068522831148
-1.4490404217411206,-1.4490404217411206
-1.4414750533055893,-1.4414750533055893
-1.433910741225769,-1.433910741225769
-1.4263474797098592,-1.4263474797098592
-1.418785262924979,-1.418785262924979
-1.4112240849971294,-1.4112240849971294
-1.4036639400111626,-1.4036639400111626
-1.3961048220107413,-1.3961048220107413
-1.3885467249983094,-1.3885467249983094
-1.3809896429350474,-1.3809896429350474
-1.373433569740845,-1.373433569740845
-1.3658784992942496,-1.3658784992942496
-1.3583244254324438,-1.3583244254324438
-1.350771341951191,-1.350771341951191
-1.3432192426048095,-1.3432192426048095
-1.3356681211061177,-1.3356681211061177
-1.3281179711264082,-1.3281179711264082
-1.3205687862953932,-1.3205687862953932
-1.313020560201172,-1.313020560201172
-1.3054732863901792,-1.3054732863901792
-1.2979269583671507,-1.2979269583671507
-1.2903815695950716,-1.2903815695950716
-1.282837113495137,-1.282837113495137
-1.2752935834467019,-1.2752935834467019
-1.2677509727872405,-1.2677509727872405
-1.2602092748122946,-1.2602092748122946
-1.252668482775431,-1.252668482775431
-1.2451285898881885,-1.2451285898881885
-1.237589589320036,-1.237589589320036
-1.2300514741983155,-1.2300514741983155
-1.2225142376082012,-1.2225142376082012
-1.2149778725926397,-1.2149778725926397
-1.2074423721523102,-1.2074423721523102
-1.1999077292455602,-1.1999077292455602
-1.1923739367883655,-1.1923739367883655
-1.184840987654268,-1.184840987654268
-1.1773088746743268,-1.1773088746743268
-1.1697775906370642,-1.1697775906370642
-1.1622471282884108,-1.1622471282884108
-1.1547174803316473,-1.1547174803316473
-1.1471886394273507,-1.1471886394273507
-1.1396605981933403,-1.1396605981933403
-1.1321333492046162,-1.1321333492046162
-1.1246068849933022,-1.1246068849933022
-1.117081198048589,-1.117081198048589
-1.1095562808166735,-1.1095562808166735
-1.102032125700702,-1.102032125700702
-1.0945087250607044,-1.0945087250607044
-1.0869860712135375,-1.0869860712135375
-1.0794641564328218,-1.0794641564328218
-1.0719429729488803,-1.0719429729488803
-1.0644225129486724,-1.0644225129486724
-1.0569027685757333,-1.0569027685757333
-1.0493837319301091,-1.0493837319301091
-1.0418653950682923,-1.0418653950682923
-1.0343477500031537,-1.0343477500031537
-1.026830788703878,-1.026830788703878
-1.0193145030958972,-1.0193145030958972
-1.0117988850608237,-1.0117988850608237
-1.0042839264363792,-1.0042839264363792
-0.9967696190163289,-0.9967696190163289
-0.989255954550409,-0.989255954550409
-0.981742924744262,-0.981742924744262
-0.9742305212593585,-0.9742305212593585
-0.9667187357129298,-0.9667187357129298
-0.9592075596778972,-0.9592075596778972
-0.951696984682797,-0.951696984682797
-0.9441870022117054,-0.9441870022117054
-0.9366776037041675,-0.9366776037041675
-0.9291687805551216,-0.9291687805551216
-0.9216605241148238,-0.9216605241148238
-0.91415282568877,-0.91415282568877
-0.9066456765376207,-0.9066456765376207
-0.8991390678771245,-0.8991390678771245
-0.8916329908780386,-0.8916329908780386
-0.8841274366660491,-0.8841274366660491
-0.8766223963216916,-0.8766223963216916
-0.8691178608802741,-0.8691178608802741
-0.8616138213317939,-0.8616138213317939
-0.8541102686208534,-0.8541102686208534
-0.8466071936465821,-0.8466071936465821
-0.839104587262551,-0.839104587262551
-0.8316024402766923,-0.8316024402766923
-0.8241007434512094,-0.8241007434512094
-0.8165994875024957,-0.8165994875024957
-0.80909866310105,-0.80909866310105
-0.8015982608713877,-0.8015982608713877
-0.7940982713919535,-0.7940982713919535
-0.7865986851950343,-0.7865986851950343
-0.7790994927666708,-0.7790994927666708
-0.7716006845465703,-0.7716006845465703
-0.7641022509280118,-0.7641022509280118
-0.7566041822577578,-0.7566041822577578
-0.7491064688359667,-0.7491064688359667
-0.7416091009160949,-0.7416091009160949
-0.7341120687048066,-0.7341120687048066
-0.7266153623618798,-0.7266153623618798
-0.7191189720001134,-0.7191189720001134
-0.7116228876852314,-0.7116228876852314
-0.7041270994357852,-0.7041270994357852
-0.6966315972230602,-0.6966315972230602
-0.6891363709709775,-0.6891363709709775
-0.6816414105559961,-0.6816414105559961
-0.6741467058070144,-0.6741467058070144
-0.666652246505268,-0.666652246505268
-0.6591580223842355,-0.6591580223842355
-0.6516640231295333,-0.6516640231295333
-0.6441702383788155,-0.6441702383788155
-0.6366766577216688,-0.6366766577216688
-0.6291832706995145,-0.6291832706995145
-0.6216900668055022,-0.6216900668055022
-0.6141970354844035,-0.6141970354844035
-0.6067041661325071,-0.6067041661325071
-0.5992114480975175,-0.5992114480975175
-0.5917188706784419,-0.5917188706784419
-0.5842264231254849,-0.5842264231254849
-0.5767340946399413,-0.5767340946399413
-0.5692418743740857,-0.5692418743740857
-0.5617497514310643,-0.5617497514310643
-0.5542577148647799,-0.5542577148647799
-0.5467657536797844,-0.5467657536797844
-0.539273856831167,-0.539273856831167
-0.5317820132244387,-0.5317820132244387
-0.5242902117154185,-0.5242902117154185
-0.5167984411101197,-0.5167984411101197
-0.5093066901646354,-0.5093066901646354
-0.501814947585021,-0.501814947585021
-0.4943232020271777,-0.4943232020271777
-0.4868314420967331,-0.4868314420967331
-0.47933965634892534,-0.47933965634892534
-0.47184783328848284,-0.47184783328848284
-0.4643559613695021,-0.4643559613695021
-0.4568640289953274,-0.4568640289953274
-0.449372024518432,-0.449372024518432
-0.44187993624029254,-0.44187993624029254
-0.434387752411265,-0.434387752411265
-0.42689546123046024,-0.42689546123046024
-0.4194030508456236,-0.4194030508456236
-0.411910509353003,-0.411910509353003
-0.4044178247972244,-0.4044178247972244
-0.39692498517116354,-0.39692498517116354
-0.38943197841582167,-0.38943197841582167
-0.38193879242018663,-0.38193879242018663
-0.37444541502111467,-0.37444541502111467
-0.36695183400318765,-0.36695183400318765
-0.3594580370985924,-0.3594580370985924
-0.35196401198697563,-0.35196401198697563
-0.34446974629532423,-0.34446974629532423
-0.3369752275978171,-0.3369752275978171
-0.3294804434156984,-0.3294804434156984
-0.3219853812171401,-0.3219853812171401
-0.31449002841710344,-0.31449002841710344
-0.3069943723771993,-0.3069943723771993
-0.2994984004055511,-0.2994984004055511
-0.2920020997566573,-0.2920020997566573
-0.28450545763124746,-0.28450545763124746
-0.2770084611761406,-0.2770084611761406
-0.2695110974841032,-0.2695110974841032
-0.2620133535937082,-0.2620133535937082
-0.25451521648918846,-0.25451521648918846
-0.2470166731002897,-0.2470166731002897
-0.23951771030212757,-0.23951771030212757
-0.23201831491504019,-0.23201831491504019
-0.22451847370443967,-0.22451847370443967
-0.21701817338066107,-0.21701817338066107
-0.2095174005988138,-0.2095174005988138
-0.20201614195863446,-0.20201614195863446
-0.19451438400433035,-0.19451438400433035
-0.187012113224428,-0.187012113224428
-0.17950931605161913,-0.17950931605161913
-0.1720059788626088,-0.1720059788626088
-0.16450208797795723,-0.16450208797795723
-0.15699762966192368,-0.15699762966192368
-0.14949259012230773,-0.14949259012230773
-0.14198695551029406,-0.14198695551029406
-0.13448071192029207,-0.13448071192029207
-0.12697384538977202,-0.12697384538977202
-0.1194663418991063,-0.1194663418991063
-0.11195818737140865,-0.11195818737140865
-0.10444936767236894,-0.10444936767236894
-0.09693986861008642,-0.09693986861008642
-0.08942967593490793,-0.08942967593490793
-0.08191877533926044,-0.08191877533926044
-0.07440715245748342,-0.07440715245748342
-0.06689479286565946,-0.06689479286565946
-0.05938168208144494,-0.05938168208144494
-0.05186780556390195,-0.05186780556390195
-0.04435314871332372,-0.04435314871332372
-0.03683769687106338,-0.03683769687106338
-0.029321435319358824,-0.029321435319358824
-0.021804349281161418,-0.021804349281161418
-0.014286423919957027,-0.014286423919957027
-0.006767644339589743,-0.006767644339589743
0.0007520044159161032,0.0007520044159161032
0.008272537362532107,0.008272537362532107
0.01579396957640895,0.01579396957640895
0.023316316194060216,0.023316316194060216
0.030839592412533527,0.030839592412533527
0.03836381348960977,0.03836381348960977
0.04588899474397211,0.04588899474397211
0.05341515155540545,0.05341515155540545
0.06094229936496825,0.06094229936496825
0.06847045367519707,0.06847045367519707
0.07599963005027681,0.07599963005027681
0.08352984411624952,0.08352984411624952
0.09106111156118943,0.09106111156118943
0.09859344813540842,0.09859344813540842
0.10612686965163667,0.10612686965163667
0.11366139198522958,0.11366139198522958
0.12119703107435628,0.12119703107435628
0.12873380292019457,0.12873380292019457
0.13627172358713813,0.13627172358713813
0.1438108092029834,0.1438108092029834
0.15135107595914352,0.15135107595914352
0.15889254011083725,0.15889254011083725
0.1664352179773021,0.1664352179773021
0.17397912594198944,0.17397912594198944
0.18152428045277919,0.18152428045277919
0.18907069802217563,0.18907069802217563
0.1966183952275256,0.1966183952275256
0.2041673887112174,0.2041673887112174
0.2117176951809023,0.2117176951809023
0.21926933140969093,0.21926933140969093
0.2268223142363823,0.2268223142363823
0.23437666056566367,0.23437666056566367
0.24193238736833814,0.24193238736833814
0.2494895116815255,0.2494895116815255
0.25704805060889857,0.25704805060889857
0.26460802132088573,0.26460802132088573
0.27216944105490126,0.27216944105490126
0.2797323271155603,0.2797323271155603
0.2872966968749106,0.2872966968749106
0.29486256777264347,0.29486256777264347
0.302429957316333,0.302429957316333
0.30999888308165136,0.30999888308165136
0.3175693627126066,0.3175693627126066
0.3251414139217636,0.3251414139217636
0.33271505449048194,0.33271505449048194
0.3402903022691413,0.3402903022691413
0.3478671751773821,0.3478671751773821
0.3554456912043324,0.3554456912043324
0.36302586840885454,0.36302586840885454
0.3706077249197688,0.3706077249197688
0.37819127893610804,0.37819127893610804
0.3857765487273437,0.3857765487273437
0.39336355263364037,0.39336355263364037
0.4009523090660863,0.4009523090660863
0.40854283650695256,0.40854283650695256
0.4161351535099218,0.4161351535099218
0.4237292787003545,0.4237292787003545
0.43132523077552104,0.43132523077552104
0.4389230285048664,0.4389230285048664
0.4465226907302481,0.4465226907302481
0.4541242363662045,0.4541242363662045
0.4617276844001961,0.4617276844001961
0.4693330538928717,0.4693330538928717
0.476940363978319,0.476940363978319
0.4845496338643315,0.4845496338643315
0.4921608828326595,0.4921608828326595
0.4997741302392849,0.4997741302392849
0.5073893955146719,0.5073893955146719
0.5150066981640454,0.5150066981640454
0.5226260577676447,0.5226260577676447
0.5302474939810069,0.5302474939810069
0.5378710265352205,0.5378710265352205
0.5454966752372132,0.5454966752372132
0.5531244599700129,0.5531244599700129
0.5607544006930326,0.5607544006930326
0.5683865174423346,0.5683865174423346
0.5760208303309236,0.5760208303309236
0.5836573595490132,0.5836573595490132
0.5912961253643183,0.5912961253643183
0.5989371481223258,0.5989371481223258
0.6065804482465948,0.6065804482465948
0.6142260462390255,0.6142260462390255
0.6218739626801655,0.6218739626801655
0.6295242182294819,0.6295242182294819
0.6371768336256691,0.6371768336256691
0.6448318296869258,0.6448318296869258
0.6524892273112682,0.6524892273112682
0.6601490474768059,0.6601490474768059
0.667811311242061,0.667811311242061
0.675476039746249,0.675476039746249
0.6831432542095977,0.6831432542095977
0.6908129759336366,0.6908129759336366
0.6984852263015154,0.6984852263015154
0.7061600267782964,0.7061600267782964
0.7138373989112803,0.7138373989112803
0.7215173643303003,0.7215173643303003
0.7291999447480496,0.7291999447480496
0.7368851619603833,0.7368851619603833
0.7445730378466471,0.7445730378466471
0.752263594369981,0.752263594369981
0.7599568535776551,0.7599568535776551
0.7676528376013776,0.7676528376013776
0.7753515686576307,0.7753515686576307
0.7830530690479838,0.7830530690479838
0.790757361159436,0.790757361159436
0.7984644674647279,0.7984644674647279
0.8061744105226936,0.8061744105226936
0.8138872129785745,0.8138872129785745
0.8216028975643701,0.8216028975643701
0.8293214870991644,0.8293214870991644
0.8370430044894752,0.8370430044894752
0.8447674727295844,0.8447674727295844
0.8524949149018952,0.8524949149018952
0.8602253541772619,0.8602253541772619
0.8679588138153536,0.8679588138153536
0.8756953171649872,0.8756953171649872
0.8834348876644987,0.8834348876644987
0.8911775488420735,0.8911775488420735
0.8989233243161274,0.8989233243161274
0.9066722377956401,0.9066722377956401
0.9144243130805384,0.9144243130805384
0.9221795740620365,0.9221795740620365
0.9299380447230227,0.9299380447230227
0.9376997491384024,0.9376997491384024
0.9454647114754903,0.9454647114754903
0.9532329559943601,0.9532329559943601
0.9610045070482375,0.9610045070482375
0.9687793890838551,0.9687793890838551
0.9765576266418479,0.9765576266418479
0.9843392443571263,0.9843392443571263
0.9921242669592537,0.9921242669592537
0.9999127192728342,0.9999127192728342
1.007704626217904,1.007704626217904
1.0155000128103193,1.0155000128103193
1.0232989041621374,1.0232989041621374
1.0311013254820203,1.0311013254820203
1.0389073020756305,1.0389073020756305
1.0467168593460299,1.0467168593460299
1.0545300227940735,1.0545300227940735
1.0623468180188147,1.0623468180188147
1.0701672707179197,1.0701672707179197
1.0779914066880705,1.0779914066880705
1.0858192518253682,1.0858192518253682
1.0936508321257525,1.0936508321257525
1.1014861736854222,1.1014861736854222
1.1093253027012473,1.1093253027012473
1.1171682454711855,1.1171682454711855
1.1250150283947116,1.1250150283947116
1.1328656779732424,1.1328656779732424
1.1407202208105682,1.1407202208105682
1.1485786836132714,1.1485786836132714
1.1564410931911706,1.1564410931911706
1.1643074764577568,1.1643074764577568
1.1721778604306283,1.1721778604306283
1.1800522722319287,1.1800522722319287
1.1879307390888028,1.1879307390888028
1.195813288333825,1.195813288333825
1.2036999474054721,1.2036999474054721
1.2115907438485494,1.2115907438485494
1.2194857053146713,1.2194857053146713
1.2273848595626948,1.2273848595626948
1.2352882344592035,1.2352882344592035
1.2431958579789486,1.2431958579789486
1.2511077582053336,1.2511077582053336
1.259023963330868,1.259023963330868
1.2669445016576546,1.2669445016576546
1.274869401597846,1.274869401597846
1.2827986916741416,1.2827986916741416
1.2907324005202518,1.2907324005202518
1.298670556881394,1.298670556881394
1.3066131896147677,1.3066131896147677
1.3145603276900546,1.3145603276900546
1.3225120001899024,1.3225120001899024
1.3304682363104292,1.3304682363104292
1.3384290653617088,1.3384290653617088
1.3463945167682905,1.3463945167682905
1.354364620069684,1.354364620069684
1.3623394049208872,1.3623394049208872
1.3703189010928754,1.3703189010928754
1.3783031384731395,1.3783031384731395
1.3862921470661793,1.3862921470661793
1.3942859569940471,1.3942859569940471
1.402284598496849,1.402284598496849
1.4102881019332933,1.4102881019332933
1.4182964977811992,1.4182964977811992
1.426309816638056,1.426309816638056
1.4343280892215302,1.4343280892215302
1.4423513463700364,1.4423513463700364
1.4503796190432523,1.4503796190432523
1.4584129383226896,1.4584129383226896
1.4664513354122277,1.4664513354122277
1.47449484163868,1.47449484163868
1.4825434884523383,1.4825434884523383
1.4905973074275487,1.4905973074275487
1.4986563302632585,1.4986563302632585
1.5067205887836062,1.5067205887836062
1.5147901149384675,1.5147901149384675
1.522864940804053,1.522864940804053
1.530945098583472,1.530945098583472
1.539030620607324,1.539030620607324
1.5471215393342772,1.5471215393342772
1.5552178873516662,1.5552178873516662
1.5633196973760755,1.5633196973760755
1.5714270022539514,1.5714270022539514
1.5795398349621834,1.5795398349621834
1.5876582286087306,1.5876582286087306
1.5957822164332103,1.5957822164332103
1.6039118318075272,1.6039118318075272
1.6120471082364776,1.6120471082364776
1.6201880793583787,1.6201880793583787
1.6283347789456826,1.6283347789456826
1.6364872409056201,1.6364872409056201
1.6446454992808148,1.6446454992808148
1.6528095882499358,1.6528095882499358
1.6609795421283238,1.6609795421283238
1.6691553953686513,1.6691553953686513
1.677337182561553,1.677337182561553
1.685524938436298,1.685524938436298
1.6937186978614274,1.6937186978614274
1.7019184958454356,1.7019184958454356
1.710124367537415,1.710124367537415
1.7183363482277474,1.7183363482277474
1.7265544733487557,1.7265544733487557
1.7347787784754036,1.7347787784754036
1.7430092993259612,1.7430092993259612
1.751246071762708,1.751246071762708
1.7594891317926062,1.7594891317926062
1.7677385155680176,1.7677385155680176
1.7759942593873845,1.7759942593873845
1.7842563996959548,1.7842563996959548
1.79252497308647,1.79252497308647
1.8008000162999036,1.8008000162999036
1.809081566226156,1.809081566226156
1.8173696599048024,1.8173696599048024
1.8256643345257992,1.8256643345257992
1.8339656274302372,1.8339656274302372
1.8422735761110614,1.8422735761110614
1.8505882182138307,1.8505882182138307
1.8589095915374543,1.8589095915374543
1.8672377340349506,1.8672377340349506
1.8755726838141993,1.8755726838141993
1.8839144791387155,1.8839144791387155
1.8922631584284002,1.8922631584284002
1.9006187602603335,1.9006187602603335
1.908981323369531,1.908981323369531
1.9173508866497502,1.9173508866497502
1.925727489154256,1.925727489154256
1.9341111700966365,1.9341111700966365
1.942501968851577,1.942501968851577
1.9508999249556895,1.9508999249556895
1.9593050781083083,1.9593050781083083
1.9677174681723049,1.9677174681723049
1.9761371351749077,1.9761371351749077
1.9845641193085388,1.9845641193085388
1.992998460931634,1.992998460931634
2.0014402005694856,2.0014402005694856
2.0098893789150756,2.0098893789150756
2.018346036829938,2.018346036829938
2.026810215345011,2.026810215345011
2.035281955661482,2.035281955661482
2.0437612991516634,2.0437612991516634
2.0522482873598693,2.0522482873598693
2.060742962003289,2.060742962003289
2.069245364972861,2.069245364972861
2.077755538334168,2.077755538334168
2.0862735243283423,2.0862735243283423
2.0947993653729564,2.0947993653729564
2.1033331040629264,2.1033331040629264
2.1118747831714333,2.1118747831714333
2.1204244456508445,2.1204244456508445
2.1289821346336386,2.1289821346336386
2.1375478934333283,2.1375478934333283
2.146121765545408,2.146121765545408
2.154703794648302,2.154703794648302
2.1632940246043106,2.1632940246043106
2.171892499460568,2.171892499460568
2.1804992634500073,2.1804992634500073
2.1891143609923356,2.1891143609923356
2.197737836695014,2.197737836695014
2.2063697353542313,2.2063697353542313
2.2150101019559028,2.2150101019559028
2.2236589816766754,2.2236589816766754
2.232316419884928,2.232316419884928
2.2409824621417744,2.2409824621417744
2.2496571542020916,2.2496571542020916
2.258340542015555,2.258340542015555
2.2670326717276605,2.2670326717276605
2.275733589680763,2.275733589680763
2.2844433424151296,2.2844433424151296
2.2931619766700004,2.2931619766700004
2.3018895393846504,2.3018895393846504
2.310626077699445,2.310626077699445
2.3193716389569343,2.3193716389569343
2.328126270702934,2.328126270702934
2.3368900206876235,2.3368900206876235
2.345662936866626,2.345662936866626
2.3544450674021498,2.3544450674021498
2.3632364606640697,2.3632364606640697
2.3720371652310877,2.3720371652310877
2.3808472298918293,2.3808472298918293
2.389666703646014,2.389666703646014
2.3984956357055798,2.3984956357055798
2.407334075495862,2.407334075495862
2.4161820726567367,2.4161820726567367
2.425039677043814,2.425039677043814
2.4339069387295993,2.4339069387295993
2.442783908004703,2.442783908004703
2.4516706353790223,2.4516706353790223
2.460567171582964,2.460567171582964
2.4694735675686412,2.4694735675686412
2.478389874511122,2.478389874511122
2.487316143809635,2.487316143809635
2.4962524270888418,2.4962524270888418
2.5051987762000567,2.5051987762000567
2.5141552432225374,2.5141552432225374
2.523121880464726,2.523121880464726
2.5320987404655546,2.5320987404655546
2.541085875995708,2.541085875995708
2.5500833400589444,2.5500833400589444
2.5590911858933776,2.5590911858933776
2.568109466972821,2.568109466972821
2.5771382370080835,2.5771382370080835
2.586177549948335,2.586177549948335
2.5952274599824214,2.5952274599824214
2.6042880215402504,2.6042880215402504
2.613359289294129,2.613359289294129
2.6224413181601607,2.6224413181601607
2.6315341632996114,2.6315341632996114
2.640637880120325,2.640637880120325
2.6497525242781115,2.6497525242781115
2.6588781516781737,2.6588781516781737
2.668014818476528,2.668014818476528
2.6771625810814497,2.6771625810814497
2.686321496154908,2.686321496154908
2.6954916206140425,2.6954916206140425
2.704673011632611,2.704673011632611
2.713865726642491,2.713865726642491
2.723069823335156,2.723069823335156
2.732285359663191,2.732285359663191
2.741512393841789,2.741512393841789
2.7507509843503035,2.7507509843503035
2.7600011899337473,2.7600011899337473
2.7692630696043863,2.7692630696043863
2.7785366826432556,2.7785366826432556
2.7878220886017675,2.7878220886017675
2.797119347303264,2.797119347303264
2.806428518844645,2.806428518844645
2.8157496635979435,2.8157496635979435
2.8250828422119736,2.8250828422119736
2.834428115613939,2.834428115613939
2.8437855450111016,2.8437855450111016
2.853155191892415,2.853155191892415
2.862537118030217,2.862537118030217
2.8719313854818878,2.8719313854818878
2.8813380565915745,2.8813380565915745
2.8907571939918717,2.8907571939918717
2.9001888606055655,2.9001888606055655
2.9096331196473493,2.9096331196473493
2.9190900346255915,2.9190900346255915
2.928559669344088,2.928559669344088
2.938042087903831,2.938042087903831
2.947537354704802,2.947537354704802
2.957045534447791,2.957045534447791
2.966566692136192,2.966566692136192
2.9761008930778456,2.9761008930778456
2.985648202886876,2.985648202886876
2.995208687485565,2.995208687485565
3.0047824131062173,3.0047824131062173
3.014369446293048,3.014369446293048
3.0239698539040853,3.0239698539040853
3.033583703113101,3.033583703113101
3.043211061411538,3.043211061411538
3.0528519966104524,3.0528519966104524
3.062506576842482,3.062506576842482
3.0721748705638388,3.0721748705638388
3.08185694655629,3.08185694655629
3.091552873929172,3.091552873929172
3.10126272212142,3.10126272212142
3.1109865609036187,3.1109865609036187
3.120724460380052,3.120724460380052
3.130476490990782,3.130476490990782
3.1402427235137425,3.1402427235137425
3.1500232290668513,3.1500232290668513
3.15981807911014,3.15981807911014
3.169627345447884,3.169627345447884
3.179451100230774,3.179451100230774
3.1892894159580956,3.1892894159580956
3.1991423654799287,3.1991423654799287
3.209010021999342,3.209010021999342
3.2188924590746386,3.2188924590746386
3.2287897506216154,3.2287897506216154
3.238701970915817,3.238701970915817
3.248629194594817,3.248629194594817
3.2585714966605326,3.2585714966605326
3.2685289524815566,3.2685289524815566
3.278501637795485,3.278501637795485
3.2884896287112833,3.2884896287112833
3.2984930017116647,3.2984930017116647
3.308511833655507,3.308511833655507
3.318546201780256,3.318546201780256
3.328596183704371,3.328596183704371
3.33866185742978,3.33866185742978
3.3487433013443777,3.3487433013443777
3.358840594224517,3.358840594224517
3.3689538152375187,3.3689538152375187
3.3790830439442336,3.3790830439442336
3.3892283603016,3.3892283603016
3.3993898446652353,3.3993898446652353
3.4095675777920293,3.4095675777920293
3.419761640842779,3.419761640842779
3.429972115384853,3.429972115384853
3.440199083394851,3.440199083394851
3.4504426272612987,3.4504426272612987
3.460702829787372,3.460702829787372
3.470979774193644,3.470979774193644
3.4812735441208362,3.4812735441208362
3.4915842236326182,3.4915842236326182
3.5019118972184087,3.5019118972184087
3.5122566497962233,3.5122566497962233
3.5226185667155328,3.5226185667155328
3.5329977337601255,3.5329977337601255
3.543394237151053,3.543394237151053
3.5538081635495278,3.5538081635495278
3.564239600059912,3.564239600059912
3.5746886342326745,3.5746886342326745
3.5851553540674237,3.5851553540674237
3.595639848015924,3.595639848015924
3.6061422049851792,3.6061422049851792
3.6166625143404914,3.6166625143404914
3.627200865908611,3.627200865908611
3.6377573499808435,3.6377573499808435
3.6483320573162508,3.6483320573162508
3.6589250791448187,3.6589250791448187
3.6695365071707093,3.6695365071707093
3.6801664335754873,3.6801664335754873
3.690814951021428,3.690814951021428
3.7014821526547976,3.7014821526547976
3.7121681321092246,3.7121681321092246
3.722872983509037,3.722872983509037
3.733596801472691,3.733596801472691
3.744339681116163,3.744339681116163
3.7551017180564505,3.7551017180564505
3.7658830084150203,3.7658830084150203
3.776683648821362,3.776683648821362
3.7875037364165087,3.7875037364165087
3.7983433688566475,3.7983433688566475
3.8092026443167155,3.8092026443167155
3.820081661494061,3.820081661494061
3.8309805196121016,3.8309805196121016
3.841899318424067,3.841899318424067
3.852838158216714,3.852838158216714
3.8637971398141353,3.8637971398141353
3.874776364581544,3.874776364581544
3.885775934429154,3.885775934429154
3.8967959518160273,3.8967959518160273
3.907836519754029,3.907836519754029
3.9188977418117488,3.9188977418117488
3.9299797221185186,3.9299797221185186
3.94108256536841,3.94108256536841
3.9522063768243276,3.9522063768243276
3.9633512623220826,3.9633512623220826
3.9745173282745534,3.9745173282745534
3.985704681675838,3.985704681675838
3.996913430105491,3.996913430105491
4.008143681732756,4.008143681732756
4.01939554532088,4.01939554532088
4.030669130231419,4.030669130231419
4.041964546428638,4.041964546428638
4.053281904483896,4.053281904483896
4.06462131558013,4.06462131558013
4.0759828915163165,4.0759828915163165
4.08736674471204,4.08736674471204
4.0987729882120565,4.0987729882120565
4.1102017356909135,4.1102017356909135
4.121653101457623,4.121653101457623
4.133127200460376,4.133127200460376
4.144624148291282,4.144624148291282
4.156144061191189,4.156144061191189
4.1676870560545005,4.1676870560545005
4.1792532504341,4.1792532504341
4.190842762546251,4.190842762546251
4.202455711275624,4.202455711275624
4.214092216180281,4.214092216180281
4.225752397496793,4.225752397496793
4.237436376145354,4.237436376145354
4.249144273734957,4.249144273734957
4.260876212568618,4.260876212568618
4.2726323156486705,4.2726323156486705
4.284412706682078,4.284412706682078
4.296217510085815,4.296217510085815
4.308046850992303,4.308046850992303
4.319900855254908,4.319900855254908
4.331779649453461,4.331779649453461
4.34368336089985,4.34368336089985
4.355612117643676,4.355612117643676
4.367566048477961,4.367566048477961
4.379545282944895,4.379545282944895
4.3915499513416485,4.3915499513416485
4.40358018472625,4.40358018472625
4.415636114923518,4.415636114923518
4.427717874531057,4.427717874531057
4.439825596925279,4.439825596925279
4.451959416267528,4.451959416267528
4.464119467510265,4.464119467510265
4.4763058864032725,4.4763058864032725
4.488518809499949,4.488518809499949
4.500758374163672,4.500758374163672
4.513024718574229,4.513024718574229
4.525317981734275,4.525317981734275
4.537638303475892,4.537638303475892
4.549985824467208,4.549985824467208
4.562360686219082,4.562360686219082
4.574763031091838,4.574763031091838
4.5871930023020955,4.5871930023020955
4.5996507439296455,4.5996507439296455
4.612136400924416,4.612136400924416
4.624650119113515,4.624650119113515
4.637192045208288,4.637192045208288
4.649762326811531,4.649762326811531
4.662361112424716,4.662361112424716
4.674988551455335,4.674988551455335
4.687644794224263,4.687644794224263
4.700329991973244,4.700329991973244
4.713044296872468,4.713044296872468
4.725787862028168,4.725787862028168
4.738560841490333,4.738560841490333
4.751363390260507,4.751363390260507
4.764195664299657,4.764195664299657
4.777057820536125,4.777057820536125
4.789950016873659,4.789950016873659
4.80287241219953,4.80287241219953
4.8158251663927585,4.8158251663927585
4.828808440332391,4.828808440332391
4.841822395905878,4.841822395905878
4.8548671960175485,4.8548671960175485
4.867943004597173,4.867943004597173
4.8810499866086206,4.8810499866086206
4.89418830805858,4.89418830805858
4.907358136005409,4.907358136005409
4.920559638568071,4.920559638568071
4.933792984935165,4.933792984935165
4.947058345374028,4.947058345374028
4.960355891239977,4.960355891239977
4.97368579498563,4.97368579498563
4.987048230170331,4.987048230170331
5.000443371469666,5.000443371469666
5.0138713946851015,5.0138713946851015
5.027332476753717,5.027332476753717
5.040826795758058,5.040826795758058
5.05435453093606,5.05435453093606
5.067915862691128,5.067915862691128
5.081510972602306,5.081510972602306
5.095140043434554,5.095140043434554
5.108803259149137,5.108803259149137
5.122500804914137,5.122500804914137
5.136232867115101,5.136232867115101
5.149999633365766,5.149999633365766
5.163801292518927,5.163801292518927
5.177638034677425,5.177638034677425
5.19151005120527,5.19151005120527
5.205417534738871,5.205417534738871
5.2193606791983775,5.2193606791983775
5.233339679799196,5.233339679799196
5.247354733063605,5.247354733063605
5.261406036832508,5.261406036832508
5.275493790277302,5.275493790277302
5.289618193911912,5.289618193911912
5.303779449604961,5.303779449604961
5.3179777605920515,5.3179777605920515
5.3322133314882105,5.3322133314882105
5.346486368300454,5.346486368300454
5.360797078440552,5.360797078440552
5.375145670737876,5.375145670737876
5.389532355452415,5.389532355452415
5.403957344287966,5.403957344287966
5.418420850405462,5.418420850405462
5.432923088436447,5.432923088436447
5.447464274496729,5.447464274496729
5.462044626200156,5.462044626200156
5.476664362672597,5.476664362672597
5.491323704566076,5.491323704566076
5.506022874073063,5.506022874073063
5.520762094940908,5.520762094940908
5.535541592486514,5.535541592486514
5.550361593611125,5.550361593611125
5.565222326815337,5.565222326815337
5.5801240222142106,5.5801240222142106
5.595066911552667,5.595066911552667
5.610051228220995,5.610051228220995
5.625077207270584,5.625077207270584
5.640145085429812,5.640145085429812
5.655255101120139,5.655255101120139
5.670407494472436,5.670407494472436
5.685602507343457,5.685602507343457
5.700840383332525,5.700840383332525
5.716121367798427,5.716121367798427
5.731445707876545,5.731445707876545
5.746813652496157,5.746813652496157
5.762225452397945,5.762225452397945
5.777681360151757,5.777681360151757
5.793181630174583,5.793181630174583
5.80872651874872,5.80872651874872
5.824316284040185,5.824316284040185
5.839951186117356,5.839951186117356
5.855631486969875,5.855631486969875
5.871357450527727,5.871357450527727
5.887129342680589,5.887129342680589
5.902947431297446,5.902947431297446
5.918811986246425,5.918811986246425
5.934723279414892,5.934723279414892
5.950681584729781,5.950681584729781
5.966687178178221,5.966687178178221
5.982740337828405,5.982740337828405
5.998841343850722,5.998841343850722
6.014990478539154,6.014990478539154
6.0311880263329725,6.0311880263329725
6.047434273838711,6.047434273838711
6.063729509852393,6.063729509852393
6.080074025382059,6.080074025382059
6.096468113670612,6.096468113670612
6.112912070218945,6.112912070218945
6.129406192809364,6.129406192809364
6.145950781529301,6.145950781529301
6.16254613879537,6.16254613879537
6.179192569377756,6.179192569377756
6.195890380424869,6.195890380424869
6.212639881488348,6.212639881488348
6.229441384548419,6.229441384548419
6.246295204039577,6.246295204039577
6.263201656876603,6.263201656876603
6.280161062480921,6.280161062480921
6.29717374280733,6.29717374280733
6.314240022371103,6.314240022371103
6.331360228275419,6.331360228275419
6.348534690239178,6.348534690239178
6.3657637406252015,6.3657637406252015
6.38304771446883,6.38304771446883
6.400386949506881,6.400386949506881
6.417781786207004,6.417781786207004
6.435232567797462,6.435232567797462
6.452739640297323,6.452739640297323
6.470303352547029,6.470303352547029
6.487924056239443,6.487924056239443
6.505602105951255,6.505602105951255
6.523337859174926,6.523337859174926
6.541131676350967,6.541131676350967
6.558983920900758,6.558983920900758
6.576894959259758,6.576894959259758
6.594865160911246,6.594865160911246
6.612894898420505,6.612894898420505
6.630984547469458,6.630984547469458
6.649134486891866,6.649134486891866
6.66734509870898,6.66734509870898
6.685616768165722,6.685616768165722
6.703949883767337,6.703949883767337
6.722344837316649,6.722344837316649
6.740802023951801,6.740802023951801
6.759321842184556,6.759321842184556
6.77790469393912,6.77790469393912
6.796550984591595,6.796550984591595
6.815261123009955,6.815261123009955
6.834035521594617,6.834035521594617
6.852874596319605,6.852874596319605
6.871778766774338,6.871778766774338
6.89074845620601,6.89074845620601
6.90978409156262,6.90978409156262
6.928886103536604,6.928886103536604
6.9480549266091485,6.9480549266091485
6.967290999095173,6.967290999095173
6.986594763188958,6.986594763188958
7.0059666650104475,7.0059666650104475
7.025407154652285,7.025407154652285
7.044916686227574,7.044916686227574
7.064495717918295,7.064495717918295
7.084144712024489,7.084144712024489
7.1038641350142315,7.1038641350142315
7.123654457574321,7.123654457574321
7.143516154661769,7.143516154661769
7.163449705556054,7.163449705556054
7.1834555939122176,7.1834555939122176
7.203534307814771,7.203534307814771
7.223686339832449,7.223686339832449
7.243912187073754,7.243912187073754
7.26421235124346,7.26421235124346
7.284587338699962,7.284587338699962
7.305037660513516,7.305037660513516
7.325563832525396,7.325563832525396
7.346166375408008,7.346166375408008
7.366845814725974,7.366845814725974
7.387602680998141,7.387602680998141
7.40843750976061,7.40843750976061
7.429350841630762,7.429350841630762
7.450343222372365,7.450343222372365
7.4714152029616585,7.4714152029616585
7.492567339654542,7.492567339654542
7.513800194054856,7.513800194054856
7.5351143331838015,7.5351143331838015
7.556510329550443,7.556510329550443
7.577988761223393,7.577988761223393
7.599550211903686,7.599550211903686
7.621195270998869,7.621195270998869
7.64292453369826,7.64292453369826
7.664738601049544,7.664738601049544
7.6866380800365635,7.6866380800365635
7.708623583658455,7.708623583658455
7.73069573101015,7.73069573101015
7.752855147364161,7.752855147364161
7.775102464253776,7.775102464253776
7.797438319557693,7.797438319557693
7.819863357586087,7.819863357586087
7.842378229168119,7.842378229168119
7.864983591740971,7.864983591740971
7.887680109440399,7.887680109440399
7.910468453192896,7.910468453192896
7.9333493008093825,7.9333493008093825
7.956323337080568,7.956323337080568
7.979391253873971,7.979391253873971
8.002553750232654,8.002553750232654
8.025811532475675,8.025811532475675
8.049165314300284,8.049165314300284
8.072615816886,8.072615816886
8.096163769000484,8.096163769000484
8.11980990710733,8.11980990710733
8.14355497547573,8.14355497547573
8.167399726292192,8.167399726292192
8.191344919774224,8.191344919774224
8.215391324286077,8.215391324286077
8.239539716456582,8.239539716456582
8.263790881299157,8.263790881299157
8.28814561233404,8.28814561233404
8.312604711712686,8.312604711712686
8.337168990344498,8.337168990344498
8.361839268025937,8.361839268025937
8.386616373571991,8.386616373571991
8.411501144950115,8.411501144950115
8.436494429416628,8.436494429416628
8.461597083655741,8.461597083655741
8.486809973921192,8.486809973921192
8.51213397618054,8.51213397618054
8.537569976262176,8.537569976262176
8.563118870005217,8.563118870005217
8.588781563412205,8.588781563412205
8.614558972804783,8.614558972804783
8.640452024982324,8.640452024982324
8.66646165738368,8.66646165738368
8.692588818252094,8.692588818252094
8.71883446680327,8.71883446680327
8.745199573396762,8.745199573396762
8.771685119710773,8.771685119710773
8.798292098920385,8.798292098920385
8.825021515879305,8.825021515879305
8.851874387305259,8.851874387305259
8.878851741969074,8.878851741969074
8.905954620887604,8.905954620887604
8.933184077520492,8.933184077520492
8.960541177970926,8.960541177970926
8.988027001190508,8.988027001190508
9.015642639188291,9.015642639188291
9.043389197244103,9.043389197244103
9.071267794126234,9.071267794126234
9.09927956231366,9.09927956231366
9.127425648222891,9.127425648222891
9.155707212439522,9.155707212439522
9.184125429954607,9.184125429954607
9.212681490406055,9.212681490406055
9.241376598325125,9.241376598325125
9.270211973388102,9.270211973388102
9.299188850673339,9.299188850673339
9.328308480923855,9.328308480923855
9.357572130815521,9.357572130815521
9.386981083231055,9.386981083231055
9.416536637539913,9.416536637539913
9.44624010988435,9.44624010988435
9.476092833471677,9.476092833471677
9.506096158872968,9.506096158872968
9.536251454328282,9.536251454328282
9.566560106058768,9.566560106058768
9.597023518585651,9.597023518585651
9.627643115056335,9.627643115056335
9.65842033757783,9.65842033757783
9.689356647557739,9.689356647557739
9.72045352605299,9.72045352605299
9.75171247412644,9.75171247412644
9.78313501321165,9.78313501321165
9.814722685486082,9.814722685486082
9.846477054252928,9.846477054252928
9.878399704331725,9.878399704331725
9.910492242458112,9.910492242458112
9.942756297692938,9.942756297692938
9.975193521841037,9.975193521841037
10.007805589879863,10.007805589879863
10.040594200398287,10.040594200398287
10.073561076045886,10.073561076045886
10.10670796399307,10.10670796399307
10.140036636402218,10.140036636402218
10.173548890910213,10.173548890910213
10.207246551122791,10.207246551122791
10.241131467120953,10.241131467120953
10.275205515979827,10.275205515979827
10.309470602300273,10.309470602300273
10.34392865875382,10.34392865875382
10.378581646641111,10.378581646641111
10.413431556464353,10.413431556464353
10.448480408514241,10.448480408514241
10.483730253471672,10.483730253471672
10.519183173024906,10.519183173024906
10.5548412805024,10.5548412805024
10.59070672152197,10.59070672152197
10.626781674656765,10.626781674656765
10.663068352118541,10.663068352118541
10.699569000458784,10.699569000458784
10.736285901288225,10.736285901288225
10.773221372015426,10.773221372015426
10.81037776660496,10.81037776660496
10.847757476355799,10.847757476355799
10.885362930700621,10.885362930700621
10.92319659802667,10.92319659802667
10.96126098651896,10.96126098651896
10.999558645026415,10.999558645026415
11.038092163951776,11.038092163951776
11.076864176166081,11.076864176166081
11.115877357948595,11.115877357948595
11.155134429952806,11.155134429952806
11.194638158199632,11.194638158199632
11.234391355098651,11.234391355098651
11.274396880498315,11.274396880498315
11.314657642766077,11.314657642766077
11.355176599899632,11.355176599899632
11.395956760670124,11.395956760670124
11.437001185798692,11.437001185798692
11.4783129891673,11.4783129891673
11.51989533906519,11.51989533906519
11.561751459472143,11.561751459472143
11.603884631379973,11.603884631379973
11.646298194153552,11.646298194153552
11.68899554693276,11.68899554693276
11.731980150076906,11.731980150076906
11.775255526653229,11.775255526653229
11.818825263970986,11.818825263970986
11.86269301516289,11.86269301516289
11.90686250081559,11.90686250081559
11.951337510651202,11.951337510651202
11.99612190526163,11.99612190526163
12.041219617897768,12.041219617897768
12.086634656315654,12.086634656315654
12.132371104681871,12.132371104681871
12.17843312554036,12.17843312554036
13.289064458711714,13.289064458711714
13.319245029123532,13.319245029123532
13.349673271529932,13.349673271529932
13.380355617614821,13.380355617614821
13.411298473735442,13.411298473735442
13.442508234392074,13.442508234392074
13.473991294329963,13.473991294329963
13.505754059511768,13.505754059511768
13.537802957153755,13.537802957153755
13.570144444984477,13.570144444984477
13.602785019856737,13.602785019856737
13.635731225822074,13.635731225822074
13.668989661759126,13.668989661759126
13.702566988633633,13.702566988633633
13.736469936456379,13.736469936456379
13.770705310995869,13.770705310995869
13.805280000295205,13.805280000295205
13.8402009810364,13.8402009810364
13.875475324790285,13.875475324790285
13.911110204185992,13.911110204185992
13.947112899030214,13.947112899030214
13.983490802404091,13.983490802404091
14.020251426762906,14.020251426762906
14.057402410061925,14.057402410061925
14.094951521929916,14.094951521929916
14.13290666991109,14.13290666991109
14.171275905794772,14.171275905794772
14.210067432051511,14.210067432051511
14.249289608393703,14.249289608393703
14.288950958478326,14.288950958478326
14.329060176769442,14.329060176769442
14.369626135577512,14.369626135577512
14.410657892292988,14.410657892292988
14.452164696831531,14.452164696831531
14.494155999308703,14.494155999308703
14.536641457962084,14.536641457962084
14.579630947339306,14.579630947339306
14.623134566771082,14.623134566771082
14.667162649148954,14.667162649148954
14.711725770028371,14.711725770028371
14.75683475707812,14.75683475707812
14.802500699898625,14.802500699898625
14.848734960232491,14.848734960232491
14.895549182591735,14.895549182591735
14.942955305327494,14.942955305327494
14.99096557216957,14.99096557216957
15.039592544264515,15.039592544264515
15.08884911274289,15.08884911274289
15.138748511847703,15.138748511847703
15.189304332658557,15.189304332658557
15.240530537447974,15.240530537447974
15.292441474708596,15.292441474708596
15.345051894892515,15.345051894892515
15.398376966907016,15.398376966907016
15.452432295413605,15.452432295413605
15.507233938980983,15.507233938980983
15.5627984291452,15.5627984291452
15.619142790435161,15.619142790435161
15.676284561424957,15.676284561424957
15.734241816879546,15.734241816879546
15.793033191064588,15.793033191064588
15.85267790229711,15.85267790229711
15.91319577881933,15.91319577881933
15.974607286084124,15.974607286084124
16.03693355554743,16.03693355554743
16.100196415070656,16.100196415070656
16.164418421044207,16.164418421044207
16.229622892352264,16.229622892352264
16.295833946308377,16.295833946308377
16.363076536702614,16.363076536702614
16.4313764941128,16.4313764941128
16.500760568644584,16.500760568644584
16.571256475280066,16.571256475280066
16.642892942029686,16.642892942029686
16.715699761099636,16.715699761099636
16.789707843305646,16.789707843305646
16.864949275984895,16.864949275984895
16.941457384680927,16.941457384680927
17.019266798901906,17.019266798901906
17.098413522280758,17.098413522280758
17.178935007496705,17.178935007496705
17.26087023635298,17.26087023635298
17.34425980544375,17.34425980544375
17.429146017886556,17.429146017886556
17.515572981644127,17.515572981644127
17.60358671501329,17.60358671501329
17.69323525991912,17.69323525991912
17.784568803718475,17.784568803718475
17.877639810293537,17.877639810293537
17.97250316129987,17.97250316129987
18.06921630852986,18.06921630852986
18.16783943845909,18.16783943845909
18.268435650165273,18.268435650165273
18.371071147947255,18.371071147947255
18.475815450127907,18.475815450127907
18.582741615702293,18.582741615702293
18.69192649069478,18.69192649069478
18.803450976320548,18.803450976320548
18.917400321311113,18.917400321311113
19.03386444106723,19.03386444106723
19.15293826665067,19.15293826665067
19.274722127029936,19.274722127029936
19.399322168458454,19.399322168458454
19.52685081540314,19.52685081540314
19.657427278066145,19.657427278066145
19.791178112272753,19.791178112272753
19.92823783834924,19.92823783834924
20.06874962661501,20.06874962661501
20.212866058287027,20.212866058287027
20.36074997198202,20.36074997198202
20.512575407644125,20.512575407644125
20.66852866167812,20.66852866167812
20.828809469397292,20.828809469397292
20.993632333685873,20.993632333685873
21.16322802213348,21.16322802213348
21.33784525895594,21.33784525895594
21.51775264294107,21.51775264294107
21.703240828665216,21.703240828665216
21.894625015591515,21.894625015591515
22.09224779873883,22.09224779873883
22.296482445862743,22.296482445862743
22.507736680122157,22.507736680122157
22.726457064813516,22.726457064813516
22.953134108998732,22.953134108998732
23.188308241151585,23.188308241151585
23.43257683422183,23.43257683422183
23.686602512388795,23.686602512388795
23.95112303086043,23.95112303086043
24.226963100410565,24.226963100410565
24.515048635045556,24.515048635045556
24.816424044401,24.816424044401
25.132273386876612,25.132273386876612
25.46394646668046,25.46394646668046
25.81299133002283,25.81299133002283
26.181195141415063,26.181195141415063
26.57063617568664,26.57063617568664
26.983750763585615,26.983750763585615
27.42342066987296,27.42342066987296
27.893088878355485,27.893088878355485
28.396915643966683,28.396915643966683
28.93999288464735,28.93999288464735
29.528645220998037,29.528645220998037
30.170863419824204,30.170863419824204
30.87694693474479,30.87694693474479
31.66048966231095,31.66048966231095
32.53995555231888,32.53995555231888
33.54132600096999,33.54132600096999
34.70283386832135,34.70283386832135
36.084133999685385,36.084133999685385
37.78607743202915,37.78607743202915
40.00036822421959,40.00036822421959
43.16790579948621,43.16790579948621
48.776653184056016,48.776653184056016
