-0.04899633789678179,-0.04899633789678179
-0.04889937458249424,-0.04889937458249424
-0.04880250368368888,-0.04880250368368888
-0.048705725127025444,-0.048705725127025444
-0.04860903897522291,-0.04860903897522291
-0.04851244529548615,-0.04851244529548615
-0.048415944124366644,-0.048415944124366644
-0.04831953542346159,-0.04831953542346159
-0.04822321931587115,-0.04822321931587115
-0.04812699575687908,-0.04812699575687908
-0.04803086483770982,-0.04803086483770982
-0.04793482655716474,-0.04793482655716474
-0.047838880955343645,-0.047838880955343645
-0.04774302805869891,-0.04774302805869891
-0.0476472679304954,-0.0476472679304954
-0.04755160055237434,-0.04755160055237434
-0.04745602604224983,-0.04745602604224983
-0.04736054431350197,-0.04736054431350197
-0.04726515548761697,-0.04726515548761697
-0.04716985951618784,-0.04716985951618784
-0.047074656530348924,-0.047074656530348924
-0.046979546452950514,-0.046979546452950514
-0.04688452939439468,-0.04688452939439468
-0.04678960535699552,-0.04678960535699552
-0.04669477438020018,-0.04669477438020018
-0.0466000364508596,-0.0466000364508596
-0.046505391682532565,-0.046505391682532565
-0.04641084001484982,-0.04641084001484982
-0.046316381526515696,-0.046316381526515696
-0.04622201621515671,-0.04622201621515671
-0.04612774416137598,-0.04612774416137598
-0.046033565329749455,-0.046033565329749455
-0.0459394797969284,-0.0459394797969284
-0.04584548758911595,-0.04584548758911595
-0.045751588654499194,-0.045751588654499194
-0.0456577831521364,-0.0456577831521364
-0.04556407100572042,-0.04556407100572042
-0.045470452277804115,-0.045470452277804115
-0.04537692701916792,-0.04537692701916792
-0.04528349519626281,-0.04528349519626281
-0.04519015691186013,-0.04519015691186013
-0.04509691213135466,-0.04509691213135466
-0.04500376089997291,-0.04500376089997291
-0.04491070322866844,-0.04491070322866844
-0.04481773918392223,-0.04481773918392223
-0.044724868799437566,-0.044724868799437566
-0.044632091998753044,-0.044632091998753044
-0.04453940893430493,-0.04453940893430493
-0.044446819531138944,-0.044446819531138944
-0.044354323898672186,-0.044354323898672186
-0.04426192196200973,-0.04426192196200973
-0.04416961384690998,-0.04416961384690998
-0.04407739955877262,-0.04407739955877262
-0.043985279057307924,-0.043985279057307924
-0.04389325242893405,-0.04389325242893405
-0.0438013196417871,-0.0438013196417871
-0.043709480835985026,-0.043709480835985026
-0.04361773584860082,-0.04361773584860082
-0.043526084866236874,-0.043526084866236874
-0.043434527832084124,-0.043434527832084124
-0.04334306480182423,-0.04334306480182423
-0.043251695788167135,-0.043251695788167135
-0.04316042082444826,-0.04316042082444826
-0.043069239901114366,-0.043069239901114366
-0.042978153059131594,-0.042978153059131594
-0.04288716032161757,-0.04288716032161757
-0.042796261707061634,-0.042796261707061634
-0.04270545728129203,-0.04270545728129203
-0.042614746982289925,-0.042614746982289925
-0.04252413090108988,-0.04252413090108988
-0.042433609016876504,-0.042433609016876504
-0.042343181360979656,-0.042343181360979656
-0.042252847989911684,-0.042252847989911684
-0.042162608894736504,-0.042162608894736504
-0.04207246410017378,-0.04207246410017378
-0.04198241360844276,-0.04198241360844276
-0.04189245747344496,-0.04189245747344496
-0.04180259566354199,-0.04180259566354199
-0.04171282827786195,-0.04171282827786195
-0.04162315526389175,-0.04162315526389175
-0.04153357670499959,-0.04153357670499959
-0.041444092561145,-0.041444092561145
-0.04135470288258627,-0.04135470288258627
-0.04126540767110349,-0.04126540767110349
-0.04117620698894098,-0.04117620698894098
-0.041087100799559115,-0.041087100799559115
-0.040998089154165564,-0.040998089154165564
-0.04090917210541583,-0.04090917210541583
-0.04082034957541252,-0.04082034957541252
-0.04073162166971582,-0.04073162166971582
-0.0406429883746427,-0.0406429883746427
-0.04055444971824755,-0.04055444971824755
-0.04046600570933598,-0.04046600570933598
-0.04037765638034148,-0.04037765638034148
-0.040289401730682545,-0.040289401730682545
-0.04020124175349986,-0.04020124175349986
-0.04011317655246666,-0.04011317655246666
-0.040025206066620335,-0.040025206066620335
-0.03993733036545614,-0.03993733036545614
-0.03984954937955003,-0.03984954937955003
-0.039761863236428635,-0.039761863236428635
-0.03967427188558448,-0.03967427188558448
-0.039586775364352296,-0.039586775364352296
-0.03949937368363818,-0.03949937368363818
-0.039412066881975454,-0.039412066881975454
-0.0393248549774025,-0.0393248549774025
-0.039237737914475004,-0.039237737914475004
-0.03915071578852349,-0.03915071578852349
-0.039063788593519326,-0.039063788593519326
-0.0389769563591072,-0.0389769563591072
-0.03889021905656808,-0.03889021905656808
-0.03880357672105309,-0.03880357672105309
-0.03871702939070394,-0.03871702939070394
-0.03863057710525252,-0.03863057710525252
-0.03854421980748634,-0.03854421980748634
-0.03845795753803919,-0.03845795753803919
-0.0383717903468371,-0.0383717903468371
-0.0382857182156755,-0.0382857182156755
-0.038199741210370806,-0.038199741210370806
-0.03811385924532373,-0.03811385924532373
-0.03802807242614191,-0.03802807242614191
-0.03794238071925259,-0.03794238071925259
-0.03785678417693149,-0.03785678417693149
-0.03777128276786065,-0.03777128276786065
-0.037685876566792585,-0.037685876566792585
-0.03760056554607632,-0.03760056554607632
-0.037515349710921644,-0.037515349710921644
-0.03743022912939973,-0.03743022912939973
-0.037345203754231025,-0.037345203754231025
-0.03726027358419318,-0.03726027358419318
-0.0371754387525092,-0.0371754387525092
-0.037090699136328155,-0.037090699136328155
-0.03700605485077531,-0.03700605485077531
-0.03692150583208734,-0.03692150583208734
-0.03683705215600174,-0.03683705215600174
-0.03675269377057508,-0.03675269377057508
-0.036668430750180094,-0.036668430750180094
-0.036584263090152926,-0.036584263090152926
-0.03650019077742761,-0.03650019077742761
-0.03641621387341772,-0.03641621387341772
-0.0363323323522999,-0.0363323323522999
-0.03624854622679596,-0.03624854622679596
-0.036164855531404305,-0.036164855531404305
-0.036081260271334716,-0.036081260271334716
-0.03599776046425769,-0.03599776046425769
-0.0359143560733844,-0.0359143560733844
-0.035831047170215714,-0.035831047170215714
-0.03574783376282144,-0.03574783376282144
-0.03566471587097257,-0.03566471587097257
-0.03558169342873407,-0.03558169342873407
-0.03549876653372684,-0.03549876653372684
-0.035415935181405706,-0.035415935181405706
-0.035333199373906755,-0.035333199373906755
-0.0352505591042164,-0.0352505591042164
-0.035168014412695535,-0.035168014412695535
-0.03508556528677663,-0.03508556528677663
-0.035003211754537834,-0.035003211754537834
-0.034920953812869936,-0.034920953812869936
-0.03483879149877534,-0.03483879149877534
-0.034756724784116524,-0.034756724784116524
-0.034674753737676756,-0.034674753737676756
-0.03459287829931222,-0.03459287829931222
-0.03451109854640997,-0.03451109854640997
-0.03442941445052396,-0.03442941445052396
-0.03434782604319762,-0.03434782604319762
-0.03426633330185925,-0.03426633330185925
-0.03418493625012488,-0.03418493625012488
-0.034103634936508274,-0.034103634936508274
-0.03402242934723145,-0.03402242934723145
-0.03394131949263087,-0.03394131949263087
-0.033860305341222426,-0.033860305341222426
-0.033779386988039936,-0.033779386988039936
-0.03369856436500036,-0.03369856436500036
-0.033617837499351155,-0.033617837499351155
-0.033537206449503476,-0.033537206449503476
-0.033456671201857316,-0.033456671201857316
-0.03337623170951288,-0.03337623170951288
-0.03329588806133295,-0.03329588806133295
-0.033215640237463435,-0.033215640237463435
-0.03313548826212564,-0.03313548826212564
-0.03305543205840716,-0.03305543205840716
-0.03297547175076105,-0.03297547175076105
-0.03289560729126688,-0.03289560729126688
-0.03281583872612429,-0.03281583872612429
-0.03273616603966838,-0.03273616603966838
-0.032656589197780465,-0.032656589197780465
-0.03257710827929543,-0.03257710827929543
-0.032497723288082044,-0.032497723288082044
-0.032418434186769984,-0.032418434186769984
-0.032339241012195534,-0.032339241012195534
-0.03226014377826724,-0.03226014377826724
-0.03218114247581163,-0.03218114247581163
-0.03210223714752748,-0.03210223714752748
-0.03202342775110764,-0.03202342775110764
-0.03194471432163204,-0.03194471432163204
-0.03186609689584201,-0.03186609689584201
-0.03178757543368522,-0.03178757543368522
-0.03170914997557003,-0.03170914997557003
-0.031630820514079325,-0.031630820514079325
-0.031552587049806506,-0.031552587049806506
-0.03147444962800181,-0.03147444962800181
-0.03139640824254166,-0.03139640824254166
-0.031318462869940555,-0.031318462869940555
-0.031240613537113684,-0.031240613537113684
-0.031162860260639736,-0.031162860260639736
-0.03108520303263879,-0.03108520303263879
-0.03100764186006511,-0.03100764186006511
-0.03093017680014313,-0.03093017680014313
-0.030852807863933213,-0.030852807863933213
-0.030775534934304506,-0.030775534934304506
-0.03069835813632714,-0.03069835813632714
-0.030621277439086627,-0.030621277439086627
-0.030544292870435665,-0.030544292870435665
-0.030467404404159255,-0.030467404404159255
-0.03039061207998933,-0.03039061207998933
-0.030313915879673886,-0.030313915879673886
-0.030237315830626516,-0.030237315830626516
-0.030160811936454902,-0.030160811936454902
-0.030084404163871096,-0.030084404163871096
-0.030008092579178053,-0.030008092579178053
-0.029931877185556215,-0.029931877185556215
-0.02985575794028309,-0.02985575794028309
-0.02977973489771119,-0.02977973489771119
-0.029703808051788155,-0.029703808051788155
-0.02962797740046093,-0.02962797740046093
-0.02955224293596827,-0.02955224293596827
-0.029476604712698296,-0.029476604712698296
-0.029401062673545243,-0.029401062673545243
-0.029325616929801242,-0.029325616929801242
-0.029250267349311358,-0.029250267349311358
-0.029175014042999808,-0.029175014042999808
-0.029099856996056134,-0.029099856996056134
-0.029024796172284876,-0.029024796172284876
-0.028949831614990037,-0.028949831614990037
-0.028874963306833406,-0.028874963306833406
-0.028800191296043935,-0.028800191296043935
-0.028725515550532287,-0.028725515550532287
-0.028650936096204897,-0.028650936096204897
-0.028576452926938212,-0.028576452926938212
-0.028502066066894184,-0.028502066066894184
-0.028427775485099005,-0.028427775485099005
-0.02835358124172018,-0.02835358124172018
-0.028279483295471173,-0.028279483295471173
-0.028205481680529984,-0.028205481680529984
-0.028131576391146863,-0.028131576391146863
-0.028057767442227228,-0.028057767442227228
-0.027984054779543167,-0.027984054779543167
-0.027910438498609136,-0.027910438498609136
-0.02783691859117139,-0.02783691859117139
-0.02776349502592382,-0.02776349502592382
-0.027690167822679003,-0.027690167822679003
-0.027616936939930822,-0.027616936939930822
-0.02754380245960562,-0.02754380245960562
-0.027470764393042656,-0.027470764393042656
-0.027397822664534097,-0.027397822664534097
-0.02732497733623525,-0.02732497733623525
-0.027252228426332844,-0.027252228426332844
-0.027179575881435623,-0.027179575881435623
-0.02710701975049645,-0.02710701975049645
-0.027034560061605366,-0.027034560061605366
-0.026962196743463267,-0.026962196743463267
-0.026889929866384277,-0.026889929866384277
-0.026817759429347787,-0.026817759429347787
-0.026745685377324854,-0.026745685377324854
-0.02667370782783202,-0.02667370782783202
-0.026601826658202304,-0.026601826658202304
-0.026530041965504784,-0.026530041965504784
-0.026458353706257452,-0.026458353706257452
-0.02638676190551825,-0.02638676190551825
-0.026315266556801657,-0.026315266556801657
-0.026243867707689845,-0.026243867707689845
-0.026172565290877095,-0.026172565290877095
-0.026101359380302985,-0.026101359380302985
-0.026030249950648513,-0.026030249950648513
-0.025959236968192564,-0.025959236968192564
-0.025888320499801786,-0.025888320499801786
-0.025817500514591377,-0.025817500514591377
-0.02574677704864998,-0.02574677704864998
-0.02567615004858039,-0.02567615004858039
-0.025605619601821342,-0.025605619601821342
-0.025535185601210555,-0.025535185601210555
-0.025464848174274697,-0.025464848174274697
-0.025394607244356545,-0.025394607244356545
-0.02532446286281803,-0.02532446286281803
-0.025254414988004733,-0.025254414988004733
-0.025184463650510705,-0.025184463650510705
-0.025114608844437853,-0.025114608844437853
-0.025044850585237498,-0.025044850585237498
-0.024975188887215734,-0.024975188887215734
-0.024905623718063676,-0.024905623718063676
-0.024836155121637154,-0.024836155121637154
-0.02476678307094386,-0.02476678307094386
-0.024697507577103497,-0.024697507577103497
-0.024628328642281875,-0.024628328642281875
-0.02455924630572435,-0.02455924630572435
-0.024490260558631273,-0.024490260558631273
-0.024421371327448736,-0.024421371327448736
-0.0243525787018228,-0.0243525787018228
-0.02428388268215694,-0.02428388268215694
-0.024215283252424287,-0.024215283252424287
-0.02414678040580705,-0.02414678040580705
-0.024078374183840984,-0.024078374183840984
-0.024010064502985803,-0.024010064502985803
-0.023941851467887902,-0.023941851467887902
-0.02387373503420488,-0.02387373503420488
-0.02380571520431021,-0.02380571520431021
-0.02373779200686951,-0.02373779200686951
-0.02366996541671803,-0.02366996541671803
-0.02360223546488892,-0.02360223546488892
-0.023534602153197897,-0.023534602153197897
-0.02346706543221146,-0.02346706543221146
-0.023399625358525054,-0.023399625358525054
-0.023332281936672014,-0.023332281936672014
-0.023265035123443276,-0.023265035123443276
-0.023197884975766574,-0.023197884975766574
-0.02313083150710542,-0.02313083150710542
-0.023063874638055315,-0.023063874638055315
-0.02299701443979668,-0.02299701443979668
-0.02293025091895744,-0.02293025091895744
-0.022863584038843716,-0.022863584038843716
-0.022797013854395455,-0.022797013854395455
-0.02273054028249959,-0.02273054028249959
-0.02266416341394737,-0.02266416341394737
-0.022597883210763236,-0.022597883210763236
-0.022531699702265515,-0.022531699702265515
-0.022465612841085628,-0.022465612841085628
-0.022399622716709405,-0.022399622716709405
-0.022333729235835664,-0.022333729235835664
-0.022267932453178856,-0.022267932453178856
-0.022202232347170073,-0.022202232347170073
-0.022136628982955178,-0.022136628982955178
-0.022071122251366333,-0.022071122251366333
-0.022005712277378697,-0.022005712277378697
-0.021940398986322846,-0.021940398986322846
-0.021875182419657406,-0.021875182419657406
-0.02181006253491502,-0.02181006253491502
-0.021745039385308945,-0.021745039385308945
-0.02168011292608735,-0.02168011292608735
-0.021615283197943425,-0.021615283197943425
-0.02155055020339305,-0.02155055020339305
-0.021485913922564322,-0.021485913922564322
-0.021421374341317287,-0.021421374341317287
-0.021356931525438657,-0.021356931525438657
-0.021292585452516923,-0.021292585452516923
-0.021228336093981413,-0.021228336093981413
-0.021164183493563353,-0.021164183493563353
-0.021100127586176198,-0.021100127586176198
-0.02103616849155569,-0.02103616849155569
-0.02097230608796644,-0.02097230608796644
-0.020908540443479628,-0.020908540443479628
-0.020844871566888967,-0.020844871566888967
-0.020781299418616818,-0.020781299418616818
-0.0207178240332862,-0.0207178240332862
-0.020654445431937937,-0.020654445431937937
-0.020591163581479905,-0.020591163581479905
-0.020527978499345248,-0.020527978499345248
-0.02046489015507046,-0.02046489015507046
-0.02040189858582411,-0.02040189858582411
-0.020339003812320677,-0.020339003812320677
-0.020276205772778673,-0.020276205772778673
-0.02021350455832164,-0.02021350455832164
-0.020150900084881185,-0.020150900084881185
-0.020088392405350142,-0.020088392405350142
-0.020025981542579115,-0.020025981542579115
-0.019963667397671445,-0.019963667397671445
-0.019901450083883294,-0.019901450083883294
-0.01983932954752079,-0.01983932954752079
-0.01977730580560766,-0.01977730580560766
-0.019715378865922957,-0.019715378865922957
-0.019653548711715905,-0.019653548711715905
-0.019591815352100632,-0.019591815352100632
-0.019530178807032113,-0.019530178807032113
-0.01946863905438365,-0.01946863905438365
-0.01940719611360584,-0.01940719611360584
-0.01934584995012314,-0.01934584995012314
-0.01928460065282208,-0.01928460065282208
-0.01922344810871351,-0.01922344810871351
-0.019162392422942254,-0.019162392422942254
-0.019101433547083546,-0.019101433547083546
-0.019040571474717133,-0.019040571474717133
-0.01897980620400952,-0.01897980620400952
-0.018919137780590706,-0.018919137780590706
-0.018858566171160874,-0.018858566171160874
-0.018798091403893144,-0.018798091403893144
-0.018737713438106197,-0.018737713438106197
-0.0186774323148433,-0.0186774323148433
-0.018617248044838493,-0.018617248044838493
-0.018557160555724598,-0.018557160555724598
-0.01849716995510891,-0.01849716995510891
-0.01843727617137191,-0.01843727617137191
-0.018377479228153373,-0.018377479228153373
-0.01831777909494233,-0.01831777909494233
-0.01825817582289896,-0.01825817582289896
-0.018198669441786608,-0.018198669441786608
-0.018139259852625548,-0.018139259852625548
-0.018079947133657296,-0.018079947133657296
-0.018020731261936308,-0.018020731261936308
-0.017961612244203243,-0.017961612244203243
-0.01790259009201691,-0.01790259009201691
-0.017843664766909264,-0.017843664766909264
-0.017784836294834218,-0.017784836294834218
-0.01772610470438024,-0.01772610470438024
-0.01766746994763881,-0.01766746994763881
-0.01760893208300326,-0.01760893208300326
-0.01755049106480206,-0.01755049106480206
-0.017492146918455097,-0.017492146918455097
-0.017433899657485232,-0.017433899657485232
-0.017375749241905377,-0.017375749241905377
-0.01731769570559687,-0.01731769570559687
-0.01725973903583788,-0.01725973903583788
-0.017201879211854603,-0.017201879211854603
-0.017144116317620483,-0.017144116317620483
-0.01708645027237813,-0.01708645027237813
-0.017028881109178134,-0.017028881109178134
-0.01697140882114338,-0.01697140882114338
-0.016914033415690945,-0.016914033415690945
-0.01685675489579362,-0.01685675489579362
-0.016799573267017184,-0.016799573267017184
-0.016742488527273,-0.016742488527273
-0.016685500661803986,-0.016685500661803986
-0.016628609701394084,-0.016628609701394084
-0.01657181559847298,-0.01657181559847298
-0.016515118407897544,-0.016515118407897544
-0.016458518117367264,-0.016458518117367264
-0.01640201471904374,-0.01640201471904374
-0.016345608212565026,-0.016345608212565026
-0.016289298577810002,-0.016289298577810002
-0.016233085880061025,-0.016233085880061025
-0.016176970091690883,-0.016176970091690883
-0.01612095115114357,-0.01612095115114357
-0.016065029145234767,-0.016065029145234767
-0.01600920407375679,-0.01600920407375679
-0.01595347586379065,-0.01595347586379065
-0.015897844557103507,-0.015897844557103507
-0.01584231018697739,-0.01584231018697739
-0.015786872712796256,-0.015786872712796256
-0.015731532131106694,-0.015731532131106694
-0.015676288507986177,-0.015676288507986177
-0.015621141765169455,-0.015621141765169455
-0.015566091942625803,-0.015566091942625803
-0.015511139031917524,-0.015511139031917524
-0.01545628305724217,-0.01545628305724217
-0.015401523969332389,-0.015401523969332389
-0.015346861837677517,-0.015346861837677517
-0.015292296570833601,-0.015292296570833601
-0.015237828285806887,-0.015237828285806887
-0.015183456900854994,-0.015183456900854994
-0.015129182443634802,-0.015129182443634802
-0.015075004914650685,-0.015075004914650685
-0.015020924297887627,-0.015020924297887627
-0.014966940608648598,-0.014966940608648598
-0.014913053870146152,-0.014913053870146152
-0.014859264068560746,-0.014859264068560746
-0.014805571163881577,-0.014805571163881577
-0.014751975202124333,-0.014751975202124333
-0.01469847616796232,-0.01469847616796232
-0.014645074081136892,-0.014645074081136892
-0.014591768941452235,-0.014591768941452235
-0.014538560723061242,-0.014538560723061242
-0.014485449413188696,-0.014485449413188696
-0.014432435098543465,-0.014432435098543465
-0.014379517708200276,-0.014379517708200276
-0.014326697236160178,-0.014326697236160178
-0.014273973721727857,-0.014273973721727857
-0.014221347176141718,-0.014221347176141718
-0.014168817502481017,-0.014168817502481017
-0.014116384822059859,-0.014116384822059859
-0.014064049079000758,-0.014064049079000758
-0.014011810310727455,-0.014011810310727455
-0.013959668488918489,-0.013959668488918489
-0.013907623588379445,-0.013907623588379445
-0.013855675623149415,-0.013855675623149415
-0.013803824634710764,-0.013803824634710764
-0.013752070596450925,-0.013752070596450925
-0.01370041349540482,-0.01370041349540482
-0.013648853361329838,-0.013648853361329838
-0.013597390163741712,-0.013597390163741712
-0.01354602396971773,-0.01354602396971773
-0.013494754695616729,-0.013494754695616729
-0.013443582379684243,-0.013443582379684243
-0.013392507027586943,-0.013392507027586943
-0.013341528641793233,-0.013341528641793233
-0.013290647226839421,-0.013290647226839421
-0.013239862736166874,-0.013239862736166874
-0.013189175200253953,-0.013189175200253953
-0.01313858466152053,-0.01313858466152053
-0.013088091082910772,-0.013088091082910772
-0.013037694456280703,-0.013037694456280703
-0.01298739480530571,-0.01298739480530571
-0.012937192144372006,-0.012937192144372006
-0.012887086403298971,-0.012887086403298971
-0.012837077638785901,-0.012837077638785901
-0.012787165848842043,-0.012787165848842043
-0.012737351036561807,-0.012737351036561807
-0.012687633195400352,-0.012687633195400352
-0.012638012320233944,-0.012638012320233944
-0.012588488406822956,-0.012588488406822956
-0.012539061466815214,-0.012539061466815214
-0.012489731517080169,-0.012489731517080169
-0.012440498537926904,-0.012440498537926904
-0.012391362519033777,-0.012391362519033777
-0.012342323490546857,-0.012342323490546857
-0.012293381437148344,-0.012293381437148344
-0.012244536355963372,-0.012244536355963372
-0.012195788224977987,-0.012195788224977987
-0.012147137095221838,-0.012147137095221838
-0.012098582949976785,-0.012098582949976785
-0.01205012580843828,-0.01205012580843828
-0.012001765613432342,-0.012001765613432342
-0.011953502402071185,-0.011953502402071185
-0.01190533616014957,-0.01190533616014957
-0.01185726693388494,-0.01185726693388494
-0.011809294661857763,-0.011809294661857763
-0.011761419365622134,-0.011761419365622134
-0.011713641113628995,-0.011713641113628995
-0.011665959787581523,-0.011665959787581523
-0.011618375481119127,-0.011618375481119127
-0.011570888121996284,-0.011570888121996284
-0.011523497777124143,-0.011523497777124143
-0.011476204447686468,-0.011476204447686468
-0.011429008038863049,-0.011429008038863049
-0.011381908689169721,-0.011381908689169721
-0.011334906272242828,-0.011334906272242828
-0.011288000880968197,-0.011288000880968197
-0.011241192473979183,-0.011241192473979183
-0.011194481058799688,-0.011194481058799688
-0.011147866615685391,-0.011147866615685391
-0.01110134917825356,-0.01110134917825356
-0.011054928727528284,-0.011054928727528284
-0.011008605275385823,-0.011008605275385823
-0.01096237882987225,-0.01096237882987225
-0.010916249362755112,-0.010916249362755112
-0.010870216904236844,-0.010870216904236844
-0.010824281426120594,-0.010824281426120594
-0.010778442947954874,-0.010778442947954874
-0.010732701461429564,-0.010732701461429564
-0.010687056982126509,-0.010687056982126509
-0.01064150951890766,-0.01064150951890766
-0.010596059005953668,-0.010596059005953668
-0.01055070554444862,-0.01055070554444862
-0.01050544906422674,-0.01050544906422674
-0.010460289561024683,-0.010460289561024683
-0.010415227082228822,-0.010415227082228822
-0.010370261605816299,-0.010370261605816299
-0.01032539311238101,-0.01032539311238101
-0.010280621619391715,-0.010280621619391715
-0.010235947137303556,-0.010235947137303556
-0.010191369687928746,-0.010191369687928746
-0.010146889197001333,-0.010146889197001333
-0.01010250572200682,-0.01010250572200682
-0.010058219265763705,-0.010058219265763705
-0.010014029789489448,-0.010014029789489448
-0.009969937343688574,-0.009969937343688574
-0.009925941881042948,-0.009925941881042948
-0.009882043448253601,-0.009882043448253601
-0.00983824201036522,-0.00983824201036522
-0.009794537578740808,-0.009794537578740808
-0.00975093017263515,-0.00975093017263515
-0.009707419723060317,-0.009707419723060317
-0.009664006319733555,-0.009664006319733555
-0.00962068993628559,-0.00962068993628559
-0.009577470548868957,-0.009577470548868957
-0.009534348177800583,-0.009534348177800583
-0.009491322756397759,-0.009491322756397759
-0.009448394422642298,-0.009448394422642298
-0.009405563082770177,-0.009405563082770177
-0.009362828723172503,-0.009362828723172503
-0.009320191408309812,-0.009320191408309812
-0.009277651078794859,-0.009277651078794859
-0.009235207794563757,-0.009235207794563757
-0.00919286148841164,-0.00919286148841164
-0.0091506122075439,-0.0091506122075439
-0.009108459938345708,-0.009108459938345708
-0.009066404659307475,-0.009066404659307475
-0.009024446447294094,-0.009024446447294094
-0.008982585209636311,-0.008982585209636311
-0.008940821017915082,-0.008940821017915082
-0.008899153800976679,-0.008899153800976679
-0.008857583631152662,-0.008857583631152662
-0.008816110453909546,-0.008816110453909546
-0.00877473429689531,-0.00877473429689531
-0.008733455184820771,-0.008733455184820771
-0.008692273046974255,-0.008692273046974255
-0.008651187944098852,-0.008651187944098852
-0.008610199843497016,-0.008610199843497016
-0.008569308802227015,-0.008569308802227015
-0.008528514747981022,-0.008528514747981022
-0.008487817698598644,-0.008487817698598644
-0.008447217696704479,-0.008447217696704479
-0.008406714685889988,-0.008406714685889988
-0.008366308711022704,-0.008366308711022704
-0.008325999765364925,-0.008325999765364925
-0.008285787827190484,-0.008285787827190484
-0.008245672907346147,-0.008245672907346147
-0.008205654987298064,-0.008205654987298064
-0.008165734112293516,-0.008165734112293516
-0.008125910220527284,-0.008125910220527284
-0.008086183385069683,-0.008086183385069683
-0.008046553585909371,-0.008046553585909371
-0.008007020780834142,-0.008007020780834142
-0.007967585005004024,-0.007967585005004024
-0.007928246225911349,-0.007928246225911349
-0.007889004504447544,-0.007889004504447544
-0.007849859777858008,-0.007849859777858008
-0.007810812084076754,-0.007810812084076754
-0.007771861442231003,-0.007771861442231003
-0.007733007799911527,-0.007733007799911527
-0.007694251168944147,-0.007694251168944147
-0.007655591545768654,-0.007655591545768654
-0.007617028966957289,-0.007617028966957289
-0.00757856341532018,-0.00757856341532018
-0.007540194870264489,-0.007540194870264489
-0.007501923378064022,-0.007501923378064022
-0.00746374888761199,-0.00746374888761199
-0.007425671426253758,-0.007425671426253758
-0.007387690996045351,-0.007387690996045351
-0.007349807549383811,-0.007349807549383811
-0.007312021162128281,-0.007312021162128281
-0.007274331817038448,-0.007274331817038448
-0.007236739467606127,-0.007236739467606127
-0.007199244160971443,-0.007199244160971443
-0.007161845868480653,-0.007161845868480653
-0.007124544617318911,-0.007124544617318911
-0.007087340360230392,-0.007087340360230392
-0.007050233154774757,-0.007050233154774757
-0.007013222964526628,-0.007013222964526628
-0.006976309803017763,-0.006976309803017763
-0.0069394936459912775,-0.0069394936459912775
-0.006902774543190693,-0.006902774543190693
-0.0068661524677067765,-0.0068661524677067765
-0.006829627418122855,-0.006829627418122855
-0.006793199365429169,-0.006793199365429169
-0.00675686836506261,-0.00675686836506261
-0.0067206343801082665,-0.0067206343801082665
-0.0066844974212452845,-0.0066844974212452845
-0.006648457483256473,-0.006648457483256473
-0.0066125145841372,-0.0066125145841372
-0.006576668742535542,-0.006576668742535542
-0.00654091990986207,-0.00654091990986207
-0.006505268046546556,-0.006505268046546556
-0.00646971326450563,-0.00646971326450563
-0.006434255514859115,-0.006434255514859115
-0.006398894789141132,-0.006398894789141132
-0.006363631055032406,-0.006363631055032406
-0.0063284643893088315,-0.0063284643893088315
-0.006293394734499745,-0.006293394734499745
-0.006258422103645892,-0.006258422103645892
-0.006223546513373445,-0.006223546513373445
-0.006188767919015142,-0.006188767919015142
-0.006154086394253943,-0.006154086394253943
-0.00611950186215523,-0.00611950186215523
-0.006085014388616977,-0.006085014388616977
-0.006050623929219649,-0.006050623929219649
-0.006016330497480173,-0.006016330497480173
-0.005982134103144617,-0.005982134103144617
-0.005948034731136982,-0.005948034731136982
-0.005914032370269316,-0.005914032370269316
-0.005880127050968047,-0.005880127050968047
-0.005846318761270876,-0.005846318761270876
-0.005812607490250931,-0.005812607490250931
-0.005778993287711074,-0.005778993287711074
-0.00574547608908396,-0.00574547608908396
-0.005712055860190112,-0.005712055860190112
-0.0056787327176856806,-0.0056787327176856806
-0.005645506597286658,-0.005645506597286658
-0.005612377522156652,-0.005612377522156652
-0.005579345430146289,-0.005579345430146289
-0.005546410396165322,-0.005546410396165322
-0.00551357238271882,-0.00551357238271882
-0.005480831410797181,-0.005480831410797181
-0.00544818746225966,-0.00544818746225966
-0.005415640542673531,-0.005415640542673531
-0.0053831906212296445,-0.0053831906212296445
-0.005350837760566893,-0.005350837760566893
-0.00531858192579524,-0.00531858192579524
-0.005286423118952903,-0.005286423118952903
-0.005254361328936484,-0.005254361328936484
-0.005222396553179664,-0.005222396553179664
-0.005190528827272661,-0.005190528827272661
-0.005158758128643752,-0.005158758128643752
-0.005127084448748437,-0.005127084448748437
-0.00509550781329439,-0.00509550781329439
-0.005064028186010502,-0.005064028186010502
-0.005032645594348949,-0.005032645594348949
-0.0050013600230349505,-0.0050013600230349505
-0.004970171496967715,-0.004970171496967715
-0.0049390799751202925,-0.0049390799751202925
-0.004908085498080542,-0.004908085498080542
-0.004877188049480403,-0.004877188049480403
-0.004846387588500606,-0.004846387588500606
-0.0048156842305349164,-0.0048156842305349164
-0.004785077833355984,-0.004785077833355984
-0.004754568472225125,-0.004754568472225125
-0.004724156178485526,-0.004724156178485526
-0.00469384086908791,-0.00469384086908791
-0.004663622638448999,-0.004663622638448999
-0.004633501349454791,-0.004633501349454791
-0.004603477155857331,-0.004603477155857331
-0.004573549973089801,-0.004573549973089801
-0.004543719803598365,-0.004543719803598365
-0.004513986687209886,-0.004513986687209886
-0.0044843505543564095,-0.0044843505543564095
-0.004454811462427008,-0.004454811462427008
-0.00442536939652073,-0.00442536939652073
-0.0043960243904551,-0.0043960243904551
-0.00436677634632736,-0.00436677634632736
-0.004337625388080227,-0.004337625388080227
-0.004308571425876296,-0.004308571425876296
-0.004279614519693206,-0.004279614519693206
-0.004250754586698265,-0.004250754586698265
-0.004221991701250872,-0.004221991701250872
-0.004193325847614905,-0.004193325847614905
-0.004164757029803015,-0.004164757029803015
-0.004136285184560688,-0.004136285184560688
-0.004107910415846003,-0.004107910415846003
-0.004079632660242751,-0.004079632660242751
-0.004051451934525447,-0.004051451934525447
-0.004023368215439997,-0.004023368215439997
-0.003995381510483605,-0.003995381510483605
-0.003967491846405304,-0.003967491846405304
-0.003939699196932241,-0.003939699196932241
-0.003912003581620342,-0.003912003581620342
-0.003884404982763504,-0.003884404982763504
-0.003856903378196466,-0.003856903378196466
-0.0038294988584864735,-0.0038294988584864735
-0.003802191323713316,-0.003802191323713316
-0.0037749808216297706,-0.0037749808216297706
-0.0037478673409618436,-0.0037478673409618436
-0.003720850862889385,-0.003720850862889385
-0.0036939314160335003,-0.0036939314160335003
-0.003667109001514174,-0.003667109001514174
-0.0036403835509249698,-0.0036403835509249698
-0.003613755186692553,-0.003613755186692553
-0.0035872238327189503,-0.0035872238327189503
-0.003560789495580164,-0.003560789495580164
-0.0035344521768419447,-0.0035344521768419447
-0.0035082118638803893,-0.0035082118638803893
-0.0034820685953578737,-0.0034820685953578737
-0.003456022314879216,-0.003456022314879216
-0.0034300730849164294,-0.0034300730849164294
-0.00340422086540382,-0.00340422086540382
-0.0033784656531854118,-0.0033784656531854118
-0.0033528074679372894,-0.0033528074679372894
-0.0033272463069062247,-0.0033272463069062247
-0.0033017821447665265,-0.0033017821447665265
-0.003276415007414262,-0.003276415007414262
-0.0032511449166601563,-0.0032511449166601563
-0.003225971792280848,-0.003225971792280848
-0.003200895693211138,-0.003200895693211138
-0.003175916629869083,-0.003175916629869083
-0.0031510345695252443,-0.0031510345695252443
-0.003126249589411665,-0.003126249589411665
-0.0031015615422084106,-0.0031015615422084106
-0.0030769705553219838,-0.0030769705553219838
-0.0030524765648829895,-0.0030524765648829895
-0.0030280795810728824,-0.0030280795810728824
-0.0030037796324697517,-0.0030037796324697517
-0.0029795766759461227,-0.0029795766759461227
-0.0029554707622950426,-0.0029554707622950426
-0.0029314618624889472,-0.0029314618624889472
-0.002907549931573531,-0.002907549931573531
-0.002883735037691922,-0.002883735037691922
-0.0028600171885341708,-0.0028600171885341708
-0.0028363963311243776,-0.0028363963311243776
-0.0028128724667434756,-0.0028128724667434756
-0.002789445646421859,-0.002789445646421859
-0.00276611583061748,-0.00276611583061748
-0.002742882992912853,-0.002742882992912853
-0.002719747210708389,-0.002719747210708389
-0.002696708413225663,-0.002696708413225663
-0.0026737666082504072,-0.0026737666082504072
-0.0026509218593197283,-0.0026509218593197283
-0.0026281740684581793,-0.0026281740684581793
-0.002605523347193735,-0.002605523347193735
-0.0025829696016563108,-0.0025829696016563108
-0.0025605128754221155,-0.0025605128754221155
-0.0025381531508102645,-0.0025381531508102645
-0.0025158904277710623,-0.0025158904277710623
-0.0024937247082062546,-0.0024937247082062546
-0.0024716560065680617,-0.0024716560065680617
-0.0024496843202464064,-0.0024496843202464064
-0.0024278096519463038,-0.0024278096519463038
-0.0024060319498555986,-0.0024060319498555986
-0.002384351256387497,-0.002384351256387497
-0.0023627675996928626,-0.0023627675996928626
-0.0023412809552759793,-0.0023412809552759793
-0.00231989125815192,-0.00231989125815192
-0.002298598611637929,-0.002298598611637929
-0.0022774029469263056,-0.0022774029469263056
-0.002256304310324235,-0.002256304310324235
-0.0022353026639985686,-0.0022353026639985686
-0.002214398053827784,-0.002214398053827784
-0.0021935903913303215,-0.0021935903913303215
-0.002172879737787748,-0.002172879737787748
-0.002152266112306515,-0.002152266112306515
-0.002131749457117794,-0.002131749457117794
-0.0021113298576895746,-0.0021113298576895746
-0.0020910071960350734,-0.0020910071960350734
-0.002070781552973243,-0.002070781552973243
-0.002050652937236976,-0.002050652937236976
-0.002030621289799505,-0.002030621289799505
-0.002010686664821979,-0.002010686664821979
-0.0019908490430325474,-0.0019908490430325474
-0.0019711084111864938,-0.0019711084111864938
-0.0019514647442451698,-0.0019514647442451698
-0.001931918098196559,-0.001931918098196559
-0.0019124684699581137,-0.0019124684699581137
-0.0018931158071206025,-0.0018931158071206025
-0.0018738601478984099,-0.0018738601478984099
-0.0018547015001477295,-0.0018547015001477295
-0.001835639822975119,-0.001835639822975119
-0.0018166751440278203,-0.0018166751440278203
-0.0017978074965129345,-0.0017978074965129345
-0.0017790367925882564,-0.0017790367925882564
-0.001760363104169993,-0.001760363104169993
-0.0017417864135757764,-0.0017417864135757764
-0.001723306708581483,-0.001723306708581483
-0.0017049239974712732,-0.0017049239974712732
-0.00168663827910588,-0.00168663827910588
-0.0016684495332863125,-0.0016684495332863125
-0.0016503577799742142,-0.0016503577799742142
-0.0016323630477224562,-0.0016323630477224562
-0.0016144652894413496,-0.0016144652894413496
-0.001596664520676766,-0.001596664520676766
-0.0015789607451791633,-0.0015789607451791633
-0.0015613539234298577,-0.0015613539234298577
-0.001543844118824663,-0.001543844118824663
-0.0015264312943366705,-0.0015264312943366705
-0.0015091154608612308,-0.0015091154608612308
-0.001491896618255194,-0.001491896618255194
-0.0014747747528473594,-0.0014747747528473594
-0.001457749862240892,-0.001457749862240892
-0.0014408219747275796,-0.0014408219747275796
-0.0014239910573154173,-0.0014239910573154173
-0.0014072571126163371,-0.0014072571126163371
-0.0013906201885262657,-0.0013906201885262657
-0.0013740802322832878,-0.0013740802322832878
-0.0013576372134824829,-0.0013576372134824829
-0.0013412912162882869,-0.0013412912162882869
-0.0013250422164905417,-0.0013250422164905417
-0.0013088901628934527,-0.0013088901628934527
-0.0012928351117735292,-0.0012928351117735292
-0.001276877023135168,-0.001276877023135168
-0.0012610159394175354,-0.0012610159394175354
-0.00124525180778677,-0.00124525180778677
-0.0012295846407277063,-0.0012295846407277063
-0.0012140144970308791,-0.0012140144970308791
-0.0011985412824698138,-0.0011985412824698138
-0.0011831650569509484,-0.0011831650569509484
-0.0011678858054023637,-0.0011678858054023637
-0.001152703540166115,-0.001152703540166115
-0.0011376182566143023,-0.0011376182566143023
-0.0011226299307270163,-0.0011226299307270163
-0.0011077385888742747,-0.0011077385888742747
-0.001092944223008894,-0.001092944223008894
-0.0010782467932569128,-0.0010782467932569128
-0.0010636463427925317,-0.0010636463427925317
-0.0010491429003814915,-0.0010491429003814915
-0.0010347364192901253,-0.0010347364192901253
-0.0010204268852542359,-0.0010204268852542359
-0.0010062143275383648,-0.0010062143275383648
-0.000992098734394195,-0.000992098734394195
-0.00097808011624127,-0.00097808011624127
-0.0009641584462589829,-0.0009641584462589829
-0.000950333792257434,-0.000950333792257434
-0.0009366060668220137,-0.0009366060668220137
-0.0009229752775237274,-0.0009229752775237274
-0.0009094415100215571,-0.0009094415100215571
-0.0008960046890999837,-0.0008960046890999837
-0.0008826647902645891,-0.0008826647902645891
-0.0008694218927899004,-0.0008694218927899004
-0.0008562759258034816,-0.0008562759258034816
-0.000843226973777765,-0.000843226973777765
-0.0008302749658638629,-0.0008302749658638629
-0.0008174199114609114,-0.0008174199114609114
-0.0008046617618889955,-0.0008046617618889955
-0.0007920006481404163,-0.0007920006481404163
-0.0007794364536302201,-0.0007794364536302201
-0.0007669692405431926,-0.0007669692405431926
-0.0007545989444870333,-0.0007545989444870333
-0.0007423256233509143,-0.0007423256233509143
-0.0007301492872215364,-0.0007301492872215364
-0.0007180698985273907,-0.0007180698985273907
-0.0007060874317772009,-0.0007060874317772009
-0.000694201941133231,-0.000694201941133231
-0.0006824133973787806,-0.0006824133973787806
-0.0006707217720080775,-0.0006707217720080775
-0.0006591271490893213,-0.0006591271490893213
-0.000647629488772285,-0.000647629488772285
-0.0006362286991322049,-0.0006362286991322049
-0.0006249248958281957,-0.0006249248958281957
-0.0006137180593979705,-0.0006137180593979705
-0.0006026081535513253,-0.0006026081535513253
-0.0005915952068882292,-0.0005915952068882292
-0.0005806791862991156,-0.0005806791862991156
-0.0005698601422911022,-0.0005698601422911022
-0.0005591380155042058,-0.0005591380155042058
-0.0005485128665561642,-0.0005485128665561642
-0.0005379846474796607,-0.0005379846474796607
-0.0005275533588202233,-0.0005275533588202233
-0.0005172190119471545,-0.0005172190119471545
-0.0005069816239490833,-0.0005069816239490833
-0.0004968411446035234,-0.0004968411446035234
-0.0004867976424565374,-0.0004867976424565374
-0.0004768510449269746,-0.0004768510449269746
-0.0004670013981317706,-0.0004670013981317706
-0.00045724868303521486,-0.00045724868303521486
-0.00044759290649719834,-0.00044759290649719834
-0.00043803407445093783,-0.00043803407445093783
-0.0004285721833839728,-0.0004285721833839728
-0.0004192071963411557,-0.0004192071963411557
-0.0004099391769793815,-0.0004099391769793815
-0.00040076807562141394,-0.00040076807562141394
-0.0003916938973229338,-0.0003916938973229338
-0.00038271664455225983,-0.00038271664455225983
-0.00037383638110850955,-0.00037383638110850955
-0.0003650529855883955,-0.0003650529855883955
-0.0003563665161896408,-0.0003563665161896408
-0.0003477770039096069,-0.0003477770039096069
-0.00033928443192056157,-0.00033928443192056157
-0.00033088875199336444,-0.00033088875199336444
-0.0003225900073253019,-0.0003225900073253019
-0.0003143881882802625,-0.0003143881882802625
-0.0003062832993437376,-0.0003062832993437376
-0.0002982753150485563,-0.0002982753150485563
-0.00029036428015849676,-0.00029036428015849676
-0.0002825501554636127,-0.0002825501554636127
-0.00027483293631227,-0.00027483293631227
-0.0002672126726892361,-0.0002672126726892361
-0.0002596892884538017,-0.0002596892884538017
-0.0002522628312652882,-0.0002522628312652882
-0.00024493331985039115,-0.00024493331985039115
-0.00023770069622527798,-0.00023770069622527798
-0.00023056498246314697,-0.00023056498246314697
-0.00022352620630974908,-0.00022352620630974908
-0.00021658437274956133,-0.00021658437274956133
-0.00020973938767436515,-0.00020973938767436515
-0.000202991350746304,-0.000202991350746304
-0.0001963402011095047,-0.0001963402011095047
-0.00018978597671583385,-0.00018978597671583385
-0.00018332867751772927,-0.00018332867751772927
-0.00017696826247781046,-0.00017696826247781046
-0.000170704781937608,-0.000170704781937608
-0.00016453815977972977,-0.00016453815977972977
-0.00015846846597422862,-0.00015846846597422862
-0.00015249570187384447,-0.00015249570187384447
-0.00014661982454269737,-0.00014661982454269737
-0.00014084085209014826,-0.00014084085209014826
-0.00013515877431040586,-0.00013515877431040586
-0.00012957361676567284,-0.00012957361676567284
-0.00012408530984201006,-0.00012408530984201006
-0.00011869398374819426,-0.00011869398374819426
-0.00011339951938334489,-0.00011339951938334489
-0.00010820193782391811,-0.00010820193782391811
-0.00010310123605558105,-0.00010310123605558105
-9.809746399245377e-5,-9.809746399245377e-5
-9.31905891653904e-5,-9.31905891653904e-5
-8.83805754739254e-5,-8.83805754739254e-5
-8.366747907443381e-5,-8.366747907443381e-5
-7.905129540980271e-5,-7.905129540980271e-5
-7.453195631395731e-5,-7.453195631395731e-5
-7.010955442349381e-5,-7.010955442349381e-5
-6.578401195972868e-5,-6.578401195972868e-5
-6.155533741969234e-5,-6.155533741969234e-5
-5.7423591184494034e-5,-5.7423591184494034e-5
-5.338870644091489e-5,-5.338870644091489e-5
-4.9450709985455893e-5,-4.9450709985455893e-5
-4.560960623278692e-5,-4.560960623278692e-5
-4.186539190748156e-5,-4.186539190748156e-5
-3.821805903471964e-5,-3.821805903471964e-5
-3.4667604386544215e-5,-3.4667604386544215e-5
-3.121400513015286e-5,-3.121400513015286e-5
-2.7857320365037766e-5,-2.7857320365037766e-5
-2.4597500224501952e-5,-2.4597500224501952e-5
-2.143455453474346e-5,-2.143455453474346e-5
-1.8368475131017955e-5,-1.8368475131017955e-5
-1.539928102484925e-5,-1.539928102484925e-5
-1.2526986457041459e-5,-1.2526986457041459e-5
-9.751530500580983e-6,-9.751530500580983e-6
-7.07294814044204e-6,-7.07294814044204e-6
-4.491245998635209e-6,-4.491245998635209e-6
-2.006396281766422e-6,-2.006396281766422e-6
3.815461592047312e-7,3.815461592047312e-7
2.6726509144827184e-6,2.6726509144827184e-6
4.866859193155724e-6,4.866859193155724e-6
6.9642044849307595e-6,6.9642044849307595e-6
8.964730960122304e-6,8.964730960122304e-6
1.0868364993611571e-5,1.0868364993611571e-5
1.2675131079637318e-5,1.2675131079637318e-5
1.4385072439138172e-5,1.4385072439138172e-5
1.5998083689934626e-5,1.5998083689934626e-5
1.7514271662019874e-5,1.7514271662019874e-5
1.893361394980852e-5,1.893361394980852e-5
2.0256074547734038e-5,2.0256074547734038e-5
2.1481706099405508e-5,2.1481706099405508e-5
2.2610470083371174e-5,2.2610470083371174e-5
2.3642358833314982e-5,2.3642358833314982e-5
2.4577421693724002e-5,2.4577421693724002e-5
2.541562920980853e-5,2.541562920980853e-5
2.6156984751899038e-5,2.6156984751899038e-5
2.6801489174445454e-5,2.6801489174445454e-5
2.7349145396818576e-5,2.7349145396818576e-5
2.7799970840304327e-5,2.7799970840304327e-5
2.8153912030574153e-5,2.8153912030574153e-5
2.8411064499883268e-5,2.8411064499883268e-5
2.8571300602898454e-5,2.8571300602898454e-5
2.86347400100862e-5,2.86347400100862e-5
2.8601331857939027e-5,2.8601331857939027e-5
2.847108568781548e-5,2.847108568781548e-5
2.824400116742511e-5,2.824400116742511e-5
2.7920046800797813e-5,2.7920046800797813e-5
2.7499306774986204e-5,2.7499306774986204e-5
2.6981693295259945e-5,2.6981693295259945e-5
2.636726543733593e-5,2.636726543733593e-5
2.5655983682909526e-5,2.5655983682909526e-5
2.4847925027412617e-5,2.4847925027412617e-5
2.3942984254823242e-5,2.3942984254823242e-5
2.2941216429698988e-5,2.2941216429698988e-5
2.1842649559005842e-5,2.1842649559005842e-5
2.0647213008231873e-5,2.0647213008231873e-5
1.9354984532291076e-5,1.9354984532291076e-5
1.7965903370324497e-5,1.7965903370324497e-5
1.6480001398040393e-5,1.6480001398040393e-5
1.4897302753697271e-5,1.4897302753697271e-5
1.3217746367797826e-5,1.3217746367797826e-5
1.144139565953625e-5,1.144139565953625e-5
9.568216996817474e-6,9.568216996817474e-6
7.598246266575706e-6,7.598246266575706e-6
5.531435002439375e-6,5.531435002439375e-6
3.367815863443709e-6,3.367815863443709e-6
1.107382749753605e-6,1.107382749753605e-6
-1.249883278973767e-6,-1.249883278973767e-6
-3.7039215567429594e-6,-3.7039215567429594e-6
-6.2547959537252845e-6,-6.2547959537252845e-6
-8.902489072346407e-6,-8.902489072346407e-6
-1.1646940602712895e-5,-1.1646940602712895e-5
-1.448825682888602e-5,-1.448825682888602e-5
-1.7426355984725807e-5,-1.7426355984725807e-5
-2.0461241037095678e-5,-2.0461241037095678e-5
-2.3592931923185167e-5,-2.3592931923185167e-5
-2.6821455819158066e-5,-2.6821455819158066e-5
-3.0146785904894608e-5,-3.0146785904894608e-5
-3.356883080166928e-5,-3.356883080166928e-5
-3.708773113773226e-5,-3.708773113773226e-5
-4.070341831966782e-5,-4.070341831966782e-5
-4.441592953987783e-5,-4.441592953987783e-5
-4.822519511312623e-5,-4.822519511312623e-5
-5.213126754066411e-5,-5.213126754066411e-5
-5.613414938581823e-5,-5.613414938581823e-5
-6.023378845600482e-5,-6.023378845600482e-5
-6.443022412708106e-5,-6.443022412708106e-5
-6.872345314739003e-5,-6.872345314739003e-5
-7.311345432177878e-5,-7.311345432177878e-5
-7.760023329920381e-5,-7.760023329920381e-5
-8.218381428898869e-5,-8.218381428898869e-5
-8.68641571795926e-5,-8.68641571795926e-5
-9.164129339550907e-5,-9.164129339550907e-5
-9.651520758069759e-5,-9.651520758069759e-5
-0.00010148590526516298,-0.00010148590526516298
-0.00010655334707309433,-0.00010655334707309433
-0.0001117176060836539,-0.0001117176060836539
-0.00011697859886924799,-0.00011697859886924799
-0.00012233637804980136,-0.00012233637804980136
-0.0001277909254682517,-0.0001277909254682517
-0.00013334221943115602,-0.00013334221943115602
-0.00013899031751871775,-0.00013899031751871775
-0.00014473517240413332,-0.00014473517240413332
-0.00015057680919864567,-0.00015057680919864567
-0.00015651515657918378,-0.00015651515657918378
-0.00016255027224527387,-0.00016255027224527387
-0.00016868218933040213,-0.00016868218933040213
-0.00017491084033301966,-0.00017491084033301966
-0.00018123620806918779,-0.00018123620806918779
-0.00018765838133050097,-0.00018765838133050097
-0.00019417729873896843,-0.00019417729873896843
-0.00020079298837276626,-0.00020079298837276626
-0.0002075053942416855,-0.0002075053942416855
-0.000214314556196417,-0.000214314556196417
-0.00022122046407822138,-0.00022122046407822138
-0.00022822313927236147,-0.00022822313927236147
-0.00023532254760074496,-0.00023532254760074496
-0.00024251867482253867,-0.00024251867482253867
-0.00024981157279811,-0.00024981157279811
-0.00025720118508601203,-0.00025720118508601203
-0.0002646875401447328,-0.0002646875401447328
-0.00027227067058550186,-0.00027227067058550186
-0.0002799504715720528,-0.0002799504715720528
-0.0002877270206693639,-0.0002877270206693639
-0.0002956003598406089,-0.0002956003598406089
-0.00030357037143267874,-0.00030357037143267874
-0.0003116371097743519,-0.0003116371097743519
-0.0003198006224061833,-0.0003198006224061833
-0.00032806086238117165,-0.00032806086238117165
-0.0003364177871189474,-0.0003364177871189474
-0.00034487142476889075,-0.00034487142476889075
-0.000353421804667118,-0.000353421804667118
-0.00036206887654395195,-0.00036206887654395195
-0.00037081270650003647,-0.00037081270650003647
-0.0003796532629444569,-0.0003796532629444569
-0.000388590509563274,-0.000388590509563274
-0.0003976244230017072,-0.0003976244230017072
-0.00040675511089653465,-0.00040675511089653465
-0.00041598248388634285,-0.00041598248388634285
-0.0004253066007861438,-0.0004253066007861438
-0.00043472736762980256,-0.00043472736762980256
-0.00044424483644438576,-0.00044424483644438576
-0.00045385905569545387,-0.00045385905569545387
-0.000463569951568578,-0.000463569951568578
-0.0004733775504803181,-0.0004733775504803181
-0.0004832818373826753,-0.0004832818373826753
-0.0004932828414934632,-0.0004932828414934632
-0.0005033804917744734,-0.0005033804917744734
-0.0005135748947946074,-0.0005135748947946074
-0.0005238659859240319,-0.0005238659859240319
-0.0005342536997975083,-0.0005342536997975083
-0.0005447381442893478,-0.0005447381442893478
-0.0005553193025006136,-0.0005553193025006136
-0.0005659970734161444,-0.0005659970734161444
-0.0005767715809547369,-0.0005767715809547369
-0.0005876427932885005,-0.0005876427932885005
-0.0005986106237615947,-0.0005986106237615947
-0.0006096751641802946,-0.0006096751641802946
-0.0006208363292418244,-0.0006208363292418244
-0.000632094218726769,-0.000632094218726769
-0.0006434487793510491,-0.0006434487793510491
-0.0006549000212727544,-0.0006549000212727544
-0.0006664478800285664,-0.0006664478800285664
-0.00067809241274796,-0.00067809241274796
-0.0006898336478178482,-0.0006898336478178482
-0.0007016715235273979,-0.0007016715235273979
-0.0007136060671962013,-0.0007136060671962013
-0.0007256372612121671,-0.0007256372612121671
-0.0007377650927353677,-0.0007377650927353677
-0.0007499896115847985,-0.0007499896115847985
-0.000762310775512469,-0.000762310775512469
-0.0007747285894793072,-0.0007747285894793072
-0.0007872430707397142,-0.0007872430707397142
-0.0007998541613112478,-0.0007998541613112478
-0.0008125618909320311,-0.0008125618909320311
-0.0008253662859958166,-0.0008253662859958166
-0.0008382673111374976,-0.0008382673111374976
-0.0008512650175528695,-0.0008512650175528695
-0.0008643593021153075,-0.0008643593021153075
-0.0008775502689953929,-0.0008775502689953929
-0.0008908378533984478,-0.0008908378533984478
-0.0009042220811230025,-0.0009042220811230025
-0.0009177029226679103,-0.0009177029226679103
-0.0009312803871228275,-0.0009312803871228275
-0.0009449545092116527,-0.0009449545092116527
-0.000958725231188178,-0.000958725231188178
-0.0009725925684796022,-0.0009725925684796022
-0.0009865565409522578,-0.0009865565409522578
-0.0010006171215719264,-0.0010006171215719264
-0.001014774317815045,-0.001014774317815045
-0.0010290281419283592,-0.0010290281419283592
-0.0010433785730742668,-0.0010433785730742668
-0.0010578256047483418,-0.0010578256047483418
-0.001072369252758279,-0.001072369252758279
-0.0010870095054736945,-0.0010870095054736945
-0.0011017463345319664,-0.0011017463345319664
-0.0011165797961365446,-0.0011165797961365446
-0.0011315098632773165,-0.0011315098632773165
-0.0011465365093242944,-0.0011465365093242944
-0.0011616597914781584,-0.0011616597914781584
-0.0011768795978530585,-0.0011768795978530585
-0.0011921960315529974,-0.0011921960315529974
-0.0012076090629092023,-0.0012076090629092023
-0.0012231186651014366,-0.0012231186651014366
-0.0012387248433520816,-0.0012387248433520816
-0.001254427658801039,-0.001254427658801039
-0.0012702269998947449,-0.0012702269998947449
-0.0012861229672220635,-0.0012861229672220635
-0.0013021154445770544,-0.0013021154445770544
-0.0013182045801122225,-0.0013182045801122225
-0.0013343902147570912,-0.0013343902147570912
-0.0013506724630079588,-0.0013506724630079588
-0.001367051250955272,-0.001367051250955272
-0.0013835266004349751,-0.0013835266004349751
-0.0014000985249280192,-0.0014000985249280192
-0.0014167670229157533,-0.0014167670229157533
-0.0014335320894606127,-0.0014335320894606127
-0.0014503936907183683,-0.0014503936907183683
-0.0014673518504693564,-0.0014673518504693564
-0.0014844065770696832,-0.0014844065770696832
-0.0015015578278435764,-0.0015015578278435764
-0.001518805643898833,-0.001518805643898833
-0.0015361499759643958,-0.0015361499759643958
-0.0015535908978059256,-0.0015535908978059256
-0.0015711283134405784,-0.0015711283134405784
-0.0015887622975389014,-0.0015887622975389014
-0.0016064928338173922,-0.0016064928338173922
-0.0016243198744268512,-0.0016243198744268512
-0.0016422434411572369,-0.0016422434411572369
-0.0016602635790555682,-0.0016602635790555682
-0.0016783802343397064,-0.0016783802343397064
-0.0016965933620560884,-0.0016965933620560884
-0.0017149030470793383,-0.0017149030470793383
-0.0017333092572266564,-0.0017333092572266564
-0.001751811959932521,-0.001751811959932521
-0.00177041121780987,-0.00177041121780987
-0.0017891069460775353,-0.0017891069460775353
-0.0018078991952912152,-0.0018078991952912152
-0.001826787978552478,-0.001826787978552478
-0.0018457732455911815,-0.0018457732455911815
-0.001864855019240129,-0.001864855019240129
-0.001884033314403983,-0.001884033314403983
-0.0019033080801487726,-0.0019033080801487726
-0.00192267934880119,-0.00192267934880119
-0.00194214714096223,-0.00194214714096223
-0.001961711365965999,-0.001961711365965999
-0.001981372113767091,-0.001981372113767091
-0.0020011293190000837,-0.0020011293190000837
-0.002020983041428263,-0.002020983041428263
-0.002040933234390651,-0.002040933234390651
-0.0020609799184875014,-0.0020609799184875014
-0.002081123043496144,-0.002081123043496144
-0.00210136267748776,-0.00210136267748776
-0.002121698736110632,-0.002121698736110632
-0.002142131296977301,-0.002142131296977301
-0.002162660312948384,-0.002162660312948384
-0.0021832858064791518,-0.0021832858064791518
-0.002204007755257484,-0.002204007755257484
-0.0022248261688729482,-0.0022248261688729482
-0.002245740997292011,-0.002245740997292011
-0.0022667523361670837,-0.0022667523361670837
-0.002287860084861462,-0.002287860084861462
-0.002309064271762616,-0.002309064271762616
-0.002330364922266697,-0.002330364922266697
-0.002351762042591461,-0.002351762042591461
-0.0023732555425464486,-0.0023732555425464486
-0.0023948455372435774,-0.0023948455372435774
-0.002416531917455656,-0.002416531917455656
-0.002438314774183093,-0.002438314774183093
-0.0024601940175647476,-0.0024601940175647476
-0.0024821697158149522,-0.0024821697158149522
-0.002504241829723946,-0.002504241829723946
-0.002526410329290299,-0.002526410329290299
-0.002548675259515785,-0.002548675259515785
-0.002571036632315236,-0.002571036632315236
-0.0025934943998387086,-0.0025934943998387086
-0.002616048597499894,-0.002616048597499894
-0.0026386991566097638,-0.0026386991566097638
-0.002661446122974847,-0.002661446122974847
-0.0026842895269770725,-0.0026842895269770725
-0.002707229336623519,-0.002707229336623519
-0.0027302654861652955,-0.0027302654861652955
-0.0027533980457652113,-0.0027533980457652113
-0.002776627030231503,-0.002776627030231503
-0.002799952358109574,-0.002799952358109574
-0.0028233740781001084,-0.0028233740781001084
-0.0028468922053006118,-0.0028468922053006118
-0.0028705066747246764,-0.0028705066747246764
-0.0028942175541579237,-0.0028942175541579237
-0.002918024766937945,-0.002918024766937945
-0.0029419283446334046,-0.0029419283446334046
-0.002965928337368325,-0.002965928337368325
-0.002990024644224152,-0.002990024644224152
-0.0030142173181315437,-0.0030142173181315437
-0.0030385063212069133,-0.0030385063212069133
-0.0030628917517149783,-0.0030628917517149783
-0.003087373513099922,-0.003087373513099922
-0.0031119515777834825,-0.0031119515777834825
-0.0031366260084727945,-0.0031366260084727945
-0.0031613967548977167,-0.0031613967548977167
-0.0031862638674218444,-0.0031862638674218444
-0.0032112273542603607,-0.0032112273542603607
-0.0032362871054235957,-0.0032362871054235957
-0.0032614432025619613,-0.0032614432025619613
-0.00328669562507075,-0.00328669562507075
-0.0033120443872872185,-0.0033120443872872185
-0.0033374894619631625,-0.0033374894619631625
-0.0033630308189095018,-0.0033630308189095018
-0.0033886685319397367,-0.0033886685319397367
-0.003414402511433042,-0.003414402511433042
-0.0034402328675170427,-0.0034402328675170427
-0.0034661594509003374,-0.0034661594509003374
-0.0034921823664444125,-0.0034921823664444125
-0.0035183015806818253,-0.0035183015806818253
-0.0035445170822199098,-0.0035445170822199098
-0.003570828879319834,-0.003570828879319834
-0.0035972369242733213,-0.0035972369242733213
-0.003623741299678688,-0.003623741299678688
-0.003650341978285507,-0.003650341978285507
-0.0036770388651118724,-0.0036770388651118724
-0.0037038320612647314,-0.0037038320612647314
-0.003730721514290348,-0.003730721514290348
-0.0037577072371004112,-0.0037577072371004112
-0.003784789231357837,-0.003784789231357837
-0.0038119674704307827,-0.0038119674704307827
-0.0038392419932931432,-0.0038392419932931432
-0.003866612732774175,-0.003866612732774175
-0.0038940797339223794,-0.0038940797339223794
-0.00392164299721245,-0.00392164299721245
-0.003949302444321287,-0.003949302444321287
-0.003977058184091877,-0.003977058184091877
-0.0040049101498860215,-0.0040049101498860215
-0.004032858333911314,-0.004032858333911314
-0.004060902804431781,-0.004060902804431781
-0.004089043370807169,-0.004089043370807169
-0.0041172802540121916,-0.0041172802540121916
-0.004145613367553069,-0.004145613367553069
-0.0041740426730789435,-0.0041740426730789435
-0.004202568202912053,-0.004202568202912053
-0.004231189884188287,-0.004231189884188287
-0.004259907797751075,-0.004259907797751075
-0.004288721894607499,-0.004288721894607499
-0.004317632242119669,-0.004317632242119669
-0.0043466387008208734,-0.0043466387008208734
-0.004375741413263337,-0.004375741413263337
-0.004404940292576495,-0.004404940292576495
-0.004434235326798045,-0.004434235326798045
-0.004463626552101188,-0.004463626552101188
-0.004493113976079552,-0.004493113976079552
-0.004522697505170862,-0.004522697505170862
-0.004552377266026563,-0.004552377266026563
-0.00458215313341781,-0.00458215313341781
-0.004612025246431557,-0.004612025246431557
-0.004641993403941255,-0.004641993403941255
-0.004672057744130455,-0.004672057744130455
-0.004702218282662588,-0.004702218282662588
-0.004732474926448594,-0.004732474926448594
-0.004762827706727816,-0.004762827706727816
-0.004793276642105308,-0.004793276642105308
-0.004823821631803444,-0.004823821631803444
-0.004854462789133265,-0.004854462789133265
-0.004885200126720165,-0.004885200126720165
-0.004916033525749606,-0.004916033525749606
-0.00494696302481128,-0.00494696302481128
-0.0049779886719961836,-0.0049779886719961836
-0.005009110395241252,-0.005009110395241252
-0.005040328266131888,-0.005040328266131888
-0.005071642195713323,-0.005071642195713323
-0.00510305219917281,-0.00510305219917281
-0.005134558317903705,-0.005134558317903705
-0.005166160534532191,-0.005166160534532191
-0.005197858835293614,-0.005197858835293614
-0.005229653191040251,-0.005229653191040251
-0.0052615435977372005,-0.0052615435977372005
-0.005293530127776846,-0.005293530127776846
-0.0053256127002697705,-0.0053256127002697705
-0.005357791281229342,-0.005357791281229342
-0.005390065959089645,-0.005390065959089645
-0.005422436724975379,-0.005422436724975379
-0.005454903497046255,-0.005454903497046255
-0.005487466283659863,-0.005487466283659863
-0.005520125135323691,-0.005520125135323691
-0.005552880026497694,-0.005552880026497694
-0.005585730959648801,-0.005585730959648801
-0.005618677896473621,-0.005618677896473621
-0.005651720872998494,-0.005651720872998494
-0.005684859844840975,-0.005684859844840975
-0.005718094825813185,-0.005718094825813185
-0.005751425818763298,-0.005751425818763298
-0.005784852827868617,-0.005784852827868617
-0.005818375797448971,-0.005818375797448971
-0.005851994795620046,-0.005851994795620046
-0.005885709780709606,-0.005885709780709606
-0.005919520716439121,-0.005919520716439121
-0.005953427646590259,-0.005953427646590259
-0.005987430595649835,-0.005987430595649835
-0.006021529455387517,-0.006021529455387517
-0.00605572429705494,-0.00605572429705494
-0.006090015119088579,-0.006090015119088579
-0.006124401875155288,-0.006124401875155288
-0.0061588846077372545,-0.0061588846077372545
-0.00619346326362865,-0.00619346326362865
-0.0062281378206063545,-0.0062281378206063545
-0.006262908353489634,-0.006262908353489634
-0.006297774821020117,-0.006297774821020117
-0.006332737219406188,-0.006332737219406188
-0.00636779554214008,-0.00636779554214008
-0.006402949753670149,-0.006402949753670149
-0.006438199915042097,-0.006438199915042097
-0.006473545983340581,-0.006473545983340581
-0.006508987881289797,-0.006508987881289797
-0.006544525756326872,-0.006544525756326872
-0.006580159517073122,-0.006580159517073122
-0.0066158890911880855,-0.0066158890911880855
-0.006651714636976425,-0.006651714636976425
-0.00668763599831707,-0.00668763599831707
-0.006723653269335995,-0.006723653269335995
-0.0067597663925566065,-0.0067597663925566065
-0.006795975374565286,-0.006795975374565286
-0.006832280204880189,-0.006832280204880189
-0.0068686809067613425,-0.0068686809067613425
-0.0069051774278469855,-0.0069051774278469855
-0.0069417698136128424,-0.0069417698136128424
-0.006978457971493499,-0.006978457971493499
-0.007015242058185585,-0.007015242058185585
-0.007052121906552162,-0.007052121906552162
-0.007089097592206118,-0.007089097592206118
-0.0071261690311324715,-0.0071261690311324715
-0.0071633363574769016,-0.0071633363574769016
-0.007200599460448698,-0.007200599460448698
-0.007237958360596189,-0.007237958360596189
-0.007275413065140671,-0.007275413065140671
-0.007312963516068547,-0.007312963516068547
-0.007350609758101963,-0.007350609758101963
-0.007388351834292745,-0.007388351834292745
-0.007426189602327496,-0.007426189602327496
-0.007464123161280881,-0.007464123161280881
-0.007502152477485193,-0.007502152477485193
-0.007540277579668351,-0.007540277579668351
-0.007578498369755514,-0.007578498369755514
-0.007616814938033565,-0.007616814938033565
-0.007655227215959595,-0.007655227215959595
-0.007693735240126611,-0.007693735240126611
-0.007732339007882258,-0.007732339007882258
-0.007771038467339465,-0.007771038467339465
-0.007809833658423004,-0.007809833658423004
-0.007848724508641098,-0.007848724508641098
-0.007887711085023572,-0.007887711085023572
-0.007926793388950002,-0.007926793388950002
-0.007965971300177324,-0.007965971300177324
-0.00800524497108245,-0.00800524497108245
-0.008044614246962468,-0.008044614246962468
-0.008084079280956764,-0.008084079280956764
-0.008123639914229612,-0.008123639914229612
-0.00816329623113422,-0.00816329623113422
-0.00820304819981265,-0.00820304819981265
-0.008242895771525658,-0.008242895771525658
-0.008282839020512483,-0.008282839020512483
-0.0083228778836803,-0.0083228778836803
-0.008363012398586342,-0.008363012398586342
-0.008403242506783854,-0.008403242506783854
-0.008443568247589408,-0.008443568247589408
-0.008483989574284163,-0.008483989574284163
-0.008524506482836187,-0.008524506482836187
-0.008565119085086456,-0.008565119085086456
-0.008605827159112357,-0.008605827159112357
-0.00864663089996583,-0.00864663089996583
-0.00868753016353261,-0.00868753016353261
-0.008728525003497677,-0.008728525003497677
-0.008769615360616191,-0.008769615360616191
-0.008810801330450079,-0.008810801330450079
-0.008852082892486608,-0.008852082892486608
-0.008893459929390215,-0.008893459929390215
-0.008934932486010622,-0.008934932486010622
-0.00897650062819685,-0.00897650062819685
-0.009018164230000594,-0.009018164230000594
-0.009059923367476802,-0.009059923367476802
-0.009101778015463708,-0.009101778015463708
-0.009143728200119942,-0.009143728200119942
-0.009185773830915334,-0.009185773830915334
-0.009227914980531543,-0.009227914980531543
-0.00927015156527697,-0.00927015156527697
-0.009312483649994876,-0.009312483649994876
-0.00935491121925769,-0.00935491121925769
-0.009397434239412547,-0.009397434239412547
-0.009440052689994179,-0.009440052689994179
-0.009482766556292994,-0.009482766556292994
-0.009525575945352591,-0.009525575945352591
-0.009568480700565332,-0.009568480700565332
-0.009611480884071695,-0.009611480884071695
-0.009654576496963472,-0.009654576496963472
-0.009697767519926537,-0.009697767519926537
-0.009741053888630889,-0.009741053888630889
-0.009784435741070203,-0.009784435741070203
-0.009827912922123242,-0.009827912922123242
-0.009871485475266074,-0.009871485475266074
-0.009915153435768499,-0.009915153435768499
-0.009958916775525642,-0.009958916775525642
-0.010002775381043997,-0.010002775381043997
-0.010046729382576747,-0.010046729382576747
-0.010090778717704545,-0.010090778717704545
-0.010134923431235572,-0.010134923431235572
-0.010179163432930424,-0.010179163432930424
-0.010223498720937783,-0.010223498720937783
-0.01026792932582798,-0.01026792932582798
-0.01031245530537429,-0.01031245530537429
-0.010357076480610978,-0.010357076480610978
-0.010401793006104484,-0.010401793006104484
-0.010446604761089582,-0.010446604761089582
-0.010491511801342862,-0.010491511801342862
-0.010536514135313889,-0.010536514135313889
-0.010581611670772501,-0.010581611670772501
-0.010626804427697395,-0.010626804427697395
-0.01067209250924858,-0.01067209250924858
-0.0107174757225488,-0.0107174757225488
-0.010762954238493988,-0.010762954238493988
-0.01080852793152153,-0.01080852793152153
-0.010854196834245905,-0.010854196834245905
-0.01089996092943273,-0.01089996092943273
-0.010945820169194246,-0.010945820169194246
-0.010991774685634947,-0.010991774685634947
-0.011037824293428186,-0.011037824293428186
-0.011083969074512158,-0.011083969074512158
-0.011130208987443076,-0.011130208987443076
-0.011176544069579386,-0.011176544069579386
-0.01122297429543,-0.01122297429543
-0.011269499588758992,-0.011269499588758992
-0.011316120038716942,-0.011316120038716942
-0.01136283558411277,-0.01136283558411277
-0.011409646240133737,-0.011409646240133737
-0.011456552009633934,-0.011456552009633934
-0.01150355279548792,-0.01150355279548792
-0.011550648732749226,-0.011550648732749226
-0.01159783967952575,-0.01159783967952575
-0.0116451256832454,-0.0116451256832454
-0.011692506692923035,-0.011692506692923035
-0.011739982805446744,-0.011739982805446744
-0.011787553919985498,-0.011787553919985498
-0.011835220041956755,-0.011835220041956755
-0.01188298113731898,-0.01188298113731898
-0.011930837297266916,-0.011930837297266916
-0.011978788442479122,-0.011978788442479122
-0.012026834517888068,-0.012026834517888068
-0.0120749755680646,-0.0120749755680646
-0.012123211592489528,-0.012123211592489528
-0.012171542563823409,-0.012171542563823409
-0.012219968505513185,-0.012219968505513185
-0.012268489316828697,-0.012268489316828697
-0.012317105073818961,-0.012317105073818961
-0.012365815738552924,-0.012365815738552924
-0.01241462132042657,-0.01241462132042657
-0.01246352175835562,-0.01246352175835562
-0.012512517103455769,-0.012512517103455769
-0.012561607301000689,-0.012561607301000689
-0.012610792353924568,-0.012610792353924568
-0.012660072264565295,-0.012660072264565295
-0.012709447015308723,-0.012709447015308723
-0.01275891663391559,-0.01275891663391559
-0.01280848101430355,-0.01280848101430355
-0.012858140209442563,-0.012858140209442563
-0.012907894181354117,-0.012907894181354117
-0.012957742997263839,-0.012957742997263839
-0.013007686549736512,-0.013007686549736512
-0.013057724921950472,-0.013057724921950472
-0.013107857953307685,-0.013107857953307685
-0.013158085771076699,-0.013158085771076699
-0.013208408319961546,-0.013208408319961546
-0.013258825631137783,-0.013258825631137783
-0.013309337629992346,-0.013309337629992346
-0.013359944303189288,-0.013359944303189288
-0.013410645715749875,-0.013410645715749875
-0.01346144174174361,-0.01346144174174361
-0.013512332467285997,-0.013512332467285997
-0.013563317838063095,-0.013563317838063095
-0.01361439788735098,-0.01361439788735098
-0.013665572538071146,-0.013665572538071146
-0.013716841837681166,-0.013716841837681166
-0.013768205671969562,-0.013768205671969562
-0.013819664161087425,-0.013819664161087425
-0.013871217255714007,-0.013871217255714007
-0.01392286489740849,-0.01392286489740849
-0.01397460708925638,-0.01397460708925638
-0.014026443855431501,-0.014026443855431501
-0.01407837515258238,-0.01407837515258238
-0.014130400990825942,-0.014130400990825942
-0.014182521318177207,-0.014182521318177207
-0.014234736171383468,-0.014234736171383468
-0.014287045502785398,-0.014287045502785398
-0.014339449321200444,-0.014339449321200444
-0.014391947609225129,-0.014391947609225129
-0.014444540347574981,-0.014444540347574981
-0.014497227514366594,-0.014497227514366594
-0.014550009178632407,-0.014550009178632407
-0.014602885155134781,-0.014602885155134781
-0.014655855610212577,-0.014655855610212577
-0.014708920374916116,-0.014708920374916116
-0.014762079610024403,-0.014762079610024403
-0.014815333168388093,-0.014815333168388093
-0.014868681109682216,-0.014868681109682216
-0.014922123346402784,-0.014922123346402784
-0.0149756599185784,-0.0149756599185784
-0.015029290829626871,-0.015029290829626871
-0.015083016064446978,-0.015083016064446978
-0.015136835532615363,-0.015136835532615363
-0.015190749316444043,-0.015190749316444043
-0.015244757352175621,-0.015244757352175621
-0.015298859592483062,-0.015298859592483062
-0.015353056126763196,-0.015353056126763196
-0.015407346861958108,-0.015407346861958108
-0.01546173181901963,-0.01546173181901963
-0.015516210920892984,-0.015516210920892984
-0.015570784214086352,-0.015570784214086352
-0.015625451723034645,-0.015625451723034645
-0.015680213338771745,-0.015680213338771745
-0.015735069088165358,-0.015735069088165358
-0.015790019014181266,-0.015790019014181266
-0.015845063016747943,-0.015845063016747943
-0.015900201044847614,-0.015900201044847614
-0.01595543329659993,-0.01595543329659993
-0.016010759523804968,-0.016010759523804968
-0.016066179806579286,-0.016066179806579286
-0.01612169415878396,-0.01612169415878396
-0.01617730248530209,-0.01617730248530209
-0.016233004895390542,-0.016233004895390542
-0.016288801201889153,-0.016288801201889153
-0.01634469153363595,-0.01634469153363595
-0.016400675832842795,-0.016400675832842795
-0.01645675410939521,-0.01645675410939521
-0.016512926237689046,-0.016512926237689046
-0.016569192371376957,-0.016569192371376957
-0.01662555232462201,-0.01662555232462201
-0.01668200625516516,-0.01668200625516516
-0.01673855397687279,-0.01673855397687279
-0.016795195608371036,-0.016795195608371036
-0.01685193105178977,-0.01685193105178977
-0.016908760353589722,-0.016908760353589722
-0.016965683446975435,-0.016965683446975435
-0.01702270029698567,-0.01702270029698567
-0.017079810935074876,-0.017079810935074876
-0.017137015354407443,-0.017137015354407443
-0.017194313494792116,-0.017194313494792116
-0.01725170541947007,-0.01725170541947007
-0.017309190997514635,-0.017309190997514635
-0.017366770309612003,-0.017366770309612003
-0.017424443287512983,-0.017424443287512983
-0.017482209940189296,-0.017482209940189296
-0.017540070189506242,-0.017540070189506242
-0.01759802412179887,-0.01759802412179887
-0.017656071617598454,-0.017656071617598454
-0.0177142127333521,-0.0177142127333521
-0.01777244743263888,-0.01777244743263888
-0.017830775713417596,-0.017830775713417596
-0.01788919749091377,-0.01788919749091377
-0.01794771282479649,-0.01794771282479649
-0.01800632162320644,-0.01800632162320644
-0.01806502400448495,-0.01806502400448495
-0.018123819740743084,-0.018123819740743084
-0.018182708985247813,-0.018182708985247813
-0.01824169168905814,-0.01824169168905814
-0.018300767825786983,-0.018300767825786983
-0.0183599372971726,-0.0183599372971726
-0.01841920019738843,-0.01841920019738843
-0.018478556403636954,-0.018478556403636954
-0.018538006014939434,-0.018538006014939434
-0.01859754894593988,-0.01859754894593988
-0.018657185168251555,-0.018657185168251555
-0.018716914679322988,-0.018716914679322988
-0.018776737517877368,-0.018776737517877368
-0.01883665354739258,-0.01883665354739258
-0.018896662850091638,-0.018896662850091638
-0.01895676532234874,-0.01895676532234874
-0.019016961036501384,-0.019016961036501384
-0.01907724989657229,-0.01907724989657229
-0.01913763190587839,-0.01913763190587839
-0.019198107068039226,-0.019198107068039226
-0.01925867531957034,-0.01925867531957034
-0.019319336701307338,-0.019319336701307338
-0.019380091175132248,-0.019380091175132248
-0.019440938660768313,-0.019440938660768313
-0.019501879210675192,-0.019501879210675192
-0.019562912755310163,-0.019562912755310163
-0.019624039329889605,-0.019624039329889605
-0.019685258873563632,-0.019685258873563632
-0.019746571369237312,-0.019746571369237312
-0.01980797678952671,-0.01980797678952671
-0.019869475123650324,-0.019869475123650324
-0.019931066344514973,-0.019931066344514973
-0.019992750470805815,-0.019992750470805815
-0.020054527384246804,-0.020054527384246804
-0.02011639719120508,-0.02011639719120508
-0.020178359795555035,-0.020178359795555035
-0.020240415182877815,-0.020240415182877815
-0.020302563304499453,-0.020302563304499453
-0.020364804180463904,-0.020364804180463904
-0.020427137819695438,-0.020427137819695438
-0.020489564119992334,-0.020489564119992334
-0.020552083116802396,-0.020552083116802396
-0.020614694765,-0.020614694765
-0.020677398990384458,-0.020677398990384458
-0.020740195878958537,-0.020740195878958537
-0.020803085350184398,-0.020803085350184398
-0.020866067435332522,-0.020866067435332522
-0.020929141962711884,-0.020929141962711884
-0.020992309054075665,-0.020992309054075665
-0.021055568683125785,-0.021055568683125785
-0.021118920718763527,-0.021118920718763527
-0.021182365269919377,-0.021182365269919377
-0.021245902166041573,-0.021245902166041573
-0.02130953151696846,-0.02130953151696846
-0.021373253275331478,-0.021373253275331478
-0.021437067300615138,-0.021437067300615138
-0.02150097371306547,-0.02150097371306547
-0.021564972411192804,-0.021564972411192804
-0.021629063383266256,-0.021629063383266256
-0.021693246620029288,-0.021693246620029288
-0.021757522075828154,-0.021757522075828154
-0.021821889788294264,-0.021821889788294264
-0.021886349657083144,-0.021886349657083144
-0.021950901661492182,-0.021950901661492182
-0.022015545848237245,-0.022015545848237245
-0.022080282074565843,-0.022080282074565843
-0.02214511042821932,-0.02214511042821932
-0.022210030824743595,-0.022210030824743595
-0.02227504324842035,-0.02227504324842035
-0.02234014765216583,-0.02234014765216583
-0.022405344037493127,-0.022405344037493127
-0.022470632415800832,-0.022470632415800832
-0.022536012729834878,-0.022536012729834878
-0.02260148490175129,-0.02260148490175129
-0.022667048935347642,-0.022667048935347642
-0.022732704874622162,-0.022732704874622162
-0.022798452524291506,-0.022798452524291506
-0.022864292118522422,-0.022864292118522422
-0.02293022332886198,-0.02293022332886198
-0.02299624636866158,-0.02299624636866158
-0.023062361043367712,-0.023062361043367712
-0.023128567434906697,-0.023128567434906697
-0.023194865463565487,-0.023194865463565487
-0.02326125515742225,-0.02326125515742225
-0.02332773643293076,-0.02332773643293076
-0.02339430929992313,-0.02339430929992313
-0.023460973645137263,-0.023460973645137263
-0.023527729514565127,-0.023527729514565127
-0.023594576895918058,-0.023594576895918058
-0.023661515714858913,-0.023661515714858913
-0.023728545969008287,-0.023728545969008287
-0.02379566761830196,-0.02379566761830196
-0.02386288063659615,-0.02386288063659615
-0.023930184946414787,-0.023930184946414787
-0.02399758065758435,-0.02399758065758435
-0.024065067529749268,-0.024065067529749268
-0.024132645699746123,-0.024132645699746123
-0.024200315095563783,-0.024200315095563783
-0.02426807566798236,-0.02426807566798236
-0.02433592734170939,-0.02433592734170939
-0.02440387025013994,-0.02440387025013994
-0.02447190413992959,-0.02447190413992959
-0.024540029169341462,-0.024540029169341462
-0.024608245157125355,-0.024608245157125355
-0.02467655219021563,-0.02467655219021563
-0.02474495015794913,-0.02474495015794913
-0.02481343906454471,-0.02481343906454471
-0.0248820188853954,-0.0248820188853954
-0.024950689585053382,-0.024950689585053382
-0.025019451107617465,-0.025019451107617465
-0.025088303406810876,-0.025088303406810876
-0.02515724651442033,-0.02515724651442033
-0.025226280365762785,-0.025226280365762785
-0.025295404893704576,-0.025295404893704576
-0.02536462010702161,-0.02536462010702161
-0.025433925952334513,-0.025433925952334513
-0.025503322371760225,-0.025503322371760225
-0.02557280940659716,-0.02557280940659716
-0.025642386977476405,-0.025642386977476405
-0.025712055002097816,-0.025712055002097816
-0.025781813577566075,-0.025781813577566075
-0.025851662505856465,-0.025851662505856465
-0.025921601811125006,-0.025921601811125006
-0.025991631512721405,-0.025991631512721405
-0.0260617515920258,-0.0260617515920258
-0.0261319619234993,-0.0261319619234993
-0.026202262469979264,-0.026202262469979264
-0.02627265325515888,-0.02627265325515888
-0.026343134266980914,-0.026343134266980914
-0.026413705365600372,-0.026413705365600372
-0.02648436656130627,-0.02648436656130627
-0.026555117856584817,-0.026555117856584817
-0.02662595924041123,-0.02662595924041123
-0.026696890583140523,-0.026696890583140523
-0.02676791185831443,-0.02676791185831443
-0.026839023022367847,-0.026839023022367847
-0.02691022414429169,-0.02691022414429169
-0.026981515055379556,-0.026981515055379556
-0.027052895869890393,-0.027052895869890393
-0.027124366343024287,-0.027124366343024287
-0.027195926628855168,-0.027195926628855168
-0.027267576556077693,-0.027267576556077693
-0.02733931613641681,-0.02733931613641681
-0.027411145375533266,-0.027411145375533266
-0.027483064134448378,-0.027483064134448378
-0.027555072462554106,-0.027555072462554106
-0.027627170268234427,-0.027627170268234427
-0.02769935749998499,-0.02769935749998499
-0.02777163420180998,-0.02777163420180998
-0.027844000225414847,-0.027844000225414847
-0.027916455602129426,-0.027916455602129426
-0.027989000278431913,-0.027989000278431913
-0.0280616341662665,-0.0280616341662665
-0.028134357284478544,-0.028134357284478544
-0.028207169574099144,-0.028207169574099144
-0.028280070932950308,-0.028280070932950308
-0.028353061426456803,-0.028353061426456803
-0.028426140968888815,-0.028426140968888815
-0.028499309510023673,-0.028499309510023673
-0.028572566875399302,-0.028572566875399302
-0.02864591329597828,-0.02864591329597828
-0.028719348488012005,-0.028719348488012005
-0.028792872530216694,-0.028792872530216694
-0.028866485335913118,-0.028866485335913118
-0.028940186921656272,-0.028940186921656272
-0.029013977138546355,-0.029013977138546355
-0.029087856030551966,-0.029087856030551966
-0.029161823483485342,-0.029161823483485342
-0.029235879557264796,-0.029235879557264796
-0.029310024033424066,-0.029310024033424066
-0.029384257062595568,-0.029384257062595568
-0.029458578427559143,-0.029458578427559143
-0.029532988218601654,-0.029532988218601654
-0.029607486246367505,-0.029607486246367505
-0.02968207260170134,-0.02968207260170134
-0.02975674718223529,-0.02975674718223529
-0.029831509938055254,-0.029831509938055254
-0.029906360817099117,-0.029906360817099117
-0.029981299814465647,-0.029981299814465647
-0.03005632680385053,-0.03005632680385053
-0.03013144174857175,-0.03013144174857175
-0.030206644729256164,-0.030206644729256164
-0.030281935472776456,-0.030281935472776456
-0.03035731409476819,-0.03035731409476819
-0.03043278054575633,-0.03043278054575633
-0.030508334707898,-0.030508334707898
-0.030583976577704175,-0.030583976577704175
-0.030659706036074045,-0.030659706036074045
-0.030735523164251537,-0.030735523164251537
-0.030811427732555765,-0.030811427732555765
-0.03088741983978251,-0.03088741983978251
-0.03096349928723654,-0.03096349928723654
-0.031039666224422877,-0.031039666224422877
-0.031115920420355186,-0.031115920420355186
-0.031192261938333993,-0.031192261938333993
-0.031268690653728275,-0.031268690653728275
-0.03134520651499806,-0.03134520651499806
-0.03142180953695384,-0.03142180953695384
-0.031498499621037165,-0.031498499621037165
-0.03157527663402504,-0.03157527663402504
-0.03165214066556353,-0.03165214066556353
-0.03172909152478986,-0.03172909152478986
-0.03180612931082021,-0.03180612931082021
-0.03188325386447769,-0.03188325386447769
-0.03196046511923387,-0.03196046511923387
-0.03203776308028664,-0.03203776308028664
-0.03211514764111459,-0.03211514764111459
-0.03219261869050866,-0.03219261869050866
-0.03227017636623707,-0.03227017636623707
-0.03234782047540771,-0.03234782047540771
-0.03242555090212394,-0.03242555090212394
-0.03250336774823146,-0.03250336774823146
-0.03258127078544971,-0.03258127078544971
-0.03265926007090816,-0.03265926007090816
-0.03273733549992482,-0.03273733549992482
-0.032815497067835826,-0.032815497067835826
-0.03289374461093093,-0.03289374461093093
-0.032972078164657935,-0.032972078164657935
-0.03305049766410238,-0.03305049766410238
-0.033129002979743895,-0.033129002979743895
-0.03320759412132556,-0.03320759412132556
-0.03328627095973052,-0.03328627095973052
-0.033365033491303604,-0.033365033491303604
-0.03344388161816282,-0.03344388161816282
-0.03352281532638778,-0.03352281532638778
-0.03360183451469052,-0.03360183451469052
-0.03368093907887564,-0.03368093907887564
-0.03376012902387995,-0.03376012902387995
-0.03383940430910521,-0.03383940430910521
-0.033918764816886535,-0.033918764816886535
-0.0339982104622655,-0.0339982104622655
-0.0340777412182557,-0.0340777412182557
-0.03415735697904778,-0.03415735697904778
-0.0342370577918026,-0.0342370577918026
-0.034316843448960035,-0.034316843448960035
-0.034396714001751476,-0.034396714001751476
-0.0344766692480995,-0.0344766692480995
-0.03455670925014162,-0.03455670925014162
-0.03463683388080213,-0.03463683388080213
-0.034717043128332334,-0.034717043128332334
-0.034797336816525665,-0.034797336816525665
-0.034877714957439354,-0.034877714957439354
-0.03495817747716349,-0.03495817747716349
-0.03503872430382932,-0.03503872430382932
-0.0351193553240561,-0.0351193553240561
-0.03520007051994783,-0.03520007051994783
-0.035280869764333866,-0.035280869764333866
-0.03536175308954091,-0.03536175308954091
-0.03544272034977844,-0.03544272034977844
-0.035523771455293604,-0.035523771455293604
-0.03560490633703021,-0.03560490633703021
-0.03568612500719978,-0.03568612500719978
-0.03576742728592874,-0.03576742728592874
-0.035848813142445014,-0.035848813142445014
-0.035930282609965336,-0.035930282609965336
-0.03601183542504617,-0.03601183542504617
-0.036093471556452615,-0.036093471556452615
-0.03617519103835082,-0.03617519103835082
-0.036256993719562446,-0.036256993719562446
-0.036338879578168504,-0.036338879578168504
-0.036420848432242345,-0.036420848432242345
-0.03650290031284085,-0.03650290031284085
-0.03658503506301816,-0.03658503506301816
-0.03666725263033242,-0.03666725263033242
-0.03674955296922482,-0.03674955296922482
-0.036831936033911106,-0.036831936033911106
-0.036914401589429366,-0.036914401589429366
-0.036996949730326883,-0.036996949730326883
-0.03707958030800057,-0.03707958030800057
-0.0371622932242124,-0.0371622932242124
-0.03724508839651982,-0.03724508839651982
-0.03732796574544711,-0.03732796574544711
-0.037410925271445246,-0.037410925271445246
-0.037493966744892644,-0.037493966744892644
-0.03757709022644339,-0.03757709022644339
-0.037660295562688115,-0.037660295562688115
-0.03774358266394516,-0.03774358266394516
-0.0378269514776896,-0.0378269514776896
-0.03791040192220278,-0.03791040192220278
-0.03799393388035386,-0.03799393388035386
-0.038077547309586464,-0.038077547309586464
-0.038161242045763134,-0.038161242045763134
-0.038245018100976705,-0.038245018100976705
-0.03832887535058429,-0.03832887535058429
-0.03841281361421387,-0.03841281361421387
-0.03849683300086716,-0.03849683300086716
-0.038580933227614383,-0.038580933227614383
-0.038665114329143886,-0.038665114329143886
-0.03874937619726089,-0.03874937619726089
-0.03883371868828728,-0.03883371868828728
-0.038918141753614334,-0.038918141753614334
-0.03900264534619984,-0.03900264534619984
-0.039087229290169515,-0.039087229290169515
-0.039171893520419006,-0.039171893520419006
-0.039256637944762654,-0.039256637944762654
-0.03934146249949647,-0.03934146249949647
-0.03942636709091578,-0.03942636709091578
-0.039511351588194785,-0.039511351588194785
-0.03959641590644626,-0.03959641590644626
-0.03968156002346635,-0.03968156002346635
-0.03976678368324051,-0.03976678368324051
-0.039852086965790345,-0.039852086965790345
-0.039937469709280644,-0.039937469709280644
-0.040022931803890854,-0.040022931803890854
-0.04010847309598613,-0.04010847309598613
-0.040194093591974824,-0.040194093591974824
-0.04027979315393449,-0.04027979315393449
-0.04036557169412972,-0.04036557169412972
-0.04045142909843211,-0.04045142909843211
-0.04053736525724657,-0.04053736525724657
-0.04062338008902061,-0.04062338008902061
-0.040709473431123896,-0.040709473431123896
-0.04079564526693027,-0.04079564526693027
-0.040881895504313405,-0.040881895504313405
-0.040968223991086274,-0.040968223991086274
-0.04105463058028347,-0.04105463058028347
-0.04114111527081319,-0.04114111527081319
-0.04122767791422662,-0.04122767791422662
-0.041314318413425026,-0.041314318413425026
0.8174988778237131,0.8174988778237131
0.8017503563530439,0.8017503563530439
0.7859255429462124,0.7859255429462124
0.7700257815803497,0.7700257815803497
0.7540523511759278,0.7540523511759278
0.7380064705899403,0.7380064705899403
0.7218893032190326,0.7218893032190326
0.705701961277992,0.705701961277992
0.689445509763023,0.689445509763023
0.6731209693073565,0.6731209693073565
0.6567293196760275,0.6567293196760275
0.6402715023149639,0.6402715023149639
0.6237484229054873,0.6237484229054873
0.6071609535661522,0.6071609535661522
0.5905099351137839,0.5905099351137839
0.5737961787588626,0.5737961787588626
0.5570204679408366,0.5570204679408366
0.5401835599586706,0.5401835599586706
0.5232861874578543,0.5232861874578543
0.5063290595191354,0.5063290595191354
0.4893128635138688,0.4893128635138688
0.4722382655341668,0.4722382655341668
0.45510591206855455,0.45510591206855455
0.43791643069451025,0.43791643069451025
0.42067043104338686,0.42067043104338686
0.4033685058693828,0.4033685058693828
0.38601123149032013,0.38601123149032013
0.36859916893029165,0.36859916893029165
0.3511328643240679,0.3511328643240679
0.3336128498637474,0.3336128498637474
0.31603964417990427,0.31603964417990427
0.298413752972434,0.298413752972434
0.2807356696964345,0.2807356696964345
0.2630058760153944,0.2630058760153944
0.2452248420329246,0.2452248420329246
0.2273930273687872,0.2273930273687872
0.2095108807317112,0.2095108807317112
0.19157884119597357,0.19157884119597357
0.17359733796505328,0.17359733796505328
0.15556679110990457,0.15556679110990457
0.13748761163512802,0.13748761163512802
0.11936020201498909,0.11936020201498909
0.10118495633870683,0.10118495633870683
0.08296226085265523,0.08296226085265523
0.06469249399633648,0.06469249399633648
0.0463760267692066,0.0463760267692066
0.0280132230568908,0.0280132230568908
0.009604439580693347,0.009604439580693347
-0.008849973344957407,-0.008849973344957407
-0.027349672207764186,-0.027349672207764186
-0.04589431954246748,-0.04589431954246748
-0.06448358411263655,-0.06448358411263655
-0.08311714048657137,-0.08311714048657137
-0.101794669075979,-0.101794669075979
-0.12051585564024347,-0.12051585564024347
-0.13928039147551274,-0.13928039147551274
-0.1580879729753164,-0.1580879729753164
-0.17693830166689328,-0.17693830166689328
-0.19583108383801373,-0.19583108383801373
-0.21476603073148248,-0.21476603073148248
-0.2337428581262775,-0.2337428581262775
-0.2527612862345241,-0.2527612862345241
