-7.195428257839442,-7.195428257839442
-7.198557068741451,-7.198557068741451
-7.199003169293313,-7.199003169293313
-7.198265762346351,-7.198265762346351
-7.196748831906033,-7.196748831906033
-7.19465009692085,-7.19465009692085
-7.1920877070817895,-7.1920877070817895
-7.18914041425903,-7.18914041425903
-7.185864519629044,-7.185864519629044
-7.182302297922595,-7.182302297922595
-7.178486667854091,-7.178486667854091
-7.174443993114775,-7.174443993114775
-7.170195865353241,-7.170195865353241
-7.1657602935978915,-7.1657602935978915
-7.161152528362776,-7.161152528362776
-7.156385650798282,-7.156385650798282
-7.151471005106033,-7.151471005106033
-7.146418523120973,-7.146418523120973
-7.141236972719455,-7.141236972719455
-7.135934151171652,-7.135934151171652
-7.130517037896884,-7.130517037896884
-7.124991916749615,-7.124991916749615
-7.119364475074908,-7.119364475074908
-7.113639884801399,-7.113639884801399
-7.107822869468033,-7.107822869468033
-7.101917760108505,-7.101917760108505
-7.095928542216936,-7.095928542216936
-7.089858895506165,-7.089858895506165
-7.083712227790433,-7.083712227790433
-7.0774917040393905,-7.0774917040393905
-7.07120027143421,-7.07120027143421
-7.064840681090661,-7.064840681090661
-7.058415506985667,-7.058415506985667
-7.051927162523345,-7.051927162523345
-7.045377915097499,-7.045377915097499
-7.038769898944595,-7.038769898944595
-7.032105126530939,-7.032105126530939
-7.025385498677285,-7.025385498677285
-7.018612813591124,-7.018612813591124
-7.011788774950133,-7.011788774950133
-7.004914999158183,-7.004914999158183
-6.997993021877185,-6.997993021877185
-6.991024303922871,-6.991024303922871
-6.984010236600152,-6.984010236600152
-6.976952146543076,-6.976952146543076
-6.969851300115576,-6.969851300115576
-6.962708907421759,-6.962708907421759
-6.955526125968077,-6.955526125968077
-6.948304064014364,-6.948304064014364
-6.941043783646097,-6.941043783646097
-6.933746303596281,-6.933746303596281
-6.926412601841942,-6.926412601841942
-6.919043617997335,-6.919043617997335
-6.911640255523318,-6.911640255523318
-6.904203383770269,-6.904203383770269
-6.896733839869888,-6.896733839869888
-6.889232430489653,-6.889232430489653
-6.881699933462116,-6.881699933462116
-6.874137099300051,-6.874137099300051
-6.866544652607255,-6.866544652607255
-6.858923293393844,-6.858923293393844
-6.851273698303976,-6.851273698303976
-6.843596521763198,-6.843596521763198
-6.835892397051853,-6.835892397051853
-6.828161937310448,-6.828161937310448
-6.820405736482254,-6.820405736482254
-6.812624370197981,-6.812624370197981
-6.804818396606916,-6.804818396606916
-6.796988357158493,-6.796988357158493
-6.789134777337952,-6.789134777337952
-6.781258167359405,-6.781258167359405
-6.773359022819348,-6.773359022819348
-6.765437825313401,-6.765437825313401
-6.757495043018822,-6.757495043018822
-6.749531131245142,-6.749531131245142
-6.741546532955082,-6.741546532955082
-6.7335416792577,-6.7335416792577
-6.725516989875627,-6.725516989875627
-6.717472873588063,-6.717472873588063
-6.7094097286510666,-6.7094097286510666
-6.701327943196594,-6.701327943196594
-6.69322789561161,-6.69322789561161
-6.6851099548985005,-6.6851099548985005
-6.676974481017912,-6.676974481017912
-6.6688218252151055,-6.6688218252151055
-6.66065233033075,-6.66065233033075
-6.65246633109716,-6.65246633109716
-6.644264154420716,-6.644264154420716
-6.636046119651337,-6.636046119651337
-6.627812538839729,-6.627812538839729
-6.619563716983055,-6.619563716983055
-6.611299952259716,-6.611299952259716
-6.6030215362538165,-6.6030215362538165
-6.5947287541698865,-6.5947287541698865
-6.586421885038359,-6.586421885038359
-6.578101201912334,-6.578101201912334
-6.569766972056051,-6.569766972056051
-6.5614194571255275,-6.5614194571255275
-6.55305891334173,-6.55305891334173
-6.544685591656724,-6.544685591656724
-6.5362997379130725,-6.5362997379130725
-6.527901592996902,-6.527901592996902
-6.519491392984886,-6.519491392984886
-6.51106936928548,-6.51106936928548
-6.502635748774676,-6.502635748774676
-6.494190753926536,-6.494190753926536
-6.485734602938766,-6.485734602938766
-6.477267509853543,-6.477267509853543
-6.468789684673837,-6.468789684673837
-6.460301333475424,-6.460301333475424
-6.451802658514796,-6.451802658514796
-6.443293858333149,-6.443293858333149
-6.43477512785662,-6.43477512785662
-6.426246658492956,-6.426246658492956
-6.41770863822476,-6.41770863822476
-6.409161251699466,-6.409161251699466
-6.400604680316186,-6.400604680316186
-6.392039102309573,-6.392039102309573
-6.383464692830802,-6.383464692830802
-6.374881624025834,-6.374881624025834
-6.366290065111016,-6.366290065111016
-6.357690182446199,-6.357690182446199
-6.349082139605416,-6.349082139605416
-6.340466097445251,-6.340466097445251
-6.3318422141709885,-6.3318422141709885
-6.32321064540063,-6.32321064540063
-6.314571544226864,-6.314571544226864
-6.305925061277064,-6.305925061277064
-6.297271344771402,-6.297271344771402
-6.288610540579154,-6.288610540579154
-6.279942792273244,-6.279942792273244
-6.2712682411831295,-6.2712682411831295
-6.262587026446064,-6.262587026446064
-6.2538992850567965,-6.2538992850567965
-6.245205151915802,-6.245205151915802
-6.236504759876048,-6.236504759876048
-6.227798239788397,-6.227798239788397
-6.219085720545653,-6.219085720545653
-6.210367329125346,-6.210367329125346
-6.201643190631254,-6.201643190631254
-6.1929134283337515,-6.1929134283337515
-6.184178163708988,-6.184178163708988
-6.175437516476971,-6.175437516476971
-6.166691604638562,-6.166691604638562
-6.157940544511453,-6.157940544511453
-6.149184450765129,-6.149184450765129
-6.140423436454883,-6.140423436454883
-6.131657613054886,-6.131657613054886
-6.122887090490354,-6.122887090490354
-6.114111977168869,-6.114111977168869
-6.105332380010837,-6.105332380010837
-6.096548404479144,-6.096548404479144
-6.087760154608016,-6.087760154608016
-6.078967733031141,-6.078967733031141
-6.070171241009038,-6.070171241009038
-6.061370778455716,-6.061370778455716
-6.0525664439646585,-6.0525664439646585
-6.043758334834124,-6.043758334834124
-6.03494654709182,-6.03494654709182
-6.02613117551894,-6.02613117551894
-6.0173123136736,-6.0173123136736
-6.008490053913687,-6.008490053913687
-5.9996644874191505,-5.9996644874191505
-5.990835704213723,-5.990835704213723
-5.982003793186131,-5.982003793186131
-5.973168842110774,-5.973168842110774
-5.964330937667903,-5.964330937667903
-5.9554901654633206,-5.9554901654633206
-5.946646610047602,-5.946646610047602
-5.937800354934861,-5.937800354934861
-5.928951482621077,-5.928951482621077
-5.920100074601977,-5.920100074601977
-5.911246211390516,-5.911246211390516
-5.902389972533939,-5.902389972533939
-5.893531436630454,-5.893531436630454
-5.884670681345523,-5.884670681345523
-5.875807783427773,-5.875807783427773
-5.866942818724553,-5.866942818724553
-5.858075862197137,-5.858075862197137
-5.849206987935589,-5.849206987935589
-5.840336269173283,-5.840336269173283
-5.831463778301121,-5.831463778301121
-5.8225895868814135,-5.8225895868814135
-5.813713765661476,-5.813713765661476
-5.804836384586918,-5.804836384586918
-5.795957512814633,-5.795957512814633
-5.7870772187255355,-5.7870772187255355
-5.778195569936994,-5.778195569936994
-5.76931263331502,-5.76931263331502
-5.760428474986181,-5.760428474986181
-5.751543160349277,-5.751543160349277
-5.742656754086756,-5.742656754086756
-5.733769320175903,-5.733769320175903
-5.7248809218997865,-5.7248809218997865
-5.71599162185799,-5.71599162185799
-5.707101481977101,-5.707101481977101
-5.698210563521012,-5.698210563521012
-5.6893189271009845,-5.6893189271009845
-5.680426632685534,-5.680426632685534
-5.6715337396100916,-5.6715337396100916
-5.662640306586492,-5.662640306586492
-5.653746391712249,-5.653746391712249
-5.644852052479673,-5.644852052479673
-5.635957345784788,-5.635957345784788
-5.627062327936079,-5.627062327936079
-5.618167054663063,-5.618167054663063
-5.609271581124712,-5.609271581124712
-5.600375961917679,-5.600375961917679
-5.591480251084398,-5.591480251084398
-5.58258450212101,-5.58258450212101
-5.573688767985133,-5.573688767985133
-5.5647931011035086,-5.5647931011035086
-5.555897553379469,-5.555897553379469
-5.5470021762002935,-5.5470021762002935
-5.538107020444409,-5.538107020444409
-5.529212136488461,-5.529212136488461
-5.520317574214253,-5.520317574214253
-5.511423383015563,-5.511423383015563
-5.502529611804816,-5.502529611804816
-5.49363630901966,-5.49363630901966
-5.484743522629399,-5.484743522629399
-5.475851300141322,-5.475851300141322
-5.466959688606912,-5.466959688606912
-5.458068734627946,-5.458068734627946
-5.4491784843624815,-5.4491784843624815
-5.440288983530741,-5.440288983530741
-5.43140027742089,-5.43140027742089
-5.422512410894706,-5.422512410894706
-5.413625428393158,-5.413625428393158
-5.4047393739418865,-5.4047393739418865
-5.395854291156575,-5.395854291156575
-5.386970223248244,-5.386970223248244
-5.378087213028447,-5.378087213028447
-5.369205302914374,-5.369205302914374
-5.360324534933869,-5.360324534933869
-5.351444950730368,-5.351444950730368
-5.342566591567736,-5.342566591567736
-5.333689498335043,-5.333689498335043
-5.324813711551245,-5.324813711551245
-5.3159392713697935,-5.3159392713697935
-5.30706621758316,-5.30706621758316
-5.298194589627294,-5.298194589627294
-5.2893244265859956,-5.2893244265859956
-5.280455767195232,-5.280455767195232
-5.271588649847368,-5.271588649847368
-5.262723112595335,-5.262723112595335
-5.253859193156719,-5.253859193156719
-5.244996928917812,-5.244996928917812
-5.236136356937558,-5.236136356937558
-5.227277513951466,-5.227277513951466
-5.218420436375449,-5.218420436375449
-5.209565160309593,-5.209565160309593
-5.200711721541889,-5.200711721541889
-5.191860155551876,-5.191860155551876
-5.183010497514246,-5.183010497514246
-5.174162782302395,-5.174162782302395
-5.1653170444919,-5.1653170444919
-5.156473318363959,-5.156473318363959
-5.147631637908764,-5.147631637908764
-5.138792036828831,-5.138792036828831
-5.1299545485422815,-5.1299545485422815
-5.121119206186056,-5.121119206186056
-5.112286042619098,-5.112286042619098
-5.103455090425473,-5.103455090425473
-5.094626381917456,-5.094626381917456
-5.085799949138557,-5.085799949138557
-5.076975823866508,-5.076975823866508
-5.068154037616212,-5.068154037616212
-5.059334621642625,-5.059334621642625
-5.050517606943626,-5.050517606943626
-5.04170302426281,-5.04170302426281
-5.032890904092275,-5.032890904092275
-5.024081276675345,-5.024081276675345
-5.015274172009244,-5.015274172009244
-5.00646961984777,-5.00646961984777
-4.997667649703876,-4.997667649703876
-4.988868290852267,-4.988868290852267
-4.980071572331915,-4.980071572331915
-4.97127752294857,-4.97127752294857
-4.962486171277213,-4.962486171277213
-4.9536975456644825,-4.9536975456644825
-4.944911674231069,-4.944911674231069
-4.936128584874068,-4.936128584874068
-4.927348305269309,-4.927348305269309
-4.918570862873642,-4.918570862873642
-4.9097962849271894,-4.9097962849271894
-4.9010245984555825,-4.9010245984555825
-4.892255830272154,-4.892255830272154
-4.88349000698009,-4.88349000698009
-4.8747271549745905,-4.8747271549745905
-4.8659673004449395,-4.8659673004449395
-4.857210469376605,-4.857210469376605
-4.848456687553279,-4.848456687553279
-4.839705980558888,-4.839705980558888
-4.830958373779593,-4.830958373779593
-4.822213892405748,-4.822213892405748
-4.813472561433842,-4.813472561433842
-4.804734405668396,-4.804734405668396
-4.795999449723862,-4.795999449723862
-4.787267718026472,-4.787267718026472
-4.778539234816077,-4.778539234816077
-4.769814024147953,-4.769814024147953
-4.761092109894589,-4.761092109894589
-4.752373515747446,-4.752373515747446
-4.743658265218691,-4.743658265218691
-4.734946381642925,-4.734946381642925
-4.726237888178857,-4.726237888178857
-4.717532807810987,-4.717532807810987
-4.70883116335125,-4.70883116335125
-4.70013297744064,-4.70013297744064
-4.691438272550819,-4.691438272550819
-4.682747070985699,-4.682747070985699
-4.67405939488301,-4.67405939488301
-4.66537526621583,-4.66537526621583
-4.656694706794132,-4.656694706794132
-4.648017738266264,-4.648017738266264
-4.639344382120449,-4.639344382120449
-4.630674659686248,-4.630674659686248
-4.622008592136002,-4.622008592136002
-4.613346200486268,-4.613346200486268
-4.604687505599224,-4.604687505599224
-4.596032528184069,-4.596032528184069
-4.5873812887983885,-4.5873812887983885
-4.578733807849522,-4.578733807849522
-4.5700901055959,-4.5700901055959
-4.561450202148371,-4.561450202148371
-4.552814117471502,-4.552814117471502
-4.544181871384884,-4.544181871384884
-4.5355534835643985,-4.5355534835643985
-4.5269289735434795,-4.5269289735434795
-4.518308360714354,-4.518308360714354
-4.509691664329281,-4.509691664329281
-4.501078903501761,-4.501078903501761
-4.492470097207735,-4.492470097207735
-4.48386526428677,-4.48386526428677
-4.47526442344323,-4.47526442344323
-4.466667593247434,-4.466667593247434
-4.458074792136799,-4.458074792136799
-4.449486038416962,-4.449486038416962
-4.440901350262911,-4.440901350262911
-4.43232074572007,-4.43232074572007
-4.423744242705397,-4.423744242705397
-4.415171859008462,-4.415171859008462
-4.406603612292501,-4.406603612292501
-4.39803952009548,-4.39803952009548
-4.389479599831123,-4.389479599831123
-4.380923868789941,-4.380923868789941
-4.372372344140248,-4.372372344140248
-4.363825042929162,-4.363825042929162
-4.355281982083596,-4.355281982083596
-4.3467431784112405,-4.3467431784112405
-4.3382086486015226,-4.3382086486015226
-4.32967840922657,-4.32967840922657
-4.321152476742157,-4.321152476742157
-4.312630867488634,-4.312630867488634
-4.304113597691858,-4.304113597691858
-4.295600683464098,-4.295600683464098
-4.287092140804947,-4.287092140804947
-4.278587985602207,-4.278587985602207
-4.2700882336327775,-4.2700882336327775
-4.261592900563524,-4.261592900563524
-4.253102001952144,-4.253102001952144
-4.244615553248017,-4.244615553248017
-4.236133569793046,-4.236133569793046
-4.227656066822505,-4.227656066822505
-4.219183059465842,-4.219183059465842
-4.210714562747514,-4.210714562747514
-4.202250591587777,-4.202250591587777
-4.193791160803504,-4.193791160803504
-4.18533628510895,-4.18533628510895
-4.176885979116549,-4.176885979116549
-4.1684402573376795,-4.1684402573376795
-4.159999134183427,-4.159999134183427
-4.1515626239653365,-4.1515626239653365
-4.143130740896162,-4.143130740896162
-4.134703499090606,-4.134703499090606
-4.126280912566048,-4.126280912566048
-4.117862995243262,-4.117862995243262
-4.109449760947138,-4.109449760947138
-4.101041223407377,-4.101041223407377
-4.092637396259214,-4.092637396259214
-4.084238293044077,-4.084238293044077
-4.075843927210296,-4.075843927210296
-4.067454312113769,-4.067454312113769
-4.059069461018636,-4.059069461018636
-4.050689387097934,-4.050689387097934
-4.0423141034342605,-4.0423141034342605
-4.03394362302042,-4.03394362302042
-4.025577958760056,-4.025577958760056
-4.017217123468303,-4.017217123468303
-4.008861129872397,-4.008861129872397
-4.000509990612306,-4.000509990612306
-3.99216371824135,-3.99216371824135
-3.983822325226794,-3.983822325226794
-3.975485823950464,-3.975485823950464
-3.967154226709334,-3.967154226709334
-3.9588275457161206,-3.9588275457161206
-3.950505793099866,-3.950505793099866
-3.942188980906512,-3.942188980906512
-3.9338771210994747,-3.9338771210994747
-3.9255702255602083,-3.9255702255602083
-3.9172683060887645,-3.9172683060887645
-3.9089713744043495,-3.9089713744043495
-3.9006794421458664,-3.9006794421458664
-3.892392520872463,-3.892392520872463
-3.8841106220640675,-3.8841106220640675
-3.8758337571219204,-3.8758337571219204
-3.867561937369095,-3.867561937369095
-3.8592951740510304,-3.8592951740510304
-3.851033478336035,-3.851033478336035
-3.842776861315803,-3.842776861315803
-3.8345253340059187,-3.8345253340059187
-3.8262789073463557,-3.8262789073463557
-3.8180375922019714,-3.8180375922019714
-3.8098013993630007,-3.8098013993630007
-3.8015703395455365,-3.8015703395455365
-3.793344423392014,-3.793344423392014
-3.7851236614716828,-3.7851236614716828
-3.77690806428108,-3.77690806428108
-3.7686976422444967,-3.7686976422444967
-3.7604924057144364,-3.7604924057144364
-3.7522923649720767,-3.7522923649720767
-3.744097530227718,-3.744097530227718
-3.735907911621233,-3.735907911621233
-3.727723519222508,-3.727723519222508
-3.7195443630318863,-3.7195443630318863
-3.7113704529806,-3.7113704529806
-3.7032017989312007,-3.7032017989312007
-3.695038410677989,-3.695038410677989
-3.686880297947431,-3.686880297947431
-3.6787274703985817,-3.6787274703985817
-3.6705799376234975,-3.6705799376234975
-3.6624377091476448,-3.6624377091476448
-3.654300794430307,-3.654300794430307
-3.6461692028649892,-3.6461692028649892
-3.6380429437798116,-3.6380429437798116
-3.6299220264379084,-3.6299220264379084
-3.621806460037815,-3.621806460037815
-3.6136962537138557,-3.6136962537138557
-3.6055914165365297,-3.6055914165365297
-3.5974919575128874,-3.5974919575128874
-3.5893978855869073,-3.5893978855869073
-3.581309209639868,-3.581309209639868
-3.573225938490716,-3.573225938490716
-3.5651480808964346,-3.5651480808964346
-3.5570756455524015,-3.5570756455524015
-3.549008641092749,-3.549008641092749
-3.5409470760907173,-3.5409470760907173
-3.5328909590590096,-3.5328909590590096
-3.5248402984501372,-3.5248402984501372
-3.5167951026567654,-3.5167951026567654
-3.508755380012053,-3.508755380012053
-3.500721138789995,-3.500721138789995
-3.4926923872057554,-3.4926923872057554
-3.4846691334160007,-3.4846691334160007
-3.476651385519225,-3.476651385519225
-3.468639151556082,-3.468639151556082
-3.4606324395097037,-3.4606324395097037
-3.4526312573060216,-3.4526312573060216
-3.444635612814082,-3.444635612814082
-3.4366455138463636,-3.4366455138463636
-3.4286609681590856,-3.4286609681590856
-3.420681983452516,-3.420681983452516
-3.412708567371279,-3.412708567371279
-3.4047407275046546,-3.4047407275046546
-3.3967784713868796,-3.3967784713868796
-3.388821806497448,-3.388821806497448
-3.3808707402613973,-3.3808707402613973
-3.372925280049609,-3.372925280049609
-3.3649854331790894,-3.3649854331790894
-3.357051206913261,-3.357051206913261
-3.3491226084622445,-3.3491226084622445
-3.341199644983141,-3.341199644983141
-3.333282323580306,-3.333282323580306
-3.3253706513056294,-3.3253706513056294
-3.3174646351588097,-3.3174646351588097
-3.309564282087619,-3.309564282087619
-3.3016695989881786,-3.3016695989881786
-3.2937805927052195,-3.2937805927052195
-3.2858972700323474,-3.2858972700323474
-3.2780196377123056,-3.2780196377123056
-3.2701477024372307,-3.2701477024372307
-3.262281470848913,-3.262281470848913
-3.2544209495390435,-3.2544209495390435
-3.246566145049475,-3.246566145049475
-3.238717063872464,-3.238717063872464
-3.230873712450921,-3.230873712450921
-3.223036097178657,-3.223036097178657
-3.215204224400621,-3.215204224400621
-3.2073781004131487,-3.2073781004131487
-3.19955773146419,-3.19955773146419
-3.1917431237535596,-3.1917431237535596
-3.1839342834331554,-3.1839342834331554
-3.1761312166072018,-3.1761312166072018
-3.168333929332478,-3.168333929332478
-3.160542427618541,-3.160542427618541
-3.1527567174279545,-3.1527567174279545
-3.144976804676515,-3.144976804676515
-3.1372026952334706,-3.1372026952334706
-3.129434394921742,-3.129434394921742
-3.1216719095181378,-3.1216719095181378
-3.1139152447535765,-3.1139152447535765
-3.1061644063132947,-3.1061644063132947
-3.0984193998370615,-3.0984193998370615
-3.0906802309193884,-3.0906802309193884
-3.0829469051097393,-3.0829469051097393
-3.0752194279127356,-3.0752194279127356
-3.067497804788357,-3.067497804788357
-3.059782041152154,-3.059782041152154
-3.052072142375439,-3.052072142375439
-3.044368113785493,-3.044368113785493
-3.0366699606657566,-3.0366699606657566
-3.028977688256032,-3.028977688256032
-3.0212913017526715,-3.0212913017526715
-3.0136108063087743,-3.0136108063087743
-3.0059362070343743,-3.0059362070343743
-2.9982675089966304,-2.9982675089966304
-2.9906047172200125,-2.9906047172200125
-2.9829478366864883,-2.9829478366864883
-2.975296872335708,-2.975296872335708
-2.967651829065182,-2.967651829065182
-2.9600127117304673,-2.9600127117304673
-2.9523795251453455,-2.9523795251453455
-2.9447522740819956,-2.9447522740819956
-2.9371309632711764,-2.9371309632711764
-2.9295155974023968,-2.9295155974023968
-2.921906181124089,-2.921906181124089
-2.914302719043781,-2.914302719043781
-2.9067052157282682,-2.9067052157282682
-2.899113675703776,-2.899113675703776
-2.891528103456132,-2.891528103456132
-2.8839485034309305,-2.8839485034309305
-2.8763748800336923,-2.8763748800336923
-2.868807237630033,-2.868807237630033
-2.8612455805458206,-2.8612455805458206
-2.8536899130673348,-2.8536899130673348
-2.8461402394414272,-2.8461402394414272
-2.8385965638756767,-2.8385965638756767
-2.8310588905385443,-2.8310588905385443
-2.8235272235595286,-2.8235272235595286
-2.8160015670293186,-2.8160015670293186
-2.8084819249999438,-2.8084819249999438
-2.8009683014849243,-2.8009683014849243
-2.79346070045942,-2.79346070045942
-2.785959125860377,-2.785959125860377
-2.7784635815866756,-2.7784635815866756
-2.7709740714992726,-2.7709740714992726
-2.7634905994213472,-2.7634905994213472
-2.7560131691384404,-2.7560131691384404
-2.7485417843985984,-2.7485417843985984
-2.741076448912512,-2.741076448912512
-2.7336171663536524,-2.7336171663536524
-2.726163940358411,-2.726163940358411
-2.7187167745262353,-2.7187167745262353
-2.711275672419762,-2.711275672419762
-2.7038406375649533,-2.7038406375649533
-2.6964116734512253,-2.6964116734512253
-2.6889887835315833,-2.6889887835315833
-2.681571971222749,-2.681571971222749
-2.67416123990529,-2.67416123990529
-2.6667565929237504,-2.6667565929237504
-2.659358033586771,-2.659358033586771
-2.6519655651672216,-2.6519655651672216
-2.6445791909023213,-2.6445791909023213
-2.6371989139937617,-2.6371989139937617
-2.629824737607832,-2.629824737607832
-2.6224566648755365,-2.6224566648755365
-2.615094698892717,-2.615094698892717
-2.607738842720168,-2.607738842720168
-2.6003890993837624,-2.6003890993837624
-2.5930454718745577,-2.5930454718745577
-2.5857079631489186,-2.5857079631489186
-2.5783765761286306,-2.5783765761286306
-2.571051313701014,-2.571051313701014
-2.563732178719031,-2.563732178719031
-2.5564191740014044,-2.5564191740014044
-2.549112302332725,-2.549112302332725
-2.5418115664635623,-2.5418115664635623
-2.5345169691105682,-2.5345169691105682
-2.527228512956592,-2.527228512956592
-2.5199462006507813,-2.5199462006507813
-2.5126700348086892,-2.5126700348086892
-2.505400018012381,-2.505400018012381
-2.4981361528105337,-2.4981361528105337
-2.490878441718541,-2.490878441718541
-2.483626887218616,-2.483626887218616
-2.47638149175989,-2.47638149175989
-2.469142257758513,-2.469142257758513
-2.461909187597754,-2.461909187597754
-2.4546822836280953,-2.4546822836280953
-2.4474615481673356,-2.4474615481673356
-2.4402469835006784,-2.4402469835006784
-2.433038591880835,-2.433038591880835
-2.425836375528113,-2.425836375528113
-2.418640336630513,-2.418640336630513
-2.4114504773438217,-2.4114504773438217
-2.4042667997916998,-2.4042667997916998
-2.3970893060657774,-2.3970893060657774
-2.3899179982257412,-2.3899179982257412
-2.382752878299424,-2.382752878299424
-2.375593948282894,-2.375593948282894
-2.368441210140543,-2.368441210140543
-2.3612946658051697,-2.3612946658051697
-2.3541543171780677,-2.3541543171780677
-2.347020166129113,-2.347020166129113
-2.339892214496843,-2.339892214496843
-2.3327704640885427,-2.3327704640885427
-2.325654916680328,-2.325654916680328
-2.318545574017225,-2.318545574017225
-2.3114424378132536,-2.3114424378132536
-2.304345509751505,-2.304345509751505
-2.2972547914842254,-2.2972547914842254
-2.2901702846328873,-2.2901702846328873
-2.2830919907882734,-2.2830919907882734
-2.276019911510553,-2.276019911510553
-2.2689540483293564,-2.2689540483293564
-2.2618944027438506,-2.2618944027438506
-2.2548409762228157,-2.2548409762228157
-2.247793770204715,-2.247793770204715
-2.240752786097774,-2.240752786097774
-2.23371802528005,-2.23371802528005
-2.2266894890995013,-2.2266894890995013
-2.2196671788740634,-2.2196671788740634
-2.2126510958917147,-2.2126510958917147
-2.2056412414105484,-2.2056412414105484
-2.1986376166588433,-2.1986376166588433
-2.191640222835126,-2.191640222835126
-2.1846490611082463,-2.1846490611082463
-2.1776641326174357,-2.1776641326174357
-2.1706854384723813,-2.1706854384723813
-2.1637129797532837,-2.1637129797532837
-2.156746757510929,-2.156746757510929
-2.1497867727667472,-2.1497867727667472
-2.1428330265128777,-2.1428330265128777
-2.1358855197122306,-2.1358855197122306
-2.128944253298554,-2.128944253298554
-2.1220092281764864,-2.1220092281764864
-2.115080445221623,-2.115080445221623
-2.108157905280576,-2.108157905280576
-2.101241609171033,-2.101241609171033
-2.094331557681814,-2.094331557681814
-2.08742775157293,-2.08742775157293
-2.080530191575642,-2.080530191575642
-2.0736388783925173,-2.0736388783925173
-2.0667538126974834,-2.0667538126974834
-2.059874995135886,-2.059874995135886
-2.0530024263245434,-2.0530024263245434
-2.046136106851799,-2.046136106851799
-2.0392760372775762,-2.0392760372775762
-2.0324222181334313,-2.0324222181334313
-2.0255746499226057,-2.0255746499226057
-2.0187333331200774,-2.0187333331200774
-2.0118982681726125,-2.0118982681726125
-2.0050694554988144,-2.0050694554988144
-1.9982468954891761,-1.9982468954891761
-1.9914305885061274,-1.9914305885061274
-1.9846205348840849,-1.9846205348840849
-1.9778167349294977,-1.9778167349294977
-1.9710191889208986,-1.9710191889208986
-1.9642278971089489,-1.9642278971089489
-1.9574428597164841,-1.9574428597164841
-1.9506640769385608,-1.9506640769385608
-1.943891548942502,-1.943891548942502
-1.9371252758679403,-1.9371252758679403
-1.9303652578268649,-1.9303652578268649
-1.9236114949036605,-1.9236114949036605
-1.9168639871551543,-1.9168639871551543
-1.910122734610657,-1.910122734610657
-1.9033877372720045,-1.9033877372720045
-1.8966589951135977,-1.8966589951135977
-1.8899365080824444,-1.8899365080824444
-1.8832202760982013,-1.8832202760982013
-1.8765102990532105,-1.8765102990532105
-1.8698065768125403,-1.8698065768125403
-1.863109109214021,-1.863109109214021
-1.8564178960682884,-1.8564178960682884
-1.849732937158816,-1.849732937158816
-1.8430542322419514,-1.8430542322419514
-1.8363817810469596,-1.8363817810469596
-1.8297155832760497,-1.8297155832760497
-1.823055638604416,-1.823055638604416
-1.8164019466802714,-1.8164019466802714
-1.809754507124882,-1.809754507124882
-1.803113319532597,-1.803113319532597
-1.7964783834708902,-1.7964783834708902
-1.7898496984803833,-1.7898496984803833
-1.7832272640748832,-1.7832272640748832
-1.7766110797414134,-1.7766110797414134
-1.7700011449402442,-1.7700011449402442
-1.7633974591049222,-1.7633974591049222
-1.756800021642305,-1.756800021642305
-1.750208831932582,-1.750208831932582
-1.7436238893293148,-1.7436238893293148
-1.7370451931594564,-1.7370451931594564
-1.7304727427233828,-1.7304727427233828
-1.7239065372949238,-1.7239065372949238
-1.7173465761213835,-1.7173465761213835
-1.710792858423571,-1.710792858423571
-1.7042453833958295,-1.7042453833958295
-1.6977041502060526,-1.6977041502060526
-1.6911691579957207,-1.6911691579957207
-1.6846404058799167,-1.6846404058799167
-1.6781178929473555,-1.6781178929473555
-1.671601618260404,-1.671601618260404
-1.6650915808551097,-1.6650915808551097
-1.658587779741216,-1.658587779741216
-1.6520902139021922,-1.6520902139021922
-1.6455988822952496,-1.6455988822952496
-1.6391137838513659,-1.6391137838513659
-1.632634917475303,-1.632634917475303
-1.6261622820456336,-1.6261622820456336
-1.6196958764147518,-1.6196958764147518
-1.6132356994089039,-1.6132356994089039
-1.6067817498281958,-1.6067817498281958
-1.6003340264466206,-1.6003340264466206
-1.5938925280120708,-1.5938925280120708
-1.5874572532463613,-1.5874572532463613
-1.5810282008452416,-1.5810282008452416
-1.5746053694784157,-1.5746053694784157
-1.568188757789555,-1.568188757789555
-1.5617783643963201,-1.5617783643963201
-1.555374187890369,-1.555374187890369
-1.5489762268373786,-1.5489762268373786
-1.5425844797770534,-1.5425844797770534
-1.536198945223144,-1.536198945223144
-1.529819621663458,-1.529819621663458
-1.5234465075598747,-1.5234465075598747
-1.5170796013483583,-1.5170796013483583
-1.5107189014389664,-1.5107189014389664
-1.5043644062158656,-1.5043644062158656
-1.4980161140373436,-1.4980161140373436
-1.491674023235817,-1.491674023235817
-1.4853381321178423,-1.4853381321178423
-1.4790084389641278,-1.4790084389641278
-1.4726849420295414,-1.4726849420295414
-1.466367639543123,-1.466367639543123
-1.4600565297080892,-1.4600565297080892
-1.4537516107018447,-1.4537516107018447
-1.4474528806759863,-1.4474528806759863
-1.4411603377563162,-1.4411603377563162
-1.4348739800428456,-1.4348739800428456
-1.4285938056098004,-1.4285938056098004
-1.422319812505629,-1.422319812505629
-1.4160519987530091,-1.4160519987530091
-1.4097903623488512,-1.4097903623488512
-1.4035349012643041,-1.4035349012643041
-1.3972856134447598,-1.3972856134447598
-1.3910424968098565,-1.3910424968098565
-1.384805549253485,-1.384805549253485
-1.378574768643789,-1.378574768643789
-1.3723501528231683,-1.3723501528231683
-1.3661316996082855,-1.3661316996082855
-1.3599194067900604,-1.3599194067900604
-1.3537132721336786,-1.3537132721336786
-1.347513293378589,-1.347513293378589
-1.3413194682385061,-1.3413194682385061
-1.3351317944014094,-1.3351317944014094
-1.3289502695295443,-1.3289502695295443
-1.3227748912594213,-1.3227748912594213
-1.3166056572018134,-1.3166056572018134
-1.3104425649417595,-1.3104425649417595
-1.3042856120385575,-1.3042856120385575
-1.2981347960257643,-1.2981347960257643
-1.2919901144111954,-1.2919901144111954
-1.2858515646769182,-1.2858515646769182
-1.2797191442792526,-1.2797191442792526
-1.2735928506487637,-1.2735928506487637
-1.2674726811902588,-1.2674726811902588
-1.2613586332827862,-1.2613586332827862
-1.2552507042796246,-1.2552507042796246
-1.2491488915082818,-1.2491488915082818
-1.2430531922704886,-1.2430531922704886
-1.2369636038421923,-1.2369636038421923
-1.230880123473548,-1.230880123473548
-1.2248027483889146,-1.2248027483889146
-1.2187314757868464,-1.2187314757868464
-1.2126663028400861,-1.2126663028400861
-1.2066072266955552,-1.2066072266955552
-1.2005542444743462,-1.2005542444743462
-1.1945073532717148,-1.1945073532717148
-1.188466550157069,-1.188466550157069
-1.18243183217396,-1.18243183217396
-1.1764031963400712,-1.1764031963400712
-1.1703806396472103,-1.1703806396472103
-1.1643641590612959,-1.1643641590612959
-1.1583537515223472,-1.1583537515223472
-1.1523494139444703,-1.1523494139444703
-1.146351143215851,-1.146351143215851
-1.1403589361987374,-1.1403589361987374
-1.1343727897294291,-1.1343727897294291
-1.1283927006182635,-1.1283927006182635
-1.1224186656496027,-1.1224186656496027
-1.1164506815818191,-1.1164506815818191
-1.1104887451472802,-1.1104887451472802
-1.1045328530523353,-1.1045328530523353
-1.0985830019772986,-1.0985830019772986
-1.0926391885764357,-1.0926391885764357
-1.0867014094779448,-1.0867014094779448
-1.0807696612839415,-1.0807696612839415
-1.0748439405704433,-1.0748439405704433
-1.0689242438873516,-1.0689242438873516
-1.063010567758432,-1.063010567758432
-1.057102908681299,-1.057102908681299
-1.0512012631273973,-1.0512012631273973
-1.0453056275419814,-1.0453056275419814
-1.0394159983440978,-1.0394159983440978
-1.0335323719265643,-1.0335323719265643
-1.0276547446559514,-1.0276547446559514
-1.0217831128725623,-1.0217831128725623
-1.015917472890409,-1.015917472890409
-1.010057820997194,-1.010057820997194
-1.0042041534542892,-1.0042041534542892
-0.9983564664967105,-0.9983564664967105
-0.9925147563331009,-0.9925147563331009
-0.9866790191457008,-0.9866790191457008
-0.9808492510903324,-0.9808492510903324
-0.9750254482963694,-0.9750254482963694
-0.9692076068667193,-0.9692076068667193
-0.963395722877792,-0.963395722877792
-0.9575897923794833,-0.9575897923794833
-0.9517898113951423,-0.9517898113951423
-0.945995775921552,-0.945995775921552
-0.9402076819288969,-0.9402076819288969
-0.9344255253607453,-0.9344255253607453
-0.9286493021340132,-0.9286493021340132
-0.9228790081389447,-0.9228790081389447
-0.91711463923908,-0.91711463923908
-0.9113561912712309,-0.9113561912712309
-0.9056036600454487,-0.9056036600454487
-0.8998570413449997,-0.8998570413449997
-0.8941163309263318,-0.8941163309263318
-0.8883815245190502,-0.8883815245190502
-0.8826526178258816,-0.8826526178258816
-0.8769296065226502,-0.8769296065226502
-0.8712124862582404,-0.8712124862582404
-0.8655012526545733,-0.8655012526545733
-0.859795901306567,-0.859795901306567
-0.8540964277821126,-0.8540964277821126
-0.8484028276220352,-0.8484028276220352
-0.8427150963400676,-0.8427150963400676
-0.83703322942281,-0.83703322942281
-0.831357222329705,-0.831357222329705
-0.8256870704929956,-0.8256870704929956
-0.820022769317696,-0.820022769317696
-0.8143643141815559,-0.8143643141815559
-0.8087117004350257,-0.8087117004350257
-0.8030649234012183,-0.8030649234012183
-0.7974239783758763,-0.7974239783758763
-0.7917888606273359,-0.7917888606273359
-0.7861595653964877,-0.7861595653964877
-0.7805360878967417,-0.7805360878967417
-0.7749184233139883,-0.7749184233139883
-0.7693065668065608,-0.7693065668065608
-0.7637005135052,-0.7637005135052
-0.7581002585130097,-0.7581002585130097
-0.7525057969054216,-0.7525057969054216
-0.746917123730156,-0.746917123730156
-0.7413342340071803,-0.7413342340071803
-0.735757122728668,-0.735757122728668
-0.7301857848589594,-0.7301857848589594
-0.7246202153345205,-0.7246202153345205
-0.7190604090639003,-0.7190604090639003
-0.7135063609276895,-0.7135063609276895
-0.7079580657784768,-0.7079580657784768
-0.7024155184408084,-0.7024155184408084
-0.6968787137111425,-0.6968787137111425
-0.6913476463578067,-0.6913476463578067
-0.6858223111209529,-0.6858223111209529
-0.680302702712514,-0.680302702712514
-0.6747888158161591,-0.6747888158161591
-0.6692806450872463,-0.6692806450872463
-0.663778185152777,-0.663778185152777
-0.6582814306113528,-0.6582814306113528
-0.6527903760331253,-0.6527903760331253
-0.6473050159597507,-0.6473050159597507
-0.6418253449043407,-0.6418253449043407
-0.6363513573514178,-0.6363513573514178
-0.6308830477568635,-0.6308830477568635
-0.625420410547871,-0.625420410547871
-0.6199634401228956,-0.6199634401228956
-0.6145121308516059,-0.6145121308516059
-0.609066477074833,-0.609066477074833
-0.603626473104519,-0.603626473104519
-0.5981921132236673,-0.5981921132236673
-0.5927633916862912,-0.5927633916862912
-0.587340302717363,-0.587340302717363
-0.581922840512758,-0.581922840512758
-0.5765109992392052,-0.5765109992392052
-0.5711047730342331,-0.5711047730342331
-0.5657041560061172,-0.5657041560061172
-0.560309142233823,-0.560309142233823
-0.5549197257669539,-0.5549197257669539
-0.5495359006256966,-0.5495359006256966
-0.5441576608007642,-0.5441576608007642
-0.5387850002533411,-0.5387850002533411
-0.5334179129150254,-0.5334179129150254
-0.5280563926877745,-0.5280563926877745
-0.5227004334438475,-0.5227004334438475
-0.5173500290257452,-0.5173500290257452
-0.5120051732461531,-0.5120051732461531
-0.5066658598878852,-0.5066658598878852
-0.5013320827038223,-0.5013320827038223
-0.49600383541685233,-0.49600383541685233
-0.4906811117198122,-0.4906811117198122
-0.4853639052754262,-0.4853639052754262
-0.4800522097162468,-0.4800522097162468
-0.47474601864458965,-0.47474601864458965
-0.46944532563247576,-0.46944532563247576
-0.46415012422156704,-0.46415012422156704
-0.45886040792310484,-0.45886040792310484
-0.4535761702178456,-0.4535761702178456
-0.4482974045559964,-0.4482974045559964
-0.4430241043571536,-0.4430241043571536
-0.4377562630102365,-0.4377562630102365
-0.4324938738734222,-0.4324938738734222
-0.42723693027407866,-0.42723693027407866
-0.42198542550870227,-0.42198542550870227
-0.4167393528428487,-0.4167393528428487
-0.41149870551106604,-0.41149870551106604
-0.4062634767168263,-0.4062634767168263
-0.40103365963246124,-0.40103365963246124
-0.39580924739909024,-0.39580924739909024
-0.3905902331265517,-0.3905902331265517
-0.3853766098933351,-0.3853766098933351
-0.38016837074651,-0.38016837074651
-0.37496550870165685,-0.37496550870165685
-0.36976801674279325,-0.36976801674279325
-0.36457588782230466,-0.36457588782230466
-0.3593891148608733,-0.3593891148608733
-0.35420769074740405,-0.35420769074740405
-0.34903160833895086,-0.34903160833895086
-0.3438608604606447,-0.3438608604606447
-0.33869543990561957,-0.33869543990561957
-0.33353533943493785,-0.33353533943493785
-0.3283805517775147,-0.3283805517775147
-0.3232310696300423,-0.3232310696300423
-0.31808688565691534,-0.31808688565691534
-0.3129479924901541,-0.3129479924901541
-0.30781438272932543,-0.30781438272932543
-0.3026860489414667,-0.3026860489414667
-0.29756298366100886,-0.29756298366100886
-0.2924451793896963,-0.2924451793896963
-0.2873326285965069,-0.2873326285965069
-0.28222532371757325,-0.28222532371757325
-0.27712325715610425,-0.27712325715610425
-0.2720264212823014,-0.2720264212823014
-0.26693480843327894,-0.26693480843327894
-0.2618484109129807,-0.2618484109129807
-0.2567672209921019,-0.2567672209921019
-0.2516912309079991,-0.2516912309079991
-0.24662043286461452,-0.24662043286461452
-0.2415548190323854,-0.2415548190323854
-0.2364943815481651,-0.2364943815481651
-0.23143911251513155,-0.23143911251513155
-0.22638900400271003,-0.22638900400271003
-0.22134404804647773,-0.22134404804647773
-0.21630423664808332,-0.21630423664808332
-0.21126956177515827,-0.21126956177515827
-0.20624001536122813,-0.20624001536122813
-0.20121558930562355,-0.20121558930562355
-0.1961962754733914,-0.1961962754733914
-0.19118206569520785,-0.19118206569520785
-0.18617295176728513,-0.18617295176728513
-0.18116892545128105,-0.18116892545128105
-0.17616997847420818,-0.17616997847420818
-0.1711761025283434,-0.1711761025283434
-0.16618728927113388,-0.16618728927113388
-0.16120353032510273,-0.16120353032510273
-0.15622481727775758,-0.15622481727775758
-0.15125114168149598,-0.15125114168149598
-0.14628249505351038,-0.14628249505351038
-0.14131886887569095,-0.14131886887569095
-0.13636025459453086,-0.13636025459453086
-0.13140664362103122,-0.13140664362103122
-0.12645802733060174,-0.12645802733060174
-0.12151439706296281,-0.12151439706296281
-0.11657574412204713,-0.11657574412204713
-0.11164205977590232,-0.11164205977590232
-0.10671333525658962,-0.10671333525658962
-0.10178956176008382,-0.10178956176008382
-0.09687073044617117,-0.09687073044617117
-0.09195683243835051,-0.09195683243835051
-0.08704785882372985,-0.08704785882372985
-0.08214380065292196,-0.08214380065292196
-0.07724464893994197,-0.07724464893994197
-0.07235039466210486,-0.07235039466210486
-0.06746102875991931,-0.06746102875991931
-0.06257654213698083,-0.06257654213698083
-0.0576969256598681,-0.0576969256598681
-0.052822170158035656,-0.052822170158035656
-0.047952266423706424,-0.047952266423706424
-0.0430872052117631,-0.0430872052117631
-0.03822697723963969,-0.03822697723963969
-0.03337157318721378,-0.03337157318721378
-0.028520983696694577,-0.028520983696694577
-0.023675199372513212,-0.023675199372513212
-0.018834210781210465,-0.018834210781210465
-0.013998008451326982,-0.013998008451326982
-0.009166582873288526,-0.009166582873288526
-0.004339924499293051,-0.004339924499293051
0.0004819762568034277,0.0004819762568034277
0.005299129019599723,0.005299129019599723
0.010111543452266884,0.010111543452266884
0.014919229256666014,0.014919229256666014
0.019722196173457947,0.019722196173457947
0.024520453982230975,0.024520453982230975
0.02931401250160914,0.02931401250160914
0.034102881589380116,0.034102881589380116
0.03888707114260529,0.03888707114260529
0.043666591097750944,0.043666591097750944
0.048441451430797276,0.048441451430797276
0.05321166215737229,0.05321166215737229
0.057977233332863996,0.057977233332863996
0.0627381750525521,0.0627381750525521
0.06749449745172374,0.06749449745172374
0.07224621070580621,0.07224621070580621
0.07699332503048768,0.07699332503048768
0.08173585068184223,0.08173585068184223
0.08647379795646262,0.08647379795646262
0.09120717719158007,0.09120717719158007
0.09593599876520141,0.09593599876520141
0.10066027309623017,0.10066027309623017
0.10538001064460308,0.10538001064460308
0.11009522191141542,0.11009522191141542
0.1148059174390582,0.1148059174390582
0.1195121078113441,0.1195121078113441
0.12421380365364697,0.12421380365364697
0.12891101563302954,0.12891101563302954
0.13360375445838527,0.13360375445838527
0.13829203088056438,0.13829203088056438
0.14297585569252047,0.14297585569252047
0.14765523972943873,0.14765523972943873
0.15233019386888172,0.15233019386888172
0.15700072903091833,0.15700072903091833
0.16166685617827506,0.16166685617827506
0.16632858631646566,0.16632858631646566
0.17098593049393943,0.17098593049393943
0.17563889980221803,0.17563889980221803
0.18028750537604504,0.18028750537604504
0.18493175839352038,0.18493175839352038
0.18957167007625414,0.18957167007625414
0.19420725168950415,0.19420725168950415
0.19883851454232887,0.19883851454232887
0.20346546998772858,0.20346546998772858
0.20808812942279817,0.20808812942279817
0.2127065042888713,0.2127065042888713
0.21732060607167505,0.21732060607167505
0.22193044630147513,0.22193044630147513
0.22653603655323368,0.22653603655323368
0.23113738844675302,0.23113738844675302
0.23573451364683892,0.23573451364683892
0.24032742386344502,0.24032742386344502
0.24491613085183653,0.24491613085183653
0.24950064641273753,0.24950064641273753
0.25408098239249716,0.25408098239249716
0.2586571506832366,0.2586571506832366
0.2632291632230193,0.2632291632230193
0.2677970319960001,0.2677970319960001
0.27236076903259426,0.27236076903259426
0.27692038640963096,0.27692038640963096
0.28147589625052416,0.28147589625052416
0.2860273107254282,0.2860273107254282
0.29057464205140787,0.29057464205140787
0.2951179024925992,0.2951179024925992
0.29965710436038023,0.29965710436038023
0.3041922600135328,0.3041922600135328
0.3087233818584173,0.3087233818584173
0.31325048234913466,0.31325048234913466
0.3177735739877039,0.3177735739877039
0.32229266932422534,0.32229266932422534
0.3268077809570616,0.3268077809570616
0.3313189215330012,0.3313189215330012
0.3358261037474417,0.3358261037474417
0.3403293403445578,0.3403293403445578
0.34482864411748415,0.34482864411748415
0.3493240279084837,0.3493240279084837
0.3538155046091371,0.3538155046091371
0.3583030871605117,0.3583030871605117
0.36278678855335056,0.36278678855335056
0.36726662182824477,0.36726662182824477
0.371742600075827,0.371742600075827
0.3762147364369425,0.3762147364369425
0.3806830441028465,0.3806830441028465
0.3851475363153785,0.3851475363153785
0.3896082263671591,0.3896082263671591
0.3940651276017678,0.3940651276017678
0.3985182534139433,0.3985182534139433
0.4029676172497617,0.4029676172497617
0.40741323260683926,0.40741323260683926
0.4118551130345138,0.4118551130345138
0.416293272134048,0.416293272134048
0.42072772355881616,0.42072772355881616
0.4251584810145072,0.4251584810145072
0.42958555825931266,0.42958555825931266
0.4340089691041354,0.4340089691041354
0.43842872741277794,0.43842872741277794
0.44284484710215266,0.44284484710215266
0.44725734214247553,0.44725734214247553
0.45166622655747574,0.45166622655747574
0.4560715144245917,0.4560715144245917
0.4604732198751851,0.4604732198751851
0.46487135709473937,0.46487135709473937
0.4692659403230742,0.4692659403230742
0.4736569838545463,0.4736569838545463
0.4780445020382698,0.4780445020382698
0.48242850927831493,0.48242850927831493
0.48680902003393445,0.48680902003393445
0.49118604881976446,0.49118604881976446
0.4955596102060494,0.4955596102060494
0.49992971881885084,0.49992971881885084
0.5042963893402723,0.5042963893402723
0.5086596365086696,0.5086596365086696
0.5130194751188814,0.5130194751188814
0.5173759200224389,0.5173759200224389
0.5217289861278005,0.5217289861278005
0.5260786884005644,0.5260786884005644
0.5304250418637061,0.5304250418637061
0.5347680615977914,0.5347680615977914
0.5391077627412203,0.5391077627412203
0.5434441604904393,0.5434441604904393
0.5477772701001888,0.5477772701001888
0.5521071068837207,0.5521071068837207
0.5564336862130456,0.5564336862130456
0.5607570235191538,0.5607570235191538
0.5650771342922651,0.5650771342922651
0.5693940340820548,0.5693940340820548
0.5737077384979039,0.5737077384979039
0.5780182632091282,0.5780182632091282
0.58232562394523,0.58232562394523
0.586629836496139,0.586629836496139
0.5909309167124525,0.5909309167124525
0.5952288805056857,0.5952288805056857
0.5995237438485215,0.5995237438485215
0.6038155227750586,0.6038155227750586
0.6081042333810579,0.6081042333810579
0.6123898918241985,0.6123898918241985
0.6166725143243336,0.6166725143243336
0.6209521171637447,0.6209521171637447
0.6252287166873944,0.6252287166873944
0.6295023293031871,0.6295023293031871
0.6337729714822333,0.6337729714822333
0.6380406597591084,0.6380406597591084
0.6423054107321107,0.6423054107321107
0.646567241063532,0.646567241063532
0.6508261674799249,0.6508261674799249
0.6550822067723687,0.6550822067723687
0.6593353757967347,0.6593353757967347
0.6635856914739631,0.6635856914739631
0.6678331707903346,0.6678331707903346
0.6720778307977462,0.6720778307977462
0.6763196886139812,0.6763196886139812
0.6805587614229923,0.6805587614229923
0.6847950664751815,0.6847950664751815
0.6890286210876806,0.6890286210876806
0.6932594426446292,0.6932594426446292
0.6974875485974681,0.6974875485974681
0.7017129564652147,0.7017129564652147
0.7059356838347649,0.7059356838347649
0.7101557483611671,0.7101557483611671
0.7143731677679288,0.7143731677679288
0.7185879598472972,0.7185879598472972
0.7228001424605652,0.7228001424605652
0.727009733538359,0.727009733538359
0.7312167510809449,0.7312167510809449
0.7354212131585214,0.7354212131585214
0.7396231379115323,0.7396231379115323
0.7438225435509586,0.7438225435509586
0.7480194483586371,0.7480194483586371
0.7522138706875573,0.7522138706875573
0.7564058289621801,0.7564058289621801
0.7605953416787427,0.7605953416787427
0.7647824274055788,0.7647824274055788
0.7689671047834271,0.7689671047834271
0.7731493925257574,0.7731493925257574
0.7773293094190799,0.7773293094190799
0.7815068743232785,0.7815068743232785
0.7856821061719217,0.7856821061719217
0.7898550239726017,0.7898550239726017
0.794025646807246,0.794025646807246
0.7981939938324653,0.7981939938324653
0.8023600842798668,0.8023600842798668
0.8065239374564039,0.8065239374564039
0.8106855727446988,0.8106855727446988
0.8148450096033905,0.8148450096033905
0.8190022675674654,0.8190022675674654
0.8231573662486109,0.8231573662486109
0.8273103253355449,0.8273103253355449
0.831461164594378,0.831461164594378
0.8356099038689477,0.8356099038689477
0.8397565630811792,0.8397565630811792
0.8439011622314316,0.8439011622314316
0.8480437213988595,0.8480437213988595
0.8521842607417606,0.8521842607417606
0.8563228004979487,0.8563228004979487
0.8604593609850995,0.8604593609850995
0.8645939626011311,0.8645939626011311
0.8687266258245546,0.8687266258245546
0.8728573712148562,0.8728573712148562
0.8769862194128585,0.8769862194128585
0.8811131911411,0.8811131911411
0.8852383072042053,0.8852383072042053
0.8893615884892702,0.8893615884892702
0.8934830559662328,0.8934830559662328
0.897602730688267,0.897602730688267
0.901720633792156,0.901720633792156
0.9058367864986926,0.9058367864986926
0.9099512101130575,0.9099512101130575
0.914063926025221,0.914063926025221
0.9181749557103319,0.9181749557103319
0.9222843207291204,0.9222843207291204
0.9263920427282909,0.9263920427282909
0.9304981434409355,0.9304981434409355
0.9346026446869273,0.9346026446869273
0.9387055683733392,0.9387055683733392
0.9428069364948436,0.9428069364948436
0.946906771134138,0.946906771134138
0.9510050944623474,0.9510050944623474
0.9551019287394551,0.9551019287394551
0.9591972963147122,0.9591972963147122
0.9632912196270745,0.9632912196270745
0.9673837212056134,0.9673837212056134
0.9714748236699626,0.9714748236699626
0.9755645497307334,0.9755645497307334
0.9796529221899639,0.9796529221899639
0.9837399639415451,0.9837399639415451
0.9878256979716716,0.9878256979716716
0.9919101473592741,0.9919101473592741
0.9959933352764789,0.9959933352764789
1.0000752849890429,1.0000752849890429
1.0041560198568171,1.0041560198568171
1.0082355633341942,1.0082355633341942
1.0123139389705729,1.0123139389705729
1.0163911704108113,1.0163911704108113
1.0204672813956999,1.0204672813956999
1.0245422957624182,1.0245422957624182
1.0286162374450163,1.0286162374450163
1.0326891304748769,1.0326891304748769
1.0367609989812026,1.0367609989812026
1.0408318671914822,1.0408318671914822
1.0449017594319887,1.0449017594319887
1.0489707001282502,1.0489707001282502
1.053038713805552,1.053038713805552
1.0571058250894145,1.0571058250894145
1.0611720587061066,1.0611720587061066
1.065237439483123,1.065237439483123
1.0693019923497087,1.0693019923497087
1.0733657423373437,1.0733657423373437
1.0774287145802695,1.0774287145802695
1.0814909343159838,1.0814909343159838
1.085552426885773,1.085552426885773
1.0896132177352211,1.0896132177352211
1.0936733324147316,1.0936733324147316
1.0977327965800552,1.0977327965800552
1.1017916359928233,1.1017916359928233
1.1058498765210778,1.1058498765210778
1.1099075441398045,1.1099075441398045
1.1139646649314743,1.1139646649314743
1.1180212650865922,1.1180212650865922
1.1220773709042424,1.1220773709042424
1.1261330087926331,1.1261330087926331
1.1301882052696566,1.1301882052696566
1.1342429869634492,1.1342429869634492
1.1382973806129553,1.1382973806129553
1.1423514130684833,1.1423514130684833
1.146405111292282,1.146405111292282
1.1504585023591203,1.1504585023591203
1.1545116134568556,1.1545116134568556
1.1585644718870176,1.1585644718870176
1.1626171050653944,1.1626171050653944
1.1666695405226273,1.1666695405226273
1.1707218059047981,1.1707218059047981
1.1747739289740264,1.1747739289740264
1.178825937609072,1.178825937609072
1.182877859805947,1.182877859805947
1.1869297236785192,1.1869297236785192
1.1909815574591287,1.1909815574591287
1.1950333894992005,1.1950333894992005
1.1990852482698788,1.1990852482698788
1.2031371623626474,1.2031371623626474
1.2071891604899574,1.2071891604899574
1.2112412714858658,1.2112412714858658
1.2152935243066811,1.2152935243066811
1.219345948031603,1.219345948031603
1.2233985718633673,1.2233985718633673
1.2274514251289033,1.2274514251289033
1.2315045372799973,1.2315045372799973
1.2355579378939483,1.2355579378939483
1.239611656674234,1.239611656674234
1.243665723451185,1.243665723451185
1.247720168182666,1.247720168182666
1.251775020954754,1.251775020954754
1.2558303119824183,1.2558303119824183
1.2598860716102178,1.2598860716102178
1.2639423303129977,1.2639423303129977
1.2679991186965907,1.2679991186965907
1.2720564674985115,1.2720564674985115
1.2761144075886848,1.2761144075886848
1.2801729699701436,1.2801729699701436
1.2842321857797674,1.2842321857797674
1.2882920862889895,1.2882920862889895
1.292352702904545,1.292352702904545
1.296414067169192,1.296414067169192
1.3004762107624672,1.3004762107624672
1.3045391655014191,1.3045391655014191
1.3086029633413723,1.3086029633413723
1.312667636376671,1.312667636376671
1.3167332168414585,1.3167332168414585
1.3207997371104272,1.3207997371104272
1.3248672296996102,1.3248672296996102
1.3289357272671447,1.3289357272671447
1.3330052626140703,1.3330052626140703
1.3370758686851063,1.3370758686851063
1.3411475785694635,1.3411475785694635
1.3452204255016278,1.3452204255016278
1.3492944428621865,1.3492944428621865
1.3533696641786277,1.3533696641786277
1.3574461231261683,1.3574461231261683
1.3615238535285732,1.3615238535285732
1.3656028893589958,1.3656028893589958
1.369683264740801,1.369683264740801
1.3737650139484283,1.3737650139484283
1.3778481714082207,1.3778481714082207
1.3819327716992993,1.3819327716992993
1.3860188495544106,1.3860188495544106
1.3901064398608074,1.3901064398608074
1.3941955776611121,1.3941955776611121
1.3982862981542106,1.3982862981542106
1.4023786366961275,1.4023786366961275
1.4064726288009333,1.4064726288009333
1.4105683101416315,1.4105683101416315
1.4146657165510805,1.4146657165510805
1.4187648840228966,1.4187648840228966
1.422865848712384,1.422865848712384
1.4269686469374534,1.4269686469374534
1.4310733151795694,1.4310733151795694
1.4351798900846777,1.4351798900846777
1.4392884084641686,1.4392884084641686
1.4433989072958207,1.4433989072958207
1.4475114237247753,1.4475114237247753
1.451625995064494,1.451625995064494
1.4557426587977536,1.4557426587977536
1.4598614525776086,1.4598614525776086
1.4639824142284081,1.4639824142284081
1.4681055817467754,1.4681055817467754
1.4722309933026299,1.4722309933026299
1.4763586872401895,1.4763586872401895
1.480488702079008,1.480488702079008
1.4846210765149914,1.4846210765149914
1.4887558494214477,1.4887558494214477
1.4928930598501222,1.4928930598501222
1.4970327470322657,1.4970327470322657
1.5011749503796792,1.5011749503796792
1.505319709485804,1.505319709485804
1.5094670641267798,1.5094670641267798
1.5136170542625527,1.5136170542625527
1.5177697200379492,1.5177697200379492
1.521925101783798,1.521925101783798
1.5260832400180282,1.5260832400180282
1.5302441754468015,1.5302441754468015
1.534407948965635,1.534407948965635
1.5385746016605375,1.5385746016605375
1.542744174809157,1.542744174809157
1.5469167098819459,1.5469167098819459
1.5510922485433156,1.5510922485433156
1.5552708326528106,1.5552708326528106
1.5594525042662934,1.5594525042662934
1.563637305637141,1.563637305637141
1.567825279217444,1.567825279217444
1.5720164676592108,1.5720164676592108
1.5762109138155924,1.5762109138155924
1.5804086607421193,1.5804086607421193
1.5846097516979334,1.5846097516979334
1.588814230147036,1.588814230147036
1.59302213975955,1.59302213975955
1.5972335244129918,1.5972335244129918
1.6014484281935504,1.6014484281935504
1.6056668953973683,1.6056668953973683
1.6098889705318467,1.6098889705318467
1.6141146983169627,1.6141146983169627
1.6183441236865799,1.6183441236865799
1.6225772917897796,1.6225772917897796
1.6268142479922048,1.6268142479922048
1.6310550378774158,1.6310550378774158
1.6352997072482522,1.6352997072482522
1.6395483021281985,1.6395483021281985
1.6438008687627763,1.6438008687627763
1.6480574536209438,1.6480574536209438
1.6523181033965022,1.6523181033965022
1.656582865009503,1.656582865009503
1.6608517856076888,1.6608517856076888
1.6651249125679393,1.6651249125679393
1.6694022934977186,1.6694022934977186
1.6736839762365348,1.6736839762365348
1.6779700088574263,1.6779700088574263
1.6822604396684526,1.6822604396684526
1.6865553172141905,1.6865553172141905
1.6908546902772486,1.6908546902772486
1.6951586078797913,1.6951586078797913
1.6994671192850874,1.6994671192850874
1.7037802739990549,1.7037802739990549
1.7080981217718214,1.7080981217718214
1.7124207125993056,1.7124207125993056
1.7167480967248105,1.7167480967248105
1.721080324640627,1.721080324640627
1.7254174470896388,1.7254174470896388
1.729759515066965,1.729759515066965
1.7341065798216022,1.7341065798216022
1.7384586928580812,1.7384586928580812
1.7428159059381312,1.7428159059381312
1.747178271082369,1.747178271082369
1.7515458405720081,1.7515458405720081
1.75591866695056,1.75591866695056
1.7602968030255648,1.7602968030255648
1.7646803018703332,1.7646803018703332
1.7690692168257114,1.7690692168257114
1.7734636015018448,1.7734636015018448
1.7778635097799655,1.7778635097799655
1.7822689958141977,1.7822689958141977
1.7866801140333743,1.7866801140333743
1.791096919142875,1.791096919142875
1.7955194661264582,1.7955194661264582
1.7999478102481488,1.7999478102481488
1.8043820070540952,1.8043820070540952
1.8088221123744885,1.8088221123744885
1.813268182325452,1.813268182325452
1.817720273310991,1.817720273310991
1.8221784420249234,1.8221784420249234
1.826642745452854,1.826642745452854
1.8311132408741395,1.8311132408741395
1.835589985863904,1.835589985863904
1.8400730382950323,1.8400730382950323
1.8445624563402203,1.8445624563402203
1.849058298474008,1.849058298474008
1.8535606234748612,1.8535606234748612
1.8580694904272383,1.8580694904272383
1.8625849587237169,1.8625849587237169
1.8671070880670884,1.8671070880670884
1.8716359384725254,1.8716359384725254
1.8761715702697161,1.8761715702697161
1.8807140441050638,1.8807140441050638
1.8852634209438646,1.8852634209438646
1.8898197620725423,1.8898197620725423
1.8943831291008681,1.8943831291008681
1.898953583964233,1.898953583964233
1.9035311889259048,1.9035311889259048
1.9081160065793454,1.9081160065793454
1.9127080998505097,1.9127080998505097
1.9173075320001993,1.9173075320001993
1.9219143666264027,1.9219143666264027
1.9265286676666953,1.9265286676666953
1.9311504994006203,1.9311504994006203
1.9357799264521305,1.9357799264521305
1.9404170137920147,1.9404170137920147
1.9450618267403834,1.9450618267403834
1.9497144309691354,1.9497144309691354
1.9543748925044921,1.9543748925044921
1.9590432777295133,1.9590432777295133
1.9637196533866685,1.9637196533866685
1.9684040865804031,1.9684040865804031
1.9730966447797604,1.9730966447797604
1.977797395820991,1.977797395820991
1.982506407910222,1.982506407910222
1.9872237496261165,1.9872237496261165
1.991949489922593,1.991949489922593
1.9966836981315306,1.9966836981315306
2.001426443965546,2.001426443965546
2.0061777975207398,2.0061777975207398
2.010937829279529,2.010937829279529
2.015706610113448,2.015706610113448
2.020484211286028,2.020484211286028
2.0252707044556564,2.0252707044556564
2.030066161678506,2.030066161678506
2.0348706554114466,2.0348706554114466
2.0396842585150345,2.0396842585150345
2.0445070442564783,2.0445070442564783
2.049339086312678,2.049339086312678
2.0541804587732555,2.0541804587732555
2.0590312361436505,2.0590312361436505
2.0638914933481978,2.0638914933481978
2.0687613057332976,2.0687613057332976
2.0736407490705417,2.0736407490705417
2.0785298995599457,2.0785298995599457
2.083428833833139,2.083428833833139
2.088337628956648,2.088337628956648
2.0932563624351728,2.0932563624351728
2.098185112214901,2.098185112214901
2.103123956686862,2.103123956686862
2.1080729746903155,2.1080729746903155
2.1130322455161643,2.1130322455161643
2.1180018489103944,2.1180018489103944
2.122981865077562,2.122981865077562
2.127972374684317,2.127972374684317
2.1329734588629496,2.1329734588629496
2.13798519921496,2.13798519921496
2.143007677814693,2.143007677814693
2.1480409772129954,2.1480409772129954
2.153085180440899,2.153085180440899
2.1581403710133458,2.1581403710133458
2.163206632932954,2.163206632932954
2.1682840506938237,2.1682840506938237
2.1733727092853763,2.1733727092853763
2.178472694196217,2.178472694196217
2.183584091418059,2.183584091418059
2.188706987449685,2.188706987449685
2.1938414693009296,2.1938414693009296
2.1989876244967115,2.1989876244967115
2.204145541081111,2.204145541081111
2.2093153076214884,2.2093153076214884
2.2144970132126343,2.2144970132126343
2.2196907474809615,2.2196907474809615
2.224896600588755,2.224896600588755
2.2301146632384503,2.2301146632384503
2.2353450266769626,2.2353450266769626
2.240587782700046,2.240587782700046
2.2458430236567173,2.2458430236567173
2.2511108424537145,2.2511108424537145
2.2563913325600033,2.2563913325600033
2.2616845880113203,2.2616845880113203
2.2669907034147685,2.2669907034147685
2.2723097739534794,2.2723097739534794
2.2776418953912922,2.2776418953912922
2.2829871640774932,2.2829871640774932
2.2883456769516055,2.2883456769516055
2.2937175315482454,2.2937175315482454
2.2991028260019926,2.2991028260019926
2.3045016590523333,2.3045016590523333
2.309914130048664,2.309914130048664
2.315340338955325,2.315340338955325
2.3207803863567102,2.3207803863567102
2.326234373462398,2.326234373462398
2.331702402112369,2.331702402112369
2.337184574782274,2.337184574782274
2.342680994588736,2.342680994588736
2.3481917652947173,2.3481917652947173
2.3537169913149656,2.3537169913149656
2.359256777721487,2.359256777721487
2.364811230249101,2.364811230249101
2.3703804553010315,2.3703804553010315
2.375964559954576,2.375964559954576
2.3815636519668373,2.3815636519668373
2.3871778397805077,2.3871778397805077
2.3928072325297047,2.3928072325297047
2.3984519400458932,2.3984519400458932
2.4041120728638647,2.4041120728638647
2.409787742227774,2.409787742227774
2.4154790600972387,2.4154790600972387
2.421186139153513,2.421186139153513
2.4269090928057424,2.4269090928057424
2.432648035197255,2.432648035197255
2.4384030812119444,2.4384030812119444
2.444174346480715,2.444174346480715
2.4499619473880068,2.4499619473880068
2.455766001078382,2.455766001078382
2.4615866254631835,2.4615866254631835
2.4674239392272725,2.4674239392272725
2.4732780618358534,2.4732780618358534
2.479149113541349,2.479149113541349
2.485037215390362,2.485037215390362
2.490942489230726,2.490942489230726
2.496865057718628,2.496865057718628
2.5028050443258083,2.5028050443258083
2.5087625733468317,2.5087625733468317
2.514737769906465,2.514737769906465
2.520730759967129,2.520730759967129
2.526741670336422,2.526741670336422
2.5327706286747333,2.5327706286747333
2.5388177635029576,2.5388177635029576
2.5448832042102927,2.5448832042102927
2.5509670810621117,2.5509670810621117
2.5570695252079365,2.5570695252079365
2.5631906686895025,2.5631906686895025
2.569330644448926,2.569330644448926
2.5754895863369476,2.5754895863369476
2.5816676291212732,2.5816676291212732
2.5878649084950283,2.5878649084950283
2.5940815610853005,2.5940815610853005
2.600317724461776,2.600317724461776
2.606573537145491,2.606573537145491
2.6128491386176615,2.6128491386176615
2.619144669328647,2.619144669328647
2.6254602707070043,2.6254602707070043
2.63179608516865,2.63179608516865
2.638152256126117,2.638152256126117
2.6445289279979503,2.6445289279979503
2.6509262462181944,2.6509262462181944
2.657344357246004,2.657344357246004
2.663783408575344,2.663783408575344
2.6702435487448457,2.6702435487448457
2.6767249273477547,2.6767249273477547
2.683227695042008,2.683227695042008
2.68975200356042,2.68975200356042
2.6962980057210046,2.6962980057210046
2.7028658554374316,2.7028658554374316
2.709455707729588,2.709455707729588
2.7160677187342706,2.7160677187342706
2.7227020457160256,2.7227020457160256
2.729358847078115,2.729358847078115
2.7360382823736127,2.7360382823736127
2.7427405123166255,2.7427405123166255
2.74946569879368,2.74946569879368
2.7562140048752406,2.7562140048752406
2.762985594827351,2.762985594827351
2.7697806341234457,2.7697806341234457
2.7765992894562874,2.7765992894562874
2.7834417287500877,2.7834417287500877
2.790308121172735,2.790308121172735
2.7971986371481994,2.7971986371481994
2.804113448369101,2.804113448369101
2.8110527278094257,2.8110527278094257
2.818016649737404,2.818016649737404
2.825005389728547,2.825005389728547
2.8320191246788577,2.8320191246788577
2.839058032818215,2.839058032818215
2.8461222937239175,2.8461222937239175
2.853212088334396,2.853212088334396
2.860327598963119,2.860327598963119
2.867469009312676,2.867469009312676
2.874636504489031,2.874636504489031
2.881830271015955,2.881830271015955
2.8890504968496704,2.8890504968496704
2.896297371393674,2.896297371393674
2.9035710855137524,2.9035710855137524
2.9108718315531794,2.9108718315531794
2.9181998033481387,2.9181998033481387
2.925555196243348,2.925555196243348
2.9329382071078656,2.9329382071078656
2.9403490343511245,2.9403490343511245
2.9477878779391693,2.9477878779391693
2.9552549394111343,2.9552549394111343
2.9627504218959073,2.9627504218959073
2.970274530129028,2.970274530129028
2.977827470469823,2.977827470469823
2.985409450918775,2.985409450918775
2.9930206811350977,2.9930206811350977
3.0006613724545796,3.0006613724545796
3.0083317379076444,3.0083317379076444
3.0160319922376884,3.0160319922376884
3.023762351919642,3.023762351919642
3.031523035178778,3.031523035178778
3.039314262009808,3.039314262009808
3.0471362541962304,3.0471362541962304
3.0549892353299275,3.0549892353299275
3.0628734308310537,3.0628734308310537
3.0707890679681826,3.0707890679681826
3.0787363758787647,3.0787363758787647
3.0867155855898383,3.0867155855898383
3.094726930039034,3.094726930039034
3.102770644095892,3.102770644095892
3.110846964583472,3.110846964583472
3.1189561303002638,3.1189561303002638
3.127098382042398,3.127098382042398
3.1352739626261914,3.1352739626261914
3.1434831169110122,3.1434831169110122
3.1517260918224577,3.1517260918224577
3.160003136375863,3.160003136375863
3.168314501700162,3.168314501700162
3.176660441062093,3.176660441062093
3.1850412098907346,3.1850412098907346
3.193457065802404,3.193457065802404
3.2019082686259277,3.2019082686259277
3.2103950804282815,3.2103950804282815
3.2189177655405836,3.2189177655405836
3.2274765905844824,3.2274765905844824
3.236071824498938,3.236071824498938
3.244703738567395,3.244703738567395
3.253372606445351,3.253372606445351
3.262078704188329,3.262078704188329
3.2708223102802823,3.2708223102802823
3.2796037056624234,3.2796037056624234
3.2884231737624687,3.2884231737624687
3.2972810005243174,3.2972810005243174
3.306177474438203,3.306177474438203
3.315112886571298,3.315112886571298
3.324087530598756,3.324087530598756
3.333101702835233,3.333101702835233
3.342155702266914,3.342155702266914
3.3512498305840075,3.3512498305840075
3.360384392213748,3.360384392213748
3.3695596943538844,3.3695596943538844
3.378776047006719,3.378776047006719
3.3880337630136554,3.3880337630136554
3.3973331580902872,3.3973331580902872
3.4066745508620158,3.4066745508620158
3.4160582629002496,3.4160582629002496
3.425484618759173,3.425484618759173
4.687729746678816,4.687729746678816
4.679702587182118,4.679702587182118
4.67161412840223,4.67161412840223
4.6634672790351885,4.6634672790351885
4.655264774935354,4.655264774935354
4.647009198661899,4.647009198661899
4.638702996120858,4.638702996120858
4.630348490836975,4.630348490836975
4.621947896273802,4.621947896273802
4.613503326534143,4.613503326534143
4.605016805705817,4.605016805705817
4.596490276067092,4.596490276067092
4.58792560532559,4.58792560532559
4.579324593033668,4.579324593033668
4.570688976297788,4.570688976297788
4.562020434879897,4.562020434879897
4.553320595772455,4.553320595772455
4.544591037315975,4.544591037315975
4.5358332929169505,4.5358332929169505
4.52704885441579,4.52704885441579
4.518239175146582,4.518239175146582
4.509405672724969,4.509405672724969
4.500549731595134,4.500549731595134
4.491672705362729,4.491672705362729
4.482775918937081,4.482775918937081
4.473860670502981,4.473860670502981
4.464928233339681,4.464928233339681
4.4559798575028235,4.4559798575028235
4.4470167713827475,4.4470167713827475
4.438040183151395,4.438040183151395
4.4290512821084125,4.4290512821084125
4.420051239935885,4.420051239935885
4.411041211870171,4.411041211870171
4.402022337798288,4.402022337798288
4.392995743285496,4.392995743285496
4.383962540540271,4.383962540540271
4.37492382932188,4.37492382932188
4.365880697795355,4.365880697795355
4.3568342233385255,4.3568342233385255
4.347785473304711,4.347785473304711
4.338735505744959,4.338735505744959
4.329685370092786,4.329685370092786
4.320636107814606,4.320636107814606
4.311588753028403,4.311588753028403
4.302544333093102,4.302544333093102
4.2935038691709515,4.2935038691709515
4.284468376764827,4.284468376764827
4.275438866232494,4.275438866232494
4.266416343279406,4.266416343279406
4.257401809431704,4.257401809431704
4.248396262490856,4.248396262490856
4.23940069697128,4.23940069697128
4.23041610452216,4.23041610452216
4.221443474334705,4.221443474334705
4.212483793535737,4.212483793535737
4.203538047568844,4.203538047568844
4.19460722056372,4.19460722056372
4.185692295694855,4.185692295694855
4.176794255530115,4.176794255530115
4.167914082370118,4.167914082370118
4.15905275857903,4.15905275857903
4.150211266907454,4.150211266907454
4.141390590808011,4.141390590808011
4.132591714744188,4.132591714744188
4.1238156244930755,4.1238156244930755
4.115063307442311,4.115063307442311
4.106335752881887,4.106335752881887
4.097633952291275,4.097633952291275
4.088958899622116,4.088958899622116
4.080311591577162,4.080311591577162
4.071693027885536,4.071693027885536
4.063104211574991,4.063104211574991
4.0545461492413075,4.0545461492413075
4.0460198513152905,4.0460198513152905
4.037526332327521,4.037526332327521
4.029066611171461,4.029066611171461
4.02064171136489,4.02064171136489
4.0122526613101455,4.0122526613101455
4.003900494553485,4.003900494553485
3.9955862500435986,3.9955862500435986
3.9873109723898503,3.9873109723898503
3.9790757121202267,3.9790757121202267
3.970881525939384,3.970881525939384
3.962729476987022,3.962729476987022
3.95462063509678,3.95462063509678
3.9465560770558383,3.9465560770558383
3.938536886865605,3.938536886865605
3.930564156003542,3.930564156003542
3.922638983686457,3.922638983686457
3.9147624771353886,3.9147624771353886
3.906935751842389,3.906935751842389
3.89915993183934,3.89915993183934
3.891436149969077,3.891436149969077
3.883765548158946,3.883765548158946
3.8761492776970643,3.8761492776970643
3.86858849951148,3.86858849951148
3.861084384452469,3.861084384452469
3.8536381135780546,3.8536381135780546
3.8462508784431595,3.8462508784431595
3.8389238813923097,3.8389238813923097
3.831658335856531,3.831658335856531
3.824455466654192,3.824455466654192
3.8173165102962647,3.8173165102962647
3.8102427152962424,3.8102427152962424
3.8032353424847942,3.8032353424847942
3.7962956653295077,3.7962956653295077
3.7894249702598595,3.7894249702598595
3.782624556997643,3.782624556997643
3.7758957388933094,3.7758957388933094
3.769239843268016,3.769239843268016
3.7626582117621092,3.7626582117621092
3.7561522006899972,3.7561522006899972
3.7497231814017855,3.7497231814017855
3.7433725406518494,3.7433725406518494
3.7371016809747193,3.7371016809747193
3.730912021068514,3.730912021068514
3.7248049961861938,3.7248049961861938
3.7187820585349236,3.7187820585349236
3.7128446776838286,3.7128446776838286
3.70699434098052,3.70699434098052
3.7012325539767224,3.7012325539767224
3.695560840863112,3.695560840863112
3.689980744914016,3.689980744914016
3.684493828942082,3.684493828942082
3.6791016757634374,3.6791016757634374
3.6738058886735905,3.6738058886735905
3.6686080919344324,3.6686080919344324
3.663509931272996,3.663509931272996
3.6585130743919496,3.6585130743919496
3.653619211492673,3.653619211492673
3.6488300558110414,3.6488300558110414
3.644147344166556,3.644147344166556
3.639572837525212,3.639572837525212
3.6351083215765527,3.6351083215765527
3.630755607325545,3.630755607325545
3.6265165316995702,3.6265165316995702
3.622392958171381,3.622392958171381
3.618386777398266,3.618386777398266
3.614499907878212,3.614499907878212
3.6107342966235763,3.6107342966235763
3.6070919198529188,3.6070919198529188
3.603574783701685,3.603574783701685
3.600184924952269,3.600184924952269
3.5969244117843884,3.5969244117843884
3.5937953445462254,3.5937953445462254
3.5907998565473855,3.5907998565473855
3.587940114874195,3.587940114874195
3.585218321228317,3.585218321228317
3.5826367127895162,3.5826367127895162
3.58019756310341,3.58019756310341
3.577903182995189,3.577903182995189
3.5757559215102006,3.5757559215102006
3.5737581668825005,3.5737581668825005
3.5719123475323604,3.5719123475323604
3.570220933093794,3.570220933093794
3.5686864354732393,3.5686864354732393
3.5673114099407526,3.5673114099407526
3.5660984562546476,3.5660984562546476
3.5650502198212832,3.5650502198212832
3.5641693928908182,3.5641693928908182
3.5634587157908593,3.5634587157908593
3.56292097819931,3.56292097819931
3.5625590204576936,3.5625590204576936
3.5623757349269374,3.5623757349269374
3.5623740673871707,3.5623740673871707
3.562557018483276,3.562557018483276
3.5629276452179317,3.5629276452179317
3.5634890624943845,3.5634890624943845
3.5642444447106083,3.5642444447106083
3.565197027407372,3.565197027407372
3.5663501089719505,3.5663501089719505
3.5677070524003494,3.5677070524003494
3.569271287120019,3.569271287120019
3.571046310875917,3.571046310875917
3.5730356916824775,3.5730356916824775
3.5752430698443627,3.5752430698443627
3.5776721600489276,3.5776721600489276
3.5803267535335044,3.5803267535335044
3.583210720330867,3.583210720330867
3.586328011596123,3.586328011596123
3.589682662018877,3.589682662018877
3.5932787923243774,3.5932787923243774
3.5971206118675143,3.5971206118675143
3.601212421324065,3.601212421324065
3.605558615483619,3.605558615483619
3.610163686148727,3.610163686148727
3.6150322251452955,3.6150322251452955
3.6201689274493702,3.6201689274493702
3.625578594435863,3.625578594435863
3.631266137254972,3.631266137254972
3.6372365803422975,3.6372365803422975
3.643495065069299,3.643495065069299
3.65004685354073,3.65004685354073
3.656897332546319,3.656897332546319
3.664052017674413,3.664052017674413
3.6715165575953206,3.6715165575953206
3.6792967385233757,3.6792967385233757
3.687398488866271,3.687398488866271
3.6958278840716066,3.6958278840716066
3.7045911516804546,3.7045911516804546
3.7136946765990304,3.7136946765990304
3.723145006599683,3.723145006599683
3.7329488580633927,3.7329488580633927
3.743113121976509,3.743113121976509
3.7536448701958247,3.7536448701958247
3.764551361995894,3.764551361995894
3.775840050914702,3.775840050914702
3.787518591913671,3.787518591913671
3.799594848869884,3.799594848869884
3.812076902419085,3.812076902419085
3.8249730581694266,3.8249730581694266
3.838291855307023,3.838291855307023
3.8520420756165046,3.8520420756165046
3.8662327529404577,3.8662327529404577
3.8808731831036543,3.8808731831036543
3.895972934330131,3.895972934330131
3.911541858182415,3.911541858182415
3.927590101055133,3.927590101055133
3.944128116256751,3.944128116256751
3.961166676716053,3.961166676716053
3.978716888352748,3.978716888352748
3.9967902041543186,3.9967902041543186
4.015398439004175,4.015398439004175
4.034553785310166,4.034553785310166
4.0542688294857285,4.0542688294857285
4.074556569340168,4.074556569340168
4.095430432439092,4.095430432439092
4.116904295500688,4.116904295500688
4.138992504898851,4.138992504898851
4.161709898349992,4.161709898349992
4.185071827866519,4.185071827866519
4.209094184066827,4.209094184066827
4.233793421939517,4.233793421939517
4.2591865881672515,4.2591865881672515
4.285291350125421,4.285291350125421
4.312126026680032,4.312126026680032
4.339709620921004,4.339709620921004
4.36806185497864,4.36806185497864
4.397203207084333,4.397203207084333
4.427154951051973,4.427154951051973
4.4579391983720456,4.4579391983720456
4.489578943129327,4.489578943129327
4.522098109973963,4.522098109973963
4.555521605399621,4.555521605399621
4.589875372605474,4.589875372605474
4.625186450247703,4.625186450247703
4.661483035416029,4.661483035416029
4.698794551205596,4.698794551205596
4.7371517192929495,4.7371517192929495
4.776586637967785,4.776586637967785
4.817132866120218,4.817132866120218
4.858825513738202,4.858825513738202
4.901701339530478,4.901701339530478
4.945798856359316,4.945798856359316
4.991158445245958,4.991158445245958
5.037822478798903,5.037822478798903
5.0858354550164915,5.0858354550164915
5.13524414252864,5.13524414252864
5.186097738472049,5.186097738472049
5.238448040341879,5.238448040341879
5.292349633332659,5.292349633332659
5.347860094875031,5.347860094875031
5.40504021829882,5.40504021829882
5.463954257811258,5.463954257811258
5.524670197276277,5.524670197276277
5.587260045626581,5.587260045626581
5.6518001621405105,5.6518001621405105
5.718371615284244,5.718371615284244
5.787060579364635,5.787060579364635
5.857958773879458,5.857958773879458
5.931163951204548,5.931163951204548
6.00678043914584,6.00678043914584
6.084919745937672,6.084919745937672
6.165701236519569,6.165701236519569
6.249252890416949,6.249252890416949
6.335712153339448,6.335712153339448
6.425226896763332,6.425226896763332
6.517956502363936,6.517956502363936
6.614073091321183,6.614073091321183
6.713762922370702,6.713762922370702
6.8172279871943955,6.8172279871943955
6.924687837563194,6.924687837563194
7.036381685855801,7.036381685855801
7.15257082957297,7.15257082957297
7.273541461751636,7.273541461751636
7.399607943441788,7.399607943441788
7.53111663254635,7.53111663254635
7.668450386575685,7.668450386575685
7.812033886910636,7.812033886910636
7.96233997132109,7.96233997132109
8.11989721297953,8.11989721297953
8.28529905259733,8.28529905259733
8.45921488210409,8.45921488210409
8.642403602895811,8.642403602895811
8.83573035291921,8.83573035291921
9.040187335338565,9.040187335338565
9.256920018493743,9.256920018493743
9.487260460560746,9.487260460560746
9.732770218823118,9.732770218823118
9.995296355302715,9.995296355302715
10.277045650029507,10.277045650029507
10.58068462377595,10.58068462377595
10.909476954120425,10.909476954120425
11.267476429045736,11.267476429045736
11.659804765798697,11.659804765798697
12.093063452069869,12.093063452069869
12.57596557371052,12.57596557371052
13.120345713888039,13.120345713888039
13.742856819438979,13.742856819438979
14.468004504599651,14.468004504599651
15.334024964981056,15.334024964981056
16.40555940240811,16.40555940240811
17.8054819400432,17.8054819400432
19.816390325925827,19.816390325925827
23.39200552209106,23.39200552209106
