-5.244447714275868,-5.244447714275868
-5.253690542244804,-5.253690542244804
-5.2612182826703435,-5.2612182826703435
-5.267096561585954,-5.267096561585954
-5.27138870511943,-5.27138870511943
-5.274155811095758,-5.274155811095758
-5.27545681873303,-5.27545681873303
-5.2753485764727515,-5.2753485764727515
-5.273885907985263,-5.273885907985263
-5.271121676390221,-5.271121676390221
-5.267106846731524,-5.267106846731524
-5.261890546745288,-5.261890546745288
-5.255520125958957,-5.255520125958957
-5.2480412131588485,-5.2480412131588485
-5.239497772262906,-5.239497772262906
-5.229932156634729,-5.229932156634729
-5.219385161874355,-5.219385161874355
-5.207896077120663,-5.207896077120663
-5.1955027348996055,-5.1955027348996055
-5.1822415595519455,-5.1822415595519455
-5.16814761427351,-5.16814761427351
-5.153254646800451,-5.153254646800451
-5.137595133771344,-5.137595133771344
-5.12120032379747,-5.12120032379747
-5.104100279271969,-5.104100279271969
-5.086323916948085,-5.086323916948085
-5.067899047316064,-5.067899047316064
-5.048852412807844,-5.048852412807844
-5.029209724858011,-5.029209724858011
-5.008995699849056,-5.008995699849056
-4.988234093968402,-4.988234093968402
-4.9669477370041495,-4.9669477370041495
-4.945158565105986,-4.945158565105986
-4.922887652537208,-4.922887652537208
-4.900155242443268,-4.900155242443268
-4.876980776661828,-4.876980776661828
-4.853382924598746,-4.853382924598746
-4.829379611193995,-4.829379611193995
-4.804988044001015,-4.804988044001015
-4.780224739402528,-4.780224739402528
-4.755105547985422,-4.755105547985422
-4.729645679096794,-4.729645679096794
-4.703859724602855,-4.703859724602855
-4.677761681871918,-4.677761681871918
-4.651364976002281,-4.651364976002281
-4.62468248131535,-4.62468248131535
-4.597726542133983,-4.597726542133983
-4.570508992865545,-4.570508992865545
-4.543041177408832,-4.543041177408832
-4.51533396790353,-4.51533396790353
-4.487397782840568,-4.487397782840568
-4.459242604551237,-4.459242604551237
-4.430877996092635,-4.430877996092635
-4.4023131175465835,-4.4023131175465835
-4.373556741748779,-4.373556741748779
-4.34461726946455,-4.34461726946455
-4.315502744027328,-4.315502744027328
-4.28622086545543,-4.28622086545543
-4.256779004062514,-4.256779004062514
-4.227184213576668,-4.227184213576668
-4.1974432437827645,-4.1974432437827645
-4.167562552702365,-4.167562552702365
-4.137548318325132,-4.137548318325132
-4.107406449905391,-4.107406449905391
-4.077142598837128,-4.077142598837128
-4.046762169120443,-4.046762169120443
-4.0162703274321006,-4.0162703274321006
-3.9856720128125964,-3.9856720128125964
-3.95497194598178,-3.95497194598178
-3.9241746382948053,-3.9241746382948053
-3.8932844003499265,-3.8932844003499265
-3.862305350259296,-3.862305350259296
-3.831241421593713,-3.831241421593713
-3.8000963710119424,-3.8000963710119424
-3.7688737855849754,-3.7688737855849754
-3.73757708982534,-3.73757708982534
-3.7062095524312912,-3.7062095524312912
-3.6747742927554623,-3.6747742927554623
-3.6432742870073094,-3.6432742870073094
-3.611712374198415,-3.611712374198415
-3.5800912618395073,-3.5800912618395073
-3.54841353139777,-3.54841353139777
-3.51668164352281,-3.51668164352281
-3.4848979430494182,-3.4848979430494182
-3.4530646637850193,-3.4530646637850193
-3.421183933089502,-3.421183933089502
-3.389257776254876,-3.389257776254876
-3.3572881206920315,-3.3572881206920315
-3.3252767999316237,-3.3252767999316237
-3.2932255574459246,-3.2932255574459246
-3.261136050298288,-3.261136050298288
-3.2290098526266444,-3.2290098526266444
-3.1968484589673034,-3.1968484589673034
-3.164653287425085,-3.164653287425085
-3.1324256826956924,-3.1324256826956924
-3.1001669189459746,-3.1001669189459746
-3.0678782025576394,-3.0678782025576394
-3.0355606747397155,-3.0355606747397155
-3.003215414014964,-3.003215414014964
-2.9708434385852303,-2.9708434385852303
-2.938445708580592,-2.938445708580592
-2.9060231281969657,-2.9060231281969657
-2.8735765477267305,-2.8735765477267305
-2.841106765486729,-2.841106765486729
-2.808614529647866,-2.808614529647866
-2.776100539970417,-2.776100539970417
-2.7435654494489725,-2.7435654494489725
-2.711009865870823,-2.711009865870823
-2.678434353291461,-2.678434353291461
-2.6458394334307456,-2.6458394334307456
-2.613225586993129,-2.613225586993129
-2.5805932549152386,-2.5805932549152386
-2.547942839543985,-2.547942839543985
-2.5152747057482285,-2.5152747057482285
-2.482589181966947,-2.482589181966947
-2.4498865611967213,-2.4498865611967213
-2.4171671019212337,-2.4171671019212337
-2.3844310289854036,-2.3844310289854036
-2.351678534416629,-2.351678534416629
-2.318909778195555,-2.318909778195555
-2.2861248889786574,-2.2861248889786574
-2.253323964774831,-2.253323964774831
-2.220507073578109,-2.220507073578109
-2.1876742539585297,-2.1876742539585297
-2.1548255156130653,-2.1548255156130653
-2.121960839878471,-2.121960839878471
-2.08908018020782,-2.08908018020782
-2.0561834626123945,-2.0561834626123945
-2.0232705860705407,-2.0232705860705407
-1.9903414229050251,-1.9903414229050251
-1.9573958191303316,-1.9573958191303316
-1.9244335947712965,-1.9244335947712965
-1.8914545441543993,-1.8914545441543993
-1.8584584361729326,-1.8584584361729326
-1.82544501452728,-1.82544501452728
-1.7924139979413758,-1.7924139979413758
-1.7593650803564511,-1.7593650803564511
-1.7262979311030389,-1.7262979311030389
-1.6932121950522043,-1.6932121950522043
-1.660107492746886,-1.660107492746886
-1.6269834205141915,-1.6269834205141915
-1.5938395505594392,-1.5938395505594392
-1.5606754310426794,-1.5606754310426794
-1.5274905861384036,-1.5274905861384036
-1.4942845160790799,-1.4942845160790799
-1.4610566971831211,-1.4610566971831211
-1.427806581867856,-1.427806581867856
-1.3945335986480174,-1.3945335986480174
-1.3612371521202387,-1.3612371521202387
-1.3279166229339978,-1.3279166229339978
-1.294571367749427,-1.294571367749427
-1.2612007191823578,-1.2612007191823578
-1.2278039857369414,-1.2278039857369414
-1.194380451726165,-1.194380451726165
-1.1609293771805305,-1.1609293771805305
-1.1274499977451558,-1.1274499977451558
-1.0939415245655113,-1.0939415245655113
-1.0604031441619908,-1.0604031441619908
-1.026834018293486,-1.026834018293486
-0.9932332838100979,-0.9932332838100979
-0.9596000524951168,-0.9596000524951168
-0.9259334108963528,-0.9259334108963528
-0.8922324201468992,-0.8922324201468992
-0.858496115775373,-0.858496115775373
-0.8247235075056678,-0.8247235075056678
-0.7909135790462257,-0.7909135790462257
-0.7570652878688248,-0.7570652878688248
-0.7231775649768457,-0.7231775649768457
-0.6892493146629833,-0.6892493146629833
-0.6552794142563316,-0.6552794142563316
-0.6212667138587677,-0.6212667138587677
-0.5872100360705361,-0.5872100360705361
-0.5531081757049269,-0.5531081757049269
-0.5189598994919133,-0.5189598994919133
-0.48476394577061455,-0.48476394577061455
-0.4505190241704206,-0.4505190241704206
-0.4162238152806131,-0.4162238152806131
-0.3818769703082947,-0.3818769703082947
-0.3474771107244259,-0.3474771107244259
-0.3130228278977595,-0.3130228278977595
-0.278512682716444,-0.278512682716444
-0.24394520519705343,-0.24394520519705343
-0.2093188940807927,-0.2093188940807927
-0.1746322164166071,-0.1746322164166071
-0.13988360713091505,-0.13988360713091505
-0.10507146858366835,-0.10507146858366835
-0.07019417011042826,-0.07019417011042826
-0.035250047550135215,-0.035250047550135215
-0.0002374027582292236,-0.0002374027582292236
0.03484549689522871,0.03484549689522871
0.07000041904280722,0.07000041904280722
0.10522916685271065,0.10522916685271065
0.14053357957794183,0.14053357957794183
0.1759155331220393,0.1759155331220393
0.21137694062182463,0.21137694062182463
0.24691975304761077,0.24691975304761077
0.28254595982134356,0.28254595982134356
0.3182575894531655,0.3182575894531655
0.3540567101969112,0.3540567101969112
0.3899454307250641,0.3899454307250641
0.4259259008237256,0.4259259008237256
0.4620003121081698,0.4620003121081698
0.49817089875957804,0.49817089875957804
0.5344399382835758,0.5344399382835758
0.5708097522912139,0.5708097522912139
0.6072827073030643,0.6072827073030643
0.6438612155771299,0.6438612155771299
0.6805477359612907,0.6805477359612907
0.7173447747710417,0.7173447747710417
0.7542548866933084,0.7542548866933084
0.7912806757171527,0.7912806757171527
0.8284247960922211,0.8284247960922211
0.8656899533158167,0.8656899533158167
0.9030789051495142,0.9030789051495142
0.940594462666273,0.940594462666273
0.9782394913290421,0.9782394913290421
1.0160169121018918,1.0160169121018918
1.0539297025947463,1.0539297025947463
1.091980898242834,1.091980898242834
1.1301735935220238,1.1301735935220238
1.1685109432012513,1.1685109432012513
1.206996163633293,1.206996163633293
1.245632534085199,1.245632534085199
1.284423398109742,1.284423398109742
1.3233721649592902,1.3233721649592902
1.362482311043584,1.362482311043584
1.4017573814329245,1.4017573814329245
1.4412009914083772,1.4412009914083772
1.4808168280606198,1.4808168280606198
1.5206086519391617,1.5206086519391617
1.5605802987536908,1.5605802987536908
1.6007356811294076,1.6007356811294076
1.6410787904182507,1.6410787904182507
1.6816136985680015,1.6816136985680015
1.7223445600513287,1.7223445600513287
1.7632756138569072,1.7632756138569072
1.804411185544831,1.804411185544831
1.8457556893686164,1.8457556893686164
1.8873136304661768,1.8873136304661768
1.9290896071222403,1.9290896071222403
1.9710883131047683,1.9710883131047683
2.013314540078022,2.013314540078022
2.05577318009503,2.05577318009503
2.0984692281722848,2.0984692281722848
2.1414077849496342,2.1414077849496342
2.1845940594383806,2.1845940594383806
2.2280333718607768,2.2280333718607768
2.271731156584141,2.271731156584141
2.3156929651529947,2.3156929651529947
2.359924469422683,2.359924469422683
2.404431464798094,2.404431464798094
2.449219873581212,2.449219873581212
2.4942957484313184,2.4942957484313184
2.5396652759418497,2.5396652759418497
2.585334780337999,2.585334780337999
2.631310727299302,2.631310727299302
2.6775997279115837,2.6775997279115837
2.724208542752775,2.724208542752775
2.771144086117264,2.771144086117264
2.8184134303835786,2.8184134303835786
2.866023810530365,2.866023810530365
2.913982628805753,2.913982628805753
2.9622974595553946,2.9622974595553946
3.010976054214578,3.010976054214578
3.060026346470037,3.060026346470037
3.1094564575971733,3.1094564575971733
3.1592747019786804,3.1592747019786804
3.2094895928105993,3.2094895928105993
3.2601098480021715,3.2601098480021715
3.311144396275889,3.311144396275889
3.362602383474448,3.362602383474448
3.414493179081424,3.414493179081424
3.4668263829627173,3.4668263829627173
3.519611832336023,3.519611832336023
3.5728596089757483,3.5728596089757483
3.626580046661042,3.626580046661042
3.6807837388748132,3.6807837388748132
3.735481546761784,3.735481546761784
3.790684607353908,3.790684607353908
3.8464043420716685,3.8464043420716685
3.9026524655099997,3.9026524655099997
3.9594409945178297,3.9594409945178297
4.016782257580466,4.016782257580466
4.074688904514285,4.074688904514285
4.133173916483425,4.133173916483425
4.1922506163484945,4.1922506163484945
4.251932679357451,4.251932679357451
4.312234144189171,4.312234144189171
4.373169424360437,4.373169424360437
4.434753320007387,4.434753320007387
4.49700103005266,4.49700103005266
4.559928164769867,4.559928164769867
4.623550758757196,4.623550758757196
4.687885284332327,4.687885284332327
4.752948665361052,4.752948665361052
4.818758291532397,4.818758291532397
4.885332033093221,4.885332033093221
4.952688256055691,4.952688256055691
5.02084583789128,5.02084583789128
5.089824183725269,5.089824183725269
5.159643243046063,5.159643243046063
5.230323526943984,5.230323526943984
5.301886125894483,5.301886125894483
5.37435272810111,5.37435272810111
5.447745638413908,5.447745638413908
5.5220877978392275,5.5220877978392275
5.597402803657365,5.597402803657365
5.6737149301647305,5.6737149301647305
5.7510491500576615,5.7510491500576615
5.829431156475389,5.829431156475389
5.908887385719958,5.908887385719958
5.989445040671407,5.989445040671407
6.0711321149168125,6.0711321149168125
6.153977417612225,6.153977417612225
6.238010599096966,6.238010599096966
6.323262177280088,6.323262177280088
6.409763564819326,6.409763564819326
6.497547097113132,6.497547097113132
6.586646061126984,6.586646061126984
6.677094725075482,6.677094725075482
6.768928368982182,6.768928368982182
6.862183316139668,6.862183316139668
6.9568969654926605,6.9568969654926605
7.053107824967556,7.053107824967556
7.150855545772194,7.150855545772194
7.250180957690073,7.250180957690073
7.351126105393847,7.351126105393847
7.453734285803262,7.453734285803262
7.558050086513289,7.558050086513289
7.664119425318688,7.664119425318688
7.771989590861686,7.771989590861686
7.881709284430037,7.881709284430037
7.993328662933187,7.993328662933187
8.106899383084833,8.106899383084833
8.22247464682068,8.22247464682068
8.340109247980717,8.340109247980717
8.459859620285895,8.459859620285895
8.581783886639691,8.581783886639691
8.705941909785437,8.705941909785437
8.832395344351093,8.832395344351093
8.961207690313515,8.961207690313515
9.09244434791493,9.09244434791493
9.226172674064927,9.226172674064927
9.362462040261827,9.362462040261827
9.501383892067942,9.501383892067942
9.643011810173764,9.643011810173764
9.787421573086835,9.787421573086835
9.934691221481602,9.934691221481602
10.084901124247205,10.084901124247205
10.238134046270803,10.238134046270803
10.394475217994671,10.394475217994671
10.554012406785935,10.554012406785935
10.716835990158524,10.716835990158524
10.883039030887518,10.883039030887518
11.052717354056796,11.052717354056796
11.225969626081556,11.225969626081556
14.031571612832302,14.031571612832302
14.046492875653303,14.046492875653303
14.061960942922266,14.061960942922266
14.078317797890449,14.078317797890449
14.095868290683857,14.095868290683857
14.114891007089069,14.114891007089069
14.135645485931263,14.135645485931263
14.158377240645219,14.158377240645219
14.183321388428993,14.183321388428993
14.210705357957458,14.210705357957458
14.240750965589523,14.240750965589523
14.273676045930262,14.273676045930262
14.309695760031302,14.309695760031302
14.349023665430659,14.349023665430659
14.39187260701403,14.39187260701403
14.43845547093969,14.43845547093969
14.488985832478889,14.488985832478889
14.543678520701558,14.543678520701558
14.602750117317479,14.602750117317479
14.666419402928405,14.666419402928405
14.73490776097216,14.73490776097216
14.808439547428353,14.808439547428353
14.88724243268822,14.88724243268822
14.971547720720336,14.971547720720336
15.06159064968361,15.06159064968361
15.157610677376255,15.157610677376255
15.259851754309038,15.259851754309038
15.36856258671617,15.36856258671617
15.483996891436718,15.483996891436718
15.606413644293676,15.606413644293676
15.736077323349516,15.736077323349516
15.873258148215122,15.873258148215122
16.018232316422484,16.018232316422484
16.171282237734797,16.171282237734797
16.332696767153116,16.332696767153116
16.502771437285105,16.502771437285105
16.6818086906605,16.6818086906605
16.870118112512305,16.870118112512305
17.06801666448534,17.06801666448534
17.275828919686436,17.275828919686436
17.493887299449945,17.493887299449945
17.722532312156595,17.722532312156595
17.962112794415667,17.962112794415667
