-7.001026412201438,-7.001026412201438
-6.990049433453611,-6.990049433453611
-6.947466648355465,-6.947466648355465
-6.893285614372831,-6.893285614372831
-6.831957636566157,-6.831957636566157
-6.7656024046418,-6.7656024046418
-6.695469427388594,-6.695469427388594
-6.622384384093217,-6.622384384093217
-6.546933869516623,-6.546933869516623
-6.469556134858077,-6.469556134858077
-6.390590977016331,-6.390590977016331
-6.3103094742876396,-6.3103094742876396
-6.228932824386041,-6.228932824386041
-6.146644863286721,-6.146644863286721
-6.063600711908386,-6.063600711908386
-5.979932941396186,-5.979932941396186
-5.895756088100456,-5.895756088100456
-5.811170036080379,-5.811170036080379
-5.726262601387427,-5.726262601387427
-5.6411115405347445,-5.6411115405347445
-5.555786135087364,-5.555786135087364
-5.470348458591132,-5.470348458591132
-5.384854401629571,-5.384854401629571
-5.299354510078761,-5.299354510078761
-5.213894677233482,-5.213894677233482
-5.128516720289759,-5.128516720289759
-5.043258864339569,-5.043258864339569
-4.958156151681216,-4.958156151681216
-4.873240790286592,-4.873240790286592
-4.788542452296448,-4.788542452296448
-4.704088531162713,-4.704088531162713
-4.619904364330891,-4.619904364330891
-4.536013427019921,-4.536013427019921
-4.45243750161362,-4.45243750161362
-4.369196826356162,-4.369196826356162
-4.286310226391711,-4.286310226391711
-4.203795229666471,-4.203795229666471
-4.121668169791272,-4.121668169791272
-4.039944277622045,-4.039944277622045
-3.9586377630376934,-3.9586377630376934
-3.877761888166876,-3.877761888166876
-3.7973290331271157,-3.7973290331271157
-3.7173507551837135,-3.7173507551837135
-3.637837842105988,-3.637837842105988
-3.5588003603895366,-3.5588003603895366
-3.4802476989217284,-3.4802476989217284
-3.402188608590349,-3.402188608590349
-3.324631238269824,-3.324631238269824
-3.247583167563631,-3.247583167563631
-3.171051436633885,-3.171051436633885
-3.0950425734082176,-3.0950425734082176
-3.0195626184189104,-3.0195626184189104
-2.944617147498895,-2.944617147498895
-2.870211292532975,-2.870211292532975
-2.796349760439776,-2.796349760439776
-2.723036850540059,-2.723036850540059
-2.6502764704496737,-2.6502764704496737
-2.5780721506201685,-2.5780721506201685
-2.506427057636742,-2.506427057636742
-2.4353440063714014,-2.4353440063714014
-2.364825471078815,-2.364825471078815
-2.2948735955130988,-2.2948735955130988
-2.2254902021356044,-2.2254902021356044
-2.1566768004765398,-2.1566768004765398
-2.088434594706319,-2.088434594706319
-2.0207644904679727,-2.0207644904679727
-1.9536671010146225,-1.9536671010146225
-1.8871427526933806,-1.8871427526933806
-1.8211914898115584,-1.8211914898115584
-1.7558130789176107,-1.7558130789176107
-1.6910070125256633,-1.6910070125256633
-1.6267725123093149,-1.6267725123093149
-1.5631085317874371,-1.5631085317874371
-1.5000137585220343,-1.5000137585220343
-1.4374866158457387,-1.4374866158457387
-1.375525264134211,-1.375525264134211
-1.314127601636598,-1.314127601636598
-1.253291264875172,-1.253291264875172
-1.1930136286234247,-1.1930136286234247
-1.1332918054700913,-1.1332918054700913
-1.074122644974897,-1.074122644974897
-1.0155027324202122,-1.0155027324202122
-0.9574283871612275,-0.9574283871612275
-0.8998956605757775,-0.8998956605757775
-0.8429003336134543,-0.8429003336134543
-0.7864379139422264,-0.7864379139422264
-0.7305036326893397,-0.7305036326893397
-0.6750924407718885,-0.6750924407718885
-0.6201990048109849,-0.6201990048109849
-0.5658177026220854,-0.5658177026220854
-0.5119426182725214,-0.5119426182725214
-0.4585675366958735,-0.4585675366958735
-0.4056859378512522,-0.4056859378512522
-0.35329099041404527,-0.35329099041404527
-0.3013755449830299,-0.3013755449830299
-0.24993212678710547,-0.24993212678710547
-0.1989529278731095,-0.1989529278731095
-0.14842979875436924,-0.14842979875436924
-0.09835423949766445,-0.09835423949766445
-0.04871739022424619,-0.04871739022424619
0.0004899790016336345,0.0004899790016336345
0.0492774789255457,0.0492774789255457
0.09765511252839021,0.09765511252839021
0.1456332871585639,0.1456332871585639
0.1932228274075915,0.1932228274075915
0.24043498876907016,0.24043498876907016
0.28728147212404187,0.28728147212404187
0.33377443909943244,0.33377443909943244
0.37992652835000174,0.37992652835000174
0.4257508728183668,0.4257508728183668
0.47126111803211235,0.47126111803211235
0.5164714415018327,0.5164714415018327
0.5613965732892101,0.5613965732892101
0.6060518178199371,0.6060518178199371
0.6504530770225062,0.6504530770225062
0.6946168748806939,0.6946168748806939
0.7385603834949247,0.7385603834949247
0.7823014507558937,0.7823014507558937
0.825858629742562,0.825858629742562
0.8692512099664921,0.8692512099664921
0.9124992505950628,0.9124992505950628
0.9556236157978808,0.9556236157978808
0.9986460123735834,0.9986460123735834
1.041589029828458,1.041589029828458
1.0844761830939704,1.0844761830939704
1.127331958087642,1.127331958087642
1.1701818603408605,1.1701818603408605
1.2130524669384588,1.2130524669384588
1.2559714820384382,1.2559714820384382
1.2989677962663777,1.2989677962663777
1.3420715503081888,1.3420715503081888
1.3853142030572925,1.3853142030572925
1.428728604708496,1.428728604708496
1.4723490752312935,1.4723490752312935
1.5162114887005944,1.5162114887005944
1.5603533640136418,1.5603533640136418
1.6048139625789426,1.6048139625789426
1.6496343936271622,1.6496343936271622
1.6948577278663,1.6948577278663
1.7405291202850834,1.7405291202850834
1.7866959430010623,1.7866959430010623
1.8334079291544556,1.8334079291544556
1.8807173289680839,1.8807173289680839
1.9286790792289428,1.9286790792289428
1.9773509876017747,1.9773509876017747
2.0267939333615925,2.0267939333615925
2.07707208633472,2.07707208633472
2.1282531460706045,2.1282531460706045
2.180408603534606,2.180408603534606
2.2336140279214085,2.2336140279214085
2.2879493815468708,2.2879493815468708
2.3434993661919803,2.3434993661919803
2.400353804756661,2.400353804756661
2.4586080626465034,2.4586080626465034
2.518363513977642,2.518363513977642
2.5797280584630515,2.5797280584630515
2.642816695760988,2.642816695760988
2.707752165151785,2.707752165151785
2.7746656596982064,2.7746656596982064
2.843697625581227,2.843697625581227
2.9149986591421184,2.9149986591421184
2.988730516372102,2.988730516372102
3.0650672522585913,3.0650672522585913
3.144196510632749,3.144196510632749
3.226320989104937,3.226320989104937
3.3116601085031343,3.3116601085031343
3.4004519221733345,3.4004519221733345
3.4929553078614157,3.4929553078614157
3.5894524940626997,3.5894524940626997
3.6902519842152985,3.6902519842152985
3.7956919566090375,3.7956919566090375
3.9061442363009617,3.9061442363009617
4.022018958906283,4.022018958906283
4.143770076558634,4.143770076558634
4.2719018959268285,4.2719018959268285
4.406976890171367,4.406976890171367
4.549625095674656,4.549625095674656
4.7005554967746725,4.7005554967746725
4.860569926947297,4.860569926947297
5.030580186654251,5.030580186654251
5.211629316843182,5.211629316843182
5.404918303786424,5.404918303786424
5.611839973247208,5.611839973247208
5.83402253481713,5.83402253481713
6.073386281133217,6.073386281133217
6.33221852989469,6.33221852989469
6.613274354644919,6.613274354644919
6.91991456794963,6.91991456794963
7.2562988523174266,7.2562988523174266
7.6276628555712644,7.6276628555712644
8.04072734619124,8.04072734619124
8.504323127819882,8.504323127819882
9.030384762031057,9.030384762031057
9.635610145734717,9.635610145734717
10.34440633735279,10.34440633735279
11.194543331518183,11.194543331518183
12.249196148323199,12.249196148323199
13.626658771605772,13.626658771605772
15.592442202010375,15.592442202010375
18.99596634356667,18.99596634356667
