-5.2643378659645474,-5.2643378659645474
-5.285946855215692,-5.285946855215692
-5.305451313598236,-5.305451313598236
-5.322929617346434,-5.322929617346434
-5.338457395950056,-5.338457395950056
-5.352107617668655,-5.352107617668655
-5.363950672768406,-5.363950672768406
-5.374054454530884,-5.374054454530884
-5.382484438082376,-5.382484438082376
-5.3893037570915086,-5.3893037570915086
-5.394573278382127,-5.394573278382127
-5.3983516745076585,-5.3983516745076585
-5.400695494332302,-5.400695494332302
-5.401659231663721,-5.401659231663721
-5.401295391981056,-5.401295391981056
-5.399654557301406,-5.399654557301406
-5.396785449227106,-5.396785449227106
-5.392734990215439,-5.392734990215439
-5.387548363111692,-5.387548363111692
-5.381269068985686,-5.381269068985686
-5.373938983311296,-5.373938983311296
-5.365598410527697,-5.365598410527697
-5.356286137020389,-5.356286137020389
-5.346039482559415,-5.346039482559415
-5.334894350231441,-5.334894350231441
-5.322885274901767,-5.322885274901767
-5.3100454702416044,-5.3100454702416044
-5.29640687435538,-5.29640687435538
-5.282000194042112,-5.282000194042112
-5.2668549477243225,-5.2668549477243225
-5.250999507077275,-5.250999507077275
-5.234461137390756,-5.234461137390756
-5.217266036694967,-5.217266036694967
-5.199439373681498,-5.199439373681498
-5.181005324449779,-5.181005324449779
-5.161987108108787,-5.161987108108787
-5.142407021263234,-5.142407021263234
-5.122286471412859,-5.122286471412859
-5.10164600929291,-5.10164600929291
-5.080505360183328,-5.080505360183328
-5.058883454213594,-5.058883454213594
-5.03679845568967,-5.03679845568967
-5.0142677914689155,-5.0142677914689155
-4.991308178408348,-4.991308178408348
-4.967935649911073,-4.967935649911073
-4.944165581595229,-4.944165581595229
-4.920012716109256,-4.920012716109256
-4.895491187116812,-4.895491187116812
-4.8706145424741685,-4.8706145424741685
-4.84539576662244,-4.84539576662244
-4.8198473022165045,-4.8198473022165045
-4.793981071012015,-4.793981071012015
-4.767808494031455,-4.767808494031455
-4.741340511029687,-4.741340511029687
-4.714587599279046,-4.714587599279046
-4.687559791693563,-4.687559791693563
-4.660266694311448,-4.660266694311448
-4.632717503154575,-4.632717503154575
-4.604921020483259,-4.604921020483259
-4.5768856704641845,-4.5768856704641845
-4.548619514269001,-4.548619514269001
-4.5201302646206,-4.5201302646206
-4.4914252998037805,-4.4914252998037805
-4.462511677156566,-4.462511677156566
-4.433396146058059,-4.433396146058059
-4.404085160428375,-4.404085160428375
-4.37458489075577,-4.37458489075577
-4.344901235665749,-4.344901235665749
-4.315039833046586,-4.315039833046586
-4.2850060707453,-4.2850060707453
-4.254805096847798,-4.254805096847798
-4.224441829556601,-4.224441829556601
-4.193920966679115,-4.193920966679115
-4.163246994739238,-4.163246994739238
-4.132424197724611,-4.132424197724611
-4.101456665481625,-4.101456665481625
-4.070348301769911,-4.070348301769911
-4.0391028319877575,-4.0391028319877575
-4.007723810579596,-4.007723810579596
-3.976214628136406,-3.976214628136406
-3.9445785181995707,-3.9445785181995707
-3.912818563778469,-3.912818563778469
-3.8809377035917754,-3.8809377035917754
-3.848938738042182,-3.848938738042182
-3.8168243349339863,-3.8168243349339863
-3.78459703494271,-3.78459703494271
-3.7522592568456696,-3.7522592568456696
-3.719813302522155,-3.719813302522155
-3.687261361731635,-3.687261361731635
-3.6546055166781386,-3.6546055166781386
-3.621847746368756,-3.621847746368756
-3.5889899307739306,-3.5889899307739306
-3.556033854797024,-3.556033854797024
-3.522981212060367,-3.522981212060367
-3.489833608514825,-3.489833608514825
-3.4565925658796677,-3.4565925658796677
-3.4232595249193314,-3.4232595249193314
-3.3898358485634565,-3.3898358485634565
-3.356322824876369,-3.356322824876369
-3.322721669881989,-3.322721669881989
-3.2890335302499483,-3.2890335302499483
-3.2552594858485167,-3.2552594858485167
-3.221400552169736,-3.221400552169736
-3.1874576826320027,-3.1874576826320027
-3.1534317707651423,-3.1534317707651423
-3.119323652282856,-3.119323652282856
-3.0851341070472555,-3.0851341070472555
-3.0508638609300154,-3.0508638609300154
-3.016513587574557,-3.016513587574557
-2.982083910063452,-2.982083910063452
-2.9475754024951613,-2.9475754024951613
-2.912988591474,-2.912988591474
-2.8783239575171353,-2.8783239575171353
-2.8435819363822343,-2.8435819363822343
-2.808762920319278,-2.808762920319278
-2.7738672592498954,-2.7738672592498954
-2.738895261877457,-2.738895261877457
-2.7038471967310365,-2.7038471967310365
-2.6687232931462117,-2.6687232931462117
-2.6335237421855857,-2.6335237421855857
-2.5982486975017447,-2.5982486975017447
-2.5628982761453125,-2.5628982761453125
-2.527472559320595,-2.527472559320595
-2.4919715930912356,-2.4919715930912356
-2.456395389038188,-2.456395389038188
-2.4207439248722076,-2.4207439248722076
-2.3850171450029656,-2.3850171450029656
-2.3492149610667905,-2.3492149610667905
-2.313337252414967,-2.313337252414967
-2.2773838665643975,-2.2773838665643975
-2.24135461961238,-2.24135461961238
-2.2052492966171497,-2.2052492966171497
-2.1690676519457552,-2.1690676519457552
-2.1328094095907613,-2.1328094095907613
-2.096474263457195,-2.096474263457195
-2.0600618776210706,-2.0600618776210706
-2.023571886560772,-2.023571886560772
-1.987003895362479,-1.987003895362479
-1.9503574799007775,-1.9503574799007775
-1.9136321869955206,-1.9136321869955206
-1.8768275345459398,-1.8768275345459398
-1.839943011642957,-1.839943011642957
-1.8029780786605758,-1.8029780786605758
-1.7659321673271893,-1.7659321673271893
-1.7288046807775728,-1.7288046807775728
-1.6915949935862884,-1.6915949935862884
-1.6543024517831748,-1.6543024517831748
-1.616926372851541,-1.616926372851541
-1.5794660457096523,-1.5794660457096523
-1.5419207306760274,-1.5419207306760274
-1.504289659419054,-1.504289659419054
-1.4665720348913525,-1.4665720348913525
-1.4287670312493101,-1.4287670312493101
-1.3908737937581508,-1.3908737937581508
-1.3528914386828752,-1.3528914386828752
-1.3148190531653656,-1.3148190531653656
-1.2766556950879269,-1.2766556950879269
-1.2384003929234877,-1.2384003929234877
-1.2000521455726656,-1.2000521455726656
-1.1616099221878677,-1.1616099221878677
-1.123072661984567,-1.123072661984567
-1.0844392740398616,-1.0844392740398616
-1.0457086370784174,-1.0457086370784174
-1.0068795992458401,-1.0068795992458401
-0.9679509778695221,-0.9679509778695221
-0.9289215592069748,-0.9289215592069748
-0.8897900981816357,-0.8897900981816357
-0.8505553181061138,-0.8505553181061138
-0.8112159103928278,-0.8112159103928278
-0.7717705342519523,-0.7717705342519523
-0.7322178163765866,-0.7322178163765866
-0.6925563506150225,-0.6925563506150225
-0.6527846976299891,-0.6527846976299891
-0.6129013845447128,-0.6129013845447128
-0.5729049045756257,-0.5729049045756257
-0.5327937166515431,-0.5327937166515431
-0.4925662450190927,-0.4925662450190927
-0.4522208788341854,-0.4522208788341854
-0.41175597173928274,-0.41175597173928274
-0.3711698414262097,-0.3711698414262097
-0.33046076918424044,-0.33046076918424044
-0.28962699943316933,-0.28962699943316933
-0.24866673924106378,-0.24866673924106378
-0.2075781578263784,-0.2075781578263784
-0.1663593860440932,-0.1663593860440932
-0.12500851585552167,-0.12500851585552167
-0.08352359978142017,-0.08352359978142017
-0.041902650338008746,-0.041902650338008746
-0.000143639455498662,-0.000143639455498662
0.04175550212129429,0.04175550212129429
0.08379688545069484,0.08379688545069484
0.12598266403073008,0.12598266403073008
0.16831503445498622,0.16831503445498622
0.2107962370882607,0.2107962370882607
0.25342855676252896,0.25342855676252896
0.29621432349376486,0.29621432349376486
0.3391559132201778,0.3391559132201778
0.38225574856245237,0.38225574856245237
0.4255162996065968,0.4255162996065968
0.4689400847100341,0.4689400847100341
0.5125296713315941,0.5125296713315941
0.5562876768860895,0.5562876768860895
0.6002167696241886,0.6002167696241886
0.6443196695383243,0.6443196695383243
0.6885991492954083,0.6885991492954083
0.7330580351971525,0.7330580351971525
0.7776992081688289,0.7776992081688289
0.8225256047773337,0.8225256047773337
0.8675402182794592,0.8675402182794592
0.9127460997013039,0.9127460997013039
0.9581463589498053,0.9581463589498053
1.0037441659573978,1.0037441659573978
1.0495427518608609,1.0495427518608609
1.0955454102154467,1.0955454102154467
1.1417554982454319,1.1417554982454319
1.188176438132282,1.188176438132282
1.2348117183416576,1.2348117183416576
1.281664894990554,1.281664894990554
1.3287395932559016,1.3287395932559016
1.3760395088260235,1.3760395088260235
1.4235684093963912,1.4235684093963912
1.4713301362111777,1.4713301362111777
1.5193286056521744,1.5193286056521744
1.5675678108766924,1.5675678108766924
1.6160518235061325,1.6160518235061325
1.6647847953669834,1.6647847953669834
1.7137709602860631,1.7137709602860631
1.7630146359418992,1.7630146359418992
1.8125202257742181,1.8125202257742181
1.8622922209535746,1.8622922209535746
1.912335202413254,1.912335202413254
1.9626538429456382,1.9626538429456382
2.0132529093653284,2.0132529093653284
2.06413726474139,2.06413726474139
2.1153118707011807,2.1153118707011807
2.1667817898083177,2.1667817898083177
2.2185521880174277,2.2185521880174277
2.270628337208425,2.270628337208425
2.32301561780316,2.32301561780316
2.375719521467394,2.375719521467394
2.428745653901149,2.428745653901149
2.4820997377206013,2.4820997377206013
2.535787615434794,2.535787615434794
2.589815252520569,2.589815252520569
2.644188740599228,2.644188740599228
2.6989143007185574,2.6989143007185574
2.7539982867439887,2.7539982867439887
2.809447188862778,2.809447188862778
2.865267637205238,2.865267637205238
2.9214664055871795,2.9214664055871795
2.9780504153778744,2.9780504153778744
3.0350267394979724,3.0350267394979724
3.092402606551989,3.092402606551989
3.150185405100085,3.150185405100085
3.208382688074063,3.208382688074063
3.267002177342626,3.267002177342626
3.3260517684311295,3.3260517684311295
3.3855395354012177,3.3855395354012177
3.445473735895901,3.445473735895901
3.505862816355824,3.505862816355824
3.5667154174126257,3.5667154174126257
3.6280403794655007,3.6280403794655007
3.689846748447256,3.689846748447256
3.752143781786323,3.752143781786323
3.8149409545714263,3.8149409545714263
3.878247965925766,3.878247965925766
3.9420747455978113,3.9420747455978113
4.006431460775978,4.006431460775978
4.071328523134729,4.071328523134729
4.1367765961197875,4.1367765961197875
4.202786602480429,4.202786602480429
4.2693697320570365,4.2693697320570365
4.336537449832317,4.336537449832317
4.404301504254831,4.404301504254831
4.472673935843724,4.472673935843724
4.541667086083814,4.541667086083814
4.6112936066204,4.6112936066204
4.681566468763465,4.681566468763465
4.75249897331117,4.75249897331117
4.824104760702839,4.824104760702839
4.896397821511845,4.896397821511845
4.9693925072891965,4.9693925072891965
5.043103541768776,5.043103541768776
5.1175460324455635,5.1175460324455635
5.1927354825384535,5.1927354825384535
5.268687803349542,5.268687803349542
5.345419327032102,5.345419327032102
5.422946819779761,5.422946819779761
5.50128749544971,5.50128749544971
5.580459029633103,5.580459029633103
5.660479574186123,5.660479574186123
5.741367772235539,5.741367772235539
5.8231427736729025,5.8231427736729025
5.905824251151897,5.905824251151897
5.989432416603673,5.989432416603673
6.073988038285406,6.073988038285406
6.159512458377632,6.159512458377632
6.246027611146311,6.246027611146311
6.333556041685945,6.333556041685945
6.422120925260439,6.422120925260439
6.511746087258806,6.511746087258806
6.602456023783199,6.602456023783199
6.6942759228871545,6.6942759228871545
6.787231686482346,6.787231686482346
6.881349952932535,6.881349952932535
6.976658120353882,6.976658120353882
7.073184370641139,7.073184370641139
7.1709576942397275,7.1709576942397275
7.270007915684139,7.270007915684139
7.370365719923506,7.370365719923506
7.472062679455703,7.472062679455703
7.575131282291746,7.575131282291746
7.679604960772771,7.679604960772771
7.785518121262293,7.785518121262293
7.892906174736983,7.892906174736983
8.001805568299659,8.001805568299659
8.112253817638694,8.112253817638694
8.22428954045853,8.22428954045853
8.337952490906504,8.337952490906504
8.453283595021773,8.453283595021773
8.570324987232466,8.570324987232466
8.689120047928013,8.689120047928013
8.809713442133821,8.809713442133821
8.93215115931628,8.93215115931628
9.056480554346452,9.056480554346452
9.182750389651504,9.182750389651504
9.311010878583337,9.311010878583337
9.441313730034675,9.441313730034675
9.573712194333234,9.573712194333234
9.708261110445324,9.708261110445324
9.845016954520808,9.845016954520808
9.98403788981191,9.98403788981191
10.125383817999058,10.125383817999058
10.269116431957471,10.269116431957471
10.41529926999893,10.41529926999893
10.563997771623765,10.563997771623765
10.715279334818714,10.715279334818714
10.869213374937067,10.869213374937067
11.025871385198009,11.025871385198009
11.185326998842928,11.185326998842928
11.347656052987045,11.347656052987045
11.512936654205358,11.512936654205358
11.681249245892749,11.681249245892749
11.852676677438648,11.852676677438648
12.027304275257464,12.027304275257464
12.205219915716699,12.205219915716699
12.386514100005368,12.386514100005368
12.571280030986088,12.571280030986088
12.759613692075039,12.759613692075039
12.951613928194599,12.951613928194599
13.14738252884439,13.14738252884439
13.347024313337162,13.347024313337162
13.55064721824669,13.55064721824669
13.758362387115778,13.758362387115778
13.970284262473184,13.970284262473184
14.186530680209048,14.186530680209048
14.407222966359402,14.407222966359402
14.632486036350969,14.632486036350969
14.862448496758425,14.862448496758425
15.097242749627142,15.097242749627142
15.337005099415231,15.337005099415231
15.581875862609644,15.581875862609644
15.83199948007195,15.83199948007195
16.087524632170197,16.087524632170197
16.3486043567544,16.3486043567544
16.61539617003384,16.61539617003384
16.888062190415454,16.888062190415454
17.166769265363463,17.166769265363463
17.451689101341348,17.451689101341348
17.74299839689815,17.74299839689815
19.884314198793845,19.884314198793845
19.861752154163884,19.861752154163884
19.843146591413063,19.843146591413063
19.828777714275688,19.828777714275688
19.818925958335704,19.818925958335704
19.813872755900654,19.813872755900654
19.813901212208833,19.813901212208833
19.819296710245606,19.819296710245606
19.830347457674456,19.830347457674456
19.847344986561243,19.847344986561243
19.87058461441706,19.87058461441706
19.900365873435437,19.900365873435437
19.936992913514718,19.936992913514718
19.980774883652273,19.980774883652273
20.032026295500298,20.032026295500298
20.091067372240826,20.091067372240826
20.15822438542613,20.15822438542613
20.23382998202029,20.23382998202029
20.318223503540693,20.318223503540693
20.411751298923736,20.411751298923736
20.514767032512676,20.514767032512676
20.627631988376724,20.627631988376724
20.75071537201454,20.75071537201454
20.884394610364488,20.884394610364488
21.029055650933614,21.029055650933614
21.185093260764283,21.185093260764283
21.35291132587931,21.35291132587931
21.533081556827497,21.533081556827497
21.727556142938205,21.727556142938205
