-7.090526973752863,-7.090526973752863
-7.102513450435763,-7.102513450435763
-7.1104852418362405,-7.1104852418362405
-7.116681821093193,-7.116681821093193
-7.121706649791558,-7.121706649791558
-7.1258550757382055,-7.1258550757382055
-7.129303588098101,-7.129303588098101
-7.132169824519638,-7.132169824519638
-7.13453788634527,-7.13453788634527
-7.136470922550409,-7.136470922550409
-7.138018106318401,-7.138018106318401
-7.139218819096751,-7.139218819096751
-7.140105313970489,-7.140105313970489
-7.140704492392837,-7.140704492392837
-7.1410391352146565,-7.1410391352146565
-7.141128782743577,-7.141128782743577
-7.140990380674968,-7.140990380674968
-7.1406387649448515,-7.1406387649448515
-7.140087032795911,-7.140087032795911
-7.139346831602673,-7.139346831602673
-7.138428587053755,-7.138428587053755
-7.137341685819724,-7.137341685819724
-7.136094623519759,-7.136094623519759
-7.13469512585639,-7.13469512585639
-7.133150248738412,-7.133150248738412
-7.131466461759725,-7.131466461759725
-7.129649718355534,-7.129649718355534
-7.127705515192319,-7.127705515192319
-7.125638942780979,-7.125638942780979
-7.123454728877011,-7.123454728877011
-7.121157275908719,-7.121157275908719
-7.118750693426632,-7.118750693426632
-7.11623882637553,-7.11623882637553
-7.113625279840403,-7.113625279840403
-7.110913440799548,-7.110913440799548
-7.108106497324032,-7.108106497324032
-7.1052074555875935,-7.1052074555875935
-7.102219154990526,-7.102219154990526
-7.099144281651904,-7.099144281651904
-7.0959853804844375,-7.0959853804844375
-7.092744866033334,-7.092744866033334
-7.089425032233395,-7.089425032233395
-7.0860280612160045,-7.0860280612160045
-7.082556031278956,-7.082556031278956
-7.079010924116259,-7.079010924116259
-7.075394631391884,-7.075394631391884
-7.071708960730221,-7.071708960730221
-7.067955641186553,-7.067955641186553
-7.064136328252748,-7.064136328252748
-7.06025260844653,-7.06025260844653
-7.056306003526741,-7.056306003526741
-7.0522979743719345,-7.0522979743719345
-7.048229924555265,-7.048229924555265
-7.044103203644823,-7.044103203644823
-7.039919110255274,-7.039919110255274
-7.035678894873813,-7.035678894873813
-7.0313837624809015,-7.0313837624809015
-7.027034874984086,-7.027034874984086
-7.022633353481286,-7.022633353481286
-7.0181802803682185,-7.0181802803682185
-7.013676701303141,-7.013676701303141
-7.009123627040819,-7.009123627040819
-7.004522035146379,-7.004522035146379
-6.999872871598763,-6.999872871598763
-6.9951770522925,-6.9951770522925
-6.9904354644457545,-6.9904354644457545
-6.985648967921831,-6.985648967921831
-6.9808183964706965,-6.9808183964706965
-6.975944558896488,-6.975944558896488
-6.971028240156412,-6.971028240156412
-6.966070202396025,-6.966070202396025
-6.9610711859254515,-6.9610711859254515
-6.956031910140634,-6.956031910140634
-6.950953074393494,-6.950953074393494
-6.9458353588144535,-6.9458353588144535
-6.940679425090561,-6.940679425090561
-6.935485917202153,-6.935485917202153
-6.930255462120798,-6.930255462120798
-6.924988670471026,-6.924988670471026
-6.9196861371581475,-6.9196861371581475
-6.914348441964344,-6.914348441964344
-6.9089761501149525,-6.9089761501149525
-6.903569812816863,-6.903569812816863
-6.898129967770619,-6.898129967770619
-6.89265713965794,-6.89265713965794
-6.887151840605973,-6.887151840605973
-6.881614570629784,-6.881614570629784
-6.876045818054259,-6.876045818054259
-6.870446059916628,-6.870446059916628
-6.864815762350719,-6.864815762350719
-6.859155380953956,-6.859155380953956
-6.853465361138058,-6.853465361138058
-6.847746138464344,-6.847746138464344
-6.841998138964475,-6.841998138964475
-6.836221779447398,-6.836221779447398
-6.830417467793263,-6.830417467793263
-6.824585603234961,-6.824585603234961
-6.818726576627945,-6.818726576627945
-6.812840770708939,-6.812840770708939
-6.806928560344091,-6.806928560344091
-6.800990312767112,-6.800990312767112
-6.795026387807895,-6.795026387807895
-6.789037138112094,-6.789037138112094
-6.783022909352093,-6.783022909352093
-6.776984040429787,-6.776984040429787
-6.770920863671578,-6.770920863671578
-6.7648337050159455,-6.7648337050159455
-6.7587228841939435,-6.7587228841939435
-6.752588714902953,-6.752588714902953
-6.7464315049740105,-6.7464315049740105
-6.740251556532996,-6.740251556532996
-6.734049166155969,-6.734049166155969
-6.727824625018902,-6.727824625018902
-6.721578219042081,-6.721578219042081
-6.715310229029396,-6.715310229029396
-6.709020930802737,-6.709020930802737
-6.702710595331733,-6.702710595331733
-6.69637948885902,-6.69637948885902
-6.69002787302121,-6.69002787302121
-6.683656004965792,-6.683656004965792
-6.677264137464077,-6.677264137464077
-6.670852519020404,-6.670852519020404
-6.664421393977726,-6.664421393977726
-6.657971002619738,-6.657971002619738
-6.65150158126969,-6.65150158126969
-6.645013362386004,-6.645013362386004
-6.638506574654854,-6.638506574654854
-6.631981443079784,-6.631981443079784
-6.6254381890685226,-6.6254381890685226
-6.618877030517082,-6.618877030517082
-6.612298181891242,-6.612298181891242
-6.605701854305546,-6.605701854305546
-6.599088255599871,-6.599088255599871
-6.592457590413678,-6.592457590413678
-6.585810060258052,-6.585810060258052
-6.579145863585557,-6.579145863585557
-6.572465195858061,-6.572465195858061
-6.5657682496125345,-6.5657682496125345
-6.559055214524953,-6.559055214524953
-6.552326277472333,-6.552326277472333
-6.545581622592991,-6.545581622592991
-6.5388214313450765,-6.5388214313450765
-6.532045882563455,-6.532045882563455
-6.5252551525149745,-6.5252551525149745
-6.518449414952203,-6.518449414952203
-6.511628841165659,-6.511628841165659
-6.504793600034617,-6.504793600034617
-6.497943858076508,-6.497943858076508
-6.491079779494979,-6.491079779494979
-6.4842015262266655,-6.4842015262266655
-6.477309257986697,-6.477309257986697
-6.470403132312992,-6.470403132312992
-6.463483304609376,-6.463483304609376
-6.456549928187584,-6.456549928187584
-6.449603154308138,-6.449603154308138
-6.442643132220184,-6.442643132220184
-6.435670009200289,-6.435670009200289
-6.428683930590257,-6.428683930590257
-6.421685039833964,-6.421685039833964
-6.414673478513272,-6.414673478513272
-6.4076493863830475,-6.4076493863830475
-6.400612901405279,-6.400612901405279
-6.393564159782376,-6.393564159782376
-6.386503295989631,-6.386503295989631
-6.37943044280688,-6.37943044280688
-6.372345731349409,-6.372345731349409
-6.365249291098091,-6.365249291098091
-6.358141249928813,-6.358141249928813
-6.351021734141192,-6.351021734141192
-6.343890868486599,-6.343890868486599
-6.336748776195542,-6.336748776195542
-6.329595579004379,-6.329595579004379
-6.322431397181422,-6.322431397181422
-6.315256349552435,-6.315256349552435
-6.308070553525525,-6.308070553525525
-6.3008741251154925,-6.3008741251154925
-6.293667178967588,-6.293667178967588
-6.286449828380757,-6.286449828380757
-6.279222185330349,-6.279222185330349
-6.271984360490315,-6.271984360490315
-6.264736463254909,-6.264736463254909
-6.257478601759915,-6.257478601759915
-6.250210882903393,-6.250210882903393
-6.242933412365981,-6.242933412365981
-6.235646294630742,-6.235646294630742
-6.228349633002584,-6.228349633002584
-6.221043529627272,-6.221043529627272
-6.213728085510001,-6.213728085510001
-6.206403400533609,-6.206403400533609
-6.199069573476375,-6.199069573476375
-6.19172670202945,-6.19172670202945
-6.184374882813917,-6.184374882813917
-6.177014211397506,-6.177014211397506
-6.169644782310946,-6.169644782310946
-6.162266689063979,-6.162266689063979
-6.154880024161059,-6.154880024161059
-6.14748487911671,-6.14748487911671
-6.140081344470579,-6.140081344470579
-6.132669509802188,-6.132669509802188
-6.1252494637453765,-6.1252494637453765
-6.1178212940024705,-6.1178212940024705
-6.110385087358139,-6.110385087358139
-6.1029409296930135,-6.1029409296930135
-6.095488905997,-6.095488905997
-6.088029100382361,-6.088029100382361
-6.08056159609651,-6.08056159609651
-6.073086475534587,-6.073086475534587
-6.065603820251764,-6.065603820251764
-6.058113710975326,-6.058113710975326
-6.050616227616517,-6.050616227616517
-6.04311144928216,-6.04311144928216
-6.035599454286053,-6.035599454286053
-6.028080320160147,-6.028080320160147
-6.020554123665523,-6.020554123665523
-6.013020940803152,-6.013020940803152
-6.005480846824451,-6.005480846824451
-5.9979339162416645,-5.9979339162416645
-5.990380222838019,-5.990380222838019
-5.982819839677729,-5.982819839677729
-5.9752528391157815,-5.9752528391157815
-5.967679292807567,-5.967679292807567
-5.960099271718334,-5.960099271718334
-5.952512846132453,-5.952512846132453
-5.944920085662538,-5.944920085662538
-5.937321059258386,-5.937321059258386
-5.929715835215761,-5.929715835215761
-5.9221044811850385,-5.9221044811850385
-5.91448706417966,-5.91448706417966
-5.9068636505844765,-5.9068636505844765
-5.899234306163929,-5.899234306163929
-5.891599096070076,-5.891599096070076
-5.883958084850502,-5.883958084850502
-5.876311336456075,-5.876311336456075
-5.868658914248569,-5.868658914248569
-5.861000881008171,-5.861000881008171
-5.853337298940839,-5.853337298940839
-5.8456682296855424,-5.8456682296855424
-5.837993734321394,-5.837993734321394
-5.830313873374631,-5.830313873374631
-5.822628706825514,-5.822628706825514
-5.814938294115079,-5.814938294115079
-5.807242694151798,-5.807242694151798
-5.799541965318112,-5.799541965318112
-5.7918361654768775,-5.7918361654768775
-5.784125351977683,-5.784125351977683
-5.776409581663078,-5.776409581663078
-5.768688910874694,-5.768688910874694
-5.7609633954592665,-5.7609633954592665
-5.7532330907745575,-5.7532330907745575
-5.745498051695187,-5.745498051695187
-5.737758332618366,-5.737758332618366
-5.7300139874695395,-5.7300139874695395
-5.722265069707941,-5.722265069707941
-5.714511632332056,-5.714511632332056
-5.706753727884992,-5.706753727884992
-5.698991408459789,-5.698991408459789
-5.691224725704612,-5.691224725704612
-5.683453730827885,-5.683453730827885
-5.675678474603344,-5.675678474603344
-5.667899007374998,-5.667899007374998
-5.6601153790620256,-5.6601153790620256
-5.652327639163597,-5.652327639163597
-5.644535836763609,-5.644535836763609
-5.636740020535355,-5.636740020535355
-5.628940238746134,-5.628940238746134
-5.6211365392617685,-5.6211365392617685
-5.613328969551073,-5.613328969551073
-5.6055175766902465,-5.6055175766902465
-5.597702407367194,-5.597702407367194
-5.589883507885795,-5.589883507885795
-5.5820609241701,-5.5820609241701
-5.5742347017684715,-5.5742347017684715
-5.566404885857648,-5.566404885857648
-5.558571521246774,-5.558571521246774
-5.550734652381346,-5.550734652381346
-5.542894323347111,-5.542894323347111
-5.535050577873914,-5.535050577873914
-5.527203459339477,-5.527203459339477
-5.51935301077313,-5.51935301077313
-5.511499274859496,-5.511499274859496
-5.503642293942099,-5.503642293942099
-5.495782110026953,-5.495782110026953
-5.487918764786067,-5.487918764786067
-5.480052299560928,-5.480052299560928
-5.472182755365915,-5.472182755365915
-5.464310172891671,-5.464310172891671
-5.456434592508435,-5.456434592508435
-5.448556054269312,-5.448556054269312
-5.440674597913513,-5.440674597913513
-5.432790262869537,-5.432790262869537
-5.424903088258315,-5.424903088258315
-5.4170131128963135,-5.4170131128963135
-5.4091203752985875,-5.4091203752985875
-5.401224913681794,-5.401224913681794
-5.3933267659671715,-5.3933267659671715
-5.385425969783463,-5.385425969783463
-5.377522562469816,-5.377522562469816
-5.369616581078634,-5.369616581078634
-5.361708062378389,-5.361708062378389
-5.353797042856402,-5.353797042856402
-5.345883558721576,-5.345883558721576
-5.337967645907107,-5.337967645907107
-5.330049340073141,-5.330049340073141
-5.322128676609412,-5.322128676609412
-5.314205690637836,-5.314205690637836
-5.306280417015068,-5.306280417015068
-5.298352890335037,-5.298352890335037
-5.2904231449314345,-5.2904231449314345
-5.282491214880179,-5.282491214880179
-5.274557134001844,-5.274557134001844
-5.266620935864057,-5.266620935864057
-5.258682653783865,-5.258682653783865
-5.250742320830072,-5.250742320830072
-5.242799969825543,-5.242799969825543
-5.23485563334948,-5.23485563334948
-5.2269093437396705,-5.2269093437396705
-5.218961133094704,-5.218961133094704
-5.211011033276163,-5.211011033276163
-5.203059075910785,-5.203059075910785
-5.1951052923925936,-5.1951052923925936
-5.187149713885011,-5.187149713885011
-5.179192371322936,-5.179192371322936
-5.171233295414798,-5.171233295414798
-5.163272516644591,-5.163272516644591
-5.155310065273869,-5.155310065273869
-5.147345971343731,-5.147345971343731
-5.139380264676776,-5.139380264676776
-5.131412974879023,-5.131412974879023
-5.123444131341831,-5.123444131341831
-5.115473763243773,-5.115473763243773
-5.107501899552497,-5.107501899552497
-5.09952856902656,-5.09952856902656
-5.09155380021725,-5.09155380021725
-5.083577621470369,-5.083577621470369
-5.075600060928011,-5.075600060928011
-5.067621146530304,-5.067621146530304
-5.059640906017145,-5.059640906017145
-5.051659366929901,-5.051659366929901
-5.043676556613095,-5.043676556613095
-5.035692502216086,-5.035692502216086
-5.027707230694691,-5.027707230694691
-5.019720768812835,-5.019720768812835
-5.011733143144145,-5.011733143144145
-5.0037443800735435,-5.0037443800735435
-4.995754505798818,-4.995754505798818
-4.987763546332171,-4.987763546332171
-4.979771527501751,-4.979771527501751
-4.971778474953174,-4.971778474953174
-4.963784414151015,-4.963784414151015
-4.955789370380288,-4.955789370380288
-4.947793368747915,-4.947793368747915
-4.939796434184161,-4.939796434184161
-4.931798591444076,-4.931798591444076
-4.923799865108894,-4.923799865108894
-4.91580027958744,-4.91580027958744
-4.907799859117508,-4.907799859117508
-4.899798627767217,-4.899798627767217
-4.891796609436377,-4.891796609436377
-4.883793827857802,-4.883793827857802
-4.875790306598645,-4.875790306598645
-4.867786069061692,-4.867786069061692
-4.859781138486658,-4.859781138486658
-4.851775537951452,-4.851775537951452
-4.843769290373445,-4.843769290373445
-4.835762418510714,-4.835762418510714
-4.827754944963274,-4.827754944963274
-4.81974689217429,-4.81974689217429
-4.811738282431287,-4.811738282431287
-4.8037291378673475,-4.8037291378673475
-4.795719480462276,-4.795719480462276
-4.787709332043773,-4.787709332043773
-4.779698714288585,-4.779698714288585
-4.771687648723646,-4.771687648723646
-4.763676156727197,-4.763676156727197
-4.755664259529912,-4.755664259529912
-4.74765197821599,-4.74765197821599
-4.739639333724254,-4.739639333724254
-4.731626346849223,-4.731626346849223
-4.723613038242182,-4.723613038242182
-4.7155994284122364,-4.7155994284122364
-4.70758553772736,-4.70758553772736
-4.699571386415422,-4.699571386415422
-4.691556994565209,-4.691556994565209
-4.683542382127445,-4.683542382127445
-4.675527568915777,-4.675527568915777
-4.667512574607776,-4.667512574607776
-4.659497418745908,-4.659497418745908
-4.651482120738509,-4.651482120738509
-4.643466699860737,-4.643466699860737
-4.635451175255526,-4.635451175255526
-4.627435565934519,-4.627435565934519
-4.619419890779,-4.619419890779
-4.611404168540803,-4.611404168540803
-4.603388417843241,-4.603388417843241
-4.595372657181982,-4.595372657181982
-4.587356904925949,-4.587356904925949
-4.57934117931821,-4.57934117931821
-4.57132549847683,-4.57132549847683
-4.56330988039575,-4.56330988039575
-4.555294342945632,-4.555294342945632
-4.547278903874709,-4.547278903874709
-4.53926358080961,-4.53926358080961
-4.531248391256204,-4.531248391256204
-4.523233352600408,-4.523233352600408
-4.515218482108994,-4.515218482108994
-4.5072037969304075,-4.5072037969304075
-4.499189314095543,-4.499189314095543
-4.491175050518537,-4.491175050518537
-4.483161022997555,-4.483161022997555
-4.4751472482155465,-4.4751472482155465
-4.4671337427410185,-4.4671337427410185
-4.459120523028787,-4.459120523028787
-4.451107605420717,-4.451107605420717
-4.443095006146477,-4.443095006146477
-4.435082741324255,-4.435082741324255
-4.427070826961496,-4.427070826961496
-4.419059278955612,-4.419059278955612
-4.411048113094693,-4.411048113094693
-4.403037345058215,-4.403037345058215
-4.395026990417734,-4.395026990417734
-4.387017064637568,-4.387017064637568
-4.379007583075495,-4.379007583075495
-4.370998560983413,-4.370998560983413
-4.362990013508023,-4.362990013508023
-4.354981955691477,-4.354981955691477
-4.346974402472049,-4.346974402472049
-4.338967368684773,-4.338967368684773
-4.33096086906209,-4.33096086906209
-4.322954918234492,-4.322954918234492
-4.314949530731139,-4.314949530731139
-4.306944720980499,-4.306944720980499
-4.298940503310949,-4.298940503310949
-4.290936891951405,-4.290936891951405
-4.282933901031918,-4.282933901031918
-4.274931544584277,-4.274931544584277
-4.266929836542604,-4.266929836542604
-4.258928790743946,-4.258928790743946
-4.250928420928855,-4.250928420928855
-4.242928740741963,-4.242928740741963
-4.234929763732566,-4.234929763732566
-4.2269315033551775,-4.2269315033551775
-4.218933972970098,-4.218933972970098
-4.2109371858439655,-4.2109371858439655
-4.202941155150311,-4.202941155150311
-4.194945893970107,-4.194945893970107
-4.1869514152923,-4.1869514152923
-4.1789577320143465,-4.1789577320143465
-4.170964856942747,-4.170964856942747
-4.162972802793574,-4.162972802793574
-4.154981582192985,-4.154981582192985
-4.146991207677738,-4.146991207677738
-4.139001691695711,-4.139001691695711
-4.131013046606395,-4.131013046606395
-4.123025284681405,-4.123025284681405
-4.115038418104972,-4.115038418104972
-4.107052458974434,-4.107052458974434
-4.0990674193007255,-4.0990674193007255
-4.091083311008855,-4.091083311008855
-4.083100145938389,-4.083100145938389
-4.075117935843921,-4.075117935843921
-4.067136692395541,-4.067136692395541
-4.059156427179304,-4.059156427179304
-4.051177151697686,-4.051177151697686
-4.043198877370042,-4.043198877370042
-4.035221615533055,-4.035221615533055
-4.027245377441188,-4.027245377441188
-4.019270174267126,-4.019270174267126
-4.011296017102216,-4.011296017102216
-4.0033229169569005,-4.0033229169569005
-3.995350884761147,-3.995350884761147
-3.9873799313648837,-3.9873799313648837
-3.9794100675384136,-3.9794100675384136
-3.971441303972842,-3.971441303972842
-3.963473651280483,-3.963473651280483
-3.9555071199952834,-3.9555071199952834
-3.9475417205732213,-3.9475417205732213
-3.939577463392713,-3.939577463392713
-3.931614358755019,-3.931614358755019
-3.923652416884632,-3.923652416884632
-3.915691647929678,-3.915691647929678
-3.907732061962304,-3.907732061962304
-3.8997736689790634,-3.8997736689790634
-3.8918164789013003,-3.8918164789013003
-3.8838605015755285,-3.8838605015755285
-3.875905746773806,-3.875905746773806
-3.8679522241941116,-3.8679522241941116
-3.85999994346071,-3.85999994346071
-3.852048914124521,-3.852048914124521
-3.8440991456634777,-3.8440991456634777
-3.8361506474828926,-3.8361506474828926
-3.8282034289158076,-3.8282034289158076
-3.8202574992233505,-3.8202574992233505
-3.812312867595084,-3.812312867595084
-3.8043695431493494,-3.8043695431493494
-3.7964275349336165,-3.7964275349336165
-3.788486851924818,-3.788486851924818
-3.7805475030296884,-3.7805475030296884
-3.7726094970851025,-3.7726094970851025
-3.764672842858401,-3.764672842858401
-3.7567375490477217,-3.7567375490477217
-3.7488036242823237,-3.7488036242823237
-3.7408710771229154,-3.7408710771229154
-3.7329399160619654,-3.7329399160619654
-3.7250101495240258,-3.7250101495240258
-3.717081785866043,-3.717081785866043
-3.709154833377673,-3.709154833377673
-3.7012293002815833,-3.7012293002815833
-3.693305194733767,-3.693305194733767
-3.685382524823838,-3.685382524823838
-3.6774612985753348,-3.6774612985753348
-3.669541523946021,-3.669541523946021
-3.6616232088281744,-3.6616232088281744
-3.6537063610488834,-3.6537063610488834
-3.6457909883703357,-3.6457909883703357
-3.637877098490106,-3.637877098490106
-3.6299646990414405,-3.6299646990414405
-3.6220537975935407,-3.6220537975935407
-3.6141444016518354,-3.6141444016518354
-3.6062365186582714,-3.6062365186582714
-3.598330155991575,-3.598330155991575
-3.5904253209675336,-3.5904253209675336
-3.58252202083926,-3.58252202083926
-3.5746202627974655,-3.5746202627974655
-3.5667200539707156,-3.5667200539707156
-3.558821401425704,-3.558821401425704
-3.550924312167506,-3.550924312167506
-3.5430287931398388,-3.5430287931398388
-3.5351348512253176,-3.5351348512253176
-3.527242493245707,-3.527242493245707
-3.519351725962179,-3.519351725962179
-3.5114625560755526,-3.5114625560755526
-3.5035749902265487,-3.5035749902265487
-3.495689034996029,-3.495689034996029
-3.4878046969052465,-3.4878046969052465
-3.479921982416076,-3.479921982416076
-3.4720408979312607,-3.4720408979312607
-3.464161449794645,-3.464161449794645
-3.4562836442914087,-3.4562836442914087
-3.448407487648299,-3.448407487648299
-3.4405329860338614,-3.4405329860338614
-3.432660145558669,-3.432660145558669
-3.424788972275545,-3.424788972275545
-3.416919472179789,-3.416919472179789
-3.4090516512094005,-3.4090516512094005
-3.4011855152452943,-3.4011855152452943
-3.393321070111523,-3.393321070111523
-3.3854583215754928,-3.3854583215754928
-3.377597275348176,-3.377597275348176
-3.3697379370843215,-3.3697379370843215
-3.361880312382673,-3.361880312382673
-3.3540244067861673,-3.3540244067861673
-3.34617022578215,-3.34617022578215
-3.338317774802576,-3.338317774802576
-3.3304670592242105,-3.3304670592242105
-3.3226180843688367,-3.3226180843688367
-3.31477085550345,-3.31477085550345
-3.3069253778404586,-3.3069253778404586
-3.2990816565378775,-3.2990816565378775
-3.291239696699523,-3.291239696699523
-3.283399503375207,-3.283399503375207
-3.2755610815609253,-3.2755610815609253
-3.2677244361990523,-3.2677244361990523
-3.2598895721785164,-3.2598895721785164
-3.252056494334999,-3.252056494334999
-3.244225207451112,-3.244225207451112
-3.2363957162565815,-3.2363957162565815
-3.2285680254284235,-3.2285680254284235
-3.2207421395911346,-3.2207421395911346
-3.2129180633168546,-3.2129180633168546
-3.20509580112556,-3.20509580112556
-3.197275357485222,-3.197275357485222
-3.189456736811988,-3.189456736811988
-3.181639943470347,-3.181639943470347
-3.173824981773308,-3.173824981773308
-3.166011855982562,-3.166011855982562
-3.1582005703086464,-3.1582005703086464
-3.150391128911117,-3.150391128911117
-3.1425835358987046,-3.1425835358987046
-3.1347777953294846,-3.1347777953294846
-3.1269739112110293,-3.1269739112110293
-3.119171887500572,-3.119171887500572
-3.1113717281051634,-3.1113717281051634
-3.1035734368818284,-3.1035734368818284
-3.095777017637722,-3.095777017637722
-3.087982474130278,-3.087982474130278
-3.0801898100673664,-3.0801898100673664
-3.0723990291074403,-3.0723990291074403
-3.064610134859687,-3.064610134859687
-3.056823130884175,-3.056823130884175
-3.0490380206920014,-3.0490380206920014
-3.041254807745434,-3.041254807745434
-3.033473495458058,-3.033473495458058
-3.025694087194917,-3.025694087194917
-3.017916586272655,-3.017916586272655
-3.010140995959654,-3.010140995959654
-3.0023673194761753,-3.0023673194761753
-2.9945955599944933,-2.9945955599944933
-2.9868257206390347,-2.9868257206390347
-2.9790578044865086,-2.9790578044865086
-2.971291814566045,-2.971291814566045
-2.9635277538593208,-2.9635277538593208
-2.9557656253006983,-2.9557656253006983
-2.948005431777344,-2.948005431777344
-2.940247176129368,-2.940247176129368
-2.932490861149941,-2.932490861149941
-2.9247364895854293,-2.9247364895854293
-2.916984064135512,-2.916984064135512
-2.909233587453307,-2.909233587453307
-2.9014850621454924,-2.9014850621454924
-2.8937384907724297,-2.8937384907724297
-2.885993875848282,-2.885993875848282
-2.8782512198411316,-2.8782512198411316
-2.8705105251730965,-2.8705105251730965
-2.862771794220452,-2.862771794220452
-2.8550350293137385,-2.8550350293137385
-2.847300232737882,-2.847300232737882
-2.839567406732302,-2.839567406732302
-2.831836553491026,-2.831836553491026
-2.8241076751627965,-2.8241076751627965
-2.8163807738511895,-2.8163807738511895
-2.8086558516147098,-2.8086558516147098
-2.8009329104669063,-2.8009329104669063
-2.7932119523764793,-2.7932119523764793
-2.78549297926738,-2.78549297926738
-2.777775993018921,-2.777775993018921
-2.7700609954658693,-2.7700609954658693
-2.7623479883985604,-2.7623479883985604
-2.754636973562991,-2.754636973562991
-2.74692795266092,-2.74692795266092
-2.7392209273499675,-2.7392209273499675
-2.7315158992437167,-2.7315158992437167
-2.7238128699118023,-2.7238128699118023
-2.716111840880014,-2.716111840880014
-2.708412813630383,-2.708412813630383
-2.7007157896012854,-2.7007157896012854
-2.6930207701875277,-2.6930207701875277
-2.6853277567404388,-2.6853277567404388
-2.6776367505679617,-2.6776367505679617
-2.6699477529347457,-2.6699477529347457
-2.6622607650622334,-2.6622607650622334
-2.654575788128743,-2.654575788128743
-2.646892823269562,-2.646892823269562
-2.6392118715770305,-2.6392118715770305
-2.631532934100626,-2.631532934100626
-2.6238560118470473,-2.6238560118470473
-2.6161811057802935,-2.6161811057802935
-2.608508216821754,-2.608508216821754
-2.6008373458502825,-2.6008373458502825
-2.5931684937022776,-2.5931684937022776
-2.585501661171768,-2.585501661171768
-2.577836849010481,-2.577836849010481
-2.5701740579279284,-2.5701740579279284
-2.5625132885914788,-2.5625132885914788
-2.554854541626432,-2.554854541626432
-2.547197817616095,-2.547197817616095
-2.5395431171018608,-2.5395431171018608
-2.531890440583268,-2.531890440583268
-2.524239788518087,-2.524239788518087
-2.5165911613223813,-2.5165911613223813
-2.508944559370583,-2.508944559370583
-2.501299982995559,-2.501299982995559
-2.4936574324886793,-2.4936574324886793
-2.486016908099887,-2.486016908099887
-2.4783784100377635,-2.4783784100377635
-2.4707419384695934,-2.4707419384695934
-2.46310749352143,-2.46310749352143
-2.45547507527816,-2.45547507527816
-2.4478446837835666,-2.4478446837835666
-2.4402163190403927,-2.4402163190403927
-2.432589981010398,-2.432589981010398
-2.4249656696144264,-2.4249656696144264
-2.417343384732461,-2.417343384732461
-2.409723126203685,-2.409723126203685
-2.4021048938265404,-2.4021048938265404
-2.3944886873587845,-2.3944886873587845
-2.3868745065175463,-2.3868745065175463
-2.379262350979386,-2.379262350979386
-2.371652220380342,-2.371652220380342
-2.364044114315994,-2.364044114315994
-2.3564380323415106,-2.3564380323415106
-2.3488339739717063,-2.3488339739717063
-2.3412319386810885,-2.3412319386810885
-2.3336319259039136,-2.3336319259039136
-2.3260339350342316,-2.3260339350342316
-2.318437965425943,-2.318437965425943
-2.3108440163928403,-2.3108440163928403
-2.3032520872086617,-2.3032520872086617
-2.2956621771071326,-2.2956621771071326
-2.2880742852820193,-2.2880742852820193
-2.280488410887168,-2.280488410887168
-2.272904553036555,-2.272904553036555
-2.2653227108043237,-2.2653227108043237
-2.2577428832248394,-2.2577428832248394
-2.2501650692927195,-2.2501650692927195
-2.2425892679628863,-2.2425892679628863
-2.235015478150599,-2.235015478150599
-2.227443698731502,-2.227443698731502
-2.219873928541659,-2.219873928541659
-2.212306166377597,-2.212306166377597
-2.204740410996337,-2.204740410996337
-2.1971766611154426,-2.1971766611154426
-2.189614915413045,-2.189614915413045
-2.1820551725278903,-2.1820551725278903
-2.1744974310593648,-2.1744974310593648
-2.1669416895675377,-2.1669416895675377
-2.159387946573189,-2.159387946573189
-2.1518362005578493,-2.1518362005578493
-2.1442864499638246,-2.1442864499638246
-2.136738693194236,-2.136738693194236
-2.1291929286130444,-2.1291929286130444
-2.121649154545086,-2.121649154545086
-2.114107369276099,-2.114107369276099
-2.106567571052754,-2.106567571052754
-2.09902975808268,-2.09902975808268
-2.0914939285344967,-2.0914939285344967
-2.083960080537837,-2.083960080537837
-2.076428212183379,-2.076428212183379
-2.0688983215228633,-2.0688983215228633
-2.0613704065691265,-2.0613704065691265
-2.0538444652961174,-2.0538444652961174
-2.046320495638931,-2.046320495638931
-2.03879849549382,-2.03879849549382
-2.0312784627182263,-2.0312784627182263
-2.0237603951307963,-2.0237603951307963
-2.0162442905114064,-2.0162442905114064
-2.00873014660118,-2.00873014660118
-2.00121796110251,-2.00121796110251
-1.9937077316790741,-1.9937077316790741
-1.986199455955859,-1.986199455955859
-1.9786931315191694,-1.9786931315191694
-1.9711887559166557,-1.9711887559166557
-1.9636863266573201,-1.9636863266573201
-1.9561858412115398,-1.9561858412115398
-1.9486872970110776,-1.9486872970110776
-1.9411906914490975,-1.9411906914490975
-1.9336960218801806,-1.9336960218801806
-1.9262032856203364,-1.9262032856203364
-1.9187124799470148,-1.9187124799470148
-1.9112236020991165,-1.9112236020991165
-1.9037366492770094,-1.9037366492770094
-1.896251618642536,-1.896251618642536
-1.8887685073190217,-1.8887685073190217
-1.8812873123912859,-1.8812873123912859
-1.8738080309056515,-1.8738080309056515
-1.8663306598699514,-1.8663306598699514
-1.858855196253537,-1.858855196253537
-1.8513816369872835,-1.8513816369872835
-1.8439099789635978,-1.8439099789635978
-1.8364402190364242,-1.8364402190364242
-1.8289723540212464,-1.8289723540212464
-1.8215063806950946,-1.8215063806950946
-1.8140422957965499,-1.8140422957965499
-1.8065800960257432,-1.8065800960257432
-1.7991197780443622,-1.7991197780443622
-1.7916613384756492,-1.7916613384756492
-1.7842047739044065,-1.7842047739044065
-1.7767500808769945,-1.7767500808769945
-1.7692972559013302,-1.7692972559013302
-1.7618462954468896,-1.7618462954468896
-1.7543971959447044,-1.7543971959447044
-1.7469499537873627,-1.7469499537873627
-1.739504565329003,-1.739504565329003
-1.732061026885312,-1.732061026885312
-1.7246193347335237,-1.7246193347335237
-1.717179485112413,-1.717179485112413
-1.709741474222289,-1.709741474222289
-1.7023052982249922,-1.7023052982249922
-1.6948709532438884,-1.6948709532438884
-1.6874384353638614,-1.6874384353638614
-1.6800077406313025,-1.6800077406313025
-1.672578865054108,-1.672578865054108
-1.665151804601668,-1.665151804601668
-1.6577265552048572,-1.6577265552048572
-1.6503031127560244,-1.6503031127560244
-1.6428814731089834,-1.6428814731089834
-1.6354616320790025,-1.6354616320790025
-1.6280435854427924,-1.6280435854427924
-1.6206273289384934,-1.6206273289384934
-1.6132128582656624,-1.6132128582656624
-1.6058001690852624,-1.6058001690852624
-1.5983892570196456,-1.5983892570196456
-1.5909801176525398,-1.5909801176525398
-1.5835727465290326,-1.5835727465290326
-1.5761671391555585,-1.5761671391555585
-1.5687632909998797,-1.5687632909998797
-1.5613611974910704,-1.5613611974910704
-1.553960854019497,-1.553960854019497
-1.546562255936806,-1.546562255936806
-1.539165398555899,-1.539165398555899
-1.5317702771509167,-1.5317702771509167
-1.5243768869572178,-1.5243768869572178
-1.5169852231713596,-1.5169852231713596
-1.5095952809510773,-1.5095952809510773
-1.5022070554152602,-1.5022070554152602
-1.494820541643931,-1.494820541643931
-1.4874357346782243,-1.4874357346782243
-1.480052629520362,-1.480052629520362
-1.4726712211336275,-1.4726712211336275
-1.4652915044423427,-1.4652915044423427
-1.4579134743318463,-1.4579134743318463
-1.4505371256484627,-1.4505371256484627
-1.4431624531994773,-1.4431624531994773
-1.4357894517531102,-1.4357894517531102
-1.4284181160384908,-1.4284181160384908
-1.4210484407456259,-1.4210484407456259
-1.4136804205253737,-1.4136804205253737
-1.4063140499894111,-1.4063140499894111
-1.39894932371021,-1.39894932371021
-1.391586236221002,-1.391586236221002
-1.384224782015748,-1.384224782015748
-1.3768649555491073,-1.3768649555491073
-1.3695067512364065,-1.3695067512364065
-1.362150163453604,-1.362150163453604
-1.3547951865372607,-1.3547951865372607
-1.3474418147844995,-1.3474418147844995
-1.340090042452981,-1.340090042452981
-1.3327398637608558,-1.3327398637608558
-1.3253912728867414,-1.3253912728867414
-1.318044263969673,-1.318044263969673
-1.310698831109081,-1.310698831109081
-1.3033549683647383,-1.3033549683647383
-1.2960126697567371,-1.2960126697567371
-1.2886719292654358,-1.2886719292654358
-1.2813327408314337,-1.2813327408314337
-1.2739950983555186,-1.2739950983555186
-1.266658995698636,-1.266658995698636
-1.259324426681842,-1.259324426681842
-1.251991385086266,-1.251991385086266
-1.244659864653063,-1.244659864653063
-1.2373298590833792,-1.2373298590833792
-1.2300013620382968,-1.2300013620382968
-1.2226743671388038,-1.2226743671388038
-1.2153488679657365,-1.2153488679657365
-1.208024858059746,-1.208024858059746
-1.2007023309212392,-1.2007023309212392
-1.1933812800103476,-1.1933812800103476
-1.1860616987468664,-1.1860616987468664
-1.1787435805102175,-1.1787435805102175
-1.1714269186393929,-1.1714269186393929
-1.1641117064329143,-1.1641117064329143
-1.1567979371487747,-1.1567979371487747
-1.1494856040043975,-1.1494856040043975
-1.1421747001765779,-1.1421747001765779
-1.1348652188014368,-1.1348652188014368
-1.1275571529743675,-1.1275571529743675
-1.1202504957499853,-1.1202504957499853
-1.112945240142068,-1.112945240142068
-1.10564137912351,-1.10564137912351
-1.098338905626265,-1.098338905626265
-1.0910378125412905,-1.0910378125412905
-1.0837380927184928,-1.0837380927184928
-1.0764397389666713,-1.0764397389666713
-1.0691427440534613,-1.0691427440534613
-1.0618471007052797,-1.0618471007052797
-1.0545528016072614,-1.0545528016072614
-1.0472598394032049,-1.0472598394032049
-1.0399682066955134,-1.0399682066955134
-1.0326778960451348,-1.0326778960451348
-1.0253888999714973,-1.0253888999714973
-1.018101210952455,-1.018101210952455
-1.0108148214242212,-1.0108148214242212
-1.0035297237813101,-1.0035297237813101
-0.9962459103764707,-0.9962459103764707
-0.9889633735206241,-0.9889633735206241
-0.981682105482802,-0.981682105482802
-0.9744020984900789,-0.9744020984900789
-0.967123344727508,-0.967123344727508
-0.9598458363380556,-0.9598458363380556
-0.9525695654225336,-0.9525695654225336
-0.9452945240395356,-0.9452945240395356
-0.9380207042053631,-0.9380207042053631
-0.9307480978939611,-0.9307480978939611
-0.9234766970368499,-0.9234766970368499
-0.9162064935230535,-0.9162064935230535
-0.9089374791990282,-0.9089374791990282
-0.9016696458685937,-0.9016696458685937
-0.8944029852928607,-0.8944029852928607
-0.8871374891901603,-0.8871374891901603
-0.8798731492359664,-0.8798731492359664
-0.872609957062827,-0.872609957062827
-0.8653479042602881,-0.8653479042602881
-0.8580869823748197,-0.8580869823748197
-0.8508271829097382,-0.8508271829097382
-0.8435684973251307,-0.8435684973251307
-0.8363109170377819,-0.8363109170377819
-0.8290544334210931,-0.8290544334210931
-0.8217990378050027,-0.8217990378050027
-0.8145447214759114,-0.8145447214759114
-0.8072914756766003,-0.8072914756766003
-0.8000392916061531,-0.8000392916061531
-0.7927881604198705,-0.7927881604198705
-0.7855380732291937,-0.7855380732291937
-0.7782890211016211,-0.7782890211016211
-0.7710409950606255,-0.7710409950606255
-0.763793986085568,-0.763793986085568
-0.7565479851116175,-0.7565479851116175
-0.7493029830296637,-0.7493029830296637
-0.7420589706862353,-0.7420589706862353
-0.7348159388834071,-0.7348159388834071
-0.7275738783787187,-0.7275738783787187
-0.7203327798850871,-0.7203327798850871
-0.7130926340707153,-0.7130926340707153
-0.7058534315590054,-0.7058534315590054
-0.698615162928468,-0.698615162928468
-0.6913778187126343,-0.6913778187126343
-0.684141389399963,-0.684141389399963
-0.6769058654337484,-0.6769058654337484
-0.6696712372120295,-0.6696712372120295
-0.6624374950874964,-0.6624374950874964
-0.655204629367398,-0.655204629367398
-0.6479726303134443,-0.6479726303134443
-0.6407414881417133,-0.6407414881417133
-0.6335111930225554,-0.6335111930225554
-0.6262817350804983,-0.6262817350804983
-0.6190531043941462,-0.6190531043941462
-0.6118252909960822,-0.6118252909960822
-0.6045982848727738,-0.6045982848727738
-0.5973720759644702,-0.5973720759644702
-0.590146654165102,-0.590146654165102
-0.5829220093221794,-0.5829220093221794
-0.5756981312366962,-0.5756981312366962
-0.5684750096630209,-0.5684750096630209
-0.5612526343087967,-0.5612526343087967
-0.5540309948348369,-0.5540309948348369
-0.5468100808550223,-0.5468100808550223
-0.5395898819361942,-0.5395898819361942
-0.5323703875980476,-0.5323703875980476
-0.5251515873130251,-0.5251515873130251
-0.5179334705062124,-0.5179334705062124
-0.5107160265552264,-0.5107160265552264
-0.5034992447901067,-0.5034992447901067
-0.4962831144932062,-0.4962831144932062
-0.4890676248990823,-0.4890676248990823
-0.4818527651943838,-0.4818527651943838
-0.4746385245177394,-0.4746385245177394
-0.46742489195964354,-0.46742489195964354
-0.46021185656234576,-0.46021185656234576
-0.45299940731973476,-0.45299940731973476
-0.4457875331772222,-0.4457875331772222
-0.438576223031627,-0.438576223031627
-0.431365465731062,-0.431365465731062
-0.42415525007481303,-0.42415525007481303
-0.4169455648132213,-0.4169455648132213
-0.4097363986475628,-0.4097363986475628
-0.4025277402299345,-0.4025277402299345
-0.3953195781631267,-0.3953195781631267
-0.3881119010005048,-0.3881119010005048
-0.380904697245886,-0.380904697245886
-0.37369795535342015,-0.37369795535342015
-0.36649166372745784,-0.36649166372745784
-0.3592858107224355,-0.3592858107224355
-0.3520803846427401,-0.3520803846427401
-0.34487537374259314,-0.34487537374259314
-0.3376707662259117,-0.3376707662259117
-0.3304665502461937,-0.3304665502461937
-0.32326271390637656,-0.32326271390637656
-0.31605924525871526,-0.31605924525871526
-0.30885613230465114,-0.30885613230465114
-0.3016533629946788,-0.3016533629946788
-0.29445092522821315,-0.29445092522821315
-0.2872488068534573,-0.2872488068534573
-0.28004699566727137,-0.28004699566727137
-0.272845479415035,-0.272845479415035
-0.2656442457905111,-0.2656442457905111
-0.25844328243570985,-0.25844328243570985
-0.25124257694075436,-0.25124257694075436
-0.24404211684374,-0.24404211684374
-0.2368418896305936,-0.2368418896305936
-0.2296418827349364,-0.2296418827349364
-0.22244208353794323,-0.22244208353794323
-0.21524247936820015,-0.21524247936820015
-0.2080430575015598,-0.2080430575015598
-0.20084380516099948,-0.20084380516099948
-0.1936447095164795,-0.1936447095164795
-0.18644575768479435,-0.18644575768479435
-0.1792469367294266,-0.1792469367294266
-0.17204823366040053,-0.17204823366040053
-0.16484963543413558,-0.16484963543413558
-0.15765112895329603,-0.15765112895329603
-0.1504527010666407,-0.1504527010666407
-0.14325433856887118,-0.14325433856887118
-0.13605602820048363,-0.13605602820048363
-0.12885775664761448,-0.12885775664761448
-0.12165951054188442,-0.12165951054188442
-0.11446127646024563,-0.11446127646024563
-0.10726304092482833,-0.10726304092482833
-0.1000647904027823,-0.1000647904027823
-0.09286651130611759,-0.09286651130611759
-0.08566818999154917,-0.08566818999154917
-0.0784698127603369,-0.0784698127603369
-0.07127136585812505,-0.07127136585812505
-0.0640728354747798,-0.0640728354747798
-0.05687420774422757,-0.05687420774422757
-0.04967546874429371,-0.04967546874429371
-0.0424766044965356,-0.0424766044965356
-0.03527760096607855,-0.03527760096607855
-0.028078444061448236,-0.028078444061448236
-0.020879119634406574,-0.020879119634406574
-0.013679613479780478,-0.013679613479780478
-0.006479911335292997,-0.006479911335292997
0.0007200011186070303,0.0007200011186070303
0.007920138258913688,0.007920138258913688
0.015120514520239327,0.015120514520239327
0.02232114439499058,0.02232114439499058
0.029522042433532188,0.029522042433532188
0.03672322324437775,0.03672322324437775
0.04392470149435159,0.04392470149435159
0.0511264919087797,0.0511264919087797
0.058328609271654175,0.058328609271654175
0.0655310684258292,0.0655310684258292
0.07273388427318392,0.07273388427318392
0.07993707177482241,0.07993707177482241
0.08714064595124131,0.08714064595124131
0.09434462188252644,0.09434462188252644
0.10154901470852591,0.10154901470852591
0.10875383962904793,0.10875383962904793
0.11595911190404183,0.11595911190404183
0.12316484685378414,0.12316484685378414
0.13037105985907732,0.13037105985907732
0.13757776636142863,0.13757776636142863
0.1447849818632549,0.1447849818632549
0.15199272192806346,0.15199272192806346
0.1592010021806561,0.1592010021806561
0.16640983830731618,0.16640983830731618
0.17361924605601373,0.17361924605601373
0.18082924123659333,0.18082924123659333
0.18803983972098276,0.18803983972098276
0.1952510574433837,0.1952510574433837
0.20246291040048336,0.20246291040048336
0.20967541465164313,0.20967541465164313
0.21688858631911723,0.21688858631911723
0.22410244158824472,0.22410244158824472
0.2313169967076667,0.2313169967076667
0.2385322679895192,0.2385322679895192
0.24574827180965927,0.24574827180965927
0.2529650246078586,0.2529650246078586
0.2601825428880246,0.2601825428880246
0.2674008432184057,0.2674008432184057
0.27461994223181363,0.27461994223181363
0.28183985662582517,0.28183985662582517
0.2890606031630113,0.2890606031630113
0.29628219867114325,0.29628219867114325
0.30350466004342014,0.30350466004342014
0.31072800423868074,0.31072800423868074
0.31795224828163104,0.31795224828163104
0.32517740926306005,0.32517740926306005
0.33240350434007027,0.33240350434007027
0.33963055073629506,0.33963055073629506
0.34685856574213453,0.34685856574213453
0.3540875667149696,0.3540875667149696
0.36131757107940643,0.36131757107940643
0.3685485963274921,0.3685485963274921
0.3757806600189585,0.3757806600189585
0.38301377978144363,0.38301377978144363
0.3902479733107385,0.3902479733107385
0.3974832583710079,0.3974832583710079
0.4047196527950431,0.4047196527950431
0.4119571744844866,0.4119571744844866
0.4191958414100832,0.4191958414100832
0.42643567161190943,0.42643567161190943
0.4336766831996296,0.4336766831996296
0.4409188943527272,0.4409188943527272
0.4481623233207596,0.4481623233207596
0.45540698842359784,0.45540698842359784
0.4626529080516828,0.4626529080516828
0.4699001006662646,0.4699001006662646
0.47714858479966615,0.47714858479966615
0.48439837905552385,0.48439837905552385
0.4916495021090526,0.4916495021090526
0.49890197270729025,0.49890197270729025
0.5061558096693679,0.5061558096693679
0.5134110318867535,0.5134110318867535
0.5206676583235267,0.5206676583235267
0.5279257080166287,0.5279257080166287
0.5351852000761365,0.5351852000761365
0.5424461536855134,0.5424461536855134
0.5497085881018919,0.5497085881018919
0.5569725226563275,0.5569725226563275
0.5642379767540788,0.5642379767540788
0.5715049698748678,0.5715049698748678
0.5787735215731661,0.5787735215731661
0.5860436514784519,0.5860436514784519
0.5933153792955052,0.5933153792955052
0.600588724804667,0.600588724804667
0.607863707862134,0.607863707862134
0.6151403484002239,0.6151403484002239
0.6224186664276757,0.6224186664276757
0.6296986820299134,0.6296986820299134
0.636980415369352,0.636980415369352
0.644263886685666,0.644263886685666
0.6515491162960945,0.6515491162960945
0.6588361245957188,0.6588361245957188
0.6661249320577679,0.6661249320577679
0.6734155592338967,0.6734155592338967
0.6807080267544997,0.6807080267544997
0.6880023553289916,0.6880023553289916
0.695298565746121,0.695298565746121
0.7025966788742606,0.7025966788742606
0.7098967156617189,0.7098967156617189
0.7171986971370352,0.7171986971370352
0.7245026444092973,0.7245026444092973
0.7318085786684391,0.7318085786684391
0.7391165211855601,0.7391165211855601
0.7464264933132269,0.7464264933132269
0.7537385164858005,0.7537385164858005
0.7610526122197345,0.7610526122197345
0.7683688021139128,0.7683688021139128
0.7756871078499493,0.7756871078499493
0.7830075511925244,0.7830075511925244
0.7903301539896973,0.7903301539896973
0.7976549381732403,0.7976549381732403
0.8049819257589554,0.8049819257589554
0.8123111388470154,0.8123111388470154
0.8196425996222814,0.8196425996222814
0.826976330354649,0.826976330354649
0.8343123533993688,0.8343123533993688
0.8416506911974004,0.8416506911974004
0.8489913662757297,0.8489913662757297
0.8563344012477341,0.8563344012477341
0.8636798188135001,0.8636798188135001
0.8710276417601915,0.8710276417601915
0.8783778929623757,0.8783778929623757
0.8857305953823918,0.8857305953823918
0.8930857720706822,0.8930857720706822
0.9004434461661641,0.9004434461661641
0.9078036408965682,0.9078036408965682
0.9151663795788125,0.9151663795788125
0.9225316856193437,0.9225316856193437
0.9298995825145139,0.9298995825145139
0.9372700938509394,0.9372700938509394
0.9446432433058617,0.9446432433058617
0.9520190546475195,0.9520190546475195
0.9593975517355212,0.9593975517355212
0.9667787585212183,0.9667787585212183
0.974162699048071,0.974162699048071
0.981549397452031,0.981549397452031
0.9889388779619253,0.9889388779619253
0.9963311648998333,0.9963311648998333
1.003726282681468,1.003726282681468
1.0111242558165605,1.0111242558165605
1.0185251089092606,1.0185251089092606
1.0259288666585187,1.0259288666585187
1.0333355538584732,1.0333355538584732
1.040745195398855,1.040745195398855
1.048157816265385,1.048157816265385
1.0555734415401743,1.0555734415401743
1.0629920964021176,1.0629920964021176
1.070413806127307,1.070413806127307
1.077838596089441,1.077838596089441
1.0852664917602324,1.0852664917602324
1.092697518709815,1.092697518709815
1.1001317026071624,1.1001317026071624
1.1075690692205111,1.1075690692205111
1.115009644417775,1.115009644417775
1.1224534541669635,1.1224534541669635
1.1299005245366196,1.1299005245366196
1.1373508816962292,1.1373508816962292
1.1448045519166739,1.1448045519166739
1.1522615615706409,1.1522615615706409
1.159721937133079,1.159721937133079
1.167185705181618,1.167185705181618
1.1746528923970285,1.1746528923970285
1.1821235255636477,1.1821235255636477
1.1895976315698404,1.1895976315698404
1.1970752374084346,1.1970752374084346
1.2045563701771882,1.2045563701771882
1.2120410570792264,1.2120410570792264
1.2195293254235173,1.2195293254235173
1.2270212026253142,1.2270212026253142
1.2345167162066342,1.2345167162066342
1.2420158937967112,1.2420158937967112
1.2495187631324747,1.2495187631324747
1.2570253520590124,1.2570253520590124
1.2645356885300543,1.2645356885300543
1.2720498006084373,1.2720498006084373
1.2795677164666024,1.2795677164666024
1.287089464387059,1.287089464387059
1.2946150727628893,1.2946150727628893
1.3021445700982193,1.3021445700982193
1.309677985008732,1.309677985008732
1.3172153462221399,1.3172153462221399
1.324756682578704,1.324756682578704
1.3323020230317202,1.3323020230317202
1.339851396648035,1.339851396648035
1.3474048326085404,1.3474048326085404
1.3549623602087038,1.3549623602087038
1.3625240088590576,1.3625240088590576
1.3700898080857424,1.3700898080857424
1.3776597875310046,1.3776597875310046
1.385233976953737,1.385233976953737
1.392812406229995,1.392812406229995
1.4003951053535353,1.4003951053535353
1.4079821044363394,1.4079821044363394
1.415573433709166,1.415573433709166
1.4231691235220698,1.4231691235220698
1.43076920434497,1.43076920434497
1.4383737067681739,1.4383737067681739
1.445982661502947,1.445982661502947
1.4535960993820531,1.4535960993820531
1.4612140513603222,1.4612140513603222
1.4688365485152013,1.4688365485152013
1.476463622047331,1.476463622047331
1.4840953032811015,1.4840953032811015
1.4917316236652358,1.4917316236652358
1.4993726147733526,1.4993726147733526
1.5070183083045618,1.5070183083045618
1.5146687360840292,1.5146687360840292
1.522323930063578,1.522323930063578
1.5299839223222682,1.5299839223222682
1.5376487450669993,1.5376487450669993
1.5453184306330987,1.5453184306330987
1.5529930114849355,1.5529930114849355
1.560672520216511,1.560672520216511
1.5683569895520837,1.5683569895520837
1.5760464523467657,1.5760464523467657
1.5837409415871597,1.5837409415871597
1.5914404903919575,1.5914404903919575
1.5991451320125873,1.5991451320125873
1.6068548998338221,1.6068548998338221
1.6145698273744344,1.6145698273744344
1.6222899482878088,1.6222899482878088
1.6300152963626096,1.6300152963626096
1.6377459055234012,1.6377459055234012
1.6454818098313198,1.6454818098313198
1.6532230434847086,1.6532230434847086
1.6609696408197914,1.6609696408197914
1.6687216363113204,1.6687216363113204
1.6764790645732597,1.6764790645732597
1.684241960359436,1.684241960359436
1.6920103585642354,1.6920103585642354
1.6997842942232622,1.6997842942232622
1.7075638025140434,1.7075638025140434
1.715348918756698,1.715348918756698
1.7231396784146478,1.7231396784146478
1.730936117095298,1.730936117095298
1.7387382705507564,1.7387382705507564
1.746546174678524,1.746546174678524
1.7543598655222226,1.7543598655222226
1.7621793792722937,1.7621793792722937
1.770004752266737,1.770004752266737
1.777836020991818,1.777836020991818
1.7856732220828182,1.7856732220828182
1.7935163923247486,1.7935163923247486
1.8013655686531125,1.8013655686531125
1.8092207881546254,1.8092207881546254
1.8170820880679932,1.8170820880679932
1.8249495057846388,1.8249495057846388
1.832823078849486,1.832823078849486
1.8407028449617022,1.8407028449617022
1.848588841975491,1.848588841975491
1.8564811079008534,1.8564811079008534
1.8643796809043671,1.8643796809043671
1.872284599309976,1.872284599309976
1.8801959015997847,1.8801959015997847
1.8881136264148508,1.8881136264148508
1.896037812555984,1.896037812555984
1.9039684989845505,1.9039684989845505
1.9119057248232973,1.9119057248232973
1.9198495293571631,1.9198495293571631
1.9277999520340938,1.9277999520340938
1.9357570324658782,1.9357570324658782
1.943720810428988,1.943720810428988
1.951691325865411,1.951691325865411
1.9596686188834942,1.9596686188834942
1.9676527297587956,1.9676527297587956
1.975643698934952,1.975643698934952
1.9836415670245318,1.9836415670245318
1.9916463748099036,1.9916463748099036
1.9996581632441108,1.9996581632441108
2.0076769734517628,2.0076769734517628
2.0157028467299107,2.0157028467299107
2.0237358245489423,2.0237358245489423
2.0317759485534777,2.0317759485534777
2.0398232605632844,2.0398232605632844
2.0478778025741837,2.0478778025741837
2.0559396167589634,2.0559396167589634
2.064008745468303,2.064008745468303
2.072085231231709,2.072085231231709
2.080169116758454,2.080169116758454
2.088260444938506,2.088260444938506
2.096359258843486,2.096359258843486
2.1044656017276293,2.1044656017276293
2.112579517028746,2.112579517028746
2.120701048369179,2.120701048369179
2.1288302395567893,2.1288302395567893
2.1369671345859484,2.1369671345859484
2.1451117776385105,2.1451117776385105
2.1532642130848196,2.1532642130848196
2.1614244854847025,2.1614244854847025
2.169592639588498,2.169592639588498
2.1777687203380633,2.1777687203380633
2.1859527728677937,2.1859527728677937
2.1941448425056587,2.1941448425056587
2.2023449747742507,2.2023449747742507
2.2105532153918244,2.2105532153918244
2.2187696102733403,2.2187696102733403
2.2269942055315495,2.2269942055315495
2.2352270474780362,2.2352270474780362
2.2434681826243215,2.2434681826243215
2.2517176576829194,2.2517176576829194
2.259975519568456,2.259975519568456
2.2682418153987434,2.2682418153987434
2.2765165924959114,2.2765165924959114
2.2847998983875017,2.2847998983875017
2.2930917808076074,2.2930917808076074
2.3013922876979906,2.3013922876979906
2.3097014672092357,2.3097014672092357
2.318019367701881,2.318019367701881
2.3263460377475935,2.3263460377475935
2.3346815261303124,2.3346815261303124
2.3430258818474408,2.3430258818474408
2.351379154111009,2.351379154111009
2.3597413923488824,2.3597413923488824
2.3681126462059376,2.3681126462059376
2.3764929655452924,2.3764929655452924
2.384882400449499,2.384882400449499
2.3932810012217898,2.3932810012217898
2.401688818387288,2.401688818387288
2.4101059026942733,2.4101059026942733
2.418532305115408,2.418532305115408
2.4269680768490236,2.4269680768490236
2.4354132693203643,2.4354132693203643
2.4438679341828866,2.4438679341828866
2.4523321233195325,2.4523321233195325
2.460805888844042,2.460805888844042
2.4692892831022393,2.4692892831022393
2.477782358673374,2.477782358673374
2.486285168371424,2.486285168371424
2.494797765246453,2.494797765246453
2.5033202025859365,2.5033202025859365
2.5118525339161355,2.5118525339161355
2.5203948130034464,2.5203948130034464
2.5289470938557943,2.5289470938557943
2.5375094307239987,2.5375094307239987
2.5460818781031946,2.5460818781031946
2.554664490734213,2.554664490734213
2.563257323605023,2.563257323605023
2.571860431952141,2.571860431952141
2.5804738712620843,2.5804738712620843
2.5890976972728046,2.5890976972728046
2.5977319659751705,2.5977319659751705
2.6063767336144106,2.6063767336144106
2.6150320566916254,2.6150320566916254
2.623697991965257,2.623697991965257
2.6323745964526126,2.6323745964526126
2.6410619274313616,2.6410619274313616
2.6497600424410885,2.6497600424410885
2.658468999284802,2.658468999284802
2.6671888560305193,2.6671888560305193
2.6759196710127933,2.6759196710127933
2.684661502834324,2.684661502834324
2.6934144103675126,2.6934144103675126
2.7021784527560877,2.7021784527560877
2.7109536894166895,2.7109536894166895
2.7197401800405223,2.7197401800405223
2.728537984594964,2.728537984594964
2.737347163325236,2.737347163325236
2.746167776756044,2.746167776756044
2.754999885693273,2.754999885693273
2.763843551225664,2.763843551225664
2.772698834726507,2.772698834726507
2.781565797855358,2.781565797855358
2.790444502559782,2.790444502559782
2.7993350110770745,2.7993350110770745
2.8082373859360152,2.8082373859360152
2.8171516899586377,2.8171516899586377
2.826077986262023,2.826077986262023
2.8350163382600795,2.8350163382600795
2.8439668096653508,2.8439668096653508
2.8529294644908454,2.8529294644908454
2.8619043670518756,2.8619043670518756
2.870891581967908,2.870891581967908
2.8798911741644218,2.8798911741644218
2.888903208874795,2.888903208874795
2.897927751642206,2.897927751642206
2.906964868321542,2.906964868321542
2.9160146250813166,2.9160146250813166
2.925077088405613,2.925077088405613
2.934152325096057,2.934152325096057
2.9432404022737724,2.9432404022737724
2.952341387381371,2.952341387381371
2.9614553481849586,2.9614553481849586
2.9705823527761597,2.9705823527761597
2.9797224695741535,2.9797224695741535
2.9888757673277144,2.9888757673277144
2.9980423151172904,2.9980423151172904
3.007222182357092,3.007222182357092
3.0164154387971944,3.0164154387971944
3.0256221545256445,3.0256221545256445
3.0348423999706022,3.0348423999706022
3.0440762459025112,3.0440762459025112
3.053323763436256,3.053323763436256
3.0625850240333437,3.0625850240333437
3.07186009950412,3.07186009950412
3.0811490620100024,3.0811490620100024
3.090451984065712,3.090451984065712
3.099768938541535,3.099768938541535
3.1090999986656005,3.1090999986656005
3.118445238026194,3.118445238026194
3.1278047305740646,3.1278047305740646
3.137178550624757,3.137178550624757
3.1465667728609676,3.1465667728609676
3.155969472334937,3.155969472334937
3.165386724470833,3.165386724470833
3.174818605067152,3.174818605067152
3.184265190299179,3.184265190299179
3.1937265567214297,3.1937265567214297
3.203202781270133,3.203202781270133
3.2126939412657154,3.2126939412657154
3.2222001144153194,3.2222001144153194
3.231721378815367,3.231721378815367
3.2412578129540885,3.2412578129540885
3.250809495714118,3.250809495714118
3.260376506375089,3.260376506375089
3.2699589246162755,3.2699589246162755
3.2795568305192186,3.2795568305192186
3.289170304570411,3.289170304570411
3.298799427663975,3.298799427663975
3.308444281104397,3.308444281104397
3.318104946609252,3.318104946609252
3.3277815063119562,3.3277815063119562
3.337474042764582,3.337474042764582
3.3471826389406263,3.3471826389406263
3.356907378237887,3.356907378237887
3.3666483444812765,3.3666483444812765
3.3764056219257426,3.3764056219257426
3.386179295259145,3.386179295259145
3.3959694496052086,3.3959694496052086
3.4057761705264586,3.4057761705264586
3.4155995440272284,3.4155995440272284
3.4254396565566427,3.4254396565566427
3.4352965950116734,3.4352965950116734
3.4451704467401805,3.4451704467401805
3.4550612995440217,3.4550612995440217
3.4649692416821405,3.4649692416821405
3.4748943618737393,3.4748943618737393
3.48483674930141,3.48483674930141
3.4947964936143743,3.4947964936143743
3.5047736849316666,3.5047736849316666
3.514768413845428,3.514768413845428
3.5247807714241475,3.5247807714241475
3.5348108492160115,3.5348108492160115
3.5448587392522133,3.5448587392522133
3.554924534050349,3.554924534050349
3.5650083266177894,3.5650083266177894
3.575110210455143,3.575110210455143
3.5852302795596858,3.5852302795596858
3.595368628428881,3.595368628428881
3.605525352063872,3.605525352063872
3.615700545973071,3.615700545973071
3.6258943061757143,3.6258943061757143
3.6361067292055034,3.6361067292055034
3.646337912114243,3.646337912114243
3.656587952475542,3.656587952475542
3.666856948388499,3.666856948388499
3.6771449984814972,3.6771449984814972
3.687452201915953,3.687452201915953
3.6977786583901606,3.6977786583901606
3.708124468143128,3.708124468143128
3.718489731958485,3.718489731958485
3.7288745511683903,3.7288745511683903
3.739279027657517,3.739279027657517
3.7497032638670222,3.7497032638670222
3.760147362798608,3.760147362798608
3.770611428018568,3.770611428018568
3.7810955636619297,3.7810955636619297
3.791599874436563,3.791599874436563
3.802124465627405,3.802124465627405
3.81266944310065,3.81266944310065
3.823234913308043,3.823234913308043
3.8338209832911616,3.8338209832911616
3.844427760685777,3.844427760685777
3.8550553537262267,3.8550553537262267
3.8657038712498486,3.8657038712498486
3.876373422701438,3.876373422701438
3.8870641181377747,3.8870641181377747
3.8977760682321554,3.8977760682321554
3.9085093842790077,3.9085093842790077
3.9192641781985054,3.9192641781985054
3.9300405625412833,3.9300405625412833
3.9408386504931245,3.9408386504931245
3.951658555879776,3.951658555879776
3.962500393171724,3.962500393171724
3.97336427748909,3.97336427748909
3.9842503246065295,3.9842503246065295
3.9951586509581816,3.9951586509581816
4.006089373642681,4.006089373642681
4.017042610428213,4.017042610428213
4.028018479757623,4.028018479757623
4.0390171007535445,4.0390171007535445
4.050038593223615,4.050038593223615
4.0610830776657325,4.0610830776657325
4.07215067527336,4.07215067527336
4.083241507940854,4.083241507940854
4.094355698268898,4.094355698268898
4.105493369569958,4.105493369569958
4.116654645873793,4.116654645873793
4.1278396519330105,4.1278396519330105
4.139048513228703,4.139048513228703
4.150281355976124,4.150281355976124
4.161538307130421,4.161538307130421
4.172819494392421,4.172819494392421
4.1841250462144695,4.1841250462144695
4.195455091806373,4.195455091806373
4.206809761141324,4.206809761141324
4.2181891849619415,4.2181891849619415
4.229593494786354,4.229593494786354
4.24102282291435,4.24102282291435
4.2524773024335865,4.2524773024335865
4.263957067225842,4.263957067225842
4.275462251973365,4.275462251973365
4.286992992165276,4.286992992165276
4.298549424104014,4.298549424104014
4.310131684911874,4.310131684911874
4.321739912537589,4.321739912537589
4.333374245763012,4.333374245763012
4.345034824209834,4.345034824209834
4.3567217883463725,4.3567217883463725
4.368435279494446,4.368435279494446
4.3801754398363215,4.3801754398363215
4.391942412421721,4.391942412421721
4.403736341174885,4.403736341174885
4.415557370901744,4.415557370901744
4.427405647297157,4.427405647297157
4.439281316952201,4.439281316952201
4.451184527361543,4.451184527361543
4.463115426930919,4.463115426930919
4.475074164984656,4.475074164984656
4.487060891773301,4.487060891773301
4.499075758481286,4.499075758481286
4.511118917234724,4.511118917234724
4.523190521109276,4.523190521109276
4.535290724138067,4.535290724138067
4.547419681319722,4.547419681319722
4.5595775486264705,4.5595775486264705
4.57176448301235,4.57176448301235
4.58398064242149,4.58398064242149
4.5962261857964615,4.5962261857964615
4.608501273086757,4.608501273086757
4.620806065257346,4.620806065257346
4.6331407242973075,4.6331407242973075
4.645505413228563,4.645505413228563
4.657900296114711,4.657900296114711
4.670325538069962,4.670325538069962
4.6827813052681595,4.6827813052681595
4.695267764951879,4.695267764951879
4.707785085441677,4.707785085441677
4.7203334361453955,4.7203334361453955
4.732912987567597,4.732912987567597
4.745523911319076,4.745523911319076
4.758166380126493,4.758166380126493
4.770840567842124,4.770840567842124
4.783546649453698,4.783546649453698
4.796284801094342,4.796284801094342
4.809055200052641,4.809055200052641
4.821858024782849,4.821858024782849
4.834693454915134,4.834693454915134
4.847561671266004,4.847561671266004
4.860462855848817,4.860462855848817
4.8733971918844325,4.8733971918844325
4.886364863811965,4.886364863811965
4.899366057299647,4.899366057299647
4.912400959255843,4.912400959255843
4.925469757840183,4.925469757840183
4.938572642474808,4.938572642474808
4.951709803855734,4.951709803855734
4.964881433964381,4.964881433964381
4.9780877260792185,4.9780877260792185
4.991328874787527,4.991328874787527
5.004605075997305,5.004605075997305
5.017916526949317,5.017916526949317
5.031263426229301,5.031263426229301
5.044645973780268,5.044645973780268
5.058064370914979,5.058064370914979
5.071518820328552,5.071518820328552
5.085009526111248,5.085009526111248
5.098536693761353,5.098536693761353
5.112100530198253,5.112100530198253
5.125701243775638,5.125701243775638
5.139339044294869,5.139339044294869
5.153014143018524,5.153014143018524
5.16672675268407,5.16672675268407
5.180477087517699,5.180477087517699
5.194265363248354,5.194265363248354
5.208091797121916,5.208091797121916
5.2219566079155415,5.2219566079155415
5.235860015952168,5.235860015952168
5.2498022431152265,5.2498022431152265
5.263783512863508,5.263783512863508
5.277804050246212,5.277804050246212
5.291864081918167,5.291864081918167
5.305963836155244,5.305963836155244
5.320103542869976,5.320103542869976
5.33428343362734,5.33428343362734
5.348503741660729,5.348503741660729
5.3627647018881355,5.3627647018881355
5.37706655092854,5.37706655092854
5.391409527118485,5.391409527118485
5.405793870528831,5.405793870528831
5.420219822981783,5.420219822981783
5.434687628068067,5.434687628068067
5.449197531164355,5.449197531164355
5.463749779450877,5.463749779450877
5.47834462192927,5.47834462192927
5.49298230944068,5.49298230944068
5.507663094684026,5.507663094684026
5.522387232234538,5.522387232234538
5.537154978562513,5.537154978562513
5.551966592052333,5.551966592052333
5.566822333021688,5.566822333021688
5.581722463741046,5.581722463741046
5.596667248453403,5.596667248453403
5.6116569533942595,5.6116569533942595
5.626691846811866,5.626691846811866
5.641772198987694,5.641772198987694
5.656898282257215,5.656898282257215
5.672070371030936,5.672070371030936
5.687288741815693,5.687288741815693
5.702553673236204,5.702553673236204
5.717865446056951,5.717865446056951
5.73322434320432,5.73322434320432
5.748630649789029,5.748630649789029
5.764084653128833,5.764084653128833
5.779586642771555,5.779586642771555
5.795136910518435,5.795136910518435
5.810735750447739,5.810735750447739
5.826383458938694,5.826383458938694
5.842080334695768,5.842080334695768
5.857826678773273,5.857826678773273
5.8736227946002515,5.8736227946002515
5.889468988005722,5.889468988005722
5.905365567244284,5.905365567244284
5.921312843022052,5.921312843022052
5.9373111285229125,5.9373111285229125
5.953360739435183,5.953360739435183
5.969461993978579,5.969461993978579
5.9856152129316245,5.9856152129316245
6.001820719659354,6.001820719659354
6.018078840141433,6.018078840141433
6.0343899030006645,6.0343899030006645
6.050754239531899,6.050754239531899
6.067172183731315,6.067172183731315
6.08364407232611,6.08364407232611
6.100170244804609,6.100170244804609
6.116751043446824,6.116751043446824
6.133386813355383,6.133386813355383
6.150077902486912,6.150077902486912
6.166824661683881,6.166824661683881
6.183627444706873,6.183627444706873
6.200486608267329,6.200486608267329
6.21740251206071,6.21740251206071
6.234375518800189,6.234375518800189
6.251405994250795,6.251405994250795
6.268494307264044,6.268494307264044
6.28564082981305,6.28564082981305
6.302845937028173,6.302845937028173
6.3201100072331675,6.3201100072331675
6.337433421981849,6.337433421981849
6.354816566095268,6.354816566095268
6.372259827699475,6.372259827699475
6.3897635982638095,6.3897635982638095
6.4073282726397345,6.4073282726397345
6.424954249100253,6.424954249100253
6.442641929379913,6.442641929379913
6.460391718715387,6.460391718715387
6.47820402588668,6.47820402588668
6.496079263258887,6.496079263258887
6.514017846824634,6.514017846824634
6.532020196247141,6.532020196247141
6.550086734903914,6.550086734903914
6.568217889931063,6.568217889931063
6.586414092268361,6.586414092268361
7.873657706524845,7.873657706524845
7.874367622866536,7.874367622866536
7.875037663178168,7.875037663178168
7.875670912089447,7.875670912089447
7.876270275314259,7.876270275314259
7.876838500228443,7.876838500228443
7.877378193354548,7.877378193354548
7.877891835328761,7.877891835328761
7.878381793799827,7.878381793799827
7.878850334615089,7.878850334615089
7.879299631577209,7.879299631577209
7.879731774999496,7.879731774999496
7.880148779245268,7.880148779245268
7.880552589402223,7.880552589402223
7.880945087217156,7.880945087217156
7.881328096393929,7.881328096393929
7.881703387341371,7.881703387341371
7.8820726814434074,7.8820726814434074
7.8824376549125335,7.8824376549125335
7.882799942278565,7.882799942278565
7.88316113955689,7.88316113955689
7.883522807133895,7.883522807133895
7.883886472402233,7.883886472402233
7.884253632174094,7.884253632174094
7.884625754896694,7.884625754896694
7.885004282691151,7.885004282691151
7.885390633233363,7.885390633233363
7.885786201493072,7.885786201493072
7.886192361345184,7.886192361345184
7.886610467066079,7.886610467066079
7.887041854725908,7.887041854725908
7.887487843486674,7.887487843486674
7.887949736814871,7.887949736814871
7.888428823616541,7.888428823616541
7.888926379301489,7.888926379301489
7.889443666783069,7.889443666783069
7.8899819374190185,7.8899819374190185
7.890542431898461,7.890542431898461
7.891126381079458,7.891126381079458
7.891735006781293,7.891735006781293
7.89236952253518,7.89236952253518
7.893031134296727,7.893031134296727
7.893721041123215,7.893721041123215
7.894440435818373,7.894440435818373
7.895190505547367,7.895190505547367
7.89597243242409,7.89597243242409
7.896787394073058,7.896787394073058
7.8976365641676205,7.8976365641676205
7.898521112946542,7.898521112946542
7.899442207710337,7.899442207710337
7.900401013298964,7.900401013298964
7.9013986925522754,7.9013986925522754
7.9024364067544735,7.9024364067544735
7.903515316063787,7.903515316063787
7.904636579928411,7.904636579928411
7.9058013574897394,7.9058013574897394
7.907010807973884,7.907010807973884
7.9082660910723845,7.9082660910723845
7.909568367312719,7.909568367312719
7.910918798419694,7.910918798419694
7.912318547668146,7.912318547668146
7.913768780227869,7.913768780227869
7.9152706635011665,7.9152706635011665
7.916825367453759,7.916825367453759
7.918434064939641,7.918434064939641
7.920097932020209,7.920097932020209
7.921818148278415,7.921818148278415
7.9235958971282,7.9235958971282
7.925432366119775,7.925432366119775
7.927328747241108,7.927328747241108
7.929286237216035,7.929286237216035
7.931306037799377,7.931306037799377
7.933389356069437,7.933389356069437
7.935537404718224,7.935537404718224
7.937751402339625,7.937751402339625
7.940032573716092,7.940032573716092
7.942382150103786,7.942382150103786
7.944801369516984,7.944801369516984
7.947291477011396,7.947291477011396
7.949853724967202,7.949853724967202
7.952489373371865,7.952489373371865
7.955199690102876,7.955199690102876
7.957985951210922,7.957985951210922
7.96084944120347,7.96084944120347
7.963791453329199,7.963791453329199
7.966813289863451,7.966813289863451
7.9699162623948725,7.9699162623948725
7.973101692113464,7.973101692113464
7.976370910100481,7.976370910100481
7.979725257620077,7.979725257620077
7.983166086413141,7.983166086413141
7.986694758993442,7.986694758993442
7.99031264894626,7.99031264894626
7.994021141229952,7.994021141229952
7.997821632480243,7.997821632480243
8.001715531317863,8.001715531317863
8.005704258659469,8.005704258659469
8.00978924803227,8.00978924803227
8.013971945892298,8.013971945892298
8.018253811946824,8.018253811946824
8.022636319480949,8.022636319480949
8.027120955688646,8.027120955688646
8.031709222008459,8.031709222008459
8.036402634464023,8.036402634464023
8.04120272400979,8.04120272400979
8.046111036882015,8.046111036882015
8.051129134955234,8.051129134955234
8.056258596104644,8.056258596104644
8.06150101457435,8.06150101457435
8.066858001352,8.066858001352
8.072331184549848,8.072331184549848
8.077922209792524,8.077922209792524
8.083632740611849,8.083632740611849
8.089464458848921,8.089464458848921
8.095419065063666,8.095419065063666
8.101498278952164,8.101498278952164
8.107703839772109,8.107703839772109
8.11403750677657,8.11403750677657
8.12050105965639,8.12050105965639
8.12709629899151,8.12709629899151
8.133825046711554,8.133825046711554
8.140689146566016,8.140689146566016
8.147690464604185,8.147690464604185
8.154830889665476,8.154830889665476
8.162112333880103,8.162112333880103
8.169536733180859,8.169536733180859
8.177106047826063,8.177106047826063
8.184822262934073,8.184822262934073
8.19268738903002,8.19268738903002
8.200703462604844,8.200703462604844
8.208872546687143,8.208872546687143
8.21719673142837,8.21719673142837
8.225678134701617,8.225678134701617
8.234318902714751,8.234318902714751
8.243121210637883,8.243121210637883
8.25208726324614,8.25208726324614
8.261219295577982,8.261219295577982
8.27051957360964,8.27051957360964
8.279990394946172,8.279990394946172
8.2896340895297,8.2896340895297
8.299453020365494,8.299453020365494
8.309449584266387,8.309449584266387
8.319626212616171,8.319626212616171
8.329985372152558,8.329985372152558
8.340529565770469,8.340529565770469
8.351261333346326,8.351261333346326
8.362183252583941,8.362183252583941
8.37329793988279,8.37329793988279
8.38460805122953,8.38460805122953
8.396116283113471,8.396116283113471
8.407825373466794,8.407825373466794
8.419738102630392,8.419738102630392
8.431857294346322,8.431857294346322
8.444185816777635,8.444185816777635
8.456726583556705,8.456726583556705
8.469482554862786,8.469482554862786
8.482456738530281,8.482456738530281
8.495652191188285,8.495652191188285
8.509072019432985,8.509072019432985
8.52271938103373,8.52271938103373
8.536597486174182,8.536597486174182
8.550709598729835,8.550709598729835
8.565059037583046,8.565059037583046
8.579649177977206,8.579649177977206
8.594483452911154,8.594483452911154
8.609565354575649,8.609565354575649
8.624898435833419,8.624898435833419
8.640486311744079,8.640486311744079
8.656332661135966,8.656332661135966
8.672441228226646,8.672441228226646
8.688815824293746,8.688815824293746
8.705460329398107,8.705460329398107
8.722378694161348,8.722378694161348
8.739574941599907,8.739574941599907
8.757053169017805,8.757053169017805
8.774817549960241,8.774817549960241
8.792872336230689,8.792872336230689
8.811221859973754,8.811221859973754
8.829870535826805,8.829870535826805
8.848822863142582,8.848822863142582
8.868083428286113,8.868083428286113
8.887656907008846,8.887656907008846
8.907548066903093,8.907548066903093
8.927761769940094,8.927761769940094
8.948302975095313,8.948302975095313
8.969176741064416,8.969176741064416
8.990388229073988,8.990388229073988
9.011942705790766,9.011942705790766
9.033845546333762,9.033845546333762
9.056102237393661,9.056102237393661
9.078718380464117,9.078718380464117
9.101699695189843,9.101699695189843
9.125052022836622,9.125052022836622
9.148781329888644,9.148781329888644
9.17289371177893,9.17289371177893
9.197395396758603,9.197395396758603
9.222292749911528,9.222292749911528
9.247592277320773,9.247592277320773
9.273300630394122,9.273300630394122
9.299424610355645,9.299424610355645
9.325971172911258,9.325971172911258
9.352947433096658,9.352947433096658
9.380360670315872,9.380360670315872
9.40821833357987,9.40821833357987
9.436528046954663,9.436528046954663
9.465297615229115,9.465297615229115
9.494535029813406,9.494535029813406
9.524248474879188,9.524248474879188
9.55444633375367,9.55444633375367
9.585137195580451,9.585137195580451
9.616329862260377,9.616329862260377
9.648033355686866,9.648033355686866
9.680256925290793,9.680256925290793
9.713010055910967,9.713010055910967
9.746302476007552,9.746302476007552
9.780144166235916,9.780144166235916
9.81454536840075,9.81454536840075
9.84951659481066,9.84951659481066
9.885068638054817,9.885068638054817
9.921212581225095,9.921212581225095
9.957959808607876,9.957959808607876
9.995322016872217,9.995322016872217
10.033311226782065,10.033311226782065
10.071939795462104,10.071939795462104
10.11122042924945,10.11122042924945
10.151166197164738,10.151166197164738
10.191790545039144,10.191790545039144
10.233107310335857,10.233107310335857
10.275130737707519,10.275130737707519
10.317875495333972,10.317875495333972
10.361356692087922,10.361356692087922
10.405589895579428,10.405589895579428
10.450591151133443,10.450591151133443
10.49637700175961,10.49637700175961
10.542964509176993,10.542964509176993
10.590371275961212,10.590371275961212
10.638615468887071,10.638615468887071
10.687715843544872,10.687715843544872
10.737691770315038,10.737691770315038
10.788563261791639,10.788563261791639
10.840351001753493,10.840351001753493
10.893076375788624,10.893076375788624
10.946761503687041,10.946761503687041
11.001429273725307,11.001429273725307
11.05710337897797,11.05710337897797
11.113808355800911,11.113808355800911
11.171569624644775,11.171569624644775
11.23041353336998,11.23041353336998
11.290367403249515,11.290367403249515
11.35145957786294,11.35145957786294
11.413719475101944,11.413719475101944
11.47717764252865,11.47717764252865
11.541865816349624,11.541865816349624
11.607816984292972,11.607816984292972
11.675065452702954,11.675065452702954
11.743646918196161,11.743646918196161
11.813598544257248,11.813598544257248
11.88495904318849,11.88495904318849
11.957768763869334,11.957768763869334
12.032069785827176,12.032069785827176
12.107906020172592,12.107906020172592
12.1853233180097,12.1853233180097
12.26436958699616,12.26436958699616
12.345094916799429,12.345094916799429
12.427551714277692,12.427551714277692
12.511794849304819,12.511794849304819
12.597881812261656,12.597881812261656
12.685872884332412,12.685872884332412
12.775831321877357,12.775831321877357
12.86782355630216,12.86782355630216
12.961919411014602,12.961919411014602
13.058192337253086,13.058192337253086
13.156719670793006,13.156719670793006
13.257582911790237,13.257582911790237
13.360868030311549,13.360868030311549
13.46666580043574,13.46666580043574
13.57507216619428,13.57507216619428
13.686188643066014,13.686188643066014
13.800122759254869,13.800122759254869
13.916988541579224,13.916988541579224
14.036907051500158,14.036907051500158
14.160006977630326,14.160006977630326
14.286425292023488,14.286425292023488
14.41630797866816,14.41630797866816
14.549810843937454,14.549810843937454
14.68710042031958,14.68710042031958
14.828354976622322,14.828354976622322
14.973765650075695,14.973765650075695
15.123537718427542,15.123537718427542
15.277892033343447,15.277892033343447
15.437066640304344,15.437066640304344
15.601318614912191,15.601318614912191
15.770926151263787,15.770926151263787
15.946190945105723,15.946190945105723
16.12744092317454,16.12744092317454
16.31503338090023,16.31503338090023
16.509358604085843,16.509358604085843
16.71084406703533,16.71084406703533
16.919959320899437,16.919959320899437
17.137221713103525,17.137221713103525
17.363203113452464,17.363203113452464
17.598537867385684,17.598537867385684
17.843932255339766,17.843932255339766
18.10017581409523,18.10017581409523
18.368154978140925,18.368154978140925
18.64886963620633,18.64886963620633
18.943453384245306,18.943453384245306
19.253198511951,19.253198511951
19.57958711611589,19.57958711611589
19.92433023749759,19.92433023749759
20.28941764039377,20.28941764039377
20.677181909477866,20.677181909477866
21.09038210966167,21.09038210966167
21.53231464409058,21.53231464409058
22.006962665695852,22.006962665695852
22.51920134600241,22.51920134600241
23.075086104569316,23.075086104569316
23.68226760811522,23.68226760811522
24.350606968960165,24.350606968960165
25.093119554062472,25.093119554062472
25.92748354807142,25.92748354807142
26.878574691447064,26.878574691447064
27.982998850347364,27.982998850347364
29.297872303062988,29.297872303062988
30.919754490813244,30.919754490813244
33.032191791374,33.032191791374
36.057321889509495,36.057321889509495
41.41979017565446,41.41979017565446
