-7.0021455006440085,-7.0021455006440085
-7.014163325902413,-7.014163325902413
-7.022188671686607,-7.022188671686607
-7.0284485696180505,-7.0284485696180505
-7.033543128717319,-7.033543128717319
-7.0377660559701365,-7.0377660559701365
-7.041292860046102,-7.041292860046102
-7.044240525051124,-7.044240525051124
-7.046692685097971,-7.046692685097971
-7.048712138334417,-7.048712138334417
-7.050347784759456,-7.050347784759456
-7.05163878703477,-7.05163878703477
-7.052617219061587,-7.052617219061587
-7.053309832840609,-7.053309832840609
-7.053739282662417,-7.053739282662417
-7.053925000277373,-7.053925000277373
-7.053883837238098,-7.053883837238098
-7.053630547058742,-7.053630547058742
-7.053178154219535,-7.053178154219535
-7.0525382413873645,-7.0525382413873645
-7.051721176330355,-7.051721176330355
-7.050736293570905,-7.050736293570905
-7.049592041530308,-7.049592041530308
-7.048296102990525,-7.048296102990525
-7.046855494660859,-7.046855494660859
-7.04527665019302,-7.04527665019302
-7.043565489947572,-7.043565489947572
-7.041727480053962,-7.041727480053962
-7.039767682742471,-7.039767682742471
-7.037690799503286,-7.037690799503286
-7.03550120830678,-7.03550120830678
-7.033202995872643,-7.033202995872643
-7.030799985784851,-7.030799985784851
-7.028295763100146,-7.028295763100146
-7.0256936959802765,-7.0256936959802765
-7.022996954784804,-7.022996954784804
-7.0202085289865,-7.0202085289865
-7.017331242211217,-7.017331242211217
-7.014367765655143,-7.014367765655143
-7.011320630092582,-7.011320630092582
-7.0081922366546054,-7.0081922366546054
-7.004984866531928,-7.004984866531928
-7.001700689732986,-7.001700689732986
-6.9983417730094715,-6.9983417730094715
-6.994910087045984,-6.994910087045984
-6.991407512997248,-6.991407512997248
-6.987835848445297,-6.987835848445297
-6.984196812839552,-6.984196812839552
-6.980492052474704,-6.980492052474704
-6.976723145054487,-6.976723145054487
-6.9728916038835305,-6.9728916038835305
-6.968998881724395,-6.968998881724395
-6.965046374352605,-6.965046374352605
-6.96103542383865,-6.96103542383865
-6.956967321582673,-6.956967321582673
-6.952843311124717,-6.952843311124717
-6.948664590750904,-6.948664590750904
-6.944432315913742,-6.944432315913742
-6.940147601482829,-6.940147601482829
-6.93581152384057,-6.93581152384057
-6.931425122836012,-6.931425122836012
-6.926989403608616,-6.926989403608616
-6.92250533829259,-6.92250533829259
-6.917973867611439,-6.917973867611439
-6.913395902371387,-6.913395902371387
-6.90877232486161,-6.90877232486161
-6.904103990168394,-6.904103990168394
-6.899391727409763,-6.899391727409763
-6.894636340896495,-6.894636340896495
-6.889838611224924,-6.889838611224924
-6.884999296306467,-6.884999296306467
-6.880119132338411,-6.880119132338411
-6.875198834720058,-6.875198834720058
-6.870239098918036,-6.870239098918036
-6.865240601284269,-6.865240601284269
-6.860203999829766,-6.860203999829766
-6.855129934957192,-6.855129934957192
-6.850019030154945,-6.850019030154945
-6.844871892655191,-6.844871892655191
-6.839689114058214,-6.839689114058214
-6.834471270925183,-6.834471270925183
-6.829218925341296,-6.829218925341296
-6.823932625451176,-6.823932625451176
-6.818612905968152,-6.818612905968152
-6.813260288659035,-6.813260288659035
-6.807875282805825,-6.807875282805825
-6.802458385645728,-6.802458385645728
-6.797010082790714,-6.797010082790714
-6.7915308486278025,-6.7915308486278025
-6.786021146701192,-6.786021146701192
-6.78048143007721,-6.78048143007721
-6.774912141693064,-6.774912141693064
-6.76931371469029,-6.76931371469029
-6.763686572733706,-6.763686572733706
-6.758031130316652,-6.758031130316652
-6.7523477930532785,-6.7523477930532785
-6.746636957958516,-6.746636957958516
-6.740899013716398,-6.740899013716398
-6.735134340937334,-6.735134340937334
-6.729343312404882,-6.729343312404882
-6.723526293312562,-6.723526293312562
-6.71768364149122,-6.71768364149122
-6.711815707627362,-6.711815707627362
-6.705922835472969,-6.705922835472969
-6.700005362047151,-6.700005362047151
-6.694063617830051,-6.694063617830051
-6.688097926949379,-6.688097926949379
-6.682108607359906,-6.682108607359906
-6.676095971016248,-6.676095971016248
-6.670060324039271,-6.670060324039271
-6.664001966876376,-6.664001966876376
-6.657921194455979,-6.657921194455979
-6.651818296336409,-6.651818296336409
-6.645693556849504,-6.645693556849504
-6.639547255239134,-6.639547255239134
-6.633379665794844,-6.633379665794844
-6.627191057980879,-6.627191057980879
-6.620981696560744,-6.620981696560744
-6.614751841717518,-6.614751841717518
-6.608501749170093,-6.608501749170093
-6.602231670285492,-6.602231670285492
-6.595941852187478,-6.595941852187478
-6.589632537861542,-6.589632537861542
-6.5833039662564685,-6.5833039662564685
-6.5769563723825994,-6.5769563723825994
-6.570589987406925,-6.570589987406925
-6.564205038745138,-6.564205038745138
-6.5578017501507615,-6.5578017501507615
-6.551380341801484,-6.551380341801484
-6.544941030382783,-6.544941030382783
-6.538484029168962,-6.538484029168962
-6.532009548101705,-6.532009548101705
-6.525517793866223,-6.525517793866223
-6.5190089699650935,-6.5190089699650935
-6.512483276789892,-6.512483276789892
-6.5059409116906695,-6.5059409116906695
-6.499382069043396,-6.499382069043396
-6.492806940315392,-6.492806940315392
-6.486215714128875,-6.486215714128875
-6.479608576322659,-6.479608576322659
-6.472985710012068,-6.472985710012068
-6.466347295647153,-6.466347295647153
-6.459693511069249,-6.459693511069249
-6.453024531565945,-6.453024531565945
-6.446340529924519,-6.446340529924519
-6.439641676483873,-6.439641676483873
-6.432928139185064,-6.432928139185064
-6.426200083620427,-6.426200083620427
-6.419457673081366,-6.419457673081366
-6.412701068604869,-6.412701068604869
-6.405930429018757,-6.405930429018757
-6.39914591098574,-6.39914591098574
-6.39234766904629,-6.39234766904629
-6.385535855660407,-6.385535855660407
-6.378710621248279,-6.378710621248279
-6.371872114229888,-6.371872114229888
-6.365020481063602,-6.365020481063602
-6.358155866283766,-6.358155866283766
-6.351278412537347,-6.351278412537347
-6.344388260619642,-6.344388260619642
-6.3374855495091005,-6.3374855495091005
-6.330570416401256,-6.330570416401256
-6.323642996741841,-6.323642996741841
-6.316703424259056,-6.316703424259056
-6.309751830995077,-6.309751830995077
-6.30278834733677,-6.30278834733677
-6.295813102045669,-6.295813102045669
-6.288826222287242,-6.288826222287242
-6.281827833659436,-6.281827833659436
-6.274818060220567,-6.274818060220567
-6.267797024516522,-6.267797024516522
-6.26076484760735,-6.26076484760735
-6.253721649093204,-6.253721649093204
-6.246667547139702,-6.246667547139702
-6.239602658502691,-6.239602658502691
-6.232527098552439,-6.232527098552439
-6.225440981297281,-6.225440981297281
-6.218344419406723,-6.218344419406723
-6.211237524234027,-6.211237524234027
-6.204120405838292,-6.204120405838292
-6.1969931730060255,-6.1969931730060255
-6.189855933272257,-6.189855933272257
-6.182708792941167,-6.182708792941167
-6.1755518571062815,-6.1755518571062815
-6.168385229670199,-6.168385229670199
-6.161209013363915,-6.161209013363915
-6.154023309765712,-6.154023309765712
-6.146828219319652,-6.146828219319652
-6.139623841353666,-6.139623841353666
-6.132410274097262,-6.132410274097262
-6.125187614698865,-6.125187614698865
-6.1179559592427735,-6.1179559592427735
-6.110715402765787,-6.110715402765787
-6.103466039273459,-6.103466039273459
-6.096207961756041,-6.096207961756041
-6.088941262204067,-6.088941262204067
-6.081666031623648,-6.081666031623648
-6.074382360051434,-6.074382360051434
-6.067090336569283,-6.067090336569283
-6.059790049318625,-6.059790049318625
-6.052481585514549,-6.052481585514549
-6.0451650314595895,-6.0451650314595895
-6.037840472557259,-6.037840472557259
-6.030507993325302,-6.030507993325302
-6.023167677408688,-6.023167677408688
-6.015819607592347,-6.015819607592347
-6.008463865813666,-6.008463865813666
-6.001100533174733,-6.001100533174733
-5.99372968995435,-5.99372968995435
-5.986351415619807,-5.986351415619807
-5.978965788838446,-5.978965788838446
-5.971572887488987,-5.971572887488987
-5.964172788672652,-5.964172788672652
-5.956765568724068,-5.956765568724068
-5.949351303221978,-5.949351303221978
-5.941930066999739,-5.941930066999739
-5.934501934155634,-5.934501934155634
-5.927066978062989,-5.927066978062989
-5.919625271380097,-5.919625271380097
-5.912176886059979,-5.912176886059979
-5.904721893359941,-5.904721893359941
-5.897260363850977,-5.897260363850977
-5.889792367426992,-5.889792367426992
-5.882317973313859,-5.882317973313859
-5.874837250078323,-5.874837250078323
-5.867350265636728,-5.867350265636728
-5.859857087263611,-5.859857087263611
-5.852357781600119,-5.852357781600119
-5.8448524146623,-5.8448524146623
-5.837341051849234,-5.837341051849234
-5.829823757951024,-5.829823757951024
-5.822300597156657,-5.822300597156657
-5.814771633061718,-5.814771633061718
-5.807236928675973,-5.807236928675973
-5.7996965464308285,-5.7996965464308285
-5.792150548186654,-5.792150548186654
-5.784598995239982,-5.784598995239982
-5.777041948330593,-5.777041948330593
-5.7694794676484715,-5.7694794676484715
-5.761911612840652,-5.761911612840652
-5.754338443017944,-5.754338443017944
-5.746760016761548,-5.746760016761548
-5.7391763921295595,-5.7391763921295595
-5.731587626663375,-5.731587626663375
-5.723993777393975,-5.723993777393975
-5.716394900848115,-5.716394900848115
-5.708791053054419,-5.708791053054419
-5.701182289549362,-5.701182289549362
-5.693568665383163,-5.693568665383163
-5.685950235125582,-5.685950235125582
-5.678327052871626,-5.678327052871626
-5.6706991722471525,-5.6706991722471525
-5.663066646414397,-5.663066646414397
-5.655429528077413,-5.655429528077413
-5.647787869487401,-5.647787869487401
-5.640141722447993,-5.640141722447993
-5.632491138320421,-5.632491138320421
-5.624836168028619,-5.624836168028619
-5.617176862064245,-5.617176862064245
-5.609513270491618,-5.609513270491618
-5.601845442952594,-5.601845442952594
-5.59417342867134,-5.59417342867134
-5.586497276459067,-5.586497276459067
-5.5788170347186625,-5.5788170347186625
-5.571132751449272,-5.571132751449272
-5.5634444742508,-5.5634444742508
-5.555752250328344,-5.555752250328344
-5.548056126496567,-5.548056126496567
-5.540356149183998,-5.540356149183998
-5.532652364437272,-5.532652364437272
-5.524944817925308,-5.524944817925308
-5.5172335549434175,-5.5172335549434175
-5.509518620417362,-5.509518620417362
-5.501800058907344,-5.501800058907344
-5.49407791461194,-5.49407791461194
-5.486352231371979,-5.486352231371979
-5.478623052674358,-5.478623052674358
-5.470890421655815,-5.470890421655815
-5.463154381106628,-5.463154381106628
-5.455414973474281,-5.455414973474281
-5.4476722408670595,-5.4476722408670595
-5.439926225057608,-5.439926225057608
-5.432176967486425,-5.432176967486425
-5.424424509265323,-5.424424509265323
-5.416668891180824,-5.416668891180824
-5.408910153697512,-5.408910153697512
-5.401148336961344,-5.401148336961344
-5.393383480802911,-5.393383480802911
-5.385615624740648,-5.385615624740648
-5.377844807984008,-5.377844807984008
-5.370071069436585,-5.370071069436585
-5.362294447699197,-5.362294447699197
-5.354514981072927,-5.354514981072927
-5.346732707562117,-5.346732707562117
-5.338947664877329,-5.338947664877329
-5.331159890438261,-5.331159890438261
-5.323369421376621,-5.323369421376621
-5.315576294538965,-5.315576294538965
-5.307780546489496,-5.307780546489496
-5.299982213512825,-5.299982213512825
-5.292181331616699,-5.292181331616699
-5.28437793653468,-5.28437793653468
-5.276572063728807,-5.276572063728807
-5.268763748392201,-5.268763748392201
-5.260953025451658,-5.260953025451658
-5.2531399295701835,-5.2531399295701835
-5.24532449514952,-5.24532449514952
-5.237506756332614,-5.237506756332614
-5.229686747006075,-5.229686747006075
-5.2218645008025835,-5.2218645008025835
-5.2140400511032805,-5.2140400511032805
-5.206213431040119,-5.206213431040119
-5.198384673498187,-5.198384673498187
-5.190553811117999,-5.190553811117999
-5.182720876297763,-5.182720876297763
-5.17488590119561,-5.17488590119561
-5.167048917731808,-5.167048917731808
-5.159209957590928,-5.159209957590928
-5.151369052224002,-5.151369052224002
-5.143526232850645,-5.143526232850645
-5.135681530461148,-5.135681530461148
-5.1278349758185495,-5.1278349758185495
-5.119986599460677,-5.119986599460677
-5.112136431702167,-5.112136431702167
-5.104284502636455,-5.104284502636455
-5.096430842137747,-5.096430842137747
-5.088575479862956,-5.088575479862956
-5.080718445253629,-5.080718445253629
-5.072859767537834,-5.072859767537834
-5.064999475732046,-5.064999475732046
-5.057137598642979,-5.057137598642979
-5.04927416486942,-5.04927416486942
-5.041409202804039,-5.041409202804039
-5.033542740635163,-5.033542740635163
-5.025674806348537,-5.025674806348537
-5.01780542772907,-5.01780542772907
-5.009934632362547,-5.009934632362547
-5.002062447637327,-5.002062447637327
-4.994188900746022,-4.994188900746022
-4.986314018687155,-4.986314018687155
-4.978437828266794,-4.978437828266794
-4.970560356100173,-4.970560356100173
-4.96268162861329,-4.96268162861329
-4.954801672044482,-4.954801672044482
-4.946920512445994,-4.946920512445994
-4.939038175685516,-4.939038175685516
-4.931154687447708,-4.931154687447708
-4.92327007323571,-4.92327007323571
-4.915384358372626,-4.915384358372626
-4.907497568003,-4.907497568003
-4.899609727094268,-4.899609727094268
-4.8917208604381965,-4.8917208604381965
-4.883830992652304,-4.883830992652304
-4.875940148181267,-4.875940148181267
-4.868048351298302,-4.868048351298302
-4.8601556261065495,-4.8601556261065495
-4.852261996540417,-4.852261996540417
-4.844367486366936,-4.844367486366936
-4.836472119187075,-4.836472119187075
-4.828575918437056,-4.828575918437056
-4.820678907389651,-4.820678907389651
-4.812781109155463,-4.812781109155463
-4.804882546684193,-4.804882546684193
-4.796983242765894,-4.796983242765894
-4.7890832200322055,-4.7890832200322055
-4.781182500957588,-4.781182500957588
-4.773281107860524,-4.773281107860524
-4.765379062904718,-4.765379062904718
-4.757476388100292,-4.757476388100292
-4.749573105304938,-4.749573105304938
-4.741669236225094,-4.741669236225094
-4.733764802417078,-4.733764802417078
-4.7258598252882305,-4.7258598252882305
-4.717954326098027,-4.717954326098027
-4.71004832595919,-4.71004832595919
-4.702141845838786,-4.702141845838786
-4.694234906559309,-4.694234906559309
-4.6863275287997554,-4.6863275287997554
-4.67841973309668,-4.67841973309668
-4.670511539845249,-4.670511539845249
-4.662602969300281,-4.662602969300281
-4.654694041577266,-4.654694041577266
-4.64678477665339,-4.64678477665339
-4.638875194368534,-4.638875194368534
-4.630965314426274,-4.630965314426274
-4.62305515639486,-4.62305515639486
-4.615144739708188,-4.615144739708188
-4.6072340836667705,-4.6072340836667705
-4.599323207438682,-4.599323207438682
-4.591412130060506,-4.591412130060506
-4.583500870438266,-4.583500870438266
-4.575589447348348,-4.575589447348348
-4.5676778794384125,-4.5676778794384125
-4.5597661852283045,-4.5597661852283045
-4.551854383110943,-4.551854383110943
-4.5439424913532,-4.5439424913532
-4.536030528096792,-4.536030528096792
-4.528118511359129,-4.528118511359129
-4.520206459034188,-4.520206459034188
-4.512294388893347,-4.512294388893347
-4.5043823185862335,-4.5043823185862335
-4.49647026564156,-4.49647026564156
-4.4885582474679335,-4.4885582474679335
-4.480646281354685,-4.480646281354685
-4.472734384472662,-4.472734384472662
-4.464822573875036,-4.464822573875036
-4.45691086649809,-4.45691086649809
-4.448999279161991,-4.448999279161991
-4.441087828571581,-4.441087828571581
-4.433176531317128,-4.433176531317128
-4.425265403875091,-4.425265403875091
-4.417354462608868,-4.417354462608868
-4.409443723769541,-4.409443723769541
-4.401533203496608,-4.401533203496608
-4.393622917818718,-4.393622917818718
-4.385712882654379,-4.385712882654379
-4.377803113812687,-4.377803113812687
-4.369893626994022,-4.369893626994022
-4.36198443779075,-4.36198443779075
-4.3540755616879165,-4.3540755616879165
-4.346167014063933,-4.346167014063933
-4.338258810191248,-4.338258810191248
-4.330350965237034,-4.330350965237034
-4.322443494263838,-4.322443494263838
-4.3145364122302485,-4.3145364122302485
-4.306629733991547,-4.306629733991547
-4.29872347430035,-4.29872347430035
-4.290817647807257,-4.290817647807257
-4.282912269061473,-4.282912269061473
-4.2750073525114445,-4.2750073525114445
-4.267102912505477,-4.267102912505477
-4.2591989632923495,-4.2591989632923495
-4.251295519021927,-4.251295519021927
-4.243392593745761,-4.243392593745761
-4.235490201417684,-4.235490201417684
-4.227588355894409,-4.227588355894409
-4.219687070936108,-4.219687070936108
-4.2117863602069985,-4.2117863602069985
-4.20388623727591,-4.20388623727591
-4.1959867156168595,-4.1959867156168595
-4.188087808609618,-4.188087808609618
-4.18018952954026,-4.18018952954026
-4.172291891601721,-4.172291891601721
-4.164394907894347,-4.164394907894347
-4.156498591426437,-4.156498591426437
-4.148602955114773,-4.148602955114773
-4.140708011785165,-4.140708011785165
-4.132813774172963,-4.132813774172963
-4.124920254923595,-4.124920254923595
-4.117027466593074,-4.117027466593074
-4.10913542164851,-4.10913542164851
-4.101244132468623,-4.101244132468623
-4.093353611344243,-4.093353611344243
-4.085463870478809,-4.085463870478809
-4.077574921988862,-4.077574921988862
-4.069686777904532,-4.069686777904532
-4.061799450170024,-4.061799450170024
-4.053912950644099,-4.053912950644099
-4.046027291100548,-4.046027291100548
-4.038142483228661,-4.038142483228661
-4.030258538633695,-4.030258538633695
-4.022375468837335,-4.022375468837335
-4.014493285278158,-4.014493285278158
-4.006611999312075,-4.006611999312075
-3.99873162221279,-3.99873162221279
-3.9908521651722406,-3.9908521651722406
-3.982973639301041,-3.982973639301041
-3.9750960556289185,-3.9750960556289185
-3.9672194251051462,-3.9672194251051462
-3.959343758598973,-3.959343758598973
-3.9514690669000463,-3.9514690669000463
-3.9435953607188354,-3.9435953607188354
-3.935722650687051,-3.935722650687051
-3.927850947358049,-3.927850947358049
-3.9199802612072556,-3.9199802612072556
-3.912110602632558,-3.912110602632558
-3.9042419819547165,-3.9042419819547165
-3.896374409417761,-3.896374409417761
-3.8885078951893823,-3.8885078951893823
-3.880642449361328,-3.880642449361328
-3.8727780819497886,-3.8727780819497886
-3.8649148028957803,-3.8649148028957803
-3.85705262206553,-3.85705262206553
-3.8491915492508477,-3.8491915492508477
-3.841331594169503,-3.841331594169503
-3.833472766465596,-3.833472766465596
-3.8256150757099245,-3.8256150757099245
-3.8177585314003455,-3.8177585314003455
-3.8099031429621397,-3.8099031429621397
-3.8020489197483656,-3.8020489197483656
-3.794195871040216,-3.794195871040216
-3.786344006047368,-3.786344006047368
-3.7784933339083304,-3.7784933339083304
-3.770643863690787,-3.770643863690787
-3.7627956043919455,-3.7627956043919455
-3.754948564938865,-3.754948564938865
-3.7471027541888,-3.7471027541888
-3.739258180929529,-3.739258180929529
-3.731414853879687,-3.731414853879687
-3.723572781689088,-3.723572781689088
-3.7157319729390528,-3.7157319729390528
-3.707892436142727,-3.707892436142727
-3.700054179745401,-3.700054179745401
-3.6922172121248233,-3.6922172121248233
-3.6843815415915135,-3.6843815415915135
-3.6765471763890725,-3.6765471763890725
-3.668714124694488,-3.668714124694488
-3.660882394618441,-3.660882394618441
-3.653051994205603,-3.653051994205603
-3.6452229314349376,-3.6452229314349376
-3.6373952142199983,-3.6373952142199983
-3.6295688504092176,-3.6295688504092176
-3.6217438477861994,-3.6217438477861994
-3.6139202140700086,-3.6139202140700086
-3.606097956915456,-3.606097956915456
-3.5982770839133797,-3.5982770839133797
-3.59045760259093,-3.59045760259093
-3.5826395204118398,-3.5826395204118398
-3.574822844776712,-3.574822844776712
-3.5670075830232792,-3.5670075830232792
-3.559193742426685,-3.559193742426685
-3.55138133019975,-3.55138133019975
-3.5435703534932323,-3.5435703534932323
-3.5357608193960988,-3.5357608193960988
-3.527952734935782,-3.527952734935782
-3.5201461070784394,-3.5201461070784394
-3.5123409427292125,-3.5123409427292125
-3.5045372487324795,-3.5045372487324795
-3.4967350318721087,-3.4967350318721087
-3.488934298871707,-3.488934298871707
-3.481135056394867,-3.481135056394867
-3.4733373110454187,-3.4733373110454187
-3.4655410693676614,-3.4655410693676614
-3.457746337846619,-3.457746337846619
-3.4499531229082683,-3.4499531229082683
-3.4421614309197808,-3.4421614309197808
-3.434371268189758,-3.434371268189758
-3.4265826409684617,-3.4265826409684617
-3.4187955554480456,-3.4187955554480456
-3.411010017762787,-3.411010017762787
-3.403226033989309,-3.403226033989309
-3.395443610146809,-3.395443610146809
-3.387662752197281,-3.387662752197281
-3.379883466045733,-3.379883466045733
-3.37210575754041,-3.37210575754041
-3.3643296324730083,-3.3643296324730083
-3.3565550965788926,-3.3565550965788926
-3.348782155537306,-3.348782155537306
-3.341010814971586,-3.341010814971586
-3.3332410804493686,-3.3332410804493686
-3.3254729574827993,-3.3254729574827993
-3.3177064515287364,-3.3177064515287364
-3.309941567988957,-3.309941567988957
-3.302178312210357,-3.302178312210357
-3.294416689485154,-3.294416689485154
-3.2866567050510813,-3.2866567050510813
-3.2788983640915896,-3.2788983640915896
-3.271141671736038,-3.271141671736038
-3.2633866330598895,-3.2633866330598895
-3.2556332530849,-3.2556332530849
-3.2478815367793117,-3.2478815367793117
-3.240131489058038,-3.240131489058038
-3.2323831147828503,-3.2323831147828503
-3.2246364187625636,-3.2246364187625636
-3.216891405753218,-3.216891405753218
-3.2091480804582644,-3.2091480804582644
-3.201406447528738,-3.201406447528738
-3.1936665115634404,-3.1936665115634404
-3.1859282771091144,-3.1859282771091144
-3.178191748660621,-3.178191748660621
-3.1704569306611114,-3.1704569306611114
-3.162723827502197,-3.162723827502197
-3.1549924435241237,-3.1549924435241237
-3.1472627830159374,-3.1472627830159374
-3.139534850215651,-3.139534850215651
-3.131808649310412,-3.131808649310412
-3.124084184436668,-3.124084184436668
-3.1163614596803244,-3.1163614596803244
-3.1086404790769087,-3.1086404790769087
-3.1009212466117297,-3.1009212466117297
-3.0932037662200362,-3.0932037662200362
-3.0854880417871753,-3.0854880417871753
-3.077774077148742,-3.077774077148742
-3.0700618760907403,-3.0700618760907403
-3.0623514423497293,-3.0623514423497293
-3.0546427796129807,-3.0546427796129807
-3.0469358915186224,-3.0469358915186224
-3.0392307816557906,-3.0392307816557906
-3.031527453564776,-3.031527453564776
-3.0238259107371688,-3.0238259107371688
-3.0161261566160023,-3.0161261566160023
-3.008428194595898,-3.008428194595898
-3.000732028023204,-3.000732028023204
-2.993037660196139,-2.993037660196139
-2.985345094364927,-2.985345094364927
-2.9776543337319397,-2.9776543337319397
-2.969965381451826,-2.969965381451826
-2.9622782406316563,-2.9622782406316563
-2.954592914331047,-2.954592914331047
-2.9469094055622986,-2.9469094055622986
-2.939227717290523,-2.939227717290523
-2.931547852433781,-2.931547852433781
-2.9238698138631998,-2.9238698138631998
-2.91619360440311,-2.91619360440311
-2.908519226831167,-2.908519226831167
-2.900846683878476,-2.900846683878476
-2.8931759782297197,-2.8931759782297197
-2.885507112523277,-2.885507112523277
-2.8778400893513436,-2.8778400893513436
-2.870174911260058,-2.870174911260058
-2.862511580749614,-2.862511580749614
-2.8548501002743825,-2.8548501002743825
-2.8471904722430272,-2.8471904722430272
-2.839532699018619,-2.839532699018619
-2.831876782918754,-2.831876782918754
-2.824222726215662,-2.824222726215662
-2.8165705311363216,-2.8165705311363216
-2.808920199862572,-2.808920199862572
-2.8012717345312175,-2.8012717345312175
-2.793625137234148,-2.793625137234148
-2.7859804100184316,-2.7859804100184316
-2.7783375548864315,-2.7783375548864315
-2.770696573795911,-2.770696573795911
-2.763057468660132,-2.763057468660132
-2.7554202413479656,-2.7554202413479656
-2.7477848936839875,-2.7477848936839875
-2.740151427448586,-2.740151427448586
-2.732519844378057,-2.732519844378057
-2.7248901461647077,-2.7248901461647077
-2.717262334456948,-2.717262334456948
-2.709636410859394,-2.709636410859394
-2.7020123769329647,-2.7020123769329647
-2.6943902341949686,-2.6943902341949686
-2.6867699841192074,-2.6867699841192074
-2.679151628136065,-2.679151628136065
-2.6715351676325985,-2.6715351676325985
-2.663920603952629,-2.663920603952629
-2.6563079383968344,-2.6563079383968344
-2.6486971722228376,-2.6486971722228376
-2.641088306645312,-2.641088306645312
-2.633481342835978,-2.633481342835978
-2.625876281923887,-2.625876281923887
-2.6182731249952558,-2.6182731249952558
-2.61067187309375,-2.61067187309375
-2.6030725272204753,-2.6030725272204753
-2.5954750883340774,-2.5954750883340774
-2.587879557350804,-2.587879557350804
-2.5802859351446665,-2.5802859351446665
-2.5726942225474,-2.5726942225474
-2.5651044203486366,-2.5651044203486366
-2.5575165292958917,-2.5575165292958917
-2.5499305500947544,-2.5499305500947544
-2.5423464834088847,-2.5423464834088847
-2.534764329860109,-2.534764329860109
-2.5271840900284954,-2.5271840900284954
-2.519605764452426,-2.519605764452426
-2.5120293536286664,-2.5120293536286664
-2.504454858012443,-2.504454858012443
-2.496882278017508,-2.496882278017508
-2.4893116140162137,-2.4893116140162137
-2.4817428663395775,-2.4817428663395775
-2.4741760352773503,-2.4741760352773503
-2.466611121078087,-2.466611121078087
-2.45904812394921,-2.45904812394921
-2.451487044057075,-2.451487044057075
-2.4439278815270344,-2.4439278815270344
-2.436370636443504,-2.436370636443504
-2.428815308850023,-2.428815308850023
-2.4212618987493193,-2.4212618987493193
-2.413710406103365,-2.413710406103365
-2.406160830833445,-2.406160830833445
-2.3986131728202063,-2.3986131728202063
-2.3910674319037284,-2.3910674319037284
-2.383523607883572,-2.383523607883572
-2.37598170051884,-2.37598170051884
-2.3684417095282333,-2.3684417095282333
-2.360903634590109,-2.360903634590109
-2.353367475342526,-2.353367475342526
-2.345833231383313,-2.345833231383313
-2.338300902270109,-2.338300902270109
-2.330770487520424,-2.330770487520424
-2.3232419866116847,-2.3232419866116847
-2.3157153989812898,-2.3157153989812898
-2.308190724026657,-2.308190724026657
-2.300667961105275,-2.300667961105275
-2.29314710953475,-2.29314710953475
-2.2856281685928543,-2.2856281685928543
-2.2781111375175698,-2.2781111375175698
-2.2705960155071425,-2.2705960155071425
-2.263082801720119,-2.263082801720119
-2.2555714952753987,-2.2555714952753987
-2.2480620952522683,-2.2480620952522683
-2.2405546006904573,-2.2405546006904573
-2.23304901059017,-2.23304901059017
-2.225545323912132,-2.225545323912132
-2.2180435395776312,-2.2180435395776312
-2.210543656468558,-2.210543656468558
-2.2030456734274417,-2.2030456734274417
-2.195549589257495,-2.195549589257495
-2.1880554027226458,-2.1880554027226458
-2.1805631125475813,-2.1805631125475813
-2.173072717417777,-2.173072717417777
-2.1655842159795413,-2.1655842159795413
-2.1580976068400406,-2.1580976068400406
-2.150612888567345,-2.150612888567345
-2.1431300596904523,-2.1431300596904523
-2.135649118699329,-2.135649118699329
-2.128170064044934,-2.128170064044934
-2.1206928941392613,-2.1206928941392613
-2.113217607355361,-2.113217607355361
-2.105744202027374,-2.105744202027374
-2.0982726764505633,-2.0982726764505633
-2.09080302888134,-2.09080302888134
-2.083335257537291,-2.083335257537291
-2.0758693605972103,-2.0758693605972103
-2.0684053362011228,-2.0684053362011228
-2.0609431824503117,-2.0609431824503117
-2.053482897407342,-2.053482897407342
-2.046024479096091,-2.046024479096091
-2.0385679255017624,-2.0385679255017624
-2.0311132345709235,-2.0311132345709235
-2.0236604042115145,-2.0236604042115145
-2.0162094322928805,-2.0162094322928805
-2.0087603166457852,-2.0087603166457852
-2.0013130550624405,-2.0013130550624405
-1.9938676452965185,-1.9938676452965185
-1.986424085063177,-1.986424085063177
-1.9789823720390731,-1.9789823720390731
-1.9715425038623873,-1.9715425038623873
-1.964104478132835,-1.964104478132835
-1.9566682924116898,-1.9566682924116898
-1.9492339442217932,-1.9492339442217932
-1.9418014310475757,-1.9418014310475757
-1.9343707503350678,-1.9343707503350678
-1.9269418994919165,-1.9269418994919165
-1.9195148758873992,-1.9195148758873992
-1.9120896768524365,-1.9120896768524365
-1.904666299679604,-1.904666299679604
-1.8972447416231417,-1.8972447416231417
-1.8898249998989711,-1.8898249998989711
-1.8824070716847017,-1.8824070716847017
-1.8749909541196408,-1.8749909541196408
-1.8675766443048032,-1.8675766443048032
-1.8601641393029211,-1.8601641393029211
-1.8527534361384506,-1.8527534361384506
-1.8453445317975796,-1.8453445317975796
-1.837937423228235,-1.837937423228235
-1.8305321073400875,-1.8305321073400875
-1.8231285810045594,-1.8231285810045594
-1.8157268410548264,-1.8157268410548264
-1.8083268842858233,-1.8083268842858233
-1.8009287074542513,-1.8009287074542513
-1.7935323072785738,-1.7935323072785738
-1.7861376804390234,-1.7861376804390234
-1.778744823577604,-1.778744823577604
-1.7713537332980898,-1.7713537332980898
-1.7639644061660287,-1.7639644061660287
-1.756576838708738,-1.756576838708738
-1.7491910274153082,-1.7491910274153082
-1.741806968736598,-1.741806968736598
-1.7344246590852364,-1.7344246590852364
-1.7270440948356176,-1.7270440948356176
-1.719665272323896,-1.719665272323896
-1.712288187847988,-1.712288187847988
-1.704912837667564,-1.704912837667564
-1.6975392180040425,-1.6975392180040425
-1.6901673250405875,-1.6901673250405875
-1.6827971549221012,-1.6827971549221012
-1.675428703755218,-1.675428703755218
-1.6680619676082942,-1.6680619676082942
-1.6606969425114035,-1.6606969425114035
-1.6533336244563293,-1.6533336244563293
-1.6459720093965526,-1.6459720093965526
-1.6386120932472417,-1.6386120932472417
-1.631253871885245,-1.631253871885245
-1.6238973411490796,-1.6238973411490796
-1.6165424968389184,-1.6165424968389184
-1.609189334716579,-1.609189334716579
-1.6018378505055104,-1.6018378505055104
-1.5944880398907801,-1.5944880398907801
-1.587139898519061,-1.587139898519061
-1.579793421998616,-1.579793421998616
-1.5724486058992821,-1.5724486058992821
-1.565105445752458,-1.565105445752458
-1.5577639370510852,-1.5577639370510852
-1.5504240752496317,-1.5504240752496317
-1.543085855764073,-1.543085855764073
-1.5357492739718794,-1.5357492739718794
-1.5284143252119933,-1.5284143252119933
-1.521081004784809,-1.521081004784809
-1.5137493079521551,-1.5137493079521551
-1.5064192299372752,-1.5064192299372752
-1.4990907659248065,-1.4990907659248065
-1.491763911060755,-1.491763911060755
-1.4844386604524769,-1.4844386604524769
-1.4771150091686556,-1.4771150091686556
-1.4697929522392783,-1.4697929522392783
-1.4624724846556107,-1.4624724846556107
-1.4551536013701736,-1.4551536013701736
-1.447836297296719,-1.447836297296719
-1.4405205673102035,-1.4405205673102035
-1.4332064062467609,-1.4332064062467609
-1.4258938089036766,-1.4258938089036766
-1.4185827700393634,-1.4185827700393634
-1.4112732843733267,-1.4112732843733267
-1.403965346586143,-1.403965346586143
-1.3966589513194247,-1.3966589513194247
-1.3893540931757957,-1.3893540931757957
-1.3820507667188593,-1.3820507667188593
-1.3747489664731647,-1.3747489664731647
-1.3674486869241793,-1.3674486869241793
-1.3601499225182556,-1.3601499225182556
-1.3528526676625963,-1.3528526676625963
-1.3455569167252261,-1.3455569167252261
-1.338262664034951,-1.338262664034951
-1.3309699038813327,-1.3309699038813327
-1.323678630514644,-1.323678630514644
-1.3163888381458424,-1.3163888381458424
-1.3091005209465252,-1.3091005209465252
-1.3018136730489025,-1.3018136730489025
-1.2945282885457496,-1.2945282885457496
-1.2872443614903795,-1.2872443614903795
-1.2799618858965933,-1.2799618858965933
-1.2726808557386537,-1.2726808557386537
-1.2654012649512336,-1.2654012649512336
-1.2581231074293837,-1.2581231074293837
-1.2508463770284877,-1.2508463770284877
-1.2435710675642238,-1.2435710675642238
-1.2362971728125194,-1.2362971728125194
-1.2290246865095134,-1.2290246865095134
-1.2217536023515052,-1.2217536023515052
-1.2144839139949204,-1.2144839139949204
-1.207215615056259,-1.207215615056259
-1.1999486991120552,-1.1999486991120552
-1.192683159698827,-1.192683159698827
-1.185418990313037,-1.185418990313037
-1.1781561844110375,-1.1781561844110375
-1.170894735409032,-1.170894735409032
-1.163634636683017,-1.163634636683017
-1.1563758815687457,-1.1563758815687457
-1.149118463361666,-1.149118463361666
-1.1418623753168826,-1.1418623753168826
-1.1346076106490972,-1.1346076106490972
-1.1273541625325634,-1.1273541625325634
-1.1201020241010335,-1.1201020241010335
-1.1128511884477077,-1.1128511884477077
-1.1056016486251774,-1.1056016486251774
-1.0983533976453754,-1.0983533976453754
-1.0911064284795227,-1.0911064284795227
-1.083860734058072,-1.083860734058072
-1.0766163072706514,-1.0766163072706514
-1.0693731409660119,-1.0693731409660119
-1.0621312279519683,-1.0621312279519683
-1.0548905609953467,-1.0548905609953467
-1.0476511328219198,-1.0476511328219198
-1.040412936116354,-1.040412936116354
-1.0331759635221507,-1.0331759635221507
-1.0259402076415853,-1.0259402076415853
-1.0187056610356449,-1.0187056610356449
-1.011472316223973,-1.011472316223973
-1.0042401656848046,-1.0042401656848046
-0.9970092018549062,-0.9970092018549062
-0.9897794171295116,-0.9897794171295116
-0.9825508038622587,-0.9825508038622587
-0.9753233543651295,-0.9753233543651295
-0.9680970609083811,-0.9680970609083811
-0.9608719157204834,-0.9608719157204834
-0.9536479109880525,-0.9536479109880525
-0.946425038855785,-0.946425038855785
-0.939203291426393,-0.939203291426393
-0.9319826607605325,-0.9319826607605325
-0.9247631388767369,-0.9247631388767369
-0.9175447177513524,-0.9175447177513524
-0.9103273893184631,-0.9103273893184631
-0.9031111454698232,-0.9031111454698232
-0.8958959780547864,-0.8958959780547864
-0.8886818788802355,-0.8886818788802355
-0.8814688397105103,-0.8814688397105103
-0.8742568522673325,-0.8742568522673325
-0.8670459082297358,-0.8670459082297358
-0.859835999233991,-0.859835999233991
-0.8526271168735323,-0.8526271168735323
-0.8454192526988794,-0.8454192526988794
-0.838212398217564,-0.838212398217564
-0.8310065448940545,-0.8310065448940545
-0.8238016841496785,-0.8238016841496785
-0.8165978073625412,-0.8165978073625412
-0.8093949058674521,-0.8093949058674521
-0.8021929709558434,-0.8021929709558434
-0.7949919938756931,-0.7949919938756931
-0.7877919658314391,-0.7877919658314391
-0.780592877983903,-0.780592877983903
-0.7733947214502088,-0.7733947214502088
-0.7661974873036984,-0.7661974873036984
-0.7590011665738482,-0.7590011665738482
-0.7518057502461865,-0.7518057502461865
-0.7446112292622097,-0.7446112292622097
-0.7374175945192987,-0.7374175945192987
-0.7302248368706286,-0.7302248368706286
-0.723032947125085,-0.723032947125085
-0.7158419160471808,-0.7158419160471808
-0.7086517343569619,-0.7086517343569619
-0.7014623927299223,-0.7014623927299223
-0.6942738817969147,-0.6942738817969147
-0.6870861921440612,-0.6870861921440612
-0.6798993143126634,-0.6798993143126634
-0.6727132387991073,-0.6727132387991073
-0.6655279560547764,-0.6655279560547764
-0.6583434564859577,-0.6583434564859577
-0.651159730453748,-0.651159730453748
-0.6439767682739593,-0.6439767682739593
-0.6367945602170242,-0.6367945602170242
-0.6296130965079029,-0.6296130965079029
-0.6224323673259862,-0.6224323673259862
-0.6152523628049976,-0.6152523628049976
-0.6080730730328948,-0.6080730730328948
-0.6008944880517757,-0.6008944880517757
-0.5937165978577772,-0.5937165978577772
-0.5865393924009747,-0.5865393924009747
-0.5793628615852813,-0.5793628615852813
-0.5721869952683516,-0.5721869952683516
-0.5650117832614745,-0.5650117832614745
-0.5578372153294727,-0.5578372153294727
-0.5506632811906,-0.5506632811906
-0.5434899705164372,-0.5434899705164372
-0.5363172729317881,-0.5363172729317881
-0.5291451780145711,-0.5291451780145711
-0.5219736752957158,-0.5219736752957158
-0.5148027542590571,-0.5148027542590571
-0.5076324043412251,-0.5076324043412251
-0.5004626149315371,-0.5004626149315371
-0.49329337537188855,-0.49329337537188855
-0.48612467495664463,-0.48612467495664463
-0.47895650293252845,-0.47895650293252845
-0.4717888484985097,-0.4717888484985097
-0.46462170080569104,-0.46462170080569104
-0.4574550489571986,-0.4574550489571986
-0.45028888200806594,-0.45028888200806594
-0.44312318896511926,-0.44312318896511926
-0.43595795878686167,-0.43595795878686167
-0.4287931803833611,-0.4287931803833611
-0.4216288426161296,-0.4216288426161296
-0.4144649342980062,-0.4144649342980062
-0.40730144419303776,-0.40730144419303776
-0.4001383610163652,-0.4001383610163652
-0.3929756734340966,-0.3929756734340966
-0.38581337006318983,-0.38581337006318983
-0.3786514394713296,-0.3786514394713296
-0.3714898701768096,-0.3714898701768096
-0.3643286506484005,-0.3643286506484005
-0.3571677693052364,-0.3571677693052364
-0.3500072145166801,-0.3500072145166801
-0.34284697460220703,-0.34284697460220703
-0.33568703783126824,-0.33568703783126824
-0.3285273924231756,-0.3285273924231756
-0.3213680265469612,-0.3213680265469612
-0.31420892832125663,-0.31420892832125663
-0.30705008581416154,-0.30705008581416154
-0.2998914870431125,-0.2998914870431125
-0.29273311997474977,-0.29273311997474977
-0.2855749725247864,-0.2855749725247864
-0.2784170325578781,-0.2784170325578781
-0.2712592878874852,-0.2712592878874852
-0.2641017262757388,-0.2641017262757388
-0.25694433543330464,-0.25694433543330464
-0.2497871030192496,-0.2497871030192496
-0.2426300166409019,-0.2426300166409019
-0.2354730638537108,-0.2354730638537108
-0.2283162321611109,-0.2283162321611109
-0.22115950901438158,-0.22115950901438158
-0.21400288181250565,-0.21400288181250565
-0.20684633790202553,-0.20684633790202553
-0.1996898645769018,-0.1996898645769018
-0.19253344907837294,-0.19253344907837294
-0.1853770785948067,-0.1853770785948067
-0.17822074026155524,-0.17822074026155524
-0.17106442116080936,-0.17106442116080936
-0.16390810832145286,-0.16390810832145286
-0.15675178871891296,-0.15675178871891296
-0.14959544927501092,-0.14959544927501092
-0.14243907685781115,-0.14243907685781115
-0.1352826582814737,-0.1352826582814737
-0.12812618030610093,-0.12812618030610093
-0.12096962963758222,-0.12096962963758222
-0.1138129929274423,-0.1138129929274423
-0.10665625677268843,-0.10665625677268843
-0.09949940771565294,-0.09949940771565294
-0.09234243224383465,-0.09234243224383465
-0.08518531678974459,-0.08518531678974459
-0.07802804773074673,-0.07802804773074673
-0.07087061138889839,-0.07087061138889839
-0.06371299403078878,-0.06371299403078878
-0.05655518186737801,-0.05655518186737801
-0.04939716105383687,-0.04939716105383687
-0.04223891768938074,-0.04223891768938074
-0.03508043781710647,-0.03508043781710647
-0.027921707423825694,-0.027921707423825694
-0.02076271243990166,-0.02076271243990166
-0.013603438739078908,-0.013603438739078908
-0.006443872138315352,-0.006443872138315352
0.0007160016023871066,0.0007160016023871066
0.00787619678015036,0.00787619678015036
0.015036727749394468,0.015036727749394468
0.02219760892201269,0.02219760892201269
0.029358854767534404,0.029358854767534404
0.03652047981331483,0.03652047981331483
0.04368249864469589,0.04368249864469589
0.05084492590519621,0.05084492590519621
0.05800777629667464,0.05800777629667464
0.06517106457952504,0.06517106457952504
0.07233480557283835,0.07233480557283835
0.07949901415460138,0.07949901415460138
0.08666370526186358,0.08666370526186358
0.0938288938909325,0.0938288938909325
0.10099459509754596,0.10099459509754596
0.10816082399706888,0.10816082399706888
0.115327595764673,0.115327595764673
0.12249492563552224,0.12249492563552224
0.12966282890497016,0.12966282890497016
0.13683132092873784,0.13683132092873784
0.1440004171231177,0.1440004171231177
0.15117013296515291,0.15117013296515291
0.15834048399284104,0.15834048399284104
0.16551148580531927,0.16551148580531927
0.17268315406306892,0.17268315406306892
0.17985550448810222,0.17985550448810222
0.18702855286416947,0.18702855286416947
0.19420231503694904,0.19420231503694904
0.20137680691425763,0.20137680691425763
0.20855204446623796,0.20855204446623796
0.21572804372557625,0.21572804372557625
0.2229048207876929,0.2229048207876929
0.23008239181095885,0.23008239181095885
0.23726077301688714,0.23726077301688714
0.24443998069035774,0.24443998069035774
0.2516200311798104,0.2516200311798104
0.2588009408974642,0.2588009408974642
0.2659827263195215,0.2659827263195215
0.27316540398638983,0.27316540398638983
0.2803489905028814,0.2803489905028814
0.287533502538442,0.287533502538442
0.29471895682735505,0.29471895682735505
0.30190537016896873,0.30190537016896873
0.309092759427906,0.309092759427906
0.31628114153429104,0.31628114153429104
0.3234705334839641,0.3234705334839641
0.33066095233871046,0.33066095233871046
0.3378524152264767,0.3378524152264767
0.34504493934160496,0.34504493934160496
0.35223854194504645,0.35223854194504645
0.3594332403646039,0.3594332403646039
0.36662905199514617,0.36662905199514617
0.3738259942988515,0.3738259942988515
0.3810240848054262,0.3810240848054262
0.38822334111235157,0.38822334111235157
0.3954237808851022,0.3954237808851022
0.40262542185739886,0.40262542185739886
0.4098282818314301,0.4098282818314301
0.41703237867810344,0.41703237867810344
0.42423773033727247,0.42423773033727247
0.4314443548179926,0.4314443548179926
0.43865227019874986,0.43865227019874986
0.44586149462771557,0.44586149462771557
0.45307204632298353,0.45307204632298353
0.46028394357282526,0.46028394357282526
0.4674972047359288,0.4674972047359288
0.47471184824165946,0.47471184824165946
0.48192789259030017,0.48192789259030017
0.48914535635331474,0.48914535635331474
0.4963642581735904,0.4963642581735904
0.5035846167657081,0.5035846167657081
0.5108064509161827,0.5108064509161827
0.5180297794837382,0.5180297794837382
0.5252546213995549,0.5252546213995549
0.5324809956675426,0.5324809956675426
0.5397089213645898,0.5397089213645898
0.546938417640845,0.546938417640845
0.554169503719969,0.554169503719969
0.5614021988994136,0.5614021988994136
0.5686365225506798,0.5686365225506798
0.5758724941196032,0.5758724941196032
0.5831101331266096,0.5831101331266096
0.5903494591670078,0.5903494591670078
0.597590491911248,0.597590491911248
0.6048332511052149,0.6048332511052149
0.6120777565704911,0.6120777565704911
0.6193240282046558,0.6193240282046558
0.6265720859815472,0.6265720859815472
0.633821949951567,0.633821949951567
0.6410736402419475,0.6410736402419475
0.6483271770570533,0.6483271770570533
0.6555825806786606,0.6555825806786606
0.6628398714662576,0.6628398714662576
0.6700990698573238,0.6700990698573238
0.6773601963676403,0.6773601963676403
0.6846232715915693,0.6846232715915693
0.6918883162023665,0.6918883162023665
0.699155350952469,0.699155350952469
0.7064243966738061,0.7064243966738061
0.7136954742780919,0.7136954742780919
0.720968604757141,0.720968604757141
0.7282438091831658,0.7282438091831658
0.7355211087090933,0.7355211087090933
0.7428005245688643,0.7428005245688643
0.7500820780777602,0.7500820780777602
0.7573657906326984,0.7573657906326984
0.7646516837125696,0.7646516837125696
0.7719397788785338,0.7719397788785338
0.7792300977743569,0.7792300977743569
0.7865226621267196,0.7865226621267196
0.7938174937455514,0.7938174937455514
0.8011146145243438,0.8011146145243438
0.8084140464404916,0.8084140464404916
0.8157158115556059,0.8157158115556059
0.8230199320158611,0.8230199320158611
0.830326430052312,0.830326430052312
0.8376353279812458,0.8376353279812458
0.8449466482044989,0.8449466482044989
0.8522604132098185,0.8522604132098185
0.8595766455711796,0.8595766455711796
0.8668953679491511,0.8668953679491511
0.8742166030912187,0.8742166030912187
0.8815403738321538,0.8815403738321538
0.8888667030943399,0.8888667030943399
0.8961956138881452,0.8961956138881452
0.9035271293122574,0.9035271293122574
0.9108612725540558,0.9108612725540558
0.9181980668899518,0.9181980668899518
0.9255375356857614,0.9255375356857614
0.9328797023970651,0.9328797023970651
0.9402245905695638,0.9402245905695638
0.9475722238394497,0.9475722238394497
0.9549226259337792,0.9549226259337792
0.9622758206708397,0.9622758206708397
0.9696318319605167,0.9696318319605167
0.9769906838046737,0.9769906838046737
0.9843524002975328,0.9843524002975328
0.991717005626051,0.991717005626051
0.9990845240702978,0.9990845240702978
1.0064549800038403,1.0064549800038403
1.0138283978941376,1.0138283978941376
1.0212048023029239,1.0212048023029239
1.0285842178865927,1.0285842178865927
1.0359666693965983,1.0359666693965983
1.0433521816798523,1.0433521816798523
1.05074077967912,1.05074077967912
1.0581324884334142,1.0581324884334142
1.0655273330784043,1.0655273330784043
1.0729253388468234,1.0729253388468234
1.0803265310688752,1.0803265310688752
1.0877309351726363,1.0877309351726363
1.0951385766844757,1.0951385766844757
1.102549481229473,1.102549481229473
1.1099636745318313,1.1099636745318313
1.117381182415293,1.117381182415293
1.124802030803576,1.124802030803576
1.1322262457207803,1.1322262457207803
1.1396538532918385,1.1396538532918385
1.1470848797429223,1.1470848797429223
1.1545193514018977,1.1545193514018977
1.1619572946987409,1.1619572946987409
1.1693987361659963,1.1693987361659963
1.176843702439199,1.176843702439199
1.1842922202573338,1.1842922202573338
1.1917443164632688,1.1917443164632688
1.1992000180042188,1.1992000180042188
1.2066593519321802,1.2066593519321802
1.2141223454044052,1.2141223454044052
1.2215890256838398,1.2215890256838398
1.229059420139601,1.229059420139601
1.236533556247427,1.236533556247427
1.244011461590153,1.244011461590153
1.2514931638581723,1.2514931638581723
1.2589786908499159,1.2589786908499159
1.2664680704723161,1.2664680704723161
1.2739613307413005,1.2739613307413005
1.2814584997822533,1.2814584997822533
1.288959605830518,1.288959605830518
1.2964646772318635,1.2964646772318635
1.303973742442997,1.303973742442997
1.3114868300320324,1.3114868300320324
1.319003968679008,1.319003968679008
1.3265251871763672,1.3265251871763672
1.3340505144294745,1.3340505144294745
1.3415799794571053,1.3415799794571053
1.3491136113919746,1.3491136113919746
1.356651439481223,1.356651439481223
1.3641934930869568,1.3641934930869568
1.3717398016867435,1.3717398016867435
1.3792903948741486,1.3792903948741486
1.3868453023592495,1.3868453023592495
1.3944045539691712,1.3944045539691712
1.401968179648606,1.401968179648606
1.4095362094603645,1.4095362094603645
1.4171086735858887,1.4171086735858887
1.4246856023258216,1.4246856023258216
1.432267026100524,1.432267026100524
1.4398529754506433,1.4398529754506433
1.4474434810376497,1.4474434810376497
1.4550385736444031,1.4550385736444031
1.462638284175697,1.462638284175697
1.4702426436588356,1.4702426436588356
1.477851683244184,1.477851683244184
1.485465434205751,1.485465434205751
1.4930839279417465,1.4930839279417465
1.500707195975173,1.500707195975173
1.5083352699543906,1.5083352699543906
1.5159681816537123,1.5159681816537123
1.5236059629739807,1.5236059629739807
1.5312486459431691,1.5312486459431691
1.538896262716963,1.538896262716963
1.5465488455793746,1.5465488455793746
1.554206426943327,1.554206426943327
1.5618690393512773,1.5618690393512773
1.56953671547581,1.56953671547581
1.577209488120268,1.577209488120268
1.5848873902193503,1.5848873902193503
1.5925704548397555,1.5925704548397555
1.6002587151807857,1.6002587151807857
1.6079522045749974,1.6079522045749974
1.615650956488812,1.615650956488812
1.6233550045231795,1.6233550045231795
1.6310643824141946,1.6310643824141946
1.6387791240337644,1.6387791240337644
1.6464992633902416,1.6464992633902416
1.6542248346290938,1.6542248346290938
1.6619558720335454,1.6619558720335454
1.669692410025261,1.669692410025261
1.6774344831649919,1.6774344831649919
1.6851821261532651,1.6851821261532651
1.692935373831043,1.692935373831043
1.7006942611804223,1.7006942611804223
1.7084588233252989,1.7084588233252989
1.7162290955320747,1.7162290955320747
1.7240051132103373,1.7240051132103373
1.7317869119135716,1.7317869119135716
1.7395745273398466,1.7395745273398466
1.7473679953325434,1.7473679953325434
1.7551673518810444,1.7551673518810444
1.7629726331214721,1.7629726331214721
1.7707838753373903,1.7707838753373903
1.7786011149605514,1.7786011149605514
1.7864243885716053,1.7864243885716053
1.794253732900857,1.794253732900857
1.802089184828987,1.802089184828987
1.8099307813878167,1.8099307813878167
1.8177785597610403,1.8177785597610403
1.8256325572849992,1.8256325572849992
1.8334928114494198,1.8334928114494198
1.8413593598982054,1.8413593598982054
1.8492322404301902,1.8492322404301902
1.8571114909999156,1.8571114909999156
1.8649971497184135,1.8649971497184135
1.872889254854,1.872889254854
1.8807878448330604,1.8807878448330604
1.8886929582408436,1.8886929582408436
1.8966046338222642,1.8966046338222642
1.9045229104827204,1.9045229104827204
1.9124478272889014,1.9124478272889014
1.9203794234695977,1.9203794234695977
1.928317738416533,1.928317738416533
1.9362628116851976,1.9362628116851976
1.9442146829956812,1.9442146829956812
1.9521733922335047,1.9521733922335047
1.9601389794504742,1.9601389794504742
1.9681114848655399,1.9681114848655399
1.9760909488656433,1.9760909488656433
1.9840774120065854,1.9840774120065854
1.992070915013892,1.992070915013892
2.0000714987837034,2.0000714987837034
2.008079204383643,2.008079204383643
2.016094073053705,2.016094073053705
2.024116146207153,2.024116146207153
2.0321454654314217,2.0321454654314217
2.0401820724890225,2.0401820724890225
2.0482260093184492,2.0482260093184492
2.0562773180351,2.0562773180351
2.064336040932208,2.064336040932208
2.072402220481769,2.072402220481769
2.0804758993354757,2.0804758993354757
2.0885571203256608,2.0885571203256608
2.096645926466261,2.096645926466261
2.104742360953762,2.104742360953762
2.1128464671681617,2.1128464671681617
2.120958288673945,2.120958288673945
2.1290778692210686,2.1290778692210686
2.137205252745934,2.137205252745934
2.145340483372381,2.145340483372381
2.1534836054126827,2.1534836054126827
2.161634663368565,2.161634663368565
2.169793701932209,2.169793701932209
2.177960765987261,2.177960765987261
2.186135900609871,2.186135900609871
2.194319151069727,2.194319151069727
2.202510562831093,2.202510562831093
2.2107101815538477,2.2107101815538477
2.2189180530945585,2.2189180530945585
2.2271342235075244,2.2271342235075244
2.235358739045868,2.235358739045868
2.24359164616259,2.24359164616259
2.2518329915116797,2.2518329915116797
2.2600828219491844,2.2600828219491844
2.2683411845343326,2.2683411845343326
2.276608126530623,2.276608126530623
2.2848836954069607,2.2848836954069607
2.293167938838763,2.293167938838763
2.301460904709113,2.301460904709113
2.3097626411098786,2.3097626411098786
2.318073196342884,2.318073196342884
2.3263926189210458,2.3263926189210458
2.334720957569562,2.334720957569562
2.34305826122706,2.34305826122706
2.351404579046806,2.351404579046806
2.359759960397873,2.359759960397873
2.368124454866361,2.368124454866361
2.376498112256587,2.376498112256587
2.384880982592318,2.384880982592318
2.3932731161179848,2.3932731161179848
2.401674563299931,2.401674563299931
2.4100853748276383,2.4100853748276383
2.418505601615002,2.418505601615002
2.4269352948015697,2.4269352948015697
2.435374505753838,2.435374505753838
2.443823286066507,2.443823286066507
2.452281687563796,2.452281687563796
2.4607497623007206,2.4607497623007206
2.4692275625644227,2.4692275625644227
2.4777151408754694,2.4777151408754694
2.4862125499892014,2.4862125499892014
2.4947198428970525,2.4947198428970525
2.503237072827916,2.503237072827916
2.5117642932494864,2.5117642932494864
2.520301557869644,2.520301557869644
2.5288489206378157,2.5288489206378157
2.537406435746386,2.537406435746386
2.5459741576320685,2.5459741576320685
2.554552140977346,2.554552140977346
2.5631404407118628,2.5631404407118628
2.571739112013879,2.571739112013879
2.5803482103116915,2.5803482103116915
2.5889677912851075,2.5889677912851075
2.597597910866882,2.597597910866882
2.606238625244222,2.606238625244222
2.6148899908602434,2.6148899908602434
2.623552064415492,2.623552064415492
2.6322249028694267,2.6322249028694267
2.640908563441968,2.640908563441968
2.6496031036149983,2.6496031036149983
2.6583085811339306,2.6583085811339306
2.6670250540092417,2.6670250540092417
2.675752580518059,2.675752580518059
2.684491219205714,2.684491219205714
2.693241028887359,2.693241028887359
2.702002068649543,2.702002068649543
2.710774397851853,2.710774397851853
2.719558076128513,2.719558076128513
2.7283531633900493,2.7283531633900493
2.7371597198249207,2.7371597198249207
2.7459778059012003,2.7459778059012003
2.754807482368246,2.754807482368246
2.763648810258387,2.763648810258387
2.7725018508886263,2.7725018508886263
2.7813666658623744,2.7813666658623744
2.790243317071165,2.790243317071165
2.799131866696395,2.799131866696395
2.808032377211089,2.808032377211089
2.8169449113816745,2.8169449113816745
2.8258695322697625,2.8258695322697625
2.834806303233937,2.834806303233937
2.843755287931578,2.843755287931578
2.852716550320692,2.852716550320692
2.861690154661748,2.861690154661748
2.8706761655195283,2.8706761655195283
2.8796746477650026,2.8796746477650026
2.8886856665772207,2.8886856665772207
2.8977092874452097,2.8977092874452097
2.9067455761698797,2.9067455761698797
2.9157945988659595,2.9157945988659595
2.924856421963953,2.924856421963953
2.9339311122120897,2.9339311122120897
2.9430187366782996,2.9430187366782996
2.95211936275221,2.95211936275221
2.9612330581471595,2.9612330581471595
2.9703598909022215,2.9703598909022215
2.9794999293842306,2.9794999293842306
2.9886532422898555,2.9886532422898555
2.997819898647673,2.997819898647673
3.0069999678202572,3.0069999678202572
3.0161935195062757,3.0161935195062757
3.0254006237426228,3.0254006237426228
3.0346213509065736,3.0346213509065736
3.0438557717179275,3.0438557717179275
3.0531039572411833,3.0531039572411833
3.0623659788877426,3.0623659788877426
3.071641908418125,3.071641908418125
3.0809318179441925,3.0809318179441925
3.090235779931394,3.090235779931394
3.0995538672010396,3.0995538672010396
3.108886152932589,3.108886152932589
3.1182327106659513,3.1182327106659513
3.127593614303811,3.127593614303811
3.1369689381139594,3.1369689381139594
3.146358756731679,3.146358756731679
3.155763145162115,3.155763145162115
3.1651821787826626,3.1651821787826626
3.17461593334541,3.17461593334541
3.1840644849795683,3.1840644849795683
3.1935279101939447,3.1935279101939447
3.203006285879407,3.203006285879407
3.212499689311393,3.212499689311393
3.2220081981524533,3.2220081981524533
3.231531890454774,3.231531890454774
3.241070844662752,3.241070844662752
3.2506251396155768,3.2506251396155768
3.2601948545498614,3.2601948545498614
3.2697800691022505,3.2697800691022505
3.279380863312088,3.279380863312088
3.2889973176240845,3.2889973176240845
3.2986295128910355,3.2986295128910355
3.308277530376528,3.308277530376528
3.317941451757685,3.317941451757685
3.3276213591279507,3.3276213591279507
3.337317334999862,3.337317334999862
3.3470294623078956,3.3470294623078956
3.3567578244112695,3.3567578244112695
3.366502505096848,3.366502505096848
3.3762635885820025,3.3762635885820025
3.38604115951755,3.38604115951755
3.3958353029906663,3.3958353029906663
3.405646104527884,3.405646104527884
3.415473650098053,3.415473650098053
3.4253180261153875,3.4253180261153875
3.43517931944248,3.43517931944248
3.4450576173933993,3.4450576173933993
3.4549530077367625,3.4549530077367625
3.4648655786988853,3.4648655786988853
3.474795418966905,3.474795418966905
3.4847426176919893,3.4847426176919893
3.4947072644925132,3.4947072644925132
3.5046894494573246,3.5046894494573246
3.514689263148979,3.514689263148979
3.5247067966070618,3.5247067966070618
3.5347421413514803,3.5347421413514803
3.5447953893858455,3.5447953893858455
3.5548666332008207,3.5548666332008207
3.5649559657775662,3.5649559657775662
3.5750634805911496,3.5750634805911496
3.5851892716140497,3.5851892716140497
3.595333433319627,3.595333433319627
3.605496060685688,3.605496060685688
3.61567724919803,3.61567724919803
3.62587709485406,3.62587709485406
3.6360956941663996,3.6360956941663996
3.6463331441665856,3.6463331441665856
3.6565895424087227,3.6565895424087227
3.666864986973256,3.666864986973256
3.6771595764707055,3.6771595764707055
3.687473410045489,3.687473410045489
3.6978065873797274,3.6978065873797274
3.7081592086971433,3.7081592086971433
3.71853137476694,3.71853137476694
3.7289231869077617,3.7289231869077617
3.73933474699165,3.73933474699165
3.7497661574480747,3.7497661574480747
3.760217521267961,3.760217521267961
3.7706889420078094,3.7706889420078094
3.7811805237937786,3.7811805237937786
3.7916923713258894,3.7916923713258894
3.80222458988219,3.80222458988219
3.8127772853230297,3.8127772853230297
3.823350564095306,3.823350564095306
3.8339445332368194,3.8339445332368194
3.844559300380599,3.844559300380599
3.855194973759335,3.855194973759335
3.8658516622097947,3.8658516622097947
3.8765294751773327,3.8765294751773327
3.887228522720392,3.887228522720392
3.8979489155151006,3.8979489155151006
3.9086907648598497,3.9086907648598497
3.919454182679997,3.919454182679997
3.9302392815325127,3.9302392815325127
3.94104617461078,3.94104617461078
3.951874975749337,3.951874975749337
3.962725799428749,3.962725799428749
3.9735987607804804,3.9735987607804804
3.9844939755918114,3.9844939755918114
3.99541156031083,3.99541156031083
4.006351632051458,4.006351632051458
4.017314308598518,4.017314308598518
4.028299708412853,4.028299708412853
4.039307950636506,4.039307950636506
4.050339155097941,4.050339155097941
4.06139344231732,4.06139344231732
4.0724709335118146,4.0724709335118146
4.0835717506009885,4.0835717506009885
4.094696016212239,4.094696016212239
4.105843853686275,4.105843853686275
4.11701538708263,4.11701538708263
4.1282107411852795,4.1282107411852795
4.139430041508282,4.139430041508282
4.150673414301481,4.150673414301481
4.16194098655625,4.16194098655625
4.173232886011315,4.173232886011315
4.184549241158645,4.184549241158645
4.195890181249363,4.195890181249363
4.2072558362997405,4.2072558362997405
4.218646337097245,4.218646337097245
4.230061815206672,4.230061815206672
4.241502402976299,4.241502402976299
4.252968233544119,4.252968233544119
4.264459440844146,4.264459440844146
4.275976159612779,4.275976159612779
4.2875185253952255,4.2875185253952255
4.2990866745519885,4.2990866745519885
4.31068074426542,4.31068074426542
4.322300872546361,4.322300872546361
4.3339471982408275,4.3339471982408275
4.345619861036759,4.345619861036759
4.35731900147085,4.35731900147085
4.369044760935467,4.369044760935467
4.38079728168561,4.38079728168561
4.392576706845946,4.392576706845946
4.40438318041792,4.40438318041792
4.4162168472869805,4.4162168472869805
4.428077853229808,4.428077853229808
4.439966344921656,4.439966344921656
4.451882469943782,4.451882469943782
4.463826376790935,4.463826376790935
4.475798214878935,4.475798214878935
4.487798134552304,4.487798134552304
4.4998262870920085,4.4998262870920085
4.511882824723284,4.511882824723284
4.523967900623524,4.523967900623524
4.536081668930245,4.536081668930245
4.548224284749167,4.548224284749167
4.560395904162356,4.560395904162356
4.572596684236478,4.572596684236478
4.584826783031089,4.584826783031089
4.597086359607077,4.597086359607077
4.609375574035152,4.609375574035152
4.621694587404463,4.621694587404463
4.634043561831248,4.634043561831248
4.646422660467644,4.646422660467644
4.658832047510562,4.658832047510562
4.6712718882106525,4.6712718882106525
4.683742348881371,4.683742348881371
4.696243596908156,4.696243596908156
4.708775800757697,4.708775800757697
4.721339129987309,4.721339129987309
4.733933755254391,4.733933755254391
4.7465598483260125,4.7465598483260125
4.759217582088604,4.759217582088604
4.7719071305577385,4.7719071305577385
4.784628668888026,4.784628668888026
4.797382373383119,4.797382373383119
4.810168421505852,4.810168421505852
4.822986991888453,4.822986991888453
4.8358382643428905,4.8358382643428905
4.848722419871342,4.848722419871342
4.861639640676768,4.861639640676768
4.8745901101736235,4.8745901101736235
4.887574012998653,4.887574012998653
4.900591535021836,4.900591535021836
4.913642863357476,4.913642863357476
4.926728186375366,4.926728186375366
4.939847693712101,4.939847693712101
4.953001576282537,4.953001576282537
4.9661900262913745,4.9661900262913745
4.979413237244852,4.979413237244852
4.992671403962594,4.992671403962594
5.005964722589581,5.005964722589581
5.019293390608295,5.019293390608295
5.032657606850956,5.032657606850956
5.046057571511916,5.046057571511916
5.059493486160213,5.059493486160213
5.072965553752273,5.072965553752273
5.086473978644723,5.086473978644723
5.1000189666074,5.1000189666074
5.113600724836468,5.113600724836468
5.127219461967729,5.127219461967729
5.14087538809008,5.14087538809008
5.154568714759112,5.154568714759112
5.168299655010872,5.168299655010872
5.18206842337581,5.18206842337581
5.195875235892882,5.195875235892882
5.209720310123818,5.209720310123818
5.22360386516754,5.22360386516754
5.237526121674792,5.237526121674792
5.251487301862928,5.251487301862928
5.265487629530875,5.265487629530875
5.279527330074266,5.279527330074266
5.293606630500773,5.293606630500773
5.307725759445639,5.307725759445639
5.321884947187369,5.321884947187369
5.3360844256636115,5.3360844256636115
5.350324428487261,5.350324428487261
5.364605190962747,5.364605190962747
5.378926950102523,5.378926950102523
5.393289944643723,5.393289944643723
5.407694415065089,5.407694415065089
5.422140603604073,5.422140603604073
5.436628754274139,5.436628754274139
5.451159112882292,5.451159112882292
5.46573192704683,5.46573192704683
5.480347446215334,5.480347446215334
5.495005921682846,5.495005921682846
5.509707606610281,5.509707606610281
5.524452756043108,5.524452756043108
5.539241626930236,5.539241626930236
5.5540744781431455,5.5540744781431455
5.5689515704952495,5.5689515704952495
5.583873166761524,5.583873166761524
5.598839531698388,5.598839531698388
5.613850932063819,5.613850932063819
5.628907636637728,5.628907636637728
5.6440099162426085,5.6440099162426085
5.659158043764468,5.659158043764468
5.674352294173991,5.674352294173991
5.68959294454798,5.68959294454798
5.704880274091117,5.704880274091117
5.720214564157973,5.720214564157973
5.7355960982753205,5.7355960982753205
5.751025162164701,5.751025162164701
5.766502043765338,5.766502043765338
5.782027033257357,5.782027033257357
5.7976004230852505,5.7976004230852505
5.8132225079817,5.8132225079817
5.828893584991705,5.828893584991705
5.844613953497046,5.844613953497046
5.860383915241055,5.860383915241055
5.876203774353699,5.876203774353699
5.892073837377052,5.892073837377052
5.907994413291082,5.907994413291082
5.923965813539771,5.923965813539771
5.9399883520576005,5.9399883520576005
5.9560623452964085,5.9560623452964085
5.9721881122526135,5.9721881122526135
5.988365974494776,5.988365974494776
6.004596256191565,6.004596256191565
6.020879284140101,6.020879284140101
6.037215387794707,6.037215387794707
6.053604899296028,6.053604899296028
6.070048153500555,6.070048153500555
6.086545488010568,6.086545488010568
6.1030972432045205,6.1030972432045205
6.119703762267803,6.119703762267803
6.136365391223953,6.136365391223953
6.153082478966311,6.153082478966311
6.169855377290129,6.169855377290129
6.186684440925114,6.186684440925114
6.203570027568418,6.203570027568418
6.220512497918143,6.220512497918143
6.237512215707292,6.237512215707292
6.254569547738203,6.254569547738203
6.271684863917474,6.271684863917474
6.2888585372914045,6.2888585372914045
6.306090944081955,6.306090944081955
6.323382463723193,6.323382463723193
6.340733478898276,6.340733478898276
6.358144375576999,6.358144375576999
6.375615543053873,6.375615543053873
6.39314737398674,6.39314737398674
6.410740264435976,6.410740264435976
6.42839461390427,6.42839461390427
6.44611082537698,6.44611082537698
6.463889305363112,6.463889305363112
6.481730463936842,6.481730463936842
6.499634714779726,6.499634714779726
6.517602475223523,6.517602475223523
6.5356341662936375,6.5356341662936375
6.553730212753209,6.553730212753209
6.571891043147895,6.571891043147895
6.590117089851338,6.590117089851338
6.608408789111273,6.608408789111273
6.626766581096362,6.626766581096362
6.6451909099437545,6.6451909099437545
6.663682223807379,6.663682223807379
6.6822409749069385,6.6822409749069385
6.700867619577682,6.700867619577682
6.719562618320949,6.719562618320949
6.738326435855511,6.738326435855511
6.757159541169674,6.757159541169674
6.7760624075742015,6.7760624075742015
6.795035512756083,6.795035512756083
6.814079338833152,6.814079338833152
6.833194372409534,6.833194372409534
6.852381104631974,6.852381104631974
6.871640031247073,6.871640031247073
6.890971652659442,6.890971652659442
6.910376473990753,6.910376473990753
6.9298550051397365,6.9298550051397365
6.949407760843157,6.949407760843157
6.969035260737791,6.969035260737791
6.988738029423364,6.988738029423364
7.008516596526492,7.008516596526492
7.028371496765731,7.028371496765731
7.048303270017646,7.048303270017646
7.068312461383961,7.068312461383961
7.088399621259786,7.088399621259786
7.108565305403021,7.108565305403021
7.12881007500489,7.12881007500489
7.149134496761614,7.149134496761614
7.169539142947315,7.169539142947315
7.190024591488094,7.190024591488094
7.210591426037393,7.210591426037393
7.231240236052612,7.231240236052612
7.251971616873008,7.251971616873008
7.272786169798893,7.272786169798893
7.293684502172218,7.293684502172218
7.3146672274585205,7.3146672274585205
7.335734965330252,7.335734965330252
7.35688834175153,7.35688834175153
7.378127989064385,7.378127989064385
7.399454546076483,7.399454546076483
7.420868658150351,7.420868658150351
7.442370977294167,7.442370977294167
7.463962162254127,7.463962162254127
7.485642878608472,7.485642878608472
7.507413798863108,7.507413798863108
7.529275602548933,7.529275602548933
7.551228976320908,7.551228976320908
7.573274614058885,7.573274614058885
7.595413216970221,7.595413216970221
7.6176454936942015,7.6176454936942015
7.639972160408406,7.639972160408406
7.662393940936946,7.662393940936946
7.684911566860683,7.684911566860683
7.707525777629405,7.707525777629405
7.730237320676104,7.730237320676104
7.753046951533342,7.753046951533342
7.775955433951707,7.775955433951707
7.798963540020479,7.798963540020479
7.822072050290535,7.822072050290535
7.845281753899557,7.845281753899557
7.868593448699526,7.868593448699526
7.892007941386626,7.892007941386626
7.915526047633589,7.915526047633589
7.9391485922245595,7.9391485922245595
7.962876409192477,7.962876409192477
7.986710341959059,7.986710341959059
8.010651243477497,8.010651243477497
8.03469997637788,8.03469997637788
8.058857413115389,8.058857413115389
8.083124436121338,8.083124436121338
8.107501937957194,8.107501937957194
8.131990821471568,8.131990821471568
8.156591999960268,8.156591999960268
8.181306397329463,8.181306397329463
8.206134948262124,8.206134948262124
8.231078598387716,8.231078598387716
8.256138304455254,8.256138304455254
8.281315034509795,8.281315034509795
8.306609768072509,8.306609768072509
8.33202349632433,8.33202349632433
8.357557222293334,8.357557222293334
8.383211961045841,8.383211961045841
8.408988739881513,8.408988739881513
8.434888598532387,8.434888598532387
8.46091258936595,8.46091258936595
8.487061777592437,8.487061777592437
8.513337241476405,8.513337241476405
8.539740072552725,8.539740072552725
8.56627137584704,8.56627137584704
8.592932270100833,8.592932270100833
8.619723888001266,8.619723888001266
8.646647376415862,8.646647376415862
8.67370389663215,8.67370389663215
8.700894624602391,8.700894624602391
8.728220751193609,8.728220751193609
8.755683482442933,8.755683482442933
8.78328403981849,8.78328403981849
8.811023660485876,8.811023660485876
8.838903597580535,8.838903597580535
8.866925120486023,8.866925120486023
8.895089515118412,8.895089515118412
8.923398084216922,8.923398084216922
8.951852147641038,8.951852147641038
8.980453042674267,8.980453042674267
9.009202124334614,9.009202124334614
9.03810076569206,9.03810076569206
9.067150358193203,9.067150358193203
9.096352311993309,9.096352311993309
9.125708056295844,9.125708056295844
9.155219039699773,9.155219039699773
9.184886730554933,9.184886730554933
9.21471261732552,9.21471261732552
9.244698208962054,9.244698208962054
9.274845035281974,9.274845035281974
9.305154647359176,9.305154647359176
9.33562861792274,9.33562861792274
9.36626854176502,9.36626854176502
9.397076036159458,9.397076036159458
9.42805274128837,9.42805274128837
9.459200320681035,9.459200320681035
9.490520461662262,9.490520461662262
9.52201487581185,9.52201487581185
9.553685299435266,9.553685299435266
9.585533494045801,9.585533494045801
9.6175612468586,9.6175612468586
9.649770371296826,9.649770371296826
9.682162707510496,9.682162707510496
9.714740122908202,9.714740122908202
9.74750451270216,9.74750451270216
9.780457800467007,9.780457800467007
9.813601938712752,9.813601938712752
9.846938909472367,9.846938909472367
9.880470724904333,9.880470724904333
9.914199427910713,9.914199427910713
9.948127092771264,9.948127092771264
9.982255825793986,9.982255825793986
10.016587765982685,10.016587765982685
10.051125085722052,10.051125085722052
10.085869991480873,10.085869991480873
10.120824724533934,10.120824724533934
10.155991561703125,10.155991561703125
10.191372816118493,10.191372816118493
10.22697083799981,10.22697083799981
10.262788015459401,10.262788015459401
10.29882677532683,10.29882677532683
10.335089583996192,10.335089583996192
10.371578948296834,10.371578948296834
10.408297416388262,10.408297416388262
10.445247578679913,10.445247578679913
10.482432068776818,10.482432068776818
10.51985356445192,10.51985356445192
10.55751478864603,10.55751478864603
10.595418510496252,10.595418510496252
10.633567546393998,10.633567546393998
10.67196476107351,10.67196476107351
10.710613068732025,10.710613068732025
10.749515434182701,10.749515434182701
10.78867487404136,10.78867487404136
10.828094457948323,10.828094457948323
10.867777309826645,10.867777309826645
10.907726609177985,10.907726609177985
10.94794559241744,10.94794559241744
10.988437554248838,10.988437554248838
11.029205849081919,11.029205849081919
11.07025389249306,11.07025389249306
11.111585162730963,11.111585162730963
11.153203202269086,11.153203202269086
11.195111619406678,11.195111619406678
11.23731408992007,11.23731408992007
11.279814358766227,11.279814358766227
11.322616241840544,11.322616241840544
11.365723627790972,11.365723627790972
11.409140479890738,11.409140479890738
11.452870837971766,11.452870837971766
11.496918820421302,11.496918820421302
11.541288626244288,11.541288626244288
11.585984537194037,11.585984537194037
11.631010919973864,11.631010919973864
11.676372228512678,11.676372228512678
11.722073006317462,11.722073006317462
11.768117888905863,11.768117888905863
11.814511606322023,11.814511606322023
11.861258985739255,11.861258985739255
11.90836495415314,11.90836495415314
11.955834541168887,11.955834541168887
12.003672881886825,12.003672881886825
12.051885219890316,12.051885219890316
12.100476910340477,12.100476910340477
12.149453423182365,12.149453423182365
12.198820346467322,12.198820346467322
12.248583389796718,12.248583389796718
12.298748387892493,12.298748387892493
12.349321304300046,12.349321304300046
12.400308235229422,12.400308235229422
12.45171541354105,12.45171541354105
12.503549212882698,12.503549212882698
12.55581615198457,12.55581615198457
12.60852289911969,12.60852289911969
12.661676276737492,12.661676276737492
12.715283266278668,12.715283266278668
12.769351013179909,12.769351013179909
12.823886832077488,12.823886832077488
12.87889821221933,12.87889821221933
12.93439282309576,12.93439282309576
12.990378520299506,12.990378520299506
13.046863351626328,13.046863351626328
13.10385556342815,13.10385556342815
13.161363607231518,13.161363607231518
13.219396146634718,13.219396146634718
13.277962064497713,13.277962064497713
13.337070470439985,13.337070470439985
13.396730708662336,13.396730708662336
13.456952366109652,13.456952366109652
13.517745280992354,13.517745280992354
13.579119551685917,13.579119551685917
13.641085546028732,13.641085546028732
13.703653911039906,13.703653911039906
13.766835583079857,13.766835583079857
13.830641798478357,13.830641798478357
13.89508410465599,13.89508410465599
13.960174371766898,13.960174371766898
14.025924804892236,14.025924804892236
14.092347956816093,14.092347956816093
14.159456741417625,14.159456741417625
14.227264447715408,14.227264447715408
14.295784754602456,14.295784754602456
14.365031746313198,14.365031746313198
14.435019928666513,14.435019928666513
14.505764246132156,14.505764246132156
14.57728009977096,14.57728009977096
14.649583366103299,14.649583366103299
14.722690416964118,14.722690416964118
14.796618140407135,14.796618140407135
14.871383962725297,14.871383962725297
14.94700587166008,14.94700587166008
15.023502440877547,15.023502440877547
15.100892855795076,15.100892855795076
15.179196940849144,15.179196940849144
15.258435188301986,15.258435188301986
15.338628788692578,15.338628788692578
15.419799663046064,15.419799663046064
15.501970496964717,15.501970496964717
15.585164776734223,15.585164776734223
15.669406827590102,15.669406827590102
15.754721854301273,15.754721854301273
15.841135984241216,15.841135984241216
15.928676313132243,15.928676313132243
16.017370953664678,16.017370953664678
16.107249087210594,16.107249087210594
16.19834101887159,16.19834101887159
16.290678236122226,16.290678236122226
16.384293471334924,16.384293471334924
16.479220768498944,16.479220768498944
16.575495554475765,16.575495554475765
16.67315471516634,16.67315471516634
16.7722366770028,16.7722366770028
16.87278149421762,16.87278149421762
16.97483094238912,16.97483094238912
17.078428618813373,17.078428618813373
17.183620050309617,17.183620050309617
17.29045280913007,17.29045280913007
17.39897663771675,17.39897663771675
17.509243583128868,17.509243583128868
17.621308142055096,17.621308142055096
17.735227417427463,17.735227417427463
17.851061287769316,17.851061287769316
17.9688725905412,17.9688725905412
18.08872732089749,18.08872732089749
18.210694847435477,18.210694847435477
18.334848146711384,18.334848146711384
18.461264058518257,18.461264058518257
18.590023564172565,18.590023564172565
18.721212090345006,18.721212090345006
18.854919841303186,18.854919841303186
18.99124216281728,18.99124216281728
19.13027994142187,19.13027994142187
19.27214004324004,19.27214004324004
19.416935797171334,19.416935797171334
19.56478752793984,19.56478752793984
19.715823145309404,19.715823145309404
19.870178796724993,19.870178796724993
20.027999591757204,20.027999591757204
20.18944040804763,20.18944040804763
20.354666790016555,20.354666790016555
20.523855953453403,20.523855953453403
20.697197911327805,20.697197911327805
20.874896738816375,20.874896738816375
21.057171998737086,21.057171998737086
21.244260352445874,21.244260352445874
21.436417385938597,21.436417385938597
21.633919686621013,21.633919686621013
21.83706721322217,21.83706721322217
22.046186009969823,22.046186009969823
22.261631326860446,22.261631326860446
22.483791221216638,22.483791221216638
22.713090732490393,22.713090732490393
22.949996743449713,22.949996743449713
23.195023667830213,23.195023667830213
23.44874013907111,23.44874013907111
23.711776919383773,23.711776919383773
23.984836306560798,23.984836306560798
24.268703392424694,24.268703392424694
24.564259628405452,24.564259628405452
24.872499290090374,24.872499290090374
25.194549617689816,25.194549617689816
25.53169566373647,25.53169566373647
25.885411233591977,25.885411233591977
26.257397804884135,26.257397804884135
26.649634030527046,26.649634030527046
27.064439479462035,27.064439479462035
27.50455783174146,27.50455783174146
27.973267120644994,27.973267120644994
28.474528314166193,28.474528314166193
29.013189443436552,29.013189443436552
29.595272230889933,29.595272230889933
30.228384783836,30.228384783836
30.92233337513141,30.92233337513141
31.690061008831798,31.690061008831798
32.54914760233737,32.54914760233737
33.524330642632876,33.524330642632876
34.65201257522955,34.65201257522955
35.988992311229474,35.988992311229474
37.63129279617154,37.63129279617154
39.76144065158228,39.76144065158228
42.79922829890382,42.79922829890382
48.16138637818239,48.16138637818239
