-5.69057897907576,-5.69057897907576
-5.505981288660988,-5.505981288660988
-5.245453230230026,-5.245453230230026
-4.938040573116138,-4.938040573116138
-4.603557076011631,-4.603557076011631
-4.255314029285072,-4.255314029285072
-3.902120322399977,-3.902120322399977
-3.5497205764548605,-3.5497205764548605
-3.2018076552336154,-3.2018076552336154
-2.860718860198229,-2.860718860198229
-2.5279020076732173,-2.5279020076732173
-2.204218062163374,-2.204218062163374
-1.890130740413526,-1.890130740413526
-1.5858201885616403,-1.5858201885616403
-1.291247151654889,-1.291247151654889
-1.0061856829926925,-1.0061856829926925
-0.7302360623315363,-0.7302360623315363
-0.4628248890339253,-0.4628248890339253
-0.20319597086847652,-0.20319597086847652
0.0496066765297761,0.0496066765297761
0.2967639884499325,0.2967639884499325
0.5397166170997366,0.5397166170997366
0.7802118478207333,0.7802118478207333
1.0203665345255433,1.0203665345255433
1.262751799164379,1.262751799164379
1.5105079835541055,1.5105079835541055
1.7675022710495052,1.7675022710495052
2.0385468282026267,2.0385468282026267
2.3297025706417958,2.3297025706417958
2.6487030508067555,2.6487030508067555
3.0055448158001026,3.0055448158001026
3.413305209357369,3.413305209357369
3.889266310698442,3.889266310698442
4.456444832701141,4.456444832701141
5.145652660333358,5.145652660333358
5.852730288793718,5.852730288793718
6.250738539258804,6.250738539258804
6.8840179478644785,6.8840179478644785
7.8643266894888235,7.8643266894888235
9.332229017520696,9.332229017520696
