-7.061478891945503,-7.061478891945503
-7.077520391912985,-7.077520391912985
-7.088931626811051,-7.088931626811051
-7.098294211508151,-7.098294211508151
-7.106303803109145,-7.106303803109145
-7.113300872002508,-7.113300872002508
-7.119488870975628,-7.119488870975628
-7.125003410095406,-7.125003410095406
-7.129941439520505,-7.129941439520505
-7.134375755986467,-7.134375755986467
-7.138363045246317,-7.138363045246317
-7.141948705357591,-7.141948705357591
-7.1451699169599845,-7.1451699169599845
-7.148057691450957,-7.148057691450957
-7.150638290089138,-7.150638290089138
-7.152934238506939,-7.152934238506939
-7.1549650713254085,-7.1549650713254085
-7.156747891081903,-7.156747891081903
-7.1582977959867415,-7.1582977959867415
-7.159628212874449,-7.159628212874449
-7.160751160247177,-7.160751160247177
-7.161677458850165,-7.161677458850165
-7.162416902244412,-7.162416902244412
-7.162978396448111,-7.162978396448111
-7.163370075356123,-7.163370075356123
-7.163599396972528,-7.163599396972528
-7.163673224285128,-7.163673224285128
-7.163597893728898,-7.163597893728898
-7.163379273531679,-7.163379273531679
-7.163022813744943,-7.163022813744943
-7.16253358939021,-7.16253358939021
-7.161916337866008,-7.161916337866008
-7.161175491539234,-7.161175491539234
-7.160315206271751,-7.160315206271751
-7.159339386496877,-7.159339386496877
-7.158251707352087,-7.158251707352087
-7.157055634287664,-7.157055634287664
-7.155754440501173,-7.155754440501173
-7.1543512224909875,-7.1543512224909875
-7.152848913975926,-7.152848913975926
-7.15125029839005,-7.15125029839005
-7.149558020130417,-7.149558020130417
-7.147774594709601,-7.147774594709601
-7.14590241794311,-7.14590241794311
-7.143943774283763,-7.143943774283763
-7.141900844399744,-7.141900844399744
-7.139775712080285,-7.139775712080285
-7.13757037054189,-7.13757037054189
-7.135286728198796,-7.135286728198796
-7.132926613953382,-7.132926613953382
-7.130491782055421,-7.130491782055421
-7.127983916573246,-7.127983916573246
-7.125404635514802,-7.125404635514802
-7.1227554946321865,-7.1227554946321865
-7.120037990939536,-7.120037990939536
-7.117253565970696,-7.117253565970696
-7.114403608800364,-7.114403608800364
-7.111489458849743,-7.111489458849743
-7.108512408495599,-7.108512408495599
-7.10547370549966,-7.10547370549966
-7.102374555273532,-7.102374555273532
-7.099216122992845,-7.099216122992845
-7.095999535572954,-7.095999535572954
-7.092725883517361,-7.092725883517361
-7.089396222648927,-7.089396222648927
-7.086011575733035,-7.086011575733035
-7.082572934000992,-7.082572934000992
-7.079081258581239,-7.079081258581239
-7.075537481845204,-7.075537481845204
-7.071942508674115,-7.071942508674115
-7.068297217652435,-7.068297217652435
-7.0646024621932195,-7.0646024621932195
-7.060859071600129,-7.060859071600129
-7.057067852070513,-7.057067852070513
-7.053229587643609,-7.053229587643609
-7.0493450410975464,-7.0493450410975464
-7.0454149547985425,-7.0454149547985425
-7.04144005150549,-7.04144005150549
-7.037421035132776,-7.037421035132776
-7.033358591474027,-7.033358591474027
-7.029253388889251,-7.029253388889251
-7.025106078957663,-7.025106078957663
-7.020917297098309,-7.020917297098309
-7.016687663160436,-7.016687663160436
-7.0124177819854605,-7.0124177819854605
-7.008108243942185,-7.008108243942185
-7.003759625436862,-7.003759625436862
-6.999372489399571,-6.999372489399571
-6.994947385748227,-6.994947385748227
-6.99048485183155,-6.99048485183155
-6.985985412852125,-6.985985412852125
-6.981449582270686,-6.981449582270686
-6.976877862192642,-6.976877862192642
-6.9722707437378215,-6.9722707437378215
-6.967628707394319,-6.967628707394319
-6.962952223357305,-6.962952223357305
-6.958241751853587,-6.958241751853587
-6.953497743452644,-6.953497743452644
-6.948720639364866,-6.948720639364866
-6.943910871727619,-6.943910871727619
-6.939068863879763,-6.939068863879763
-6.934195030625205,-6.934195030625205
-6.929289778486016,-6.929289778486016
-6.924353505945639,-6.924353505945639
-6.919386603682647,-6.919386603682647
-6.914389454795533,-6.914389454795533
-6.9093624350189335,-6.9093624350189335
-6.904305912931699,-6.904305912931699
-6.899220250157201,-6.899220250157201
-6.894105801556218,-6.894105801556218
-6.888962915412751,-6.888962915412751
-6.883791933613091,-6.883791933613091
-6.878593191818426,-6.878593191818426
-6.873367019631311,-6.873367019631311
-6.868113740756229,-6.868113740756229
-6.862833673154524,-6.862833673154524
-6.857527129193967,-6.857527129193967
-6.8521944157931465,-6.8521944157931465
-6.846835834560938,-6.846835834560938
-6.841451681931254,-6.841451681931254
-6.83604224929324,-6.83604224929324
-6.83060782311718,-6.83060782311718
-6.8251486850762,-6.8251486850762
-6.819665112164002,-6.819665112164002
-6.814157376808776,-6.814157376808776
-6.808625746983429,-6.808625746983429
-6.803070486312296,-6.803070486312296
-6.797491854174467,-6.797491854174467
-6.791890105803848,-6.791890105803848
-6.786265492386121,-6.786265492386121
-6.7806182611526715,-6.7806182611526715
-6.774948655471654,-6.774948655471654
-6.769256914936257,-6.769256914936257
-6.763543275450307,-6.763543275450307
-6.757807969311303,-6.757807969311303
-6.752051225290951,-6.752051225290951
-6.746273268713349,-6.746273268713349
-6.740474321530838,-6.740474321530838
-6.734654602397669,-6.734654602397669
-6.728814326741511,-6.728814326741511
-6.722953706832925,-6.722953706832925
-6.717072951852834,-6.717072951852834
-6.711172267958094,-6.711172267958094
-6.705251858345213,-6.705251858345213
-6.6993119233122895,-6.6993119233122895
-6.693352660319228,-6.693352660319228
-6.6873742640463005,-6.6873742640463005
-6.681376926451103,-6.681376926451103
-6.67536083682395,-6.67536083682395
-6.6693261818417975,-6.6693261818417975
-6.663273145620694,-6.663273145620694
-6.657201909766857,-6.657201909766857
-6.65111265342636,-6.65111265342636
-6.645005553333562,-6.645005553333562
-6.638880783858235,-6.638880783858235
-6.632738517051474,-6.632738517051474
-6.626578922690439,-6.626578922690439
-6.620402168321926,-6.620402168321926
-6.614208419304847,-6.614208419304847
-6.607997838851633,-6.607997838851633
-6.6017705880685815,-6.6017705880685815
-6.5955268259952105,-6.5955268259952105
-6.589266709642631,-6.589266709642631
-6.582990394030969,-6.582990394030969
-6.576698032225871,-6.576698032225871
-6.570389775374125,-6.570389775374125
-6.564065772738403,-6.564065772738403
-6.55772617173119,-6.55772617173119
-6.551371117947871,-6.551371117947871
-6.54500075519906,-6.54500075519906
-6.538615225542144,-6.538615225542144
-6.532214669312094,-6.532214669312094
-6.525799225151547,-6.525799225151547
-6.519369030040201,-6.519369030040201
-6.512924219323517,-6.512924219323517
-6.506464926740774,-6.506464926740774
-6.499991284452474,-6.499991284452474
-6.49350342306712,-6.49350342306712
-6.487001471667408,-6.487001471667408
-6.480485557835807,-6.480485557835807
-6.473955807679585,-6.473955807679585
-6.46741234585527,-6.46741234585527
-6.46085529559257,-6.46085529559257
-6.454284778717775,-6.454284778717775
-6.447700915676638,-6.447700915676638
-6.441103825556766,-6.441103825556766
-6.434493626109519,-6.434493626109519
-6.427870433771448,-6.427870433771448
-6.421234363685266,-6.421234363685266
-6.414585529720379,-6.414585529720379
-6.407924044492973,-6.407924044492973
-6.401250019385687,-6.401250019385687
-6.394563564566878,-6.394563564566878
-6.387864789009465,-6.387864789009465
-6.381153800509407,-6.381153800509407
-6.374430705703777,-6.374430705703777
-6.3676956100884885,-6.3676956100884885
-6.36094861803563,-6.36094861803563
-6.354189832810489,-6.354189832810489
-6.347419356588186,-6.347419356588186
-6.340637290470008,-6.340637290470008
-6.333843734499399,-6.333843734499399
-6.327038787677636,-6.327038787677636
-6.320222547979201,-6.320222547979201
-6.313395112366836,-6.313395112366836
-6.306556576806313,-6.306556576806313
-6.299707036280917,-6.299707036280917
-6.292846584805635,-6.292846584805635
-6.285975315441092,-6.285975315441092
-6.27909332030719,-6.27909332030719
-6.272200690596518,-6.272200690596518
-6.265297516587485,-6.265297516587485
-6.258383887657198,-6.258383887657198
-6.251459892294126,-6.251459892294126
-6.2445256181105,-6.2445256181105
-6.237581151854481,-6.237581151854481
-6.230626579422127,-6.230626579422127
-6.223661985869107,-6.223661985869107
-6.216687455422217,-6.216687455422217
-6.209703071490682,-6.209703071490682
-6.202708916677245,-6.202708916677245
-6.195705072789062,-6.195705072789062
-6.188691620848401,-6.188691620848401
-6.18166864110313,-6.18166864110313
-6.174636213037045,-6.174636213037045
-6.167594415379988,-6.167594415379988
-6.1605433261178035,-6.1605433261178035
-6.153483022502101,-6.153483022502101
-6.146413581059862,-6.146413581059862
-6.13933507760287,-6.13933507760287
-6.1322475872369715,-6.1322475872369715
-6.125151184371187,-6.125151184371187
-6.118045942726657,-6.118045942726657
-6.110931935345428,-6.110931935345428
-6.1038092345991,-6.1038092345991
-6.096677912197322,-6.096677912197322
-6.089538039196128,-6.089538039196128
-6.08238968600616,-6.08238968600616
-6.0752329224007235,-6.0752329224007235
-6.068067817523724,-6.068067817523724
-6.060894439897475,-6.060894439897475
-6.053712857430345,-6.053712857430345
-6.046523137424321,-6.046523137424321
-6.039325346582415,-6.039325346582415
-6.03211955101596,-6.03211955101596
-6.024905816251782,-6.024905816251782
-6.017684207239264,-6.017684207239264
-6.010454788357278,-6.010454788357278
-6.003217623421027,-6.003217623421027
-5.99597277568875,-5.99597277568875
-5.988720307868343,-5.988720307868343
-5.981460282123861,-5.981460282123861
-5.974192760081923,-5.974192760081923
-5.966917802838001,-5.966917802838001
-5.959635470962627,-5.959635470962627
-5.952345824507493,-5.952345824507493
-5.94504892301146,-5.94504892301146
-5.937744825506463,-5.937744825506463
-5.930433590523333,-5.930433590523333
-5.923115276097526,-5.923115276097526
-5.915789939774765,-5.915789939774765
-5.908457638616587,-5.908457638616587
-5.901118429205821,-5.901118429205821
-5.89377236765196,-5.89377236765196
-5.88641950959647,-5.88641950959647
-5.879059910218009,-5.879059910218009
-5.871693624237574,-5.871693624237574
-5.864320705923555,-5.864320705923555
-5.856941209096738,-5.856941209096738
-5.849555187135202,-5.849555187135202
-5.842162692979174,-5.842162692979174
-5.834763779135792,-5.834763779135792
-5.827358497683798,-5.827358497683798
-5.81994690027818,-5.81994690027818
-5.812529038154713,-5.812529038154713
-5.805104962134471,-5.805104962134471
-5.797674722628246,-5.797674722628246
-5.79023836964091,-5.79023836964091
-5.782795952775723,-5.782795952775723
-5.775347521238568,-5.775347521238568
-5.767893123842119,-5.767893123842119
-5.760432809009972,-5.760432809009972
-5.752966624780696,-5.752966624780696
-5.745494618811838,-5.745494618811838
-5.738016838383862,-5.738016838383862
-5.730533330404039,-5.730533330404039
-5.723044141410281,-5.723044141410281
-5.715549317574919,-5.715549317574919
-5.7080489047084315,-5.7080489047084315
-5.700542948263114,-5.700542948263114
-5.6930314933367105,-5.6930314933367105
-5.685514584675982,-5.685514584675982
-5.677992266680222,-5.677992266680222
-5.670464583404748,-5.670464583404748
-5.662931578564317,-5.662931578564317
-5.655393295536512,-5.655393295536512
-5.647849777365068,-5.647849777365068
-5.64030106676318,-5.64030106676318
-5.6327472061167185,-5.6327472061167185
-5.625188237487456,-5.625188237487456
-5.617624202616216,-5.617624202616216
-5.610055142925986,-5.610055142925986
-5.602481099524992,-5.602481099524992
-5.594902113209726,-5.594902113209726
-5.58731822446796,-5.58731822446796
-5.5797294734816685,-5.5797294734816685
-5.572135900129964,-5.572135900129964
-5.5645375439919595,-5.5645375439919595
-5.556934444349624,-5.556934444349624
-5.549326640190557,-5.549326640190557
-5.541714170210778,-5.541714170210778
-5.534097072817435,-5.534097072817435
-5.526475386131512,-5.526475386131512
-5.518849147990477,-5.518849147990477
-5.511218395950911,-5.511218395950911
-5.503583167291097,-5.503583167291097
-5.495943499013576,-5.495943499013576
-5.4882994278476716,-5.4882994278476716
-5.480650990251982,-5.480650990251982
-5.472998222416845,-5.472998222416845
-5.465341160266757,-5.465341160266757
-5.4576798394627835,-5.4576798394627835
-5.450014295404919,-5.450014295404919
-5.442344563234434,-5.442344563234434
-5.434670677836175,-5.434670677836175
-5.426992673840857,-5.426992673840857
-5.419310585627302,-5.419310585627302
-5.41162444732468,-5.41162444732468
-5.403934292814692,-5.403934292814692
-5.396240155733748,-5.396240155733748
-5.3885420694751085,-5.3885420694751085
-5.380840067191001,-5.380840067191001
-5.373134181794714,-5.373134181794714
-5.365424445962659,-5.365424445962659
-5.357710892136416,-5.357710892136416
-5.349993552524744,-5.349993552524744
-5.3422724591055815,-5.3422724591055815
-5.334547643628001,-5.334547643628001
-5.326819137614166,-5.326819137614166
-5.319086972361246,-5.319086972361246
-5.311351178943316,-5.311351178943316
-5.30361178821323,-5.30361178821323
-5.2958688308044755,-5.2958688308044755
-5.288122337133004,-5.288122337133004
-5.280372337399046,-5.280372337399046
-5.272618861588885,-5.272618861588885
-5.264861939476642,-5.264861939476642
-5.25710160062601,-5.25710160062601
-5.249337874391986,-5.249337874391986
-5.241570789922573,-5.241570789922573
-5.233800376160471,-5.233800376160471
-5.226026661844737,-5.226026661844737
-5.218249675512442,-5.218249675512442
-5.210469445500286,-5.210469445500286
-5.202685999946223,-5.202685999946223
-5.194899366791038,-5.194899366791038
-5.187109573779928,-5.187109573779928
-5.17931664846406,-5.17931664846406
-5.171520618202097,-5.171520618202097
-5.163721510161726,-5.163721510161726
-5.155919351321165,-5.155919351321165
-5.1481141684706335,-5.1481141684706335
-5.140305988213836,-5.140305988213836
-5.132494836969411,-5.132494836969411
-5.124680740972358,-5.124680740972358
-5.116863726275475,-5.116863726275475
-5.1090438187507425,-5.1090438187507425
-5.101221044090728,-5.101221044090728
-5.093395427809954,-5.093395427809954
-5.085566995246251,-5.085566995246251
-5.077735771562107,-5.077735771562107
-5.069901781745994,-5.069901781745994
-5.0620650506136835,-5.0620650506136835
-5.054225602809537,-5.054225602809537
-5.046383462807802,-5.046383462807802
-5.038538654913878,-5.038538654913878
-5.030691203265569,-5.030691203265569
-5.022841131834339,-5.022841131834339
-5.014988464426529,-5.014988464426529
-5.007133224684582,-5.007133224684582
-4.999275436088242,-4.999275436088242
-4.991415121955749,-4.991415121955749
-4.983552305445012,-4.983552305445012
-4.975687009554776,-4.975687009554776
-4.96781925712578,-4.96781925712578
-4.959949070841885,-4.959949070841885
-4.952076473231215,-4.952076473231215
-4.944201486667266,-4.944201486667266
-4.936324133370016,-4.936324133370016
-4.928444435407011,-4.928444435407011
-4.92056241469445,-4.92056241469445
-4.912678092998257,-4.912678092998257
-4.904791491935134,-4.904791491935134
-4.896902632973616,-4.896902632973616
-4.889011537435102,-4.889011537435102
-4.881118226494879,-4.881118226494879
-4.873222721183146,-4.873222721183146
-4.8653250423860115,-4.8653250423860115
-4.857425210846487,-4.857425210846487
-4.849523247165476,-4.849523247165476
-4.841619171802745,-4.841619171802745
-4.833713005077883,-4.833713005077883
-4.825804767171266,-4.825804767171266
-4.81789447812499,-4.81789447812499
-4.8099821578438124,-4.8099821578438124
-4.8020678260960725,-4.8020678260960725
-4.794151502514611,-4.794151502514611
-4.786233206597669,-4.786233206597669
-4.778312957709797,-4.778312957709797
-4.77039077508273,-4.77039077508273
-4.762466677816273,-4.762466677816273
-4.7545406848791725,-4.7545406848791725
-4.74661281510997,-4.74661281510997
-4.738683087217861,-4.738683087217861
-4.73075151978354,-4.73075151978354
-4.7228181312600315,-4.7228181312600315
-4.714882939973519,-4.714882939973519
-4.706945964124161,-4.706945964124161
-4.699007221786911,-4.699007221786911
-4.6910667309123095,-4.6910667309123095
-4.683124509327283,-4.683124509327283
-4.675180574735934,-4.675180574735934
-4.667234944720313,-4.667234944720313
-4.659287636741195,-4.659287636741195
-4.651338668138846,-4.651338668138846
-4.643388056133773,-4.643388056133773
-4.635435817827473,-4.635435817827473
-4.627481970203179,-4.627481970203179
-4.619526530126593,-4.619526530126593
-4.611569514346613,-4.611569514346613
-4.603610939496049,-4.603610939496049
-4.595650822092343,-4.595650822092343
-4.587689178538269,-4.587689178538269
-4.579726025122637,-4.579726025122637
-4.571761378020982,-4.571761378020982
-4.5637952532962505,-4.5637952532962505
-4.555827666899482,-4.555827666899482
-4.547858634670477,-4.547858634670477
-4.539888172338469,-4.539888172338469
-4.531916295522782,-4.531916295522782
-4.523943019733481,-4.523943019733481
-4.515968360372022,-4.515968360372022
-4.5079923327318925,-4.5079923327318925
-4.500014951999249,-4.500014951999249
-4.492036233253541,-4.492036233253541
-4.484056191468136,-4.484056191468136
-4.476074841510942,-4.476074841510942
-4.468092198145004,-4.468092198145004
-4.460108276029127,-4.460108276029127
-4.452123089718466,-4.452123089718466
-4.44413665366512,-4.44413665366512
-4.43614898221872,-4.43614898221872
-4.428160089627017,-4.428160089627017
-4.420169990036455,-4.420169990036455
-4.412178697492745,-4.412178697492745
-4.404186225941429,-4.404186225941429
-4.396192589228444,-4.396192589228444
-4.388197801100677,-4.388197801100677
-4.380201875206517,-4.380201875206517
-4.372204825096397,-4.372204825096397
-4.364206664223339,-4.364206664223339
-4.356207405943488,-4.356207405943488
-4.348207063516646,-4.348207063516646
-4.340205650106784,-4.340205650106784
-4.332203178782586,-4.332203178782586
-4.324199662517944,-4.324199662517944
-4.3161951141924835,-4.3161951141924835
-4.308189546592058,-4.308189546592058
-4.300182972409263,-4.300182972409263
-4.292175404243925,-4.292175404243925
-4.284166854603596,-4.284166854603596
-4.276157335904043,-4.276157335904043
-4.268146860469737,-4.268146860469737
-4.260135440534317,-4.260135440534317
-4.25212308824108,-4.25212308824108
-4.244109815643447,-4.244109815643447
-4.236095634705428,-4.236095634705428
-4.228080557302083,-4.228080557302083
-4.220064595219982,-4.220064595219982
-4.2120477601576605,-4.2120477601576605
-4.204030063726062,-4.204030063726062
-4.196011517448997,-4.196011517448997
-4.187992132763565,-4.187992132763565
-4.179971921020611,-4.179971921020611
-4.171950893485144,-4.171950893485144
-4.1639290613367805,-4.1639290613367805
-4.15590643567016,-4.15590643567016
-4.147883027495369,-4.147883027495369
-4.139858847738358,-4.139858847738358
-4.131833907241362,-4.131833907241362
-4.123808216763305,-4.123808216763305
-4.11578178698021,-4.11578178698021
-4.107754628485599,-4.107754628485599
-4.099726751790894,-4.099726751790894
-4.091698167325816,-4.091698167325816
-4.083668885438777,-4.083668885438777
-4.07563891639726,-4.07563891639726
-4.0676082703882175,-4.0676082703882175
-4.059576957518446,-4.059576957518446
-4.051544987814963,-4.051544987814963
-4.043512371225392,-4.043512371225392
-4.035479117618324,-4.035479117618324
-4.027445236783687,-4.027445236783687
-4.019410738433119,-4.019410738433119
-4.011375632200322,-4.011375632200322
-4.003339927641425,-4.003339927641425
-3.995303634235342,-3.995303634235342
-3.9872667613841153,-3.9872667613841153
-3.9792293184132745,-3.9792293184132745
-3.9711913145721747,-3.9711913145721747
-3.963152759034351,-3.963152759034351
-3.9551136608978448,-3.9551136608978448
-3.9470740291855493,-3.9470740291855493
-3.9390338728455423,-3.9390338728455423
-3.9309932007514177,-3.9309932007514177
-3.9229520217026117,-3.9229520217026117
-3.9149103444247295,-3.9149103444247295
-3.9068681775698657,-3.9068681775698657
-3.898825529716929,-3.898825529716929
-3.8907824093719534,-3.8907824093719534
-3.882738824968414,-3.882738824968414
-3.8746947848675393,-3.8746947848675393
-3.866650297358619,-3.866650297358619
-3.858605370659308,-3.858605370659308
-3.850560012915933,-3.850560012915933
-3.842514232203788,-3.842514232203788
-3.8344680365274373,-3.8344680365274373
-3.826421433821006,-3.826421433821006
-3.8183744319484743,-3.8183744319484743
-3.810327038703967,-3.810327038703967
-3.8022792618120436,-3.8022792618120436
-3.794231108927977,-3.794231108927977
-3.78618258763804,-3.78618258763804
-3.7781337054597857,-3.7781337054597857
-3.7700844698423235,-3.7700844698423235
-3.7620348881665913,-3.7620348881665913
-3.753984967745631,-3.753984967745631
-3.74593471582486,-3.74593471582486
-3.7378841395823335,-3.7378841395823335
-3.729833246129014,-3.729833246129014
-3.7217820425090324,-3.7217820425090324
-3.7137305356999506,-3.7137305356999506
-3.705678732613018,-3.705678732613018
-3.6976266400934255,-3.6976266400934255
-3.6895742649205623,-3.6895742649205623
-3.6815216138082683,-3.6815216138082683
-3.6734686934050784,-3.6734686934050784
-3.665415510294476,-3.665415510294476
-3.657362070995131,-3.657362070995131
-3.649308381961149,-3.649308381961149
-3.641254449582306,-3.641254449582306
-3.63320028018429,-3.63320028018429
-3.625145880028939,-3.625145880028939
-3.617091255314469,-3.617091255314469
-3.6090364121757137,-3.6090364121757137
-3.600981356684347,-3.600981356684347
-3.592926094849117,-3.592926094849117
-3.5848706326160698,-3.5848706326160698
-3.5768149758687713,-3.5768149758687713
-3.568759130428532,-3.568759130428532
-3.560703102054627,-3.560703102054627
-3.5526468964445104,-3.5526468964445104
-3.5445905192340357,-3.5445905192340357
-3.536533975997668,-3.536533975997668
-3.5284772722486935,-3.5284772722486935
-3.520420413439435,-3.520420413439435
-3.5123634049614565,-3.5123634049614565
-3.504306252145772,-3.504306252145772
-3.4962489602630455,-3.4962489602630455
-3.488191534523802,-3.488191534523802
-3.48013398007862,-3.48013398007862
-3.472076302018336,-3.472076302018336
-3.464018505374238,-3.464018505374238
-3.4559605951182664,-3.4559605951182664
-3.4479025761632025,-3.4479025761632025
-3.4398444533628614,-3.4398444533628614
-3.431786231512285,-3.431786231512285
-3.423727915347931,-3.423727915347931
-3.415669509547853,-3.415669509547853
-3.407611018731895,-3.407611018731895
-3.3995524474618644,-3.3995524474618644
-3.3914938002417263,-3.3914938002417263
-3.383435081517772,-3.383435081517772
-3.375376295678804,-3.375376295678804
-3.367317447056308,-3.367317447056308
-3.3592585399246366,-3.3592585399246366
-3.3511995785011717,-3.3511995785011717
-3.343140566946505,-3.343140566946505
-3.3350815093646036,-3.3350815093646036
-3.3270224098029817,-3.3270224098029817
-3.318963272252865,-3.318963272252865
-3.3109041006493602,-3.3109041006493602
-3.3028448988716126,-3.3028448988716126
-3.2947856707429777,-3.2947856707429777
-3.286726420031172,-3.286726420031172
-3.278667150448443,-3.278667150448443
-3.2706078656517157,-3.2706078656517157
-3.262548569242761,-3.262548569242761
-3.254489264768342,-3.254489264768342
-3.2464299557203704,-3.2464299557203704
-3.238370645536058,-3.238370645536058
-3.230311337598072,-3.230311337598072
-3.2222520352346744,-3.2222520352346744
-3.2141927417198803,-3.2141927417198803
-3.2061334602735974,-3.2061334602735974
-3.198074194061772,-3.198074194061772
-3.190014946196536,-3.190014946196536
-3.1819557197363446,-3.1819557197363446
-3.173896517686118,-3.173896517686118
-3.1658373429973854,-3.1658373429973854
-3.1577781985684164,-3.1577781985684164
-3.1497190872443617,-3.1497190872443617
-3.141660011817388,-3.141660011817388
-3.1336009750268063,-3.1336009750268063
-3.1255419795592183,-3.1255419795592183
-3.1174830280486336,-3.1174830280486336
-3.1094241230766038,-3.1094241230766038
-3.1013652671723566,-3.1013652671723566
-3.0933064628129148,-3.0933064628129148
-3.0852477124232327,-3.0852477124232327
-3.07718901837631,-3.07718901837631
-3.069130382993321,-3.069130382993321
-3.061071808543739,-3.061071808543739
-3.0530132972454536,-3.0530132972454536
-3.0449548512648916,-3.0449548512648916
-3.0368964727171357,-3.0368964727171357
-3.0288381636660424,-3.0288381636660424
-3.0207799261243578,-3.0207799261243578
-3.0127217620538325,-3.0127217620538325
-3.0046636733653345,-3.0046636733653345
-2.996605661918965,-2.996605661918965
-2.988547729524167,-2.988547729524167
-2.980489877939832,-2.980489877939832
-2.972432108874418,-2.972432108874418
-2.96437442398605,-2.96437442398605
-2.95631682488263,-2.95631682488263
-2.948259313121941,-2.948259313121941
-2.940201890211751,-2.940201890211751
-2.932144557609919,-2.932144557609919
-2.9240873167244947,-2.9240873167244947
-2.9160301689138195,-2.9160301689138195
-2.9079731154866284,-2.9079731154866284
-2.8999161577021453,-2.8999161577021453
-2.891859296770185,-2.891859296770185
-2.883802533851246,-2.883802533851246
-2.875745870056608,-2.875745870056608
-2.8676893064484252,-2.8676893064484252
-2.859632844039823,-2.859632844039823
-2.851576483794983,-2.851576483794983
-2.843520226629241,-2.843520226629241
-2.835464073409174,-2.835464073409174
-2.827408024952691,-2.827408024952691
-2.81935208202912,-2.81935208202912
-2.8112962453592916,-2.8112962453592916
-2.8032405156156317,-2.8032405156156317
-2.795184893422242,-2.795184893422242
-2.787129379354983,-2.787129379354983
-2.779073973941561,-2.779073973941561
-2.7710186776616044,-2.7710186776616044
-2.762963490946751,-2.762963490946751
-2.7549084141807216,-2.7549084141807216
-2.7468534476994013,-2.7468534476994013
-2.73879859179092,-2.73879859179092
-2.730743846695724,-2.730743846695724
-2.722689212606656,-2.722689212606656
-2.7146346896690283,-2.7146346896690283
-2.7065802779806947,-2.7065802779806947
-2.6985259775921295,-2.6985259775921295
-2.690471788506492,-2.690471788506492
-2.6824177106797022,-2.6824177106797022
-2.6743637440205092,-2.6743637440205092
-2.666309888390561,-2.666309888390561
-2.6582561436044707,-2.6582561436044707
-2.650202509429889,-2.650202509429889
-2.642148985587561,-2.642148985587561
-2.6340955717514003,-2.6340955717514003
-2.6260422675485535,-2.6260422675485535
-2.617989072559452,-2.617989072559452
-2.609935986317891,-2.609935986317891
-2.601883008311078,-2.601883008311078
-2.593830137979701,-2.593830137979701
-2.5857773747179857,-2.5857773747179857
-2.5777247178737537,-2.5777247178737537
-2.56967216674848,-2.56967216674848
-2.5616197205973554,-2.5616197205973554
-2.5535673786293343,-2.5535673786293343
-2.5455151400072014,-2.5455151400072014
-2.5374630038476096,-2.5374630038476096
-2.5294109692211504,-2.5294109692211504
-2.521359035152397,-2.521359035152397
-2.5133072006199604,-2.5133072006199604
-2.505255464556536,-2.505255464556536
-2.4972038258489606,-2.4972038258489606
-2.4891522833382504,-2.4891522833382504
-2.4811008358196625,-2.4811008358196625
-2.473049482042734,-2.473049482042734
-2.4649982207113315,-2.4649982207113315
-2.4569470504836954,-2.4569470504836954
-2.448895969972487,-2.448895969972487
-2.4408449777448316,-2.4408449777448316
-2.432794072322362,-2.432794072322362
-2.4247432521812575,-2.4247432521812575
-2.4166925157522954,-2.4166925157522954
-2.4086418614208793,-2.4086418614208793
-2.400591287527089,-2.400591287527089
-2.392540792365713,-2.392540792365713
-2.3844903741862926,-2.3844903741862926
-2.3764400311931535,-2.3764400311931535
-2.3683897615454486,-2.3683897615454486
-2.360339563357189,-2.360339563357189
-2.3522894346972834,-2.3522894346972834
-2.344239373589567,-2.344239373589567
-2.3361893780128424,-2.3361893780128424
-2.3281394459009026,-2.3281394459009026
-2.320089575142575,-2.320089575142575
-2.312039763581742,-2.312039763581742
-2.303990009017378,-2.303990009017378
-2.2959403092035733,-2.2959403092035733
-2.2878906618495716,-2.2878906618495716
-2.2798410646197844,-2.2798410646197844
-2.271791515133836,-2.271791515133836
-2.263742010966572,-2.263742010966572
-2.255692549648101,-2.255692549648101
-2.2476431286638054,-2.2476431286638054
-2.2395937454543775,-2.2395937454543775
-2.2315443974158327,-2.2315443974158327
-2.223495081899542,-2.223495081899542
-2.2154457962122454,-2.2154457962122454
-2.207396537616078,-2.207396537616078
-2.199347303328589,-2.199347303328589
-2.191298090522761,-2.191298090522761
-2.183248896327029,-2.183248896327029
-2.1751997178252993,-2.1751997178252993
-2.167150552056965,-2.167150552056965
-2.159101396016924,-2.159101396016924
-2.151052246655596,-2.151052246655596
-2.1430031008789356,-2.1430031008789356
-2.1349539555484487,-2.1349539555484487
-2.126904807481202,-2.126904807481202
-2.11885565344984,-2.11885565344984
-2.110806490182599,-2.110806490182599
-2.1027573143633114,-2.1027573143633114
-2.094708122631423,-2.094708122631423
-2.086658911582,-2.086658911582
-2.078609677765739,-2.078609677765739
-2.0705604176889736,-2.0705604176889736
-2.062511127813688,-2.062511127813688
-2.054461804557516,-2.054461804557516
-2.046412444293755,-2.046412444293755
-2.038363043351366,-2.038363043351366
-2.0303135980149793,-2.0303135980149793
-2.0222641045249055,-2.0222641045249055
-2.014214559077128,-2.014214559077128
-2.0061649578233145,-2.0061649578233145
-1.998115296870814,-1.998115296870814
-1.9900655722826628,-1.9900655722826628
-1.9820157800775813,-1.9820157800775813
-1.9739659162299736,-1.9739659162299736
-1.9659159766699312,-1.9659159766699312
-1.957865957283226,-1.957865957283226
-1.949815853911314,-1.949815853911314
-1.9417656623513264,-1.9417656623513264
-1.9337153783560697,-1.9337153783560697
-1.9256649976340214,-1.9256649976340214
-1.9176145158493245,-1.9176145158493245
-1.9095639286217805,-1.9095639286217805
-1.9015132315268441,-1.9015132315268441
-1.8934624200956174,-1.8934624200956174
-1.8854114898148413,-1.8854114898148413
-1.8773604361268845,-1.8773604361268845
-1.8693092544297374,-1.8693092544297374
-1.8612579400770028,-1.8612579400770028
-1.853206488377884,-1.853206488377884
-1.8451548945971714,-1.8451548945971714
-1.8371031539552338,-1.8371031539552338
-1.8290512616280061,-1.8290512616280061
-1.8209992127469732,-1.8209992127469732
-1.8129470023991585,-1.8129470023991585
-1.8048946256271068,-1.8048946256271068
-1.796842077428873,-1.796842077428873
-1.7887893527580014,-1.7887893527580014
-1.7807364465235116,-1.7807364465235116
-1.7726833535898796,-1.7726833535898796
-1.7646300687770233,-1.7646300687770233
-1.7565765868602796,-1.7565765868602796
-1.7485229025703866,-1.7485229025703866
-1.7404690105934613,-1.7404690105934613
-1.7324149055709843,-1.7324149055709843
-1.724360582099774,-1.724360582099774
-1.716306034731965,-1.716306034731965
-1.708251257974983,-1.708251257974983
-1.700196246291527,-1.700196246291527
-1.6921409940995416,-1.6921409940995416
-1.684085495772191,-1.684085495772191
-1.6760297456378348,-1.6760297456378348
-1.6679737379800028,-1.6679737379800028
-1.6599174670373678,-1.6599174670373678
-1.6518609270037143,-1.6518609270037143
-1.6438041120279145,-1.6438041120279145
-1.6357470162138985,-1.6357470162138985
-1.6276896336206261,-1.6276896336206261
-1.6196319582620495,-1.6196319582620495
-1.6115739841070897,-1.6115739841070897
-1.6035157050796045,-1.6035157050796045
-1.595457115058351,-1.595457115058351
-1.5873982078769577,-1.5873982078769577
-1.579338977323886,-1.579338977323886
-1.5712794171424016,-1.5712794171424016
-1.5632195210305355,-1.5632195210305355
-1.555159282641048,-1.555159282641048
-1.5470986955813937,-1.5470986955813937
-1.539037753413685,-1.539037753413685
-1.530976449654652,-1.530976449654652
-1.5229147777756082,-1.5229147777756082
-1.5148527312024032,-1.5148527312024032
-1.5067903033153955,-1.5067903033153955
-1.4987274874493985,-1.4987274874493985
-1.4906642768936516,-1.4906642768936516
-1.4826006648917642,-1.4826006648917642
-1.4745366446416908,-1.4745366446416908
-1.4664722092956701,-1.4664722092956701
-1.4584073519601972,-1.4584073519601972
-1.4503420656959627,-1.4503420656959627
-1.442276343517824,-1.442276343517824
-1.4342101783947458,-1.4342101783947458
-1.4261435632497619,-1.4261435632497619
-1.4180764909599222,-1.4180764909599222
-1.4100089543562522,-1.4100089543562522
-1.4019409462236943,-1.4019409462236943
-1.3938724593010685,-1.3938724593010685
-1.3858034862810131,-1.3858034862810131
-1.3777340198099437,-1.3777340198099437
-1.3696640524879915,-1.3696640524879915
-1.3615935768689613,-1.3615935768689613
-1.3535225854602686,-1.3535225854602686
-1.3454510707228975,-1.3454510707228975
-1.3373790250713338,-1.3373790250713338
-1.3293064408735225,-1.3293064408735225
-1.3212333104508012,-1.3212333104508012
-1.3131596260778555,-1.3131596260778555
-1.3050853799826487,-1.3050853799826487
-1.2970105643463776,-1.2970105643463776
-1.288935171303404,-1.288935171303404
-1.280859192941199,-1.280859192941199
-1.2727826213002869,-1.2727826213002869
-1.264705448374181,-1.264705448374181
-1.2566276661093216,-1.2566276661093216
-1.248549266405016,-1.248549266405016
-1.2404702411133777,-1.2404702411133777
-1.2323905820392616,-1.2323905820392616
-1.2243102809401973,-1.2243102809401973
-1.2162293295263293,-1.2162293295263293
-1.208147719460348,-1.208147719460348
-1.200065442357428,-1.200065442357428
-1.191982489785156,-1.191982489785156
-1.1838988532634662,-1.1838988532634662
-1.1758145242645737,-1.1758145242645737
-1.167729494212904,-1.167729494212904
-1.1596437544850204,-1.1596437544850204
-1.1515572964095597,-1.1515572964095597
-1.143470111267158,-1.143470111267158
-1.1353821902903793,-1.1353821902903793
-1.1272935246636429,-1.1272935246636429
-1.1192041055231492,-1.1192041055231492
-1.1111139239568097,-1.1111139239568097
-1.1030229710041695,-1.1030229710041695
-1.0949312376563307,-1.0949312376563307
-1.0868387148558796,-1.0868387148558796
-1.0787453934968079,-1.0787453934968079
-1.070651264424439,-1.070651264424439
-1.0625563184353424,-1.0625563184353424
-1.0544605462772596,-1.0544605462772596
-1.0463639386490275,-1.0463639386490275
-1.038266486200493,-1.038266486200493
-1.0301681795324318,-1.0301681795324318
-1.0220690091964695,-1.0220690091964695
-1.013968965694998,-1.013968965694998
-1.0058680394810924,-1.0058680394810924
-0.997766220958425,-0.997766220958425
-0.9896635004811829,-0.9896635004811829
-0.9815598683539815,-0.9815598683539815
-0.9734553148317794,-0.9734553148317794
-0.9653498301197879,-0.9653498301197879
-0.9572434043733865,-0.9572434043733865
-0.9491360276980337,-0.9491360276980337
-0.9410276901491794,-0.9410276901491794
-0.9329183817321688,-0.9329183817321688
-0.9248080924021586,-0.9248080924021586
-0.9166968120640211,-0.9166968120640211
-0.9085845305722555,-0.9085845305722555
-0.9004712377308898,-0.9004712377308898
-0.8923569232933899,-0.8923569232933899
-0.8842415769625672,-0.8842415769625672
-0.8761251883904798,-0.8761251883904798
-0.8680077471783366,-0.8680077471783366
-0.859889242876401,-0.859889242876401
-0.8517696649838937,-0.8517696649838937
-0.8436490029488957,-0.8436490029488957
-0.8355272461682439,-0.8355272461682439
-0.8274043839874349,-0.8274043839874349
-0.819280405700526,-0.819280405700526
-0.8111553005500289,-0.8111553005500289
-0.8030290577268099,-0.8030290577268099
-0.7949016663699857,-0.7949016663699857
-0.7867731155668206,-0.7867731155668206
-0.778643394352622,-0.778643394352622
-0.7705124917106315,-0.7705124917106315
-0.7623803965719221,-0.7623803965719221
-0.7542470978152894,-0.7542470978152894
-0.746112584267145,-0.746112584267145
-0.7379768447014048,-0.7379768447014048
-0.7298398678393806,-0.7298398678393806
-0.7217016423496716,-0.7217016423496716
-0.7135621568480517,-0.7135621568480517
-0.7054213998973571,-0.7054213998973571
-0.6972793600073708,-0.6972793600073708
-0.6891360256347149,-0.6891360256347149
-0.6809913851827326,-0.6809913851827326
-0.6728454270013716,-0.6728454270013716
-0.664698139387067,-0.664698139387067
-0.6565495105826313,-0.6565495105826313
-0.6483995287771283,-0.6483995287771283
-0.6402481821057574,-0.6402481821057574
-0.6320954586497344,-0.6320954586497344
-0.6239413464361715,-0.6239413464361715
-0.6157858334379555,-0.6157858334379555
-0.6076289075736232,-0.6076289075736232
-0.5994705567072411,-0.5994705567072411
-0.5913107686482826,-0.5913107686482826
-0.5831495311515007,-0.5831495311515007
-0.5749868319168014,-0.5749868319168014
-0.5668226585891206,-0.5668226585891206
-0.5586569987582942,-0.5586569987582942
-0.5504898399589316,-0.5504898399589316
-0.5423211696702857,-0.5423211696702857
-0.5341509753161203,-0.5341509753161203
-0.5259792442645846,-0.5259792442645846
-0.517805963828078,-0.517805963828078
-0.5096311212631164,-0.5096311212631164
-0.5014547037701998,-0.5014547037701998
-0.49327669849368033,-0.49327669849368033
-0.4850970925216237,-0.4850970925216237
-0.47691587288567305,-0.47691587288567305
-0.4687330265609105,-0.4687330265609105
-0.4605485404657257,-0.4605485404657257
-0.4523624014616685,-0.4523624014616685
-0.44417459635331313,-0.44417459635331313
-0.43598511188811506,-0.43598511188811506
-0.4277939347562753,-0.4277939347562753
-0.41960105159058647,-0.41960105159058647
-0.411406448966302,-0.411406448966302
-0.4032101134009791,-0.4032101134009791
-0.39501203135434504,-0.39501203135434504
-0.38681218922813776,-0.38681218922813776
-0.37861057336597287,-0.37861057336597287
-0.3704071700531811,-0.3704071700531811
-0.36220196551666733,-0.36220196551666733
-0.3539949459247599,-0.3539949459247599
-0.34578609738705673,-0.34578609738705673
-0.3375754059542721,-0.3375754059542721
-0.3293628576180847,-0.3293628576180847
-0.32114843831098644,-0.32114843831098644
-0.3129321339061226,-0.3129321339061226
-0.30471393021713683,-0.30471393021713683
-0.2964938129980131,-0.2964938129980131
-0.2882717679429213,-0.2882717679429213
-0.2800477806860545,-0.2800477806860545
-0.2718218368014672,-0.2718218368014672
-0.2635939218029172,-0.2635939218029172
-0.2553640211437034,-0.2553640211437034
-0.24713212021650144,-0.24713212021650144
-0.23889820435319684,-0.23889820435319684
-0.2306622588247218,-0.2306622588247218
-0.22242426884089167,-0.22242426884089167
-0.21418421955023353,-0.21418421955023353
-0.2059420960398175,-0.2059420960398175
-0.1976978833350882,-0.1976978833350882
-0.18945156639969588,-0.18945156639969588
-0.18120313013532297,-0.18120313013532297
-0.17295255938151083,-0.17295255938151083
-0.16469983891548504,-0.16469983891548504
-0.15644495345198403,-0.15644495345198403
-0.1481878876430819,-0.1481878876430819
-0.1399286260780079,-0.1399286260780079
-0.13166715328297093,-0.13166715328297093
-0.12340345372098221,-0.12340345372098221
-0.1151375117916727,-0.1151375117916727
-0.10686931183110952,-0.10686931183110952
-0.0985988381116169,-0.0985988381116169
-0.09032607484159166,-0.09032607484159166
-0.08205100616531805,-0.08205100616531805
-0.07377361616278082,-0.07377361616278082
-0.0654938888494784,-0.0654938888494784
-0.05721180817623728,-0.05721180817623728
-0.04892735802901943,-0.04892735802901943
-0.040640522228733184,-0.040640522228733184
-0.03235128453104009,-0.03235128453104009
-0.0240596286261657,-0.0240596286261657
-0.015765538138702125,-0.015765538138702125
-0.007468996627413465,-0.007468996627413465
0.0008300124149606677,0.0008300124149606677
0.009131505561899556,0.009131505561899556
0.017435499453303548,0.017435499453303548
0.025742010795696962,0.025742010795696962
0.03405105636241692,0.03405105636241692
0.04236265299383329,0.04236265299383329
0.05067681759753518,0.05067681759753518
0.058993567148551175,0.058993567148551175
0.06731291868953886,0.06731291868953886
0.07563488933101069,0.07563488933101069
0.0839594962515218,0.0839594962515218
0.09228675669790048,0.09228675669790048
0.10061668798544142,0.10061668798544142
0.10894930749813252,0.10894930749813252
0.11728463268885418,0.11728463268885418
0.12562268107960764,0.12562268107960764
0.1339634702617232,0.1339634702617232
0.1423070178960753,0.1423070178960753
0.15065334171331127,0.15065334171331127
0.15900245951405742,0.15900245951405742
0.1673543891691555,0.1673543891691555
0.17570914861987075,0.17570914861987075
0.1840667558781276,0.1840667558781276
0.19242722902672485,0.19242722902672485
0.20079058621957233,0.20079058621957233
0.20915684568190768,0.20915684568190768
0.21752602571053653,0.21752602571053653
0.22589814467405234,0.22589814467405234
0.2342732210130808,0.2342732210130808
0.2426512732404967,0.2426512732404967
0.2510323199416766,0.2510323199416766
0.2594163797747196,0.2594163797747196
0.26780347147069805,0.26780347147069805
0.2761936138338799,0.2761936138338799
0.28458682574198924,0.28458682574198924
0.2929831261464295,0.2929831261464295
0.3013825340725386,0.3013825340725386
0.30978506861982485,0.30978506861982485
0.3181907489622243,0.3181907489622243
0.3265995943483322,0.3265995943483322
0.33501162410166785,0.33501162410166785
0.3434268576209121,0.3434268576209121
0.3518453143801694,0.3518453143801694
0.36026701392921234,0.36026701392921234
0.3686919758937435,0.3686919758937435
0.37712021997564465,0.37712021997564465
0.3855517659532425,0.3855517659532425
0.3939866336815586,0.3939866336815586
0.4024248430925822,0.4024248430925822
0.41086641419551606,0.41086641419551606
0.41931136707705907,0.41931136707705907
0.4277597219016544,0.4277597219016544
0.4362114989117708,0.4362114989117708
0.4446667184281575,0.4446667184281575
0.45312540085012926,0.45312540085012926
0.46158756665582024,0.46158756665582024
0.4700532364024765,0.4700532364024765
0.4785224307267131,0.4785224307267131
0.48699517034480566,0.48699517034480566
0.49547147605295316,0.49547147605295316
0.5039513687275746,0.5039513687275746
0.5124348693255744,0.5124348693255744
0.5209219988846365,0.5209219988846365
0.5294127785235013,0.5294127785235013
0.5379072294422605,0.5379072294422605
0.546405372922633,0.546405372922633
0.5549072303282687,0.5549072303282687
0.5634128231050262,0.5634128231050262
0.5719221727812782,0.5719221727812782
0.5804353009681934,0.5804353009681934
0.588952229360048,0.588952229360048
0.5974729797345064,0.5974729797345064
0.6059975739529381,0.6059975739529381
0.614526033960706,0.614526033960706
0.6230583817874822,0.6230583817874822
0.6315946395475367,0.6315946395475367
0.6401348294400642,0.6401348294400642
0.6486789737494754,0.6486789737494754
0.657227094845722,0.657227094845722
0.665779215184594,0.665779215184594
0.6743353573080516,0.6743353573080516
0.6828955438445219,0.6828955438445219
0.6914597975092364,0.6914597975092364
0.700028141104533,0.700028141104533
0.7086005975201944,0.7086005975201944
0.7171771897337533,0.7171771897337533
0.7257579408108392,0.7257579408108392
0.7343428739054825,0.7343428739054825
0.7429320122604671,0.7429320122604671
0.7515253792076406,0.7515253792076406
0.7601229981682638,0.7601229981682638
0.7687248926533342,0.7687248926533342
0.7773310862639347,0.7773310862639347
0.7859416026915561,0.7859416026915561
0.7945564657184594,0.7945564657184594
0.803175699217997,0.803175699217997
0.8117993271549768,0.8117993271549768
0.8204273735859948,0.8204273735859948
0.8290598626597957,0.8290598626597957
0.8376968186176124,0.8376968186176124
0.8463382657935318,0.8463382657935318
0.854984228614839,0.854984228614839
0.8636347316023852,0.8636347316023852
0.8722897993709342,0.8722897993709342
0.8809494566295415,0.8809494566295415
0.8896137281818959,0.8896137281818959
0.8982826389267115,0.8982826389267115
0.9069562138580707,0.9069562138580707
0.9156344780658134,0.9156344780658134
0.9243174567358969,0.9243174567358969
0.9330051751507807,0.9330051751507807
0.9416976586897922,0.9416976586897922
0.9503949328295198,0.9503949328295198
0.9590970231441781,0.9590970231441781
0.9678039553060077,0.9678039553060077
0.9765157550856448,0.9765157550856448
0.985232448352529,0.985232448352529
0.9939540610752692,0.9939540610752692
1.0026806193220636,1.0026806193220636
1.0114121492610688,1.0114121492610688
1.02014867716082,1.02014867716082
1.0288902293906097,1.0288902293906097
1.0376368324209135,1.0376368324209135
1.046388512823768,1.046388512823768
1.0551452972732032,1.0551452972732032
1.063907212545631,1.063907212545631
1.072674285520276,1.072674285520276
1.0814465431795701,1.0814465431795701
1.0902240126095855,1.0902240126095855
1.0990067210004497,1.0990067210004497
1.1077946956467606,1.1077946956467606
1.116587963948015,1.116587963948015
1.1253865534090395,1.1253865534090395
1.1341904916404202,1.1341904916404202
1.1429998063589233,1.1429998063589233
1.1518145253879382,1.1518145253879382
1.1606346766579176,1.1606346766579176
1.1694602882068144,1.1694602882068144
1.1782913881805193,1.1782913881805193
1.1871280048333073,1.1871280048333073
1.1959701665282938,1.1959701665282938
1.2048179017378808,1.2048179017378808
1.2136712390442004,1.2136712390442004
1.2225302071395798,1.2225302071395798
1.2313948348270047,1.2313948348270047
1.2402651510205744,1.2402651510205744
1.2491411847459584,1.2491411847459584
1.2580229651408763,1.2580229651408763
1.2669105214555616,1.2669105214555616
1.27580388305324,1.27580388305324
1.284703079410593,1.284703079410593
1.293608140118243,1.293608140118243
1.3025190948812406,1.3025190948812406
1.311435973519542,1.311435973519542
1.320358805968491,1.320358805968491
1.3292876222793253,1.3292876222793253
1.3382224526196465,1.3382224526196465
1.3471633272739436,1.3471633272739436
1.356110276644063,1.356110276644063
1.3650633312497378,1.3650633312497378
1.3740225217290702,1.3740225217290702
1.3829878788390586,1.3829878788390586
1.3919594334560916,1.3919594334560916
1.4009372165764797,1.4009372165764797
1.4099212593169537,1.4099212593169537
1.418911592915208,1.418911592915208
1.4279082487303998,1.4279082487303998
1.436911258243701,1.436911258243701
1.4459206530588071,1.4459206530588071
1.4549364649024874,1.4549364649024874
1.4639587256251079,1.4639587256251079
1.4729874672011856,1.4729874672011856
1.4820227217299178,1.4820227217299178
1.4910645214357445,1.4910645214357445
1.5001128986688796,1.5001128986688796
1.509167885905888,1.509167885905888
1.5182295157502161,1.5182295157502161
1.52729782093278,1.52729782093278
1.5363728343125023,1.5363728343125023
1.5454545888769058,1.5454545888769058
1.5545431177426594,1.5545431177426594
1.5636384541561756,1.5636384541561756
1.5727406314941699,1.5727406314941699
1.5818496832642572,1.5818496832642572
1.5909656431055212,1.5909656431055212
1.600088544789126,1.600088544789126
1.6092184222188795,1.6092184222188795
1.6183553094318606,1.6183553094318606
1.6274992405989923,1.6274992405989923
1.6366502500256646,1.6366502500256646
1.6458083721523307,1.6458083721523307
1.654973641555127,1.654973641555127
1.6641460929464758,1.6641460929464758
1.6733257611757246,1.6733257611757246
1.682512681229741,1.682512681229741
1.6917068882335715,1.6917068882335715
1.7009084174510432,1.7009084174510432
1.7101173042854192,1.7101173042854192
1.7193335842800257,1.7193335842800257
1.7285572931189017,1.7285572931189017
1.7377884666274381,1.7377884666274381
1.7470271407730402,1.7470271407730402
1.7562733516657678,1.7562733516657678
1.7655271355590119,1.7655271355590119
1.7747885288501368,1.7747885288501368
1.7840575680811728,1.7840575680811728
1.7933342899394638,1.7933342899394638
1.8026187312583606,1.8026187312583606
1.811910929017892,1.811910929017892
1.8212109203454558,1.8212109203454558
1.830518742516498,1.830518742516498
1.839834432955222,1.839834432955222
1.8491580292352694,1.8491580292352694
1.8584895690804366,1.8584895690804366
1.8678290903653678,1.8678290903653678
1.8771766311162847,1.8771766311162847
1.8865322295116798,1.8865322295116798
1.895895923883061,1.895895923883061
1.9052677527156527,1.9052677527156527
1.91464775464915,1.91464775464915
1.9240359684784272,1.9240359684784272
1.933432433154306,1.933432433154306
1.9428371877842705,1.9428371877842705
1.9522502716332413,1.9522502716332413
1.9616717241243076,1.9616717241243076
1.9711015848395075,1.9711015848395075
1.980539893520567,1.980539893520567
1.9899866900696952,1.9899866900696952
1.9994420145503318,1.9994420145503318
2.00890590718795,2.00890590718795
2.0183784083708143,2.0183784083708143
2.027859558650798,2.027859558650798
2.0373493987441473,2.0373493987441473
2.0468479695323083,2.0468479695323083
2.0563553120627067,2.0563553120627067
2.0658714675495764,2.0658714675495764
2.0753964773747597,2.0753964773747597
2.0849303830885426,2.0849303830885426
2.0944732264104626,2.0944732264104626
2.1040250492301573,2.1040250492301573
2.113585893608183,2.113585893608183
2.1231558017768792,2.1231558017768792
2.132734816141187,2.132734816141187
2.142322979279535,2.142322979279535
2.151920333944666,2.151920333944666
2.1615269230645304,2.1615269230645304
2.17114278974313,2.17114278974313
2.1807679772614197,2.1807679772614197
2.190402529078161,2.190402529078161
2.2000464888308398,2.2000464888308398
2.209699900336539,2.209699900336539
2.2193628075928427,2.2193628075928427
2.2290352547787395,2.2290352547787395
2.2387172862555476,2.2387172862555476
2.2484089465678174,2.2484089465678174
2.258110280444259,2.258110280444259
2.2678213327986727,2.2678213327986727
2.27754214873089,2.27754214873089
2.287272773527715,2.287272773527715
2.2970132526638642,2.2970132526638642
2.306763631802927,2.306763631802927
2.316523956798335,2.316523956798335
2.326294273694326,2.326294273694326
2.3360746287269096,2.3360746287269096
2.3458650683248554,2.3458650683248554
2.355665639110687,2.355665639110687
2.3654763879016736,2.3654763879016736
2.3752973617108206,2.3752973617108206
2.385128607747888,2.385128607747888
2.394970173420412,2.394970173420412
2.404822106334716,2.404822106334716
2.4146844542969377,2.4146844542969377
2.424557265314074,2.424557265314074
2.434440587595021,2.434440587595021
2.44433446955163,2.44433446955163
2.454238959799752,2.454238959799752
2.464154107160309,2.464154107160309
2.4740799606603736,2.4740799606603736
2.4840165695342438,2.4840165695342438
2.493963983224522,2.493963983224522
2.5039222513832153,2.5039222513832153
2.513891423872847,2.513891423872847
2.5238715507675566,2.5238715507675566
2.533862682354214,2.533862682354214
2.543864869133547,2.543864869133547
2.553878161821288,2.553878161821288
2.5639026113492993,2.5639026113492993
2.573938268866725,2.573938268866725
2.5839851857411444,2.5839851857411444
2.594043413559754,2.594043413559754
2.6041130041305287,2.6041130041305287
2.6141940094833926,2.6141940094833926
2.6242864818714255,2.6242864818714255
2.634390473772059,2.634390473772059
2.6445060378882816,2.6445060378882816
2.65463322714984,2.65463322714984
2.664772094714486,2.664772094714486
2.6749226939691884,2.6749226939691884
2.6850850785313924,2.6850850785313924
2.6952593022502476,2.6952593022502476
2.7054454192078925,2.7054454192078925
2.715643483720693,2.715643483720693
2.72585355034055,2.72585355034055
2.7360756738561554,2.7360756738561554
2.7463099092943124,2.7463099092943124
2.756556311921218,2.756556311921218
2.766814937243797,2.766814937243797
2.777085841011003,2.777085841011003
2.787369079215175,2.787369079215175
2.797664708093351,2.797664708093351
2.807972784128653,2.807972784128653
2.8182933640516126,2.8182933640516126
2.828626504841575,2.828626504841575
2.838972263728051,2.838972263728051
2.8493306981921354,2.8493306981921354
2.859701865967883,2.859701865967883
2.8700858250437378,2.8700858250437378
2.8804826336639424,2.8804826336639424
2.8908923503299846,2.8908923503299846
2.901315033802018,2.901315033802018
2.9117507431003404,2.9117507431003404
2.9221995375068293,2.9221995375068293
2.9326614765664463,2.9326614765664463
2.943136620088689,2.943136620088689
2.953625028149119,2.953625028149119
2.9641267610908435,2.9641267610908435
2.974641879526047,2.974641879526047
2.9851704443375153,2.9851704443375153
2.9957125166801797,2.9957125166801797
3.006268157982658,3.006268157982658
3.0168374299488354,3.0168374299488354
3.0274203945594182,3.0274203945594182
3.0380171140735417,3.0380171140735417
3.048627651030347,3.048627651030347
3.059252068250613,3.059252068250613
3.069890428838354,3.069890428838354
3.0805427961824785,3.0805427961824785
3.091209233958414,3.091209233958414
3.1018898061297873,3.1018898061297873
3.1125845769500686,3.1125845769500686
3.123293610964287,3.123293610964287
3.134016973010692,3.134016973010692
3.1447547282224977,3.1447547282224977
3.155506942029574,3.155506942029574
3.1662736801602067,3.1662736801602067
3.177055008642819,3.177055008642819
3.1878509938077655,3.1878509938077655
3.198661702289072,3.198661702289072
3.209487201026254,3.209487201026254
3.220327557266092,3.220327557266092
3.231182838564476,3.231182838564476
3.2420531127881977,3.2420531127881977
3.2529384481168364,3.2529384481168364
3.2638389130445753,3.2638389130445753
3.274754576382107,3.274754576382107
3.285685507258492,3.285685507258492
3.2966317751230823,3.2966317751230823
3.307593449747414,3.307593449747414
3.318570601227163,3.318570601227163
3.3295632999840667,3.3295632999840667
3.3405716167678934,3.3405716167678934
3.3515956226584094,3.3515956226584094
3.362635389067391,3.362635389067391
3.3736909877406083,3.3736909877406083
3.3847624907598477,3.3847624907598477
3.3958499705449565,3.3958499705449565
3.4069534998559017,3.4069534998559017
3.418073151794828,3.418073151794828
3.4292089998081408,3.4292089998081408
3.4403611176886097,3.4403611176886097
3.451529579577502,3.451529579577502
3.4627144599667017,3.4627144599667017
3.4739158337008575,3.4739158337008575
3.4851337759795578,3.4851337759795578
3.4963683623595228,3.4963683623595228
3.507619668756803,3.507619668756803
3.5188877714489903,3.5188877714489903
3.530172747077459,3.530172747077459
3.541474672649638,3.541474672649638
3.5527936255412667,3.5527936255412667
3.5641296834986913,3.5641296834986913
3.575482924641171,3.575482924641171
3.5868534274632173,3.5868534274632173
3.5982412708369407,3.5982412708369407
3.6096465340144,3.6096465340144
3.6210692966299995,3.6210692966299995
3.6325096387029006,3.6325096387029006
3.6439676406394383,3.6439676406394383
3.6554433832355557,3.6554433832355557
3.6669369476792717,3.6669369476792717
3.6784484155531807,3.6784484155531807
3.689977868836942,3.689977868836942
3.701525389909788,3.701525389909788
3.7130910615530963,3.7130910615530963
3.724674966952942,3.724674966952942
3.736277189702685,3.736277189702685
3.7478978138055687,3.7478978138055687
3.759536923677358,3.759536923677358
3.77119460414899,3.77119460414899
3.782870940469246,3.782870940469246
3.7945660183074343,3.7945660183074343
3.806279923756108,3.806279923756108
3.818012743333821,3.818012743333821
3.829764563987878,3.829764563987878
3.8415354730971054,3.8415354730971054
3.853325558474673,3.853325558474673
3.8651349083709294,3.8651349083709294
3.876963611476246,3.876963611476246
3.888811756923893,3.888811756923893
3.9006794342929423,3.9006794342929423
3.9125667336112087,3.9125667336112087
3.924473745358182,3.924473745358182
3.936400560468008,3.936400560468008
3.948347270332487,3.948347270332487
3.960313966804116,3.960313966804116
3.9723007421991174,3.9723007421991174
3.9843076893005294,3.9843076893005294
3.9963349013613,3.9963349013613
4.0083824721074315,4.0083824721074315
4.020450495741131,4.020450495741131
4.032539066943976,4.032539066943976
4.044648280880158,4.044648280880158
4.056778233199683,4.056778233199683
4.068929020041678,4.068929020041678
4.0811007380376445,4.0811007380376445
4.093293484314805,4.093293484314805
4.1055073564994435,4.1055073564994435
4.1177424527203055,4.1177424527203055
4.1299988716119636,4.1299988716119636
4.142276712318304,4.142276712318304
4.154576074495953,4.154576074495953
4.166897058317813,4.166897058317813
4.179239764476556,4.179239764476556
4.191604294188209,4.191604294188209
4.203990749195724,4.203990749195724
4.21639923177262,4.21639923177262
4.228829844726614,4.228829844726614
4.241282691403335,4.241282691403335
4.2537578756900025,4.2537578756900025
4.266255502019222,4.266255502019222
4.278775675372725,4.278775675372725
4.291318501285229,4.291318501285229
4.303884085848244,4.303884085848244
4.316472535714003,4.316472535714003
4.329083958099334,4.329083958099334
4.341718460789659,4.341718460789659
4.354376152142952,4.354376152142952
4.36705714109379,4.36705714109379
4.379761537157372,4.379761537157372
4.392489450433683,4.392489450433683
4.405240991611558,4.405240991611558
4.418016271972909,4.418016271972909
4.4308154033968945,4.4308154033968945
4.443638498364201,4.443638498364201
4.456485669961297,4.456485669961297
4.469357031884785,4.469357031884785
4.482252698445741,4.482252698445741
4.49517278457415,4.49517278457415
4.508117405823305,4.508117405823305
4.521086678374341,4.521086678374341
4.534080719040717,4.534080719040717
4.547099645272818,4.547099645272818
4.5601435751625345,4.5601435751625345
4.573212627447938,4.573212627447938
4.586306921517954,4.586306921517954
4.599426577417127,4.599426577417127
4.61257171585036,4.61257171585036
4.625742458187794,4.625742458187794
4.638938926469617,4.638938926469617
4.652161243411044,4.652161243411044
4.66540953240722,4.66540953240722
4.678683917538277,4.678683917538277
4.691984523574347,4.691984523574347
4.705311475980698,4.705311475980698
4.718664900922858,4.718664900922858
4.732044925271838,4.732044925271838
4.745451676609351,4.745451676609351
4.758885283233145,4.758885283233145
4.772345874162304,4.772345874162304
4.785833579142702,4.785833579142702
4.799348528652396,4.799348528652396
4.812890853907174,4.812890853907174
4.826460686866071,4.826460686866071
4.840058160237004,4.840058160237004
4.853683407482422,4.853683407482422
4.867336562825017,4.867336562825017
4.881017761253487,4.881017761253487
4.894727138528386,4.894727138528386
4.908464831187988,4.908464831187988
4.922230976554221,4.922230976554221
4.936025712738665,4.936025712738665
4.9498491786486225,4.9498491786486225
4.963701513993219,4.963701513993219
4.977582859289567,4.977582859289567
4.991493355869003,4.991493355869003
5.005433145883403,5.005433145883403
5.0194023723115135,5.0194023723115135
5.03340117896537,5.03340117896537
5.047429710496786,5.047429710496786
5.061488112403899,5.061488112403899
5.07557653103779,5.07557653103779
5.089695113609125,5.089695113609125
5.10384400819492,5.10384400819492
5.118023363745365,5.118023363745365
5.132233330090669,5.132233330090669
5.146474057948018,5.146474057948018
5.160745698928587,5.160745698928587
5.175048405544634,5.175048405544634
5.189382331216652,5.189382331216652
5.203747630280578,5.203747630280578
5.218144457995117,5.218144457995117
5.232572970549116,5.232572970549116
5.247033325068998,5.247033325068998
5.261525679626296,5.261525679626296
5.276050193245248,5.276050193245248
5.290607025910486,5.290607025910486
5.305196338574793,5.305196338574793
5.319818293166925,5.319818293166925
5.3344730525995345,5.3344730525995345
5.349160780777177,5.349160780777177
5.363881642604394,5.363881642604394
5.378635803993855,5.378635803993855
5.393423431874613,5.393423431874613
5.408244694200469,5.408244694200469
5.423099759958353,5.423099759958353
5.437988799176848,5.437988799176848
5.452911982934782,5.452911982934782
5.467869483369922,5.467869483369922
5.48286147368776,5.48286147368776
5.49788812817035,5.49788812817035
5.512949622185295,5.512949622185295
5.528046132194815,5.528046132194815
5.543177835764874,5.543177835764874
5.558344911574439,5.558344911574439
5.573547539424835,5.573547539424835
5.588785900249184,5.588785900249184
5.604060176121973,5.604060176121973
5.619370550268663,5.619370550268663
5.634717207075476,5.634717207075476
5.65010033209925,5.65010033209925
5.665520112077397,5.665520112077397
5.680976734937966,5.680976734937966
5.696470389809824,5.696470389809824
5.71200126703297,5.71200126703297
5.727569558168909,5.727569558168909
5.743175456011175,5.743175456011175
5.758819154595959,5.758819154595959
5.77450084921286,5.77450084921286
5.790220736415748,5.790220736415748
5.805979014033729,5.805979014033729
5.8217758811822655,5.8217758811822655
5.837611538274394,5.837611538274394
5.853486187032078,5.853486187032078
5.869400030497676,5.869400030497676
5.8853532730455305,5.8853532730455305
5.901346120393733,5.901346120393733
5.917378779615957,5.917378779615957
5.93345145915345,5.93345145915345
5.949564368827167,5.949564368827167
5.965717719850046,5.965717719850046
5.981911724839397,5.981911724839397
5.998146597829432,5.998146597829432
6.0144225542839616,6.0144225542839616
6.030739811109226,6.030739811109226
6.047098586666857,6.047098586666857
6.063499100786989,6.063499100786989
6.079941574781534,6.079941574781534
6.096426231457617,6.096426231457617
6.1129532951311285,6.1129532951311285
6.129522991640458,6.129522991640458
6.146135548360378,6.146135548360378
6.162791194216109,6.162791194216109
6.179490159697517,6.179490159697517
6.196232676873472,6.196232676873472
6.213018979406409,6.213018979406409
6.229849302567041,6.229849302567041
6.246723883249226,6.246723883249226
6.263642959985037,6.263642959985037
6.280606772959972,6.280606772959972
6.297615564028383,6.297615564028383
6.314669576729071,6.314669576729071
6.331769056301063,6.331769056301063
6.348914249699554,6.348914249699554
6.366105405612074,6.366105405612074
6.383342774474846,6.383342774474846
6.400626608489313,6.400626608489313
6.417957161638866,6.417957161638866
6.435334689705791,6.435334689705791
6.452759450288414,6.452759450288414
6.470231702818454,6.470231702818454
6.487751708578561,6.487751708578561
6.505319730720084,6.505319730720084
6.522936034281083,6.522936034281083
6.54060088620452,6.54060088620452
6.558314555356666,6.558314555356666
6.576077312545757,6.576077312545757
6.5938894305409,6.5938894305409
6.611751184091166,6.611751184091166
6.629662849944911,6.629662849944911
6.647624706869392,6.647624706869392
6.6656370356705885,6.6656370356705885
6.683700119213272,6.683700119213272
6.701814242441324,6.701814242441324
6.719979692398293,6.719979692398293
6.738196758248281,6.738196758248281
6.756465731296988,6.756465731296988
6.774786905013076,6.774786905013076
6.793160575049812,6.793160575049812
6.811587039266964,6.811587039266964
6.830066597752978,6.830066597752978
6.8485995528474275,6.8485995528474275
6.867186209163763,6.867186209163763
6.885826873612356,6.885826873612356
6.904521855423824,6.904521855423824
6.923271466172645,6.923271466172645
6.942076019801095,6.942076019801095
6.960935832643511,6.960935832643511
6.979851223450829,6.979851223450829
6.99882251341543,6.99882251341543
7.017850026196373,7.017850026196373
7.036934087944906,7.036934087944906
7.056075027330331,7.056075027330331
7.075273175566167,7.075273175566167
7.094528866436716,7.094528866436716
7.113842436323957,7.113842436323957
7.133214224234783,7.133214224234783
7.15264457182858,7.15264457182858
7.1721338234452245,7.1721338234452245
7.191682326133432,7.191682326133432
7.211290429679461,7.211290429679461
7.2309584866362115,7.2309584866362115
7.250686852352732,7.250686852352732
7.270475885004127,7.270475885004127
7.290325945621825,7.290325945621825
7.310237398124295,7.310237398124295
7.330210609348163,7.330210609348163
7.350245949079775,7.350245949079775
7.370343790087162,7.370343790087162
7.390504508152435,7.390504508152435
7.410728482104659,7.410728482104659
7.431016093853182,7.431016093853182
7.451367728421368,7.451367728421368
7.471783773980853,7.471783773980853
7.492264621886227,7.492264621886227
7.512810666710291,7.512810666710291
7.53342230627968,7.53342230627968
7.55409994171106,7.55409994171106
7.574843977447834,7.574843977447834
7.595654821297344,7.595654821297344
7.616532884468608,7.616532884468608
7.637478581610563,7.637478581610563
7.658492330850891,7.658492330850891
7.679574553835397,7.679574553835397
7.700725675767905,7.700725675767905
7.7219461254507555,7.7219461254507555
7.743236335325894,7.743236335325894
7.7645967415165345,7.7645967415165345
7.786027783869438,7.786027783869438
7.807529905997761,7.807529905997761
7.829103555324586,7.829103555324586
7.850749183127072,7.850749183127072
7.87246724458121,7.87246724458121
7.894258198807267,7.894258198807267
7.916122508915903,7.916122508915903
7.938060642054947,7.938060642054947
7.960073069456908,7.960073069456908
7.982160266487101,7.982160266487101
8.004322712692582,8.004322712692582
8.026560891851787,8.026560891851787
8.048875292024888,8.048875292024888
8.071266405604915,8.071266405604915
8.093734729369656,8.093734729369656
8.116280764534354,8.116280764534354
8.138905016805197,8.138905016805197
8.161607996433567,8.161607996433567
8.184390218271176,8.184390218271176
8.207252201826078,8.207252201826078
8.230194471319434,8.230194471319434
8.253217555743225,8.253217555743225
8.276321988918836,8.276321988918836
8.299508309556574,8.299508309556574
8.322777061316067,8.322777061316067
8.346128792867612,8.346128792867612
8.36956405795451,8.36956405795451
8.393083415456367,8.393083415456367
8.416687429453392,8.416687429453392
8.440376669291668,8.440376669291668
8.464151709649517,8.464151709649517
8.488013130604914,8.488013130604914
8.511961517703927,8.511961517703927
8.53599746203028,8.53599746203028
8.560121560276032,8.560121560276032
8.584334414813428,8.584334414813428
8.608636633767846,8.608636633767846
8.633028831091924,8.633028831091924
8.65751162664097,8.65751162664097
8.682085646249565,8.682085646249565
8.706751521809348,8.706751521809348
8.731509891348189,8.731509891348189
8.756361399110574,8.756361399110574
8.781306695639405,8.781306695639405
8.806346437859071,8.806346437859071
8.831481289159964,8.831481289159964
8.856711919484352,8.856711919484352
8.882039005413738,8.882039005413738
8.907463230257678,8.907463230257678
8.932985284144088,8.932985284144088
8.958605864111028,8.958605864111028
8.984325674200155,8.984325674200155
9.010145425551684,9.010145425551684
9.036065836500997,9.036065836500997
9.06208763267689,9.06208763267689
9.088211547101547,9.088211547101547
9.114438320292237,9.114438320292237
9.140768700364744,9.140768700364744
9.167203443138595,9.167203443138595
9.193743312244159,9.193743312244159
9.220389079231634,9.220389079231634
9.24714152368189,9.24714152368189
9.274001433319286,9.274001433319286
9.300969604126532,9.300969604126532
9.32804684046156,9.32804684046156
9.355233955176466,9.355233955176466
9.382531769738588,9.382531769738588
9.409941114353765,9.409941114353765
9.437462828091864,9.437462828091864
9.465097759014489,9.465097759014489
9.49284676430505,9.49284676430505
9.520710710401241,9.520710710401241
9.548690473129914,9.548690473129914
9.576786937844398,9.576786937844398
9.605000999564394,9.605000999564394
9.633333563118432,9.633333563118432
9.661785543289016,9.661785543289016
9.690357864960436,9.690357864960436
9.71905146326932,9.71905146326932
9.747867283758085,9.747867283758085
9.776806282531254,9.776806282531254
9.80586942641472,9.80586942641472
9.835057693118022,9.835057693118022
9.86437207139974,9.86437207139974
9.893813561236104,9.893813561236104
9.923383173992745,9.923383173992745
9.953081932599824,9.953081932599824
9.982910871730548,9.982910871730548
10.012871037983171,10.012871037983171
10.042963490066516,10.042963490066516
10.073189298989137,10.073189298989137
10.103549548252232,10.103549548252232
10.1340453340464,10.1340453340464
10.164677765452183,10.164677765452183
10.195447964644732,10.195447964644732
10.226357067102489,10.226357067102489
10.257406221820121,10.257406221820121
10.28859659152569,10.28859659152569
10.31992935290224,10.31992935290224
10.35140569681389,10.35140569681389
10.383026828536611,10.383026828536611
10.414793967993601,10.414793967993601
10.446708349995616,10.446708349995616
10.478771224486199,10.478771224486199
10.510983856792095,10.510983856792095
10.543347527878774,10.543347527878774
10.575863534611374,10.575863534611374
10.608533190021086,10.608533190021086
10.641357823577259,10.641357823577259
10.67433878146515,10.67433878146515
10.70747742686965,10.70747742686965
10.740775140265095,10.740775140265095
10.774233319711294,10.774233319711294
10.807853381155926,10.807853381155926
10.841636758743471,10.841636758743471
10.875584905130943,10.875584905130943
10.909699291810444,10.909699291810444
10.94398140943888,10.94398140943888
10.978432768174835,10.978432768174835
11.013054898023034,11.013054898023034
11.04784934918641,11.04784934918641
11.082817692426074,11.082817692426074
11.117961519429281,11.117961519429281
11.153282443185807,11.153282443185807
11.188782098372847,11.188782098372847
11.224462141748605,11.224462141748605
11.260324252554906,11.260324252554906
11.29637013292912,11.29637013292912
11.332601508325556,11.332601508325556
11.369020127946637,11.369020127946637
11.405627765184086,11.405627765184086
11.442426218070493,11.442426218070493
11.479417309741514,11.479417309741514
11.516602888908965,11.516602888908965
11.553984830345133,11.553984830345133
11.591565035378673,11.591565035378673
11.62934543240247,11.62934543240247
11.667327977393603,11.667327977393603
11.705514654445981,11.705514654445981
11.743907476315929,11.743907476315929
11.782508484981157,11.782508484981157
11.821319752213407,11.821319752213407
11.86034338016522,11.86034338016522
11.899581501971412,11.899581501971412
11.93903628236538,11.93903628236538
11.978709918311026,11.978709918311026
12.018604639650455,12.018604639650455
12.058722709768167,12.058722709768167
12.099066426272218,12.099066426272218
12.139638121692691,12.139638121692691
12.180440164198188,12.180440164198188
12.221474958330873,12.221474958330873
12.262744945760636,12.262744945760636
12.30425260605894,12.30425260605894
12.346000457492936,12.346000457492936
12.387991057840702,12.387991057840702
12.430227005228023,12.430227005228023
12.472710938987552,12.472710938987552
12.51544554054098,12.51544554054098
12.558433534305085,12.558433534305085
12.601677688622377,12.601677688622377
12.645180816717057,12.645180816717057
12.688945777677255,12.688945777677255
12.73297547746437,12.73297547746437
12.777272869950444,12.777272869950444
12.821840957984428,12.821840957984428
12.866682794488327,12.866682794488327
12.911801483584426,12.911801483584426
12.957200181754386,12.957200181754386
13.002882099031437,13.002882099031437
13.048850500226864,13.048850500226864
13.095108706191805,13.095108706191805
13.1416600951158,13.1416600951158
13.188508103863265,13.188508103863265
13.235656229349173,13.235656229349173
13.283108029955475,13.283108029955475
13.330867126989626,13.330867126989626
13.37893720618678,13.37893720618678
13.427322019257183,13.427322019257183
13.4760253854804,13.4760253854804
13.525051193348181,13.525051193348181
13.574403402257719,13.574403402257719
13.62408604425709,13.62408604425709
13.674103225844862,13.674103225844862
13.724459129826014,13.724459129826014
13.775158017226195,13.775158017226195
13.826204229266471,13.826204229266471
13.877602189400978,13.877602189400978
13.929356405419965,13.929356405419965
13.981471471620592,13.981471471620592
14.033952071048256,14.033952071048256
14.086802977811073,14.086802977811073
14.140029059470637,14.140029059470637
14.193635279511936,14.193635279511936
14.247626699895514,14.247626699895514
14.302008483695387,14.302008483695387
14.356785897826075,14.356785897826075
14.411964315862498,14.411964315862498
14.467549220956398,14.467549220956398
14.523546208853364,14.523546208853364
14.579960991014753,14.579960991014753
14.63679939784885,14.63679939784885
14.69406738205574,14.69406738205574
14.75177102209101,14.75177102209101
14.809916525753163,14.809916525753163
14.868510233900286,14.868510233900286
14.92755862430139,14.92755862430139
14.987068315628472,14.987068315628472
15.047046071595492,15.047046071595492
15.107498805250904,15.107498805250904
15.168433583430362,15.168433583430362
15.229857631377108,15.229857631377108
15.291778337537579,15.291778337537579
15.354203258540355,15.354203258540355
15.417140124366744,15.417140124366744
15.480596843722086,15.480596843722086
15.54458150961725,15.54458150961725
15.609102405170177,15.609102405170177
15.67416800963801,15.67416800963801
15.739787004690818,15.739787004690818
15.805968280938897,15.805968280938897
15.872720944725781,15.872720944725781
15.94005432520018,15.94005432520018
16.00797798168066,16.00797798168066
16.07650171132789,16.07650171132789
16.14563555713989,16.14563555713989
16.215389816286716,16.215389816286716
16.285775048802115,16.285775048802115
16.356802086650728,16.356802086650728
16.428482043190442,16.428482043190442
16.50082632305065,16.50082632305065
16.57384663244875,16.57384663244875
16.647554989968338,16.647554989968338
16.721963737824296,16.721963737824296
16.79708555364114,16.79708555364114
16.872933462773215,16.872933462773215
16.949520851196887,16.949520851196887
17.026861479007053,17.026861479007053
17.10496949455198,17.10496949455198
17.18385944924338,17.18385944924338
17.263546313080834,17.263546313080834
17.344045490932253,17.344045490932253
17.425372839614955,17.425372839614955
17.50754468582527,17.50754468582527
17.59057784496778,17.59057784496778
17.674489640938972,17.674489640938972
17.75929792692389,17.75929792692389
17.84502110726878,17.84502110726878
17.931678160497405,17.931678160497405
18.019288663543534,18.019288663543534
18.107872817277467,18.107872817277467
18.197451473410716,18.197451473410716
18.288046162869016,18.288046162869016
18.379679125731162,18.379679125731162
18.472373342838342,18.472373342838342
18.566152569187256,18.566152569187256
18.66104136922953,18.66104136922953
18.75706515420939,18.75706515420939
18.854250221682534,18.854250221682534
18.952623797371203,18.952623797371203
19.052214079523285,19.052214079523285
20.045463950280293,20.045463950280293
20.131774816518412,20.131774816518412
20.21931481887092,20.21931481887092
20.3081179740137,20.3081179740137
20.39821946577124,20.39821946577124
20.489655714865542,20.489655714865542
20.582464452164714,20.582464452164714
20.676684795856456,20.676684795856456
20.772357332987106,20.772357332987106
20.86952420582849,20.86952420582849
20.968229203563343,20.968229203563343
21.06851785981429,21.06851785981429
21.170437556581398,21.170437556581398
21.274037635200845,21.274037635200845
21.379369514991584,21.379369514991584
21.486486820319023,21.486486820319023
21.595445516875536,21.595445516875536
21.706304058057405,21.706304058057405
21.819123542409688,21.819123542409688
21.933967883213413,21.933967883213413
22.050903991406386,22.050903991406386
22.170001973161686,22.170001973161686
22.29133534359885,22.29133534359885
22.414981258274207,22.414981258274207
22.54102076429192,22.54102076429192
22.669539073099436,22.669539073099436
22.8006258572863,22.8006258572863
22.934375573996373,22.934375573996373
23.0708878178976,23.0708878178976
23.210267707038085,23.210267707038085
23.352626305361287,23.352626305361287
23.498081086164994,23.498081086164994
23.646756441383364,23.646756441383364
23.798784242260844,23.798784242260844
23.95430445779224,23.95430445779224
24.11346583824256,24.11346583824256
24.276426672163335,24.276426672163335
24.443355626618708,24.443355626618708
24.61443268186447,24.61443268186447
24.789850173536433,24.789850173536433
24.969813957559143,24.969813957559143
25.154544715556142,25.154544715556142
25.34427942162347,25.34427942162347
25.53927299503347,25.53927299503347
25.73980016791393,25.73980016791393
25.946157602382222,25.946157602382222
26.158666298244395,26.158666298244395
26.377674340498267,26.377674340498267
26.603560045899,26.603560045899
26.83673558026524,26.83673558026524
27.07765113369148,27.07765113369148
27.32679976026694,27.32679976026694
27.584723013452937,27.584723013452937
27.852017539503912,27.852017539503912
28.12934283135509,28.12934283135509
28.41743039713333,28.41743039713333
28.71709466486793,28.71709466486793
29.029246033648068,29.029246033648068
29.354906599238387,29.354906599238387
29.6952292402287,29.6952292402287
30.051520965364986,30.051520965364986
30.425271717583946,30.425271717583946
30.818190240933184,30.818190240933184
31.232249196805192,31.232249196805192
31.66974254884497,31.66974254884497
32.133359452473336,32.133359452473336
32.626280696227994,32.626280696227994
33.15230649650365,33.15230649650365
33.71602873597186,33.71602873597186
34.32306759299959,34.32306759299959
34.98040380623845,34.98040380623845
35.69685707648584,35.69685707648584
36.48379525386574,36.48379525386574
37.35622233999816,37.35622233999816
38.33451752604474,38.33451752604474
39.447357182564865,39.447357182564865
40.73693990543438,40.73693990543438
42.26910823500372,42.26910823500372
44.155173910559256,44.155173910559256
46.606725276102026,46.606725276102026
50.11039342966188,50.11039342966188
56.308478071843,56.308478071843
