-8.632090681217667,-8.632090681217667
-8.609266655811654,-8.609266655811654
-8.585084924126045,-8.585084924126045
-8.559599046937903,-8.559599046937903
-8.532860767701669,-8.532860767701669
-8.50492006809619,-8.50492006809619
-8.475825222106558,-8.475825222106558
-8.445622848672397,-8.445622848672397
-8.414357962933668,-8.414357962933668
-8.38207402610456,-8.38207402610456
-8.348812994005504,-8.348812994005504
-8.314615364282904,-8.314615364282904
-8.279520222345559,-8.279520222345559
-8.243565286046437,-8.243565286046437
-8.206786949137769,-8.206786949137769
-8.169220323527108,-8.169220323527108
-8.130899280361474,-8.130899280361474
-8.091856489966164,-8.091856489966164
-8.052123460664486,-8.052123460664486
-8.011730576504059,-8.011730576504059
-7.970707133914996,-7.970707133914996
-7.929081377324745,-7.929081377324745
-7.886880533754003,-7.886880533754003
-7.844130846417573,-7.844130846417573
-7.800857607353727,-7.800857607353727
-7.757085189105128,-7.757085189105128
-7.7128370754739395,-7.7128370754739395
-7.668135891373398,-7.668135891373398
-7.623003431797633,-7.623003431797633
-7.5774606899311925,-7.5774606899311925
-7.5315278844192655,-7.5315278844192655
-7.485224485819231,-7.485224485819231
-7.438569242253763,-7.438569242253763
-7.39158020428534,-7.39158020428534
-7.34427474903163,-7.34427474903163
-7.296669603540826,-7.296669603540826
-7.248780867445663,-7.248780867445663
-7.200624034914462,-7.200624034914462
-7.152214015917211,-7.152214015917211
-7.103565156824292,-7.103565156824292
-7.054691260355159,-7.054691260355159
-7.005605604893898,-7.005605604893898
-6.95632096318828,-6.95632096318828
-6.906849620448549,-6.906849620448549
-6.857203391861877,-6.857203391861877
-6.807393639538106,-6.807393639538106
-6.757431288902029,-6.757431288902029
-6.707326844547179,-6.707326844547179
-6.657090405565793,-6.657090405565793
-6.6067316803692435,-6.6067316803692435
-6.556260001013014,-6.556260001013014
-6.5056843370399156,-6.5056843370399156
-6.455013308855012,-6.455013308855012
-6.404255200645362,-6.404255200645362
-6.3534179728574625,-6.3534179728574625
-6.3025092742449536,-6.3025092742449536
-6.251536453498892,-6.251536453498892
-6.200506570472593,-6.200506570472593
-6.149426407012812,-6.149426407012812
-6.098302477408735,-6.098302477408735
-6.047141038470022,-6.047141038470022
-5.995948099244834,-5.995948099244834
-5.944729430388583,-5.944729430388583
-5.893490573193862,-5.893490573193862
-5.84223684829176,-5.84223684829176
-5.79097336403454,-5.79097336403454
-5.739705024569422,-5.739705024569422
-5.688436537612965,-5.688436537612965
-5.63717242193534,-5.63717242193534
-5.585917014563494,-5.585917014563494
-5.534674477712096,-5.534674477712096
-5.483448805450801,-5.483448805450801
-5.432243830116283,-5.432243830116283
-5.381063228477165,-5.381063228477165
-5.329910527659859,-5.329910527659859
-5.27878911084305,-5.27878911084305
-5.227702222728426,-5.227702222728426
-5.17665297479498,-5.17665297479498
-5.125644350344112,-5.125644350344112
-5.074679209342489,-5.074679209342489
-5.023760293069449,-5.023760293069449
-4.972890228575622,-4.972890228575622
-4.922071532959139,-4.922071532959139
-4.871306617465763,-4.871306617465763
-4.820597791418963,-4.820597791418963
-4.769947265985907,-4.769947265985907
-4.719357157785108,-4.719357157785108
-4.668829492341287,-4.668829492341287
-4.618366207392963,-4.618366207392963
-4.567969156057937,-4.567969156057937
-4.517640109861895,-4.517640109861895
-4.467380761635033,-4.467380761635033
-4.417192728281553,-4.417192728281553
-4.36707755342672,-4.36707755342672
-4.317036709945991,-4.317036709945991
-4.267071602380641,-4.267071602380641
-4.217183569244132,-4.217183569244132
-4.167373885223379,-4.167373885223379
-4.1176437632788785,-4.1176437632788785
-4.0679943566476195,-4.0679943566476195
-4.01842676075249,-4.01842676075249
-3.968942015021826,-3.968942015021826
-3.9195411046226107,-3.9195411046226107
-3.8702249621107243,-3.8702249621107243
-3.820994469001503,-3.820994469001503
-3.7718504572638105,-3.7718504572638105
-3.7227937107406515,-3.7227937107406515
-3.673824966499312,-3.673824966499312
-3.6249449161138503,-3.6249449161138503
-3.5761542068827206,-3.5761542068827206
-3.527453442984154,-3.527453442984154
-3.4788431865718836,-3.4788431865718836
-3.4303239588136503,-3.4303239588136503
-3.381896240874886,-3.381896240874886
-3.3335604748498424,-3.3335604748498424
-3.285317064642373,-3.285317064642373
-3.2371663767984744,-3.2371663767984744
-3.1891087412926264,-3.1891087412926264
-3.1411444522698706,-3.1411444522698706
-3.0932737687455125,-3.0932737687455125
-3.04549691526424,-3.04549691526424
-2.99781408252038,-2.99781408252038
-2.9502254279409406,-2.9502254279409406
-2.9027310762330414,-2.9027310762330414
-2.855331119897221,-2.855331119897221
-2.808025619708087,-2.808025619708087
-2.7608146051636853,-2.7608146051636853
-2.713698074904923,-2.713698074904923
-2.66667599710629,-2.66667599710629
-2.6197483098390975,-2.6197483098390975
-2.5729149214083793,-2.5729149214083793
-2.5261757106645395,-2.5261757106645395
-2.4795305272908013,-2.4795305272908013
-2.432979192067425,-2.432979192067425
-2.3865214971136544,-2.3865214971136544
-2.3401572061082603,-2.3401572061082603
-2.293886054489546,-2.293886054489546
-2.247707749635583,-2.247707749635583
-2.2016219710254665,-2.2016219710254665
-2.155628370382267,-2.155628370382267
-2.109726571798371,-2.109726571798371
-2.0639161718438315,-2.0639161718438315
-2.018196739658323,-2.018196739658323
-1.9725678170272587,-1.9725678170272587
-1.927028918442582,-1.927028918442582
-1.8815795311487284,-1.8815795311487284
-1.8362191151741984,-1.8362191151741984
-1.7909471033491768,-1.7909471033491768
-1.7457629013095661,-1.7457629013095661
-1.700665887487817,-1.700665887487817
-1.6556554130908687,-1.6556554130908687
-1.6107308020655167,-1.6107308020655167
-1.565891351051469,-1.565891351051469
-1.5211363293223592,-1.5211363293223592
-1.4764649787149289,-1.4764649787149289
-1.4318765135465896,-1.4318765135465896
-1.3873701205215407,-1.3873701205215407
-1.3429449586256077,-1.3429449586256077
-1.2986001590099223,-1.2986001590099223
-1.2543348248635775,-1.2543348248635775
-1.2101480312753445,-1.2101480312753445
-1.166038825084532,-1.166038825084532
-1.1220062247210385,-1.1220062247210385
-1.0780492200346556,-1.0780492200346556
-1.034166772113627,-1.034166772113627
-0.9903578130924847,-0.9903578130924847
-0.946621245949147,-0.946621245949147
-0.9029559442912565,-0.9029559442912565
-0.8593607521317166,-0.8593607521317166
-0.8158344836533762,-0.8158344836533762
-0.772375922962791,-0.772375922962791
-0.7289838238329789,-0.7289838238329789
-0.6856569094350813,-0.6856569094350813
-0.6423938720588099,-0.6423938720588099
-0.599193372821567,-0.599193372821567
-0.5560540413661004,-0.5560540413661004
-0.5129744755465432,-0.5129744755465432
-0.46995324110268827,-0.46995324110268827
-0.42698887132231333,-0.42698887132231333
-0.384079866691382,-0.384079866691382
-0.34122469453192,-0.34122469453192
-0.2984217886273611,-0.2984217886273611
-0.25566954883513837,-0.25566954883513837
-0.21296634068629297,-0.21296634068629297
-0.1703104949718523,-0.1703104949718523
-0.127700307315721,-0.127700307315721
-0.08513403773381666,-0.08513403773381666
-0.0426099101791653,-0.0426099101791653
-0.00012611207266412567,-0.00012611207266412567
0.04231920618079961,0.04231920618079961
0.08472793169119303,0.08472793169119303
0.1271019895974827,0.1271019895974827
0.1694433435974292,0.1694433435974292
0.21175399649339577,0.21175399649339577
0.25403599075454986,0.25403599075454986
0.29629140909585205,0.29629140909585205
0.33852237507424326,0.33852237507424326
0.38073105370245613,0.38073105370245613
0.4229196520808941,0.4229196520808941
0.4650904200480406,0.4650904200480406
0.5072456508498758,0.5072456508498758
0.5493876818288007,0.5493876818288007
0.5915188951325843,0.5915188951325843
0.6336417184438726,0.6336417184438726
0.6757586257308194,0.6757586257308194
0.7178721380194159,0.7178721380194159
0.7599848241881251,0.7599848241881251
0.8020993017854476,0.8020993017854476
0.8442182378710663,0.8442182378710663
0.8863443498812504,0.8863443498812504
0.9284804065192179,0.9284804065192179
0.9706292286711877,0.9706292286711877
1.0127936903488786,1.0127936903488786
1.0549767196592417,1.0549767196592417
1.0971812998022465,1.0971812998022465
1.1394104700975647,1.1394104700975647
1.1816673270410403,1.1816673270410403
1.2239550253918547,1.2239550253918547
1.2662767792913434,1.2662767792913434
1.3086358634144495,1.3086358634144495
1.3510356141548383,1.3510356141548383
1.3934794308447387,1.3934794308447387
1.4359707770106134,1.4359707770106134
1.4785131816658106,1.4785131816658106
1.5211102406413786,1.5211102406413786
1.563765617956284,1.563765617956284
1.606483047228313,1.606483047228313
1.6492663331269797,1.6492663331269797
1.6921193528698322,1.6921193528698322
1.7350460577635638,1.7350460577635638
1.7780504747914385,1.7780504747914385
1.8211367082485421,1.8211367082485421
1.8643089414264615,1.8643089414264615
1.9075714383490485,1.9075714383490485
1.9509285455609648,1.9509285455609648
1.9943846939707843,1.9943846939707843
2.037944400750491,2.037944400750491
2.0816122712932623,2.0816122712932623
2.125393001231514,2.125393001231514
2.169291378517232,2.169291378517232
2.2133122855667064,2.2133122855667064
2.2574607014718384,2.2574607014718384
2.301741704280276,2.301741704280276
2.346160473346719,2.346160473346719
2.390722291757785,2.390722291757785
2.4354325488329462,2.4354325488329462
2.4802967427041045,2.4802967427041045
2.525320482976456,2.525320482976456
2.5705094934734225,2.5705094934734225
2.6158696150684486,2.6158696150684486
2.6614068086066385,2.6614068086066385
2.7071271579192238,2.7071271579192238
2.7530368729340142,2.7530368729340142
2.7991422928850347,2.7991422928850347
2.8454498896246903,2.8454498896246903
2.8919662710418805,2.8919662710418805
2.938698184589611,2.938698184589611
2.985652520925734,2.985652520925734
3.0328363176706037,3.0328363176706037
3.080256763285499,3.080256763285499
3.127921201075825,3.127921201075825
3.17583713332319,3.17583713332319
3.224012225550614,3.224012225550614
3.2724543109252204,3.2724543109252204
3.3211713948029065,3.3211713948029065
3.370171659419613,3.370171659419613
3.419463468733962,3.419463468733962
3.469055373426137,3.469055373426137
3.5189561160580745,3.5189561160580745
3.5691746364001053,3.5691746364001053
3.6197200769294104,3.6197200769294104
3.6706017885057363,3.6706017885057363
3.721829336230013,3.721829336230013
3.773412505491657,3.773412505491657
3.8253613082104865,3.8253613082104865
3.8776859892793727,3.8776859892793727
3.930397033213876,3.930397033213876
3.983505171015321,3.983505171015321
4.0370213872538985,4.0370213872538985
4.090956927378595,4.090956927378595
4.145323305260901,4.145323305260901
4.200132310979445,4.200132310979445
4.255396018852878,4.255396018852878
4.311126795728512,4.311126795728512
4.367337309534466,4.367337309534466
4.424040538103146,4.424040538103146
4.481249778274243,4.481249778274243
4.538978655285494,4.538978655285494
4.59724113245974,4.59724113245974
4.656051521197016,4.656051521197016
4.715424491280564,4.715424491280564
4.775375081505976,4.775375081505976
4.835918710642786,4.835918710642786
4.897071188738157,4.897071188738157
4.95884872877244,4.95884872877244
5.021267958676709,5.021267958676709
5.084345933722526,5.084345933722526
5.148100149294511,5.148100149294511
5.2125485540564505,5.2125485540564505
5.27770956352202,5.27770956352202
5.343602074041352,5.343602074041352
5.410245477215028,5.410245477215028
5.477659674747262,5.477659674747262
5.545865093750335,5.545865093750335
5.6148827025126415,5.6148827025126415
5.684734026742911,5.684734026742911
5.7554411663035,5.7554411663035
5.827026812445925,5.827026812445925
5.899514265562061,5.899514265562061
5.972927453464761,5.972927453464761
6.047290950211915,6.047290950211915
6.122629995488275,6.122629995488275
6.198970514559702,6.198970514559702
6.2763391388147305,6.2763391388147305
6.354763226908747,6.354763226908747
6.434270886526329,6.434270886526329
6.514890996777644,6.514890996777644
6.596653231245087,6.596653231245087
6.679588081696782,6.679588081696782
6.763726882483743,6.763726882483743
6.8491018356379625,6.8491018356379625
6.93574603668899,6.93574603668899
7.023693501216902,7.023693501216902
7.112979192159945,7.112979192159945
7.203639047895463,7.203639047895463
7.2957100111131306,7.2957100111131306
7.389230058499816,7.389230058499816
7.484238231255847,7.484238231255847
7.580774666462746,7.580774666462746
7.678880629322993,7.678880629322993
7.778598546292644,7.778598546292644
7.879972039128103,7.879972039128103
7.983045959868763,7.983045959868763
8.087866426777536,8.087866426777536
8.194480861261813,8.194480861261813
8.302938025797728,8.302938025797728
8.413288062881078,8.413288062881078
8.525582535028654,8.525582535028654
8.639874465854113,8.639874465854113
8.756218382243079,8.756218382243079
8.874670357652475,8.874670357652475
8.995288056559627,8.995288056559627
9.118130780087094,9.118130780087094
9.243259512829596,9.243259512829596
9.370736970909979,9.370736970909979
9.500627651291518,9.500627651291518
9.632997882374397,9.632997882374397
9.767915875904668,9.767915875904668
9.905451780224467,9.905451780224467
10.045677734892744,10.045677734892744
10.188667926706326,10.188667926706326
10.334498647151566,10.334498647151566
10.483248351317323,10.483248351317323
10.634997718300651,10.634997718300651
10.789829713136932,10.789829713136932
10.947829650286877,10.947829650286877
11.109085258713188,11.109085258713188
11.273686748580374,11.273686748580374
11.441726879611611,11.441726879611611
11.61330103113721,11.61330103113721
11.78850727386972,11.78850727386972
11.967446443441295,11.967446443441295
12.150222215739552,12.150222215739552
12.33694118407862,12.33694118407862
12.527712938242809,12.527712938242809
12.722650145440793,12.722650145440793
12.921868633208808,12.921868633208808
13.125487474302064,13.125487474302064
13.33362907361403,13.33362907361403
13.546419257164008,13.546419257164008
13.763987363193868,13.763987363193868
13.986466335415647,13.986466335415647
14.213992818452157,14.213992818452157
14.446707255513441,14.446707255513441
14.684753988352671,14.684753988352671
14.928281359545535,14.928281359545535
15.17744181713801,15.17744181713801
15.43239202170797,15.43239202170797
15.693292955886703,15.693292955886703
15.960310036387307,15.960310036387307
16.23361322858734,16.23361322858734
18.368141463393652,18.368141463393652
18.312535255156693,18.312535255156693
18.26069703874394,18.26069703874394
18.212897995528568,18.212897995528568
18.16940915397576,18.16940915397576
18.130502100037834,18.130502100037834
18.096449605021082,18.096449605021082
18.067526186559906,18.067526186559906
18.044008614992233,18.044008614992233
18.026176374903578,18.026176374903578
18.014312089677084,18.014312089677084
18.0087019153936,18.0087019153936
18.009635909260762,18.009635909260762
18.017408376832925,18.017408376832925
18.032318201554723,18.032318201554723
18.054669159576456,18.054669159576456
18.084770222320326,18.084770222320326
18.12293584889189,18.12293584889189
