-7.000887764075838,-7.000887764075838
-7.003678782049833,-7.003678782049833
-7.003898613547453,-7.003898613547453
-7.002984253832824,-7.002984253832824
-7.001322924089613,-7.001322924089613
-6.999104139160562,-6.999104139160562
-6.996441146259857,-6.996441146259857
-6.993409429545217,-6.993409429545217
-6.990062954044718,-6.990062954044718
-6.986442240350913,-6.986442240350913
-6.982578841256453,-6.982578841256453
-6.978498026523484,-6.978498026523484
-6.974220491881567,-6.974220491881567
-6.969763499096521,-6.969763499096521
-6.9651416658809815,-6.9651416658809815
-6.96036753059901,-6.96036753059901
-6.955451966738469,-6.955451966738469
-6.950404494024973,-6.950404494024973
-6.945233516522578,-6.945233516522578
-6.939946507963269,-6.939946507963269
-6.934550158163912,-6.934550158163912
-6.929050490238119,-6.929050490238119
-6.9234529555415305,-6.9234529555415305
-6.917762511399936,-6.917762511399936
-6.911983685354815,-6.911983685354815
-6.906120628728917,-6.906120628728917
-6.900177161643165,-6.900177161643165
-6.894156811125218,-6.894156811125218
-6.888062843586238,-6.888062843586238
-6.881898292669332,-6.881898292669332
-6.875665983265997,-6.875665983265997
-6.869368552337823,-6.869368552337823
-6.86300846705771,-6.86300846705771
-6.856588040688526,-6.856588040688526
-6.850109446541345,-6.850109446541345
-6.843574730295103,-6.843574730295103
-6.83698582091128,-6.83698582091128
-6.8303445403384,-6.8303445403384
-6.823652612169533,-6.823652612169533
-6.816911669390337,-6.816911669390337
-6.810123261333987,-6.810123261333987
-6.803288859941978,-6.803288859941978
-6.796409865415285,-6.796409865415285
-6.789487611328321,-6.789487611328321
-6.78252336926808,-6.78252336926808
-6.7755183530522745,-6.7755183530522745
-6.76847372257322,-6.76847372257322
-6.761390587308059,-6.761390587308059
-6.754270009530737,-6.754270009530737
-6.747113007256797,-6.747113007256797
-6.739920556948161,-6.739920556948161
-6.7326935960019005,-6.7326935960019005
-6.725433025044125,-6.725433025044125
-6.718139710047687,-6.718139710047687
-6.710814484290338,-6.710814484290338
-6.703458150168022,-6.703458150168022
-6.696071480876538,-6.696071480876538
-6.688655221973228,-6.688655221973228
-6.681210092829257,-6.681210092829257
-6.673736787981874,-6.673736787981874
-6.666235978395133,-6.666235978395133
-6.658708312636672,-6.658708312636672
-6.651154417977446,-6.651154417977446
-6.643574901420612,-6.643574901420612
-6.635970350665158,-6.635970350665158
-6.628341335009406,-6.628341335009406
-6.620688406198976,-6.620688406198976
-6.6130120992234325,-6.6130120992234325
-6.605312933065428,-6.605312933065428
-6.597591411405838,-6.597591411405838
-6.58984802328806,-6.58984802328806
-6.5820832437444245,-6.5820832437444245
-6.574297534387329,-6.574297534387329
-6.566491343967586,-6.566491343967586
-6.55866510890222,-6.55866510890222
-6.550819253773755,-6.550819253773755
-6.542954191802902,-6.542954191802902
-6.535070325296422,-6.535070325296422
-6.5271680460717185,-6.5271680460717185
-6.519247735859701,-6.519247735859701
-6.511309766687268,-6.511309766687268
-6.50335450124068,-6.50335450124068
-6.495382293211021,-6.495382293211021
-6.48739348762281,-6.48739348762281
-6.479388421146813,-6.479388421146813
-6.471367422397952,-6.471367422397952
-6.463330812219228,-6.463330812219228
-6.455278903952443,-6.455278903952443
-6.447212003696485,-6.447212003696485
-6.439130410553893,-6.439130410553893
-6.431034416866349,-6.431034416866349
-6.422924308439707,-6.422924308439707
-6.414800364759143,-6.414800364759143
-6.406662859194976,-6.406662859194976
-6.398512059199613,-6.398512059199613
-6.390348226496149,-6.390348226496149
-6.382171617259024,-6.382171617259024
-6.373982482287153,-6.373982482287153
-6.365781067169934,-6.365781067169934
-6.357567612446478,-6.357567612446478
-6.3493423537584155,-6.3493423537584155
-6.341105521996598,-6.341105521996598
-6.332857343441983,-6.332857343441983
-6.324598039901019,-6.324598039901019
-6.316327828835755,-6.316327828835755
-6.3080469234889645,-6.3080469234889645
-6.299755533004507,-6.299755533004507
-6.291453862543141,-6.291453862543141
-6.283142113394018,-6.283142113394018
-6.274820483082056,-6.274820483082056
-6.26648916547136,-6.26648916547136
-6.258148350864901,-6.258148350864901
-6.249798226100595,-6.249798226100595
-6.241438974643959,-6.241438974643959
-6.23307077667749,-6.23307077667749
-6.224693809186898,-6.224693809186898
-6.216308246044365,-6.216308246044365
-6.2079142580889135,-6.2079142580889135
-6.199512013204036,-6.199512013204036
-6.191101676392707,-6.191101676392707
-6.182683409849848,-6.182683409849848
-6.174257373032413,-6.174257373032413
-6.1658237227271275,-6.1658237227271275
-6.157382613116031,-6.157382613116031
-6.148934195839874,-6.148934195839874
-6.140478620059478,-6.140478620059478
-6.132016032515139,-6.132016032515139
-6.123546577584129,-6.123546577584129
-6.1150703973364084,-6.1150703973364084
-6.106587631588587,-6.106587631588587
-6.098098417956202,-6.098098417956202
-6.089602891904423,-6.089602891904423
-6.08110118679717,-6.08110118679717
-6.072593433944762,-6.072593433944762
-6.064079762650147,-6.064079762650147
-6.0555603002537195,-6.0555603002537195
-6.047035172176845,-6.047035172176845
-6.038504501964081,-6.038504501964081
-6.029968411324177,-6.029968411324177
-6.021427020169884,-6.021427020169884
-6.012880446656625,-6.012880446656625
-6.004328807220043,-6.004328807220043
-5.995772216612512,-5.995772216612512
-5.987210787938589,-5.987210787938589
-5.978644632689511,-5.978644632689511
-5.97007386077669,-5.97007386077669
-5.961498580564328,-5.961498580564328
-5.95291889890111,-5.95291889890111
-5.944334921151046,-5.944334921151046
-5.935746751223471,-5.935746751223471
-5.927154491602263,-5.927154491602263
-5.918558243374252,-5.918558243374252
-5.909958106256896,-5.909958106256896
-5.901354178625222,-5.901354178625222
-5.892746557538064,-5.892746557538064
-5.884135338763627,-5.884135338763627
-5.875520616804372,-5.875520616804372
-5.866902484921292,-5.866902484921292
-5.858281035157539,-5.858281035157539
-5.849656358361476,-5.849656358361476
-5.841028544209142,-5.841028544209142
-5.832397681226146,-5.832397681226146
-5.823763856809035,-5.823763856809035
-5.815127157246119,-5.815127157246119
-5.8064876677377955,-5.8064876677377955
-5.797845472416372,-5.797845472416372
-5.789200654365409,-5.789200654365409
-5.7805532956386,-5.7805532956386
-5.771903477278199,-5.771903477278199
-5.763251279333004,-5.763251279333004
-5.754596780875924,-5.754596780875924
-5.7459400600211215,-5.7459400600211215
-5.737281193940762,-5.737281193940762
-5.728620258881379,-5.728620258881379
-5.719957330179842,-5.719957330179842
-5.711292482278979,-5.711292482278979
-5.702625788742828,-5.702625788742828
-5.693957322271544,-5.693957322271544
-5.685287154715976,-5.685287154715976
-5.676615357091911,-5.676615357091911
-5.667941999593994,-5.667941999593994
-5.659267151609353,-5.659267151609353
-5.650590881730912,-5.650590881730912
-5.641913257770411,-5.641913257770411
-5.633234346771149,-5.633234346771149
-5.624554215020444,-5.624554215020444
-5.615872928061825,-5.615872928061825
-5.607190550706965,-5.607190550706965
-5.5985071470473455,-5.5985071470473455
-5.589822780465697,-5.589822780465697
-5.581137513647177,-5.581137513647177
-5.572451408590312,-5.572451408590312
-5.563764526617729,-5.563764526617729
-5.555076928386645,-5.555076928386645
-5.5463886738991475,-5.5463886738991475
-5.5376998225122565,-5.5376998225122565
-5.529010432947795,-5.529010432947795
-5.520320563302035,-5.520320563302035
-5.511630271055171,-5.511630271055171
-5.502939613080582,-5.502939613080582
-5.494248645653929,-5.494248645653929
-5.48555742446204,-5.48555742446204
-5.476866004611651,-5.476866004611651
-5.468174440637956,-5.468174440637956
-5.4594827865129885,-5.4594827865129885
-5.450791095653839,-5.450791095653839
-5.442099420930722,-5.442099420930722
-5.433407814674873,-5.433407814674873
-5.4247163286863,-5.4247163286863
-5.4160250142413835,-5.4160250142413835
-5.407333922100336,-5.407333922100336
-5.398643102514511,-5.398643102514511
-5.389952605233579,-5.389952605233579
-5.3812624795125625,-5.3812624795125625
-5.372572774118754,-5.372572774118754
-5.363883537338481,-5.363883537338481
-5.355194816983763,-5.355194816983763
-5.346506660398841,-5.346506660398841
-5.337819114466584,-5.337819114466584
-5.329132225614774,-5.329132225614774
-5.32044603982229,-5.32044603982229
-5.311760602625164,-5.311760602625164
-5.303075959122534,-5.303075959122534
-5.294392153982495,-5.294392153982495
-5.2857092314478304,-5.2857092314478304
-5.27702723534166,-5.27702723534166
-5.2683462090729725,-5.2683462090729725
-5.259666195642058,-5.259666195642058
-5.250987237645866,-5.250987237645866
-5.242309377283243,-5.242309377283243
-5.233632656360094,-5.233632656360094
-5.224957116294454,-5.224957116294454
-5.216282798121461,-5.216282798121461
-5.2076097424982555,-5.2076097424982555
-5.198937989708789,-5.198937989708789
-5.190267579668553,-5.190267579668553
-5.181598551929217,-5.181598551929217
-5.172930945683213,-5.172930945683213
-5.164264799768212,-5.164264799768212
-5.155600152671544,-5.155600152671544
-5.146937042534543,-5.146937042534543
-5.138275507156812,-5.138275507156812
-5.129615584000415,-5.129615584000415
-5.120957310194021,-5.120957310194021
-5.11230072253695,-5.11230072253695
-5.1036458575031665,-5.1036458575031665
-5.094992751245222,-5.094992751245222
-5.086341439598101,-5.086341439598101
-5.077691958083038,-5.077691958083038
-5.069044341911245,-5.069044341911245
-5.060398625987601,-5.060398625987601
-5.051754844914266,-5.051754844914266
-5.043113032994246,-5.043113032994246
-5.034473224234906,-5.034473224234906
-5.025835452351405,-5.025835452351405
-5.017199750770109,-5.017199750770109
-5.008566152631926,-5.008566152631926
-4.999934690795594,-4.999934690795594
-4.991305397840926,-4.991305397840926
-4.982678306071995,-4.982678306071995
-4.974053447520276,-4.974053447520276
-4.965430853947733,-4.965430853947733
-4.956810556849869,-4.956810556849869
-4.9481925874587125,-4.9481925874587125
-4.939576976745782,-4.939576976745782
-4.930963755424978,-4.930963755424978
-4.922352953955459,-4.922352953955459
-4.913744602544449,-4.913744602544449
-4.905138731150025,-4.905138731150025
-4.89653536948384,-4.89653536948384
-4.887934547013828,-4.887934547013828
-4.879336292966852,-4.879336292966852
-4.870740636331323,-4.870740636331323
-4.862147605859773,-4.862147605859773
-4.853557230071397,-4.853557230071397
-4.844969537254549,-4.844969537254549
-4.836384555469211,-4.836384555469211
-4.827802312549424,-4.827802312549424
-4.819222836105673,-4.819222836105673
-4.810646153527258,-4.810646153527258
-4.802072291984607,-4.802072291984607
-4.79350127843158,-4.79350127843158
-4.784933139607715,-4.784933139607715
-4.776367902040466,-4.776367902040466
-4.767805592047393,-4.767805592047393
-4.759246235738327,-4.759246235738327
-4.750689859017503,-4.750689859017503
-4.742136487585664,-4.742136487585664
-4.733586146942134,-4.733586146942134
-4.725038862386871,-4.725038862386871
-4.7164946590224694,-4.7164946590224694
-4.707953561756165,-4.707953561756165
-4.699415595301783,-4.699415595301783
-4.690880784181677,-4.690880784181677
-4.6823491527286425,-4.6823491527286425
-4.673820725087791,-4.673820725087791
-4.665295525218406,-4.665295525218406
-4.656773576895783,-4.656773576895783
-4.648254903713023,-4.648254903713023
-4.639739529082823,-4.639739529082823
-4.631227476239232,-4.631227476239232
-4.62271876823938,-4.62271876823938
-4.614213427965199,-4.614213427965199
-4.605711478125097,-4.605711478125097
-4.597212941255638,-4.597212941255638
-4.588717839723177,-4.588717839723177
-4.580226195725485,-4.580226195725485
-4.5717380312933455,-4.5717380312933455
-4.563253368292141,-4.563253368292141
-4.554772228423407,-4.554772228423407
-4.54629463322637,-4.54629463322637
-4.537820604079467,-4.537820604079467
-4.52935016220185,-4.52935016220185
-4.520883328654857,-4.520883328654857
-4.512420124343473,-4.512420124343473
-4.503960570017782,-4.503960570017782
-4.495504686274377,-4.495504686274377
-4.487052493557774,-4.487052493557774
-4.478604012161795,-4.478604012161795
-4.470159262230941,-4.470159262230941
-4.461718263761738,-4.461718263761738
-4.453281036604082,-4.453281036604082
-4.444847600462548,-4.444847600462548
-4.436417974897699,-4.436417974897699
-4.427992179327363,-4.427992179327363
-4.419570233027916,-4.419570233027916
-4.411152155135523,-4.411152155135523
-4.40273796464738,-4.40273796464738
-4.394327680422941,-4.394327680422941
-4.385921321185126,-4.385921321185126
-4.377518905521509,-4.377518905521509
-4.369120451885497,-4.369120451885497
-4.360725978597497,-4.360725978597497
-4.35233550384607,-4.35233550384607
-4.343949045689056,-4.343949045689056
-4.3355666220547056,-4.3355666220547056
-4.327188250742785,-4.327188250742785
-4.318813949425673,-4.318813949425673
-4.3104437356494385,-4.3104437356494385
-4.302077626834917,-4.302077626834917
-4.293715640278761,-4.293715640278761
-4.285357793154487,-4.285357793154487
-4.277004102513508,-4.277004102513508
-4.268654585286147,-4.268654585286147
-4.2603092582826525,-4.2603092582826525
-4.2519681381941865,-4.2519681381941865
-4.243631241593811,-4.243631241593811
-4.235298584937465,-4.235298584937465
-4.226970184564916,-4.226970184564916
-4.218646056700715,-4.218646056700715
-4.210326217455134,-4.210326217455134
-4.2020106828250965,-4.2020106828250965
-4.193699468695093,-4.193699468695093
-4.185392590838082,-4.185392590838082
-4.17709006491639,-4.17709006491639
-4.168791906482604,-4.168791906482604
-4.160498130980435,-4.160498130980435
-4.1522087537455885,-4.1522087537455885
-4.143923790006626,-4.143923790006626
-4.135643254885803,-4.135643254885803
-4.127367163399906,-4.127367163399906
-4.1190955304610855,-4.1190955304610855
-4.110828370877667,-4.110828370877667
-4.102565699354963,-4.102565699354963
-4.094307530496073,-4.094307530496073
-4.086053878802674,-4.086053878802674
-4.077804758675796,-4.077804758675796
-4.069560184416602,-4.069560184416602
-4.061320170227152,-4.061320170227152
-4.053084730211154,-4.053084730211154
-4.044853878374717,-4.044853878374717
-4.036627628627086,-4.036627628627086
-4.028405994781375,-4.028405994781375
-4.020188990555292,-4.020188990555292
-4.011976629571851,-4.011976629571851
-4.003768925360081,-4.003768925360081
-3.9955658913557257,-3.9955658913557257
-3.9873675409019333,-3.9873675409019333
-3.979173887249948,-3.979173887249948
-3.970984943559777,-3.970984943559777
-3.9628007229008717,-3.9628007229008717
-3.95462123825278,-3.95462123825278
-3.946446502505808,-3.946446502505808
-3.9382765284616683,-3.9382765284616683
-3.9301113288341196,-3.9301113288341196
-3.921950916249602,-3.921950916249602
-3.9137953032478654,-3.9137953032478654
-3.905644502282592,-3.905644502282592
-3.8974985257220087,-3.8974985257220087
-3.889357385849497,-3.889357385849497
-3.8812210948641956,-3.8812210948641956
-3.8730896648815927,-3.8730896648815927
-3.8649631079341193,-3.8649631079341193
-3.85684143597173,-3.85684143597173
-3.848724660862482,-3.848724660862482
-3.8406127943930994,-3.8406127943930994
-3.8325058482695495,-3.8325058482695495
-3.824403834117593,-3.824403834117593
-3.816306763483341,-3.816306763483341
-3.8082146478338017,-3.8082146478338017
-3.8001274985574236,-3.8001274985574236
-3.79204532696463,-3.79204532696463
-3.7839681442883504,-3.7839681442883504
-3.7758959616845487,-3.7758959616845487
-3.7678287902327394,-3.7678287902327394
-3.7597666409365047,-3.7597666409365047
-3.751709524724004,-3.751709524724004
-3.7436574524484754,-3.7436574524484754
-3.7356104348887404,-3.7356104348887404
-3.727568482749693,-3.727568482749693
-3.7195316066627906,-3.7195316066627906
-3.71149981718654,-3.71149981718654
-3.703473124806973,-3.703473124806973
-3.6954515399381243,-3.6954515399381243
-3.6874350729225003,-3.6874350729225003
-3.6794237340315434,-3.6794237340315434
-3.671417533466093,-3.671417533466093
-3.6634164813568413,-3.6634164813568413
-3.6554205877647847,-3.6554205877647847
-3.6474298626816704,-3.6474298626816704
-3.6394443160304384,-3.6394443160304384
-3.6314639576656607,-3.6314639576656607
-3.623488797373974,-3.623488797373974
-3.615518844874509,-3.615518844874509
-3.6075541098193136,-3.6075541098193136
-3.5995946017937817,-3.5995946017937817
-3.5916403303170585,-3.5916403303170585
-3.5836913048424632,-3.5836913048424632
-3.5757475347578915,-3.5757475347578915
-3.567809029386224,-3.567809029386224
-3.5598757979857245,-3.5598757979857245
-3.5519478497504373,-3.5519478497504373
-3.5440251938105822,-3.5440251938105822
-3.536107839232943,-3.536107839232943
-3.5281957950212495,-3.5281957950212495
-3.5202890701165654,-3.5202890701165654
-3.512387673397661,-3.512387673397661
-3.5044916136813904,-3.5044916136813904
-3.496600899723061,-3.496600899723061
-3.4887155402168006,-3.4887155402168006
-3.4808355437959264,-3.4808355437959264
-3.4729609190332944,-3.4729609190332944
-3.4650916744416658,-3.4650916744416658
-3.4572278184740575,-3.4572278184740575
-3.4493693595240917,-3.4493693595240917
-3.441516305926341,-3.441516305926341
-3.4336686659566764,-3.4336686659566764
-3.4258264478326015,-3.4258264478326015
-3.417989659713595,-3.417989659713595
-3.4101583097014414,-3.4101583097014414
-3.402332405840563,-3.402332405840563
-3.394511956118345,-3.394511956118345
-3.3866969684654613,-3.3866969684654613
-3.3788874507561992,-3.3788874507561992
-3.371083410808774,-3.371083410808774
-3.3632848563856435,-3.3632848563856435
-3.355491795193823,-3.355491795193823
-3.347704234885194,-3.347704234885194
-3.3399221830568124,-3.3399221830568124
-3.3321456472512074,-3.3321456472512074
-3.3243746349566896,-3.3243746349566896
-3.316609153607641,-3.316609153607641
-3.308849210584819,-3.308849210584819
-3.3010948132156415,-3.3010948132156415
-3.293345968774481,-3.293345968774481
-3.285602684482952,-3.285602684482952
-3.277864967510194,-3.277864967510194
-3.2701328249731527,-3.2701328249731527
-3.262406263936863,-3.262406263936863
-3.2546852914147224,-3.2546852914147224
-3.2469699143687656,-3.2469699143687656
-3.239260139709938,-3.239260139709938
-3.2315559742983666,-3.2315559742983666
-3.2238574249436183,-3.2238574249436183
-3.2161644984049764,-3.2161644984049764
-3.2084772013916925,-3.2084772013916925
-3.200795540563252,-3.200795540563252
-3.1931195225296287,-3.1931195225296287
-3.18544915385154,-3.18544915385154
-3.1777844410406995,-3.1777844410406995
-3.1701253905600684,-3.1701253905600684
-3.1624720088241007,-3.1624720088241007
-3.154824302198995,-3.154824302198995
-3.1471822770029267,-3.1471822770029267
-3.139545939506304,-3.139545939506304
-3.131915295931994,-3.131915295931994
-3.1242903524555676,-3.1242903524555676
-3.116671115205531,-3.116671115205531
-3.1090575902635593,-3.1090575902635593
-3.1014497836647266,-3.1014497836647266
-3.093847701397735,-3.093847701397735
-3.0862513494051425,-3.0862513494051425
-3.078660733583583,-3.078660733583583
-3.0710758597839933,-3.0710758597839933
-3.063496733811835,-3.063496733811835
-3.0559233614273045,-3.0559233614273045
-3.0483557483455574,-3.0483557483455574
-3.040793900236921,-3.040793900236921
-3.033237822727105,-3.033237822727105
-3.025687521397417,-3.025687521397417
-3.018143001784962,-3.018143001784962
-3.0106042693828625,-3.0106042693828625
-3.0030713296404534,-3.0030713296404534
-2.9955441879634863,-2.9955441879634863
-2.988022849714339,-2.988022849714339
-2.980507320212204,-2.980507320212204
-2.9729976047332953,-2.9729976047332953
-2.96549370851104,-2.96549370851104
-2.9579956367362747,-2.9579956367362747
-2.950503394557437,-2.950503394557437
-2.943016987080757,-2.943016987080757
-2.935536419370448,-2.935536419370448
-2.9280616964488897,-2.9280616964488897
-2.9205928232968215,-2.9205928232968215
-2.91312980485352,-2.91312980485352
-2.905672646016984,-2.905672646016984
-2.898221351644117,-2.898221351644117
-2.8907759265509045,-2.8907759265509045
-2.8833363755125943,-2.8833363755125943
-2.8759027032638707,-2.8759027032638707
-2.8684749144990276,-2.8684749144990276
-2.861053013872149,-2.861053013872149
-2.8536370059972724,-2.8536370059972724
-2.846226895448562,-2.846226895448562
-2.8388226867604796,-2.8388226867604796
-2.8314243844279474,-2.8314243844279474
-2.824031992906518,-2.824031992906518
-2.816645516612536,-2.816645516612536
-2.8092649599233006,-2.8092649599233006
-2.8018903271772304,-2.8018903271772304
-2.7945216226740177,-2.7945216226740177
-2.787158850674791,-2.787158850674791
-2.7798020154022702,-2.7798020154022702
-2.7724511210409264,-2.7724511210409264
-2.76510617173713,-2.76510617173713
-2.7577671715993057,-2.7577671715993057
-2.7504341246980886,-2.7504341246980886
-2.743107035066469,-2.743107035066469
-2.7357859066999426,-2.7357859066999426
-2.72847074355666,-2.72847074355666
-2.721161549557571,-2.721161549557571
-2.7138583285865723,-2.7138583285865723
-2.7065610844906463,-2.7065610844906463
-2.69926982108001,-2.69926982108001
-2.6919845421282496,-2.6919845421282496
-2.6847052513724674,-2.6847052513724674
-2.6774319525134143,-2.6774319525134143
-2.6701646492156303,-2.6701646492156303
-2.6629033451075803,-2.6629033451075803
-2.655648043781791,-2.655648043781791
-2.6483987487949814,-2.6483987487949814
-2.6411554636681966,-2.6411554636681966
-2.6339181918869414,-2.6339181918869414
-2.626686936901308,-2.626686936901308
-2.619461702126106,-2.619461702126106
-2.6122424909409907,-2.6122424909409907
-2.605029306690591,-2.605029306690591
-2.597822152684634,-2.597822152684634
-2.590621032198068,-2.590621032198068
-2.5834259484711883,-2.5834259484711883
-2.57623690470976,-2.57623690470976
-2.569053904085138,-2.569053904085138
-2.5618769497343874,-2.5618769497343874
-2.554706044760403,-2.554706044760403
-2.5475411922320257,-2.5475411922320257
-2.5403823951841633,-2.5403823951841633
-2.5332296566179036,-2.5332296566179036
-2.5260829795006297,-2.5260829795006297
-2.5189423667661335,-2.5189423667661335
-2.5118078213147306,-2.5118078213147306
-2.50467934601337,-2.50467934601337
-2.4975569436957454,-2.4975569436957454
-2.4904406171624065,-2.4904406171624065
-2.4833303691808664,-2.4833303691808664
-2.4762262024857087,-2.4762262024857087
-2.4691281197786963,-2.4691281197786963
-2.4620361237288773,-2.4620361237288773
-2.4549502169726884,-2.4549502169726884
-2.447870402114058,-2.447870402114058
-2.4407966817245144,-2.4407966817245144
-2.4337290583432813,-2.4337290583432813
-2.426667534477384,-2.426667534477384
-2.419612112601746,-2.419612112601746
-2.412562795159291,-2.412562795159291
-2.4055195845610404,-2.4055195845610404
-2.3984824831862097,-2.3984824831862097
-2.391451493382307,-2.391451493382307
-2.384426617465228,-2.384426617465228
-2.377407857719349,-2.377407857719349
-2.3703952163976236,-2.3703952163976236
-2.363388695721674,-2.363388695721674
-2.3563882978818858,-2.3563882978818858
-2.349394025037493,-2.349394025037493
-2.3424058793166758,-2.3424058793166758
-2.3354238628166475,-2.3354238628166475
-2.3284479776037412,-2.3284479776037412
-2.3214782257135,-2.3214782257135
-2.314514609150763,-2.314514609150763
-2.307557129889755,-2.307557129889755
-2.3006057898741648,-2.3006057898741648
-2.293660591017236,-2.293660591017236
-2.2867215352018517,-2.2867215352018517
-2.2797886242806094,-2.2797886242806094
-2.272861860075914,-2.272861860075914
-2.2659412443800506,-2.2659412443800506
-2.2590267789552683,-2.2590267789552683
-2.2521184655338633,-2.2521184655338633
-2.245216305818253,-2.245216305818253
-2.2383203014810555,-2.2383203014810555
-2.231430454165168,-2.231430454165168
-2.2245467654838476,-2.2245467654838476
-2.217669237020778,-2.217669237020778
-2.210797870330154,-2.210797870330154
-2.2039326669367503,-2.2039326669367503
-2.1970736283359984,-2.1970736283359984
-2.1902207559940585,-2.1902207559940585
-2.183374051347891,-2.183374051347891
-2.1765335158053314,-2.1765335158053314
-2.1696991507451546,-2.1696991507451546
-2.162870957517156,-2.162870957517156
-2.15604893744221,-2.15604893744221
-2.1492330918123432,-2.1492330918123432
-2.142423421890805,-2.142423421890805
-2.1356199289121314,-2.1356199289121314
-2.128822614082213,-2.128822614082213
-2.12203147857836,-2.12203147857836
-2.1152465235493714,-2.1152465235493714
-2.1084677501155937,-2.1084677501155937
-2.1016951593689903,-2.1016951593689903
-2.0949287523731996,-2.0949287523731996
-2.0881685301636046,-2.0881685301636046
-2.0814144937473875,-2.0814144937473875
-2.074666644103597,-2.074666644103597
-2.0679249821832024,-2.0679249821832024
-2.0611895089091625,-2.0611895089091625
-2.054460225176478,-2.054460225176478
-2.0477371318522515,-2.0477371318522515
-2.0410202297757456,-2.0410202297757456
-2.0343095197584455,-2.0343095197584455
-2.027605002584108,-2.027605002584108
-2.0209066790088217,-2.0209066790088217
-2.0142145497610637,-2.0142145497610637
-2.0075286155417493,-2.0075286155417493
-2.0008488770242976,-2.0008488770242976
-1.9941753348546691,-1.9941753348546691
-1.9875079896514334,-1.9875079896514334
-1.9808468420058136,-1.9808468420058136
-1.9741918924817412,-1.9741918924817412
-1.9675431416159057,-1.9675431416159057
-1.9609005899178076,-1.9609005899178076
-1.9542642378698065,-1.9542642378698065
-1.9476340859271724,-1.9476340859271724
-1.9410101345181325,-1.9410101345181325
-1.9343923840439217,-1.9343923840439217
-1.9277808348788292,-1.9277808348788292
-1.921175487370247,-1.921175487370247
-1.9145763418387143,-1.9145763418387143
-1.9079833985779655,-1.9079833985779655
-1.9013966578549761,-1.9013966578549761
-1.894816119910006,-1.894816119910006
-1.8882417849566444,-1.8882417849566444
-1.8816736531818548,-1.8816736531818548
-1.8751117247460163,-1.8751117247460163
-1.868555999782969,-1.868555999782969
-1.862006478400054,-1.862006478400054
-1.8554631606781555,-1.8554631606781555
-1.848926046671742,-1.848926046671742
-1.842395136408909,-1.842395136408909
-1.8358704298914146,-1.8358704298914146
-1.829351927094723,-1.829351927094723
-1.8228396279680414,-1.8228396279680414
-1.8163335324343588,-1.8163335324343588
-1.8098336403904853,-1.8098336403904853
-1.8033399517070874,-1.8033399517070874
-1.7968524662287257,-1.7968524662287257
-1.790371183773892,-1.790371183773892
-1.7838961041350456,-1.7838961041350456
-1.7774272270786435,-1.7774272270786435
-1.7709645523451836,-1.7709645523451836
-1.764508079649233,-1.764508079649233
-1.758057808679463,-1.758057808679463
-1.751613739098683,-1.751613739098683
-1.7451758705438747,-1.7451758705438747
-1.7387442026262194,-1.7387442026262194
-1.7323187349311373,-1.7323187349311373
-1.725899467018311,-1.725899467018311
-1.7194863984217235,-1.7194863984217235
-1.7130795286496818,-1.7130795286496818
-1.7066788571848523,-1.7066788571848523
-1.700284383484286,-1.700284383484286
-1.6938961069794514,-1.6938961069794514
-1.6875140270762574,-1.6875140270762574
-1.6811381431550878,-1.6811381431550878
-1.674768454570823,-1.674768454570823
-1.6684049606528706,-1.6684049606528706
-1.662047660705189,-1.662047660705189
-1.6556965540063167,-1.6556965540063167
-1.6493516398093944,-1.6493516398093944
-1.643012917342193,-1.643012917342193
-1.6366803858071364,-1.6366803858071364
-1.6303540443813254,-1.6303540443813254
-1.6240338922165627,-1.6240338922165627
-1.6177199284393757,-1.6177199284393757
-1.6114121521510378,-1.6114121521510378
-1.6051105624275939,-1.6051105624275939
-1.5988151583198773,-1.5988151583198773
-1.5925259388535367,-1.5925259388535367
-1.586242903029052,-1.586242903029052
-1.5799660498217596,-1.5799660498217596
-1.5736953781818672,-1.5736953781818672
-1.5674308870344784,-1.5674308870344784
-1.5611725752796077,-1.5611725752796077
-1.5549204417922031,-1.5549204417922031
-1.548674485422159,-1.548674485422159
-1.5424347049943412,-1.5424347049943412
-1.5362010993085964,-1.5362010993085964
-1.529973667139776,-1.529973667139776
-1.5237524072377473,-1.5237524072377473
-1.517537318327414,-1.517537318327414
-1.511328399108726,-1.511328399108726
-1.5051256482567037,-1.5051256482567037
-1.498929064421441,-1.498929064421441
-1.4927386462281316,-1.4927386462281316
-1.486554392277072,-1.486554392277072
-1.4803763011436843,-1.4803763011436843
-1.4742043713785211,-1.4742043713785211
-1.4680386015072855,-1.4680386015072855
-1.4618789900308378,-1.4618789900308378
-1.45572553542521,-1.45572553542521
-1.449578236141615,-1.449578236141615
-1.4434370906064622,-1.4434370906064622
-1.4373020972213602,-1.4373020972213602
-1.4311732543631352,-1.4311732543631352
-1.4250505603838772,-1.4250505603838772
-1.4189340136107818,-1.4189340136107818
-1.412823612346414,-1.412823612346414
-1.4067193548685464,-1.4067193548685464
-1.4006212394302096,-1.4006212394302096
-1.3945292642596985,-1.3945292642596985
-1.3884434275605824,-1.3884434275605824
-1.3823637275117096,-1.3823637275117096
-1.3762901622672146,-1.3762901622672146
-1.3702227299565224,-1.3702227299565224
-1.3641614286843577,-1.3641614286843577
-1.3581062565307465,-1.3581062565307465
-1.3520572115510219,-1.3520572115510219
-1.3460142917758298,-1.3460142917758298
-1.3399774952111305,-1.3399774952111305
-1.3339468198382054,-1.3339468198382054
-1.3279222636136565,-1.3279222636136565
-1.3219038244694112,-1.3219038244694112
-1.315891500312726,-1.315891500312726
-1.3098852890261845,-1.3098852890261845
-1.3038851884677036,-1.3038851884677036
-1.29789119647053,-1.29789119647053
-1.2919033108432452,-1.2919033108432452
-1.285921529369764,-1.285921529369764
-1.2799458498093328,-1.2799458498093328
-1.2739762698965327,-1.2739762698965327
-1.2680127873412748,-1.2680127873412748
-1.2620553998288035,-1.2620553998288035
-1.2561041050196915,-1.2561041050196915
-1.250158900549837,-1.250158900549837
-1.2442197840304658,-1.2442197840304658
-1.2382867530481245,-1.2382867530481245
-1.2323598051646787,-1.2323598051646787
-1.2264389379173093,-1.2264389379173093
-1.220524148818509,-1.220524148818509
-1.214615435356078,-1.214615435356078
-1.2087127949931187,-1.2087127949931187
-1.2028162251680294,-1.2028162251680294
-1.1969257232945034,-1.1969257232945034
-1.1910412867615183,-1.1910412867615183
-1.1851629129333312,-1.1851629129333312
-1.1792905991494722,-1.1792905991494722
-1.1734243427247393,-1.1734243427247393
-1.1675641409491881,-1.1675641409491881
-1.1617099910881252,-1.1617099910881252
-1.1558618903820996,-1.1558618903820996
-1.1500198360468963,-1.1500198360468963
-1.1441838252735244,-1.1441838252735244
-1.1383538552282086,-1.1383538552282086
-1.132529923052381,-1.132529923052381
-1.12671202586267,-1.12671202586267
-1.12090016075089,-1.12090016075089
-1.1150943247840297,-1.1150943247840297
-1.1092945150042415,-1.1092945150042415
-1.1035007284288314,-1.1035007284288314
-1.0977129620502446,-1.0977129620502446
-1.0919312128360557,-1.0919312128360557
-1.0861554777289517,-1.0861554777289517
-1.0803857536467245,-1.0803857536467245
-1.074622037482254,-1.074622037482254
-1.0688643261034938,-1.0688643261034938
-1.0631126163534594,-1.0631126163534594
-1.057366905050211,-1.057366905050211
-1.0516271889868416,-1.0516271889868416
-1.0458934649314577,-1.0458934649314577
-1.0401657296271671,-1.0401657296271671
-1.0344439797920602,-1.0344439797920602
-1.0287282121191965,-1.0287282121191965
-1.0230184232765838,-1.0230184232765838
-1.017314609907163,-1.017314609907163
-1.0116167686287927,-1.0116167686287927
-1.0059248960342269,-1.0059248960342269
-1.0002389886910994,-1.0002389886910994
-0.9945590431419037,-0.9945590431419037
-0.9888850559039751,-0.9888850559039751
-0.983217023469471,-0.983217023469471
-0.9775549423053492,-0.9775549423053492
-0.9718988088533499,-0.9718988088533499
-0.9662486195299741,-0.9662486195299741
-0.9606043707264618,-0.9606043707264618
-0.9549660588087728,-0.9549660588087728
-0.9493336801175614,-0.9493336801175614
-0.9437072309681592,-0.9437072309681592
-0.9380867076505467,-0.9380867076505467
-0.9324721064293364,-0.9324721064293364
-0.926863423543743,-0.926863423543743
-0.9212606552075671,-0.9212606552075671
-0.9156637976091635,-0.9156637976091635
-0.9100728469114245,-0.9100728469114245
-0.9044877992517465,-0.9044877992517465
-0.8989086507420141,-0.8989086507420141
-0.8933353974685666,-0.8933353974685666
-0.8877680354921772,-0.8877680354921772
-0.882206560848023,-0.882206560848023
-0.8766509695456625,-0.8766509695456625
-0.8711012575690039,-0.8711012575690039
-0.8655574208762815,-0.8655574208762815
-0.8600194554000244,-0.8600194554000244
-0.8544873570470324,-0.8544873570470324
-0.8489611216983425,-0.8489611216983425
-0.8434407452092051,-0.8434407452092051
-0.837926223409049,-0.837926223409049
-0.8324175521014581,-0.8324175521014581
-0.8269147270641342,-0.8269147270641342
-0.821417744048873,-0.821417744048873
-0.8159265987815278,-0.8159265987815278
-0.8104412869619837,-0.8104412869619837
-0.804961804264119,-0.804961804264119
-0.7994881463357809,-0.7994881463357809
-0.7940203087987459,-0.7940203087987459
-0.7885582872486915,-0.7885582872486915
-0.7831020772551621,-0.7831020772551621
-0.7776516743615354,-0.7776516743615354
-0.7722070740849862,-0.7722070740849862
-0.7667682719164546,-0.7667682719164546
-0.7613352633206106,-0.7613352633206106
-0.7559080437358192,-0.7559080437358192
-0.7504866085741035,-0.7504866085741035
-0.7450709532211096,-0.7450709532211096
-0.73966107303607,-0.73966107303607
-0.7342569633517693,-0.7342569633517693
-0.7288586194745019,-0.7288586194745019
-0.7234660366840389,-0.7234660366840389
-0.7180792102335887,-0.7180792102335887
-0.7126981353497599,-0.7126981353497599
-0.7073228072325187,-0.7073228072325187
-0.7019532210551547,-0.7019532210551547
-0.6965893719642385,-0.6965893719642385
-0.691231255079583,-0.691231255079583
-0.6858788654942024,-0.6858788654942024
-0.6805321982742708,-0.6805321982742708
-0.6751912484590837,-0.6751912484590837
-0.669856011061014,-0.669856011061014
-0.6645264810654709,-0.6645264810654709
-0.6592026534308573,-0.6592026534308573
-0.653884523088528,-0.653884523088528
-0.6485720849427468,-0.6485720849427468
-0.6432653338706409,-0.6432653338706409
-0.6379642647221581,-0.6379642647221581
-0.6326688723200242,-0.6326688723200242
-0.627379151459696,-0.627379151459696
-0.6220950969093163,-0.6220950969093163
-0.6168167034096693,-0.6168167034096693
-0.6115439656741349,-0.6115439656741349
-0.6062768783886416,-0.6062768783886416
-0.6010154362116188,-0.6010154362116188
-0.5957596337739514,-0.5957596337739514
-0.5905094656789314,-0.5905094656789314
-0.5852649265022105,-0.5852649265022105
-0.5800260107917499,-0.5800260107917499
-0.5747927130677724,-0.5747927130677724
-0.5695650278227143,-0.5695650278227143
-0.5643429495211754,-0.5643429495211754
-0.5591264725998658,-0.5591264725998658
-0.5539155914675595,-0.5539155914675595
-0.5487103005050409,-0.5487103005050409
-0.5435105940650553,-0.5435105940650553
-0.5383164664722543,-0.5383164664722543
-0.5331279120231457,-0.5331279120231457
-0.5279449249860411,-0.5279449249860411
-0.522767499601002,-0.522767499601002
-0.5175956300797855,-0.5175956300797855
-0.5124293106057912,-0.5124293106057912
-0.5072685353340072,-0.5072685353340072
-0.5021132983909555,-0.5021132983909555
-0.4969635938746346,-0.4969635938746346
-0.49181941585446526,-0.49181941585446526
-0.4866807583712363,-0.4866807583712363
-0.4815476154370446,-0.4815476154370446
-0.47641998103523947,-0.47641998103523947
-0.4712978491203657,-0.4712978491203657
-0.4661812136181053,-0.4661812136181053
-0.46107006842521975,-0.46107006842521975
-0.45596440740948924,-0.45596440740948924
-0.4508642244096556,-0.4508642244096556
-0.4457695132353617,-0.4457695132353617
-0.44068026766709206,-0.44068026766709206
-0.4355964814561108,-0.4355964814561108
-0.4305181483244011,-0.4305181483244011
-0.4254452619646048,-0.4254452619646048
-0.42037781603996016,-0.42037781603996016
-0.4153158041842382,-0.4153158041842382
-0.4102592200016801,-0.4102592200016801
-0.40520805706693547,-0.40520805706693547
-0.40016230892499766,-0.40016230892499766
-0.39512196909113895,-0.39512196909113895
-0.39008703105084497,-0.39008703105084497
-0.38505748825975333,-0.38505748825975333
-0.38003333414358387,-0.38003333414358387
-0.3750145620980741,-0.3750145620980741
-0.37000116548891304,-0.37000116548891304
-0.36499313765167374,-0.36499313765167374
-0.3599904718917464,-0.3599904718917464
-0.35499316148426824,-0.35499316148426824
-0.35000119967405696,-0.35000119967405696
-0.34501457967554233,-0.34501457967554233
-0.34003329467269544,-0.34003329467269544
-0.3350573378189579,-0.3350573378189579
-0.3300867022371734,-0.3300867022371734
-0.3251213810195159,-0.3251213810195159
-0.32016136722741845,-0.32016136722741845
-0.3152066538915012,-0.3152066538915012
-0.3102572340114979,-0.3102572340114979
-0.30531310055618555,-0.30531310055618555
-0.3003742464633093,-0.3003742464633093
-0.2954406646395084,-0.2954406646395084
-0.29051234796024156,-0.29051234796024156
-0.2855892892697145,-0.2855892892697145
-0.2806714813808024,-0.2806714813808024
-0.275758917074974,-0.275758917074974
-0.270851589102215,-0.270851589102215
-0.2659494901809541,-0.2659494901809541
-0.26105261299798177,-0.26105261299798177
-0.2561609502083742,-0.2561609502083742
-0.25127449443541405,-0.25127449443541405
-0.24639323827051415,-0.24639323827051415
-0.24151717427313274,-0.24151717427313274
-0.23664629497069992,-0.23664629497069992
-0.23178059285853073,-0.23178059285853073
-0.22692006039975054,-0.22692006039975054
-0.2220646900252061,-0.2220646900252061
-0.2172144741333921,-0.2172144741333921
-0.21236940509035984,-0.21236940509035984
-0.2075294752296397,-0.2075294752296397
-0.20269467685215647,-0.20269467685215647
-0.19786500222614428,-0.19786500222614428
-0.193040443587061,-0.193040443587061
-0.18822099313750354,-0.18822099313750354
-0.183406643047124,-0.183406643047124
-0.17859738545254086,-0.17859738545254086
-0.1737932124572519,-0.1737932124572519
-0.16899411613154713,-0.16899411613154713
-0.16420008851242215,-0.16420008851242215
-0.15941112160348822,-0.15941112160348822
-0.15462720737488161,-0.15462720737488161
-0.14984833776317602,-0.14984833776317602
-0.14507450467129193,-0.14507450467129193
-0.14030569996840545,-0.14030569996840545
-0.13554191548985534,-0.13554191548985534
-0.130783143037052,-0.130783143037052
-0.12602937437738668,-0.12602937437738668
-0.12128060124413574,-0.12128060124413574
-0.11653681533636731,-0.11653681533636731
-0.11179800831884686,-0.11179800831884686
-0.1070641718219436,-0.1070641718219436
-0.10233529744153372,-0.10233529744153372
-0.09761137673890415,-0.09761137673890415
-0.09289240124065513,-0.09289240124065513
-0.08817836243860491,-0.08817836243860491
-0.08346925178969114,-0.08346925178969114
-0.07876506071587039,-0.07876506071587039
-0.07406578060402029,-0.07406578060402029
-0.0693714028058411,-0.0693714028058411
-0.06468191863775392,-0.06468191863775392
-0.05999731938079851,-0.05999731938079851
-0.05531759628053366,-0.05531759628053366
-0.05064274054693446,-0.05064274054693446
-0.04597274335428928,-0.04597274335428928
-0.04130759584109564,-0.04130759584109564
-0.036647289109956266,-0.036647289109956266
-0.031991814227475796,-0.031991814227475796
-0.02734116222415353,-0.02734116222415353
-0.022695324094278223,-0.022695324094278223
-0.018054290795820507,-0.018054290795820507
-0.01341805325032761,-0.01341805325032761
-0.008786602342813478,-0.008786602342813478
-0.004159928921650409,-0.004159928921650409
0.0004619762015402839,0.0004619762015402839
0.00507912225199646,0.00507912225199646
0.00969151849192771,0.00969151849192771
0.014299174220628293,0.014299174220628293
0.018902098774582238,0.018902098774582238
0.023500301527585796,0.023500301527585796
0.02809379189085122,0.02809379189085122
0.032682579313129345,0.032682579313129345
0.037266673280815135,0.037266673280815135
0.04184608331807334,0.04184608331807334
0.04642081898694308,0.04642081898694308
0.05099088988746613,0.05099088988746613
0.0555563056577945,0.0555563056577945
0.0601170759743166,0.0601170759743166
0.06467321055176828,0.06467321055176828
0.06922471914335986,0.06922471914335986
0.07377161154089208,0.07377161154089208
0.07831389757487577,0.07831389757487577
0.08285158711465919,0.08285158711465919
0.08738469006854277,0.08738469006854277
0.0919132163839107,0.0919132163839107
0.0964371760473468,0.0964371760473468
0.10095657908476562,0.10095657908476562
0.10547143556153225,0.10547143556153225
0.10998175558259413,0.10998175558259413
0.11448754929260159,0.11448754929260159
0.11898882687604159,0.11898882687604159
0.12348559855736016,0.12348559855736016
0.12797787460109836,0.12797787460109836
0.132465665312013,0.132465665312013
0.13694898103521722,0.13694898103521722
0.14142783215630358,0.14142783215630358
0.14590222910148354,0.14590222910148354
0.1503721823377109,0.1503721823377109
0.15483770237282737,0.15483770237282737
0.15929879975568637,0.15929879975568637
0.16375548507629534,0.16375548507629534
0.16820776896594677,0.16820776896594677
0.1726556620973617,0.1726556620973617
0.17709917518481852,0.17709917518481852
0.18153831898430026,0.18153831898430026
0.18597310429362673,0.18597310429362673
0.19040354195260087,0.19040354195260087
0.19482964284314405,0.19482964284314405
0.19925141788944273,0.19925141788944273
0.2036688780580864,0.2036688780580864
0.20808203435821593,0.20808203435821593
0.21249089784166275,0.21249089784166275
0.21689547960310018,0.21689547960310018
0.22129579078018102,0.22129579078018102
0.22569184255369423,0.22569184255369423
0.2300836461477033,0.2300836461477033
0.2344712128297029,0.2344712128297029
0.23885455391076083,0.23885455391076083
0.24323368074567617,0.24323368074567617
0.24760860473312132,0.24760860473312132
0.2519793373158043,0.2519793373158043
0.25634588998061203,0.25634588998061203
0.2607082742587726,0.2607082742587726
0.26506650172600166,0.26506650172600166
0.26942058400266733,0.26942058400266733
0.273770532753938,0.273770532753938
0.2781163596899464,0.2781163596899464
0.2824580765659432,0.2824580765659432
0.2867956951824611,0.2867956951824611
0.2911292273854691,0.2911292273854691
0.29545868506654094,0.29545868506654094
0.2997840801630101,0.2997840801630101
0.3041054246581394,0.3041054246581394
0.30842273058127817,0.30842273058127817
0.31273601000803536,0.31273601000803536
0.3170452750604365,0.3170452750604365
0.3213505379070992,0.3213505379070992
0.3256518107633943,0.3256518107633943
0.3299491058916208,0.3299491058916208
0.33424243560116784,0.33424243560116784
0.33853181224869555,0.33853181224869555
0.3428172482382976,0.3428172482382976
0.3470987560216822,0.3470987560216822
0.35137634809833695,0.35137634809833695
0.3556500370157146,0.3556500370157146
0.3599198353693975,0.3599198353693975
0.36418575580328544,0.36418575580328544
0.36844781100976437,0.36844781100976437
0.3727060137298936,0.3727060137298936
0.37696037675357735,0.37696037675357735
0.3812109129197559,0.3812109129197559
0.38545763511657677,0.38545763511657677
0.38970055628158945,0.38970055628158945
0.39393968940191837,0.39393968940191837
0.39817504751445865,0.39817504751445865
0.40240664370605417,0.40240664370605417
0.4066344911136935,0.4066344911136935
0.4108586029246885,0.4108586029246885
0.41507899237687573,0.41507899237687573
0.4192956727587962,0.4192956727587962
0.42350865740989696,0.42350865740989696
0.4277179597207172,0.4277179597207172
0.43192359313308804,0.43192359313308804
0.43612557114032235,0.43612557114032235
0.44032390728741816,0.44032390728741816
0.4445186151712497,0.4445186151712497
0.4487097084407725,0.4487097084407725
0.4528972007972167,0.4528972007972167
0.45708110599429735,0.45708110599429735
0.4612614378384053,0.4612614378384053
0.4654382101888248,0.4654382101888248
0.46961143695792434,0.46961143695792434
0.4737811321113742,0.4737811321113742
0.47794730966834537,0.47794730966834537
0.4821099837017255,0.4821099837017255
0.4862691683383204,0.4862691683383204
0.4904248777590746,0.4904248777590746
0.4945771261992739,0.4945771261992739
0.4987259279487679,0.4987259279487679
0.502871297352176,0.502871297352176
0.5070132488091135,0.5070132488091135
0.5111517967743966,0.5111517967743966
0.5152869557582758,0.5152869557582758
0.5194187403266399,0.5194187403266399
0.5235471651012524,0.5235471651012524
0.5276722447599607,0.5276722447599607
0.5317939940369323,0.5317939940369323
0.5359124277228678,0.5359124277228678
0.540027560665239,0.540027560665239
0.5441394077685069,0.5441394077685069
0.5482479839943598,0.5482479839943598
0.5523533043619346,0.5523533043619346
0.5564553839480576,0.5564553839480576
0.5605542378874738,0.5605542378874738
0.5646498813730804,0.5646498813730804
0.5687423296561629,0.5687423296561629
0.5728315980466377,0.5728315980466377
0.5769177019132881,0.5769177019132881
0.5810006566840014,0.5810006566840014
0.5850804778460129,0.5850804778460129
0.5891571809461534,0.5891571809461534
0.5932307815910911,0.5932307815910911
0.5973012954475739,0.5973012954475739
0.6013687382426809,0.6013687382426809
0.6054331257640734,0.6054331257640734
0.6094944738602452,0.6094944738602452
0.6135527984407687,0.6135527984407687
0.6176081154765538,0.6176081154765538
0.6216604410001059,0.6216604410001059
0.6257097911057783,0.6257097911057783
0.6297561819500292,0.6297561819500292
0.6337996297516845,0.6337996297516845
0.6378401507922006,0.6378401507922006
0.6418777614159263,0.6418777614159263
0.6459124780303641,0.6459124780303641
0.649944317106439,0.649944317106439
0.6539732951787691,0.6539732951787691
0.6579994288459329,0.6579994288459329
0.6620227347707363,0.6620227347707363
0.6660432296804937,0.6660432296804937
0.670060930367293,0.670060930367293
0.6740758536882827,0.6740758536882827
0.6780880165659371,0.6780880165659371
0.6820974359883482,0.6820974359883482
0.6861041290094954,0.6861041290094954
0.6901081127495399,0.6901081127495399
0.6941094043950973,0.6941094043950973
0.6981080211995362,0.6981080211995362
0.7021039804832535,0.7021039804832535
0.706097299633978,0.706097299633978
0.7100879961070478,0.7100879961070478
0.7140760874257176,0.7140760874257176
0.7180615911814419,0.7180615911814419
0.7220445250341813,0.7220445250341813
0.7260249067126943,0.7260249067126943
0.7300027540148439,0.7300027540148439
0.7339780848078951,0.7339780848078951
0.7379509170288242,0.7379509170288242
0.7419212686846182,0.7419212686846182
0.7458891578525941,0.7458891578525941
0.7498546026806945,0.7498546026806945
0.7538176213878146,0.7538176213878146
0.7577782322641013,0.7577782322641013
0.761736453671285,0.761736453671285
0.7656923040429807,0.7656923040429807
0.7696458018850234,0.7696458018850234
0.773596965775777,0.773596965775777
0.7775458143664684,0.7775458143664684
0.7814923663815038,0.7814923663815038
0.7854366406188071,0.7854366406188071
0.7893786559501373,0.7893786559501373
0.7933184313214344,0.7933184313214344
0.7972559857531399,0.7972559857531399
0.8011913383405437,0.8011913383405437
0.805124508254114,0.805124508254114
0.8090555147398453,0.8090555147398453
0.8129843771195918,0.8129843771195918
0.8169111147914243,0.8169111147914243
0.8208357472299604,0.8208357472299604
0.8247582939867323,0.8247582939867323
0.8286787746905202,0.8286787746905202
0.8325972090477196,0.8325972090477196
0.8365136168426874,0.8365136168426874
0.840428017938106,0.840428017938106
0.8443404322753372,0.8443404322753372
0.848250879874792,0.848250879874792
0.8521593808362873,0.8521593808362873
0.856065955339421,0.856065955339421
0.8599706236439314,0.8599706236439314
0.8638734060900805,0.8638734060900805
0.8677743230990165,0.8677743230990165
0.8716733951731592,0.8716733951731592
0.8755706428965725,0.8755706428965725
0.87946608693535,0.87946608693535
0.883359748037993,0.883359748037993
0.8872516470358056,0.8872516470358056
0.8911418048432719,0.8911418048432719
0.8950302424584571,0.8950302424584571
0.8989169809633927,0.8989169809633927
0.9028020415244807,0.9028020415244807
0.9066854453928825,0.9066854453928825
0.9105672139049313,0.9105672139049313
0.914447368482523,0.914447368482523
0.9183259306335363,0.9183259306335363
0.9222029219522263,0.9222029219522263
0.926078364119653,0.926078364119653
0.9299522789040784,0.9299522789040784
0.9338246881613982,0.9338246881613982
0.937695613835549,0.937695613835549
0.9415650779589417,0.9415650779589417
0.9454331026528753,0.9454331026528753
0.9492997101279765,0.9492997101279765
0.953164922684618,0.953164922684618
0.9570287627133635,0.9570287627133635
0.9608912526953929,0.9608912526953929
0.9647524152029529,0.9647524152029529
0.9686122728997858,0.9686122728997858
0.9724708485415879,0.9724708485415879
0.9763281649764437,0.9763281649764437
0.9801842451452899,0.9801842451452899
0.9840391120823553,0.9840391120823553
0.9878927889156311,0.9878927889156311
0.991745298867317,0.991745298867317
0.9955966652542964,0.9955966652542964
0.9994469114885894,0.9994469114885894
1.0032960610778354,1.0032960610778354
1.0071441376257497,1.0071441376257497
1.0109911648326126,1.0109911648326126
1.0148371664957347,1.0148371664957347
1.0186821665099515,1.0186821665099515
1.022526188868092,1.022526188868092
1.026369257661484,1.026369257661484
1.0302113970804256,1.0302113970804256
1.0340526314146972,1.0340526314146972
1.0378929850540504,1.0378929850540504
1.0417324824887046,1.0417324824887046
1.0455711483098578,1.0455711483098578
1.049409007210194,1.049409007210194
1.0532460839843918,1.0532460839843918
1.0570824035296364,1.0570824035296364
1.0609179908461395,1.0609179908461395
1.064752871037662,1.064752871037662
1.068587069312041,1.068587069312041
1.0724206109817076,1.0724206109817076
1.0762535214642268,1.0762535214642268
1.080085826282834,1.080085826282834
1.083917551066972,1.083917551066972
1.0877487215528299,1.0877487215528299
1.0915793635838908,1.0915793635838908
1.0954095031114877,1.0954095031114877
1.0992391661953533,1.0992391661953533
1.1030683790041724,1.1030683790041724
1.1068971678161497,1.1068971678161497
1.1107255590195746,1.1107255590195746
1.1145535791133898,1.1145535791133898
1.118381254707759,1.118381254707759
1.1222086125246478,1.1222086125246478
1.1260356793984072,1.1260356793984072
1.1298624822763559,1.1298624822763559
1.1336890482193653,1.1336890482193653
1.1375154044024547,1.1375154044024547
1.1413415781153924,1.1413415781153924
1.1451675967632935,1.1451675967632935
1.1489934878672206,1.1489934878672206
1.1528192790647978,1.1528192790647978
1.1566449981108267,1.1566449981108267
1.1604706728779006,1.1604706728779006
1.164296331357024,1.164296331357024
1.1681220016582414,1.1681220016582414
1.1719477120112727,1.1719477120112727
1.1757734907661435,1.1757734907661435
1.1795993663938218,1.1795993663938218
1.1834253674868653,1.1834253674868653
1.187251522760074,1.187251522760074
1.1910778610511394,1.1910778610511394
1.1949044113212983,1.1949044113212983
1.1987312026559984,1.1987312026559984
1.2025582642655694,1.2025582642655694
1.206385625485892,1.206385625485892
1.2102133157790653,1.2102133157790653
1.2140413647341046,1.2140413647341046
1.2178698020676095,1.2178698020676095
1.2216986576244735,1.2216986576244735
1.2255279613785588,1.2255279613785588
1.2293577434334177,1.2293577434334177
1.23318803402298,1.23318803402298
1.2370188635122785,1.2370188635122785
1.2408502623981525,1.2408502623981525
1.2446822613099788,1.2446822613099788
1.2485148910103867,1.2485148910103867
1.252348182396003,1.252348182396003
1.2561821664981723,1.2561821664981723
1.2600168744837144,1.2600168744837144
1.263852337655656,1.263852337655656
1.2676885874539998,1.2676885874539998
1.2715256554564627,1.2715256554564627
1.2753635733792592,1.2753635733792592
1.2792023730778523,1.2792023730778523
1.2830420865477417,1.2830420865477417
1.286882745925233,1.286882745925233
1.290724383488232,1.290724383488232
1.294567031657028,1.294567031657028
1.2984107229950983,1.2984107229950983
1.302255490209903,1.302255490209903
1.3061013661537044,1.3061013661537044
1.3099483838243662,1.3099483838243662
1.313796576366192,1.313796576366192
1.3176459770707345,1.3176459770707345
1.3214966193776443,1.3214966193776443
1.3253485368754914,1.3253485368754914
1.3292017633026276,1.3292017633026276
1.3330563325480234,1.3330563325480234
1.3369122786521341,1.3369122786521341
1.3407696358077585,1.3407696358077585
1.3446284383609128,1.3446284383609128
1.348488720811702,1.348488720811702
1.3523505178152109,1.3523505178152109
1.3562138641823824,1.3562138641823824
1.360078794880928,1.360078794880928
1.3639453450362145,1.3639453450362145
1.3678135499321886,1.3678135499321886
1.371683445012281,1.371683445012281
1.3755550658803417,1.3755550658803417
1.3794284483015544,1.3794284483015544
1.3833036282033948,1.3833036282033948
1.3871806416765506,1.3871806416765506
1.391059524975895,1.391059524975895
1.3949403145214276,1.3949403145214276
1.3988230468992549,1.3988230468992549
1.4027077588625476,1.4027077588625476
1.4065944873325378,1.4065944873325378
1.4104832693994926,1.4104832693994926
1.414374142323719,1.414374142323719
1.4182671435365588,1.4182671435365588
1.4221623106414094,1.4221623106414094
1.426059681414728,1.426059681414728
1.429959293807074,1.429959293807074
1.4338611859441246,1.4338611859441246
1.4377653961277372,1.4377653961277372
1.441671962836978,1.441671962836978
1.4455809247291975,1.4455809247291975
1.449492320641083,1.449492320641083
1.4534061895897428,1.4534061895897428
1.4573225707737856,1.4573225707737856
1.4612415035744069,1.4612415035744069
1.4651630275564873,1.4651630275564873
1.4690871824697158,1.4690871824697158
1.4730140082496888,1.4730140082496888
1.4769435450190405,1.4769435450190405
1.4808758330885767,1.4808758330885767
1.4848109129584228,1.4848109129584228
1.4887488253191712,1.4887488253191712
1.4926896110530374,1.4926896110530374
1.4966333112350343,1.4966333112350343
1.5005799671341544,1.5005799671341544
1.504529620214556,1.504529620214556
1.508482312136754,1.508482312136754
1.5124380847588332,1.5124380847588332
1.5163969801376656,1.5163969801376656
1.5203590405301386,1.5203590405301386
1.52432430839438,1.52432430839438
1.5282928263910114,1.5282928263910114
1.5322646373844087,1.5322646373844087
1.5362397844439593,1.5362397844439593
1.5402183108453404,1.5402183108453404
1.5442002600718012,1.5442002600718012
1.5481856758154688,1.5481856758154688
1.5521746019786506,1.5521746019786506
1.556167082675142,1.556167082675142
1.560163162231564,1.560163162231564
1.5641628851887017,1.5641628851887017
1.5681662963028544,1.5681662963028544
1.5721734405471839,1.5721734405471839
1.5761843631130943,1.5761843631130943
1.5801991094116206,1.5801991094116206
1.5842177250748113,1.5842177250748113
1.5882402559571354,1.5882402559571354
1.5922667481368975,1.5922667481368975
1.5962972479176742,1.5962972479176742
1.6003318018297445,1.6003318018297445
1.6043704566315415,1.6043704566315415
1.6084132593111162,1.6084132593111162
1.6124602570876172,1.6124602570876172
1.6165114974127759,1.6165114974127759
1.620567027972399,1.620567027972399
1.6246268966878845,1.6246268966878845
1.6286911517177536,1.6286911517177536
1.6327598414591789,1.6327598414591789
1.6368330145495322,1.6368330145495322
1.6409107198679518,1.6409107198679518
1.6449930065369194,1.6449930065369194
1.6490799239238483,1.6490799239238483
1.6531715216426788,1.6531715216426788
1.6572678495554962,1.6572678495554962
1.6613689577741682,1.6613689577741682
1.6654748966619777,1.6654748966619777
1.6695857168352801,1.6695857168352801
1.673701469165176,1.673701469165176
1.6778222047791962,1.6778222047791962
1.6819479750629998,1.6819479750629998
1.6860788316620836,1.6860788316620836
1.6902148264835108,1.6902148264835108
1.6943560116976595,1.6943560116976595
1.698502439739974,1.698502439739974
1.7026541633127303,1.7026541633127303
1.7068112353868394,1.7068112353868394
1.7109737092036308,1.7109737092036308
1.7151416382766906,1.7151416382766906
1.7193150763936715,1.7193150763936715
1.7234940776181638,1.7234940776181638
1.7276786962915447,1.7276786962915447
1.7318689870348718,1.7318689870348718
1.7360650047507642,1.7360650047507642
1.7402668046253362,1.7402668046253362
1.74447444213011,1.74447444213011
1.7486879730239753,1.7486879730239753
1.7529074533551434,1.7529074533551434
1.7571329394631376,1.7571329394631376
1.7613644879807817,1.7613644879807817
1.7656021558362294,1.7656021558362294
1.7698460002549783,1.7698460002549783
1.774096078761945,1.774096078761945
1.7783524491835108,1.7783524491835108
1.7826151696496313,1.7826151696496313
1.786884298595921,1.786884298595921
1.7911598947658005,1.7911598947658005
1.795442017212617,1.795442017212617
1.7997307253018295,1.7997307253018295
1.8040260787131674,1.8040260787131674
1.8083281374428541,1.8083281374428541
1.812636961805808,1.812636961805808
1.8169526124379018,1.8169526124379018
1.821275150298202,1.821275150298202
1.825604636671275,1.825604636671275
1.8299411331694613,1.8299411331694613
1.8342847017352226,1.8342847017352226
1.8386354046434639,1.8386354046434639
1.8429933045039177,1.8429933045039177
1.8473584642635075,1.8473584642635075
1.8517309472087788,1.8517309472087788
1.8561108169683052,1.8561108169683052
1.8604981375151612,1.8604981375151612
1.8648929731693757,1.8648929731693757
1.8692953886004444,1.8692953886004444
1.8737054488298377,1.8737054488298377
1.8781232192335513,1.8781232192335513
1.882548765544662,1.882548765544662
1.8869821538559302,1.8869821538559302
1.891423450622392,1.891423450622392
1.895872722664025,1.895872722664025
1.9003300371683787,1.9003300371683787
1.9047954616932872,1.9047954616932872
1.909269064169558,1.909269064169558
1.91375091290373,1.91375091290373
1.9182410765808127,1.9182410765808127
1.9227396242670944,1.9227396242670944
1.9272466254129406,1.9272466254129406
1.931762149855644,1.931762149855644
1.9362862678222805,1.9362862678222805
1.9408190499326183,1.9408190499326183
1.9453605672020216,1.9453605672020216
1.9499108910444156,1.9499108910444156
1.954470093275245,1.954470093275245
1.9590382461145002,1.9590382461145002
1.963615422189726,1.963615422189726
1.9682016945391103,1.9682016945391103
1.9727971366145467,1.9727971366145467
1.9774018222847807,1.9774018222847807
1.9820158258385503,1.9820158258385503
1.9866392219877602,1.9866392219877602
1.9912720858707016,1.9912720858707016
1.9959144930552954,1.9959144930552954
2.0005665195423643,2.0005665195423643
2.005228241768932,2.005228241768932
2.0098997366115663,2.0098997366115663
2.014581081389754,2.014581081389754
2.019272353869296,2.019272353869296
2.0239736322657427,2.0239736322657427
2.0286849952478625,2.0286849952478625
2.033406521941155,2.033406521941155
2.038138291931383,2.038138291931383
2.0428803852681363,2.0428803852681363
2.047632882468448,2.047632882468448
2.05239586452044,2.05239586452044
2.0571694128870006,2.0571694128870006
2.0619536095094895,2.0619536095094895
2.0667485368114997,2.0667485368114997
2.0715542777026537,2.0715542777026537
2.0763709155824173,2.0763709155824173
2.0811985343439723,2.0811985343439723
2.0860372183781153,2.0860372183781153
2.0908870525772145,2.0908870525772145
2.095748122339179,2.095748122339179
2.100620513571487,2.100620513571487
2.105504312695245,2.105504312695245
2.1103996066493056,2.1103996066493056
2.115306482894404,2.115306482894404
2.1202250294173406,2.1202250294173406
2.125155334735225,2.125155334735225
2.130097487899742,2.130097487899742
2.1350515785014785,2.1350515785014785
2.14001769667427,2.14001769667427
2.1449959330996182,2.1449959330996182
2.149986379011144,2.149986379011144
2.1549891261990837,2.1549891261990837
2.16000426701483,2.16000426701483
2.1650318943755162,2.1650318943755162
2.1700721017686804,2.1700721017686804
2.175124983256928,2.175124983256928
2.1801906334826726,2.1801906334826726
2.185269147672926,2.185269147672926
2.1903606216441327,2.1903606216441327
2.19546515180706,2.19546515180706
2.200582835171718,2.200582835171718
2.2057137693523625,2.2057137693523625
2.210858052572543,2.210858052572543
2.216015783670183,2.216015783670183
2.2211870621027305,2.2211870621027305
2.2263719879523687,2.2263719879523687
2.23157066193127,2.23157066193127
2.2367831853869165,2.2367831853869165
2.242009660307461,2.242009660307461
2.24725018932716,2.24725018932716
2.252504875731867,2.252504875731867
2.2577738234645772,2.2577738234645772
2.263057137131022,2.263057137131022
2.2683549220053445,2.2683549220053445
2.2736672840358287,2.2736672840358287
2.2789943298506907,2.2789943298506907
2.2843361667639184,2.2843361667639184
2.2896929027812,2.2896929027812
2.2950646466059035,2.2950646466059035
2.3004515076451204,2.3004515076451204
2.305853596015778,2.305853596015778
2.311271022550818,2.311271022550818
2.3167038988054487,2.3167038988054487
2.3221523370634656,2.3221523370634656
2.327616450343622,2.327616450343622
2.333096352406097,2.333096352406097
2.3385921577590327,2.3385921577590327
2.344103981665123,2.344103981665123
2.3496319401482926,2.3496319401482926
2.355176150000448,2.355176150000448
2.360736728788306,2.360736728788306
2.3663137948602984,2.3663137948602984
2.3719074673535414,2.3719074673535414
2.377517866200902,2.377517866200902
2.383145112138143,2.383145112138143
2.3887893267111373,2.3887893267111373
2.3944506322831645,2.3944506322831645
2.4001291520422994,2.4001291520422994
2.4058250100088947,2.4058250100088947
2.41153833104312,2.41153833104312
2.4172692408526117,2.4172692408526117
2.423017866000191,2.423017866000191
2.428784333911706,2.428784333911706
2.4345687728839254,2.4345687728839254
2.4403713120925317,2.4403713120925317
2.446192081600232,2.446192081600232
2.4520312123649397,2.4520312123649397
2.4578888362480553,2.4578888362480553
2.4637650860228537,2.4637650860228537
2.4696600953829493,2.4696600953829493
2.4755739989508854,2.4755739989508854
2.481506932286814,2.481506932286814
2.4874590318972776,2.4874590318972776
2.493430435244082,2.493430435244082
2.4994212807532996,2.4994212807532996
2.5054317078243713,2.5054317078243713
2.5114618568393037,2.5114618568393037
2.5175118691719836,2.5175118691719836
2.523581887197611,2.523581887197611
2.5296720543022455,2.5296720543022455
2.535782514892456,2.535782514892456
2.5419134144050886,2.5419134144050886
2.548064899317163,2.548064899317163
2.554237117155889,2.554237117155889
2.5604302165087915,2.5604302165087915
2.5666443470339635,2.5666443470339635
2.572879659470451,2.572879659470451
2.5791363056487673,2.5791363056487673
2.5854144385015254,2.5854144385015254
2.591714212074198,2.591714212074198
2.598035781536028,2.598035781536028
2.6043793031910694,2.6043793031910694
2.61074493448935,2.61074493448935
2.617132834038185,2.617132834038185
2.623543161613626,2.623543161613626
2.629976078172074,2.629976078172074
2.636431745862003,2.636431745862003
2.6429103280358484,2.6429103280358484
2.6494119892620565,2.6494119892620565
2.65593689533727,2.65593689533727
2.662485213298671,2.662485213298671
2.6690571114364805,2.6690571114364805
2.6756527593066175,2.6756527593066175
2.6822723277435307,2.6822723277435307
2.6889159888731795,2.6889159888731795
2.6955839161261737,2.6955839161261737
2.70227628425111,2.70227628425111
2.708993269328063,2.708993269328063
2.7157350487822507,2.7157350487822507
2.7225018013978683,2.7225018013978683
2.729293707332127,2.729293707332127
2.7361109481294545,2.7361109481294545
2.742953706735896,2.742953706735896
2.749822167513679,2.749822167513679
2.7567165162559895,2.7567165162559895
2.763636940201956,2.763636940201956
2.7705836280517957,2.7705836280517957
2.7775567699821857,2.7775567699821857
2.784556557661823,2.784556557661823
2.7915831842672243,2.7915831842672243
2.7986368444986924,2.7986368444986924
2.8057177345965147,2.8057177345965147
2.8128260523573925,2.8128260523573925
2.81996199715108,2.81996199715108
2.8271257699372434,2.8271257699372434
2.8343175732825454,2.8343175732825454
2.8415376113779764,2.8415376113779764
2.84878609005642,2.84878609005642
2.85606321681044,2.85606321681044
2.8633692008103218,2.8633692008103218
2.870704252922364,2.870704252922364
2.8780685857274313,2.8780685857274313
2.8854624135397353,2.8854624135397353
2.892885952425894,2.892885952425894
2.900339420224253,2.900339420224253
2.907823036564482,2.907823036564482
2.9153370228874373,2.9153370228874373
2.9228816024652877,2.9228816024652877
2.9304570004219483,2.9304570004219483
2.9380634437537956,2.9380634437537956
2.9457011613506694,2.9457011613506694
2.953370384017158,2.953370384017158
2.9610713444942136,2.9610713444942136
2.9688042774810652,2.9688042774810652
2.9765694196574337,2.9765694196574337
2.9843670097060677,2.9843670097060677
2.992197288335614,2.992197288335614
3.000060498303816,3.000060498303816
3.0079568844410383,3.0079568844410383
3.0158866936741213,3.0158866936741213
3.0238501750506153,3.0238501750506153
3.031847579763345,3.031847579763345
3.0398791611753326,3.0398791611753326
3.0479451748450903,3.0479451748450903
3.056045878552282,3.056045878552282
3.0641815323237807,3.0641815323237807
3.0723523984600813,3.0723523984600813
3.0805587415621227,3.0805587415621227
3.088800828558508,3.088800828558508
3.0970789287331355,3.0970789287331355
3.105393313753236,3.105393313753236
3.1137442576978183,3.1137442576978183
3.1221320370865677,3.1221320370865677
3.1305569309091776,3.1305569309091776
3.139019220655112,3.139019220655112
3.1475191903438136,3.1475191903438136
3.1560571265553983,3.1560571265553983
3.164633318461813,3.164633318461813
3.173248057858455,3.173248057858455
3.1819016391962793,3.1819016391962793
3.19059435961442,3.19059435961442
3.199326518973313,3.199326518973313
3.2080984198883153,3.2080984198883153
3.216910367763861,3.216910367763861
3.2257626708281455,3.2257626708281455
3.2346556401683753,3.2346556401683753
3.2435895897665423,3.2435895897665423
3.2525648365357682,3.2525648365357682
3.261581700357242,3.261581700357242
3.270640504117735,3.270640504117735
3.2797415737477142,3.2797415737477142
3.288885238260046,3.288885238260046
3.2980718297893463,3.2980718297893463
3.3073016836319735,3.3073016836319735
3.3165751382866278,3.3165751382866278
3.325892535495627,3.325892535495627
3.3352542202868665,3.3352542202868665
3.3446605410164536,3.3446605410164536
3.354111849412035,3.354111849412035
3.3636085006168246,3.3636085006168246
3.373150853234386,3.373150853234386
3.3827392693741385,3.3827392693741385
3.3923741146976094,3.3923741146976094
3.4020557584654774,3.4020557584654774
3.4117845735853636,3.4117845735853636
3.4215609366604673,3.4215609366604673
3.4313852280390016,3.4313852280390016
3.4412578318644518,3.4412578318644518
3.451179136126682,3.451179136126682
3.461149532713939,3.461149532713939
3.4711694174657133,3.4711694174657133
3.4812391902265225,3.4812391902265225
3.4913592549005856,3.4913592549005856
3.501530019507481,3.501530019507481
3.5117518962387497,3.5117518962387497
3.5220253015154626,3.5220253015154626
3.5323506560468054,3.5323506560468054
3.5427283848896836,3.5427283848896836
3.553158917509384,3.553158917509384
3.5636426878412863,3.5636426878412863
3.5741801343536452,3.5741801343536452
3.584771700111539,3.584771700111539
3.595417832841908,3.595417832841908
3.6061189849997803,3.6061189849997803
3.616875613835643,3.616875613835643
3.6276881814640785,3.6276881814640785
3.6385571549336126,3.6385571549336126
3.6494830062978085,3.6494830062978085
3.6604662126876804,3.6604662126876804
3.67150725638541,3.67150725638541
3.6826066248994356,3.6826066248994356
3.693764811040894,3.693764811040894
3.7049823130014676,3.7049823130014676
3.7162596344327032,3.7162596344327032
3.727597284526791,3.727597284526791
3.738995778098838,3.738995778098838
3.75045563567068,3.75045563567068
3.7619773835562884,3.7619773835562884
3.773561553948785,3.773561553948785
3.7852086850090876,3.7852086850090876
3.796919320956236,3.796919320956236
3.808694012159474,3.808694012159474
3.820533315232067,3.820533315232067
3.832437793126939,3.832437793126939
3.8444080152341273,3.8444080152341273
3.856444557480164,3.856444557480164
3.868548002429384,3.868548002429384
3.8807189393871724,3.8807189393871724
3.892957964505284,3.892957964505284
3.9052656808892054,3.9052656808892054
3.9176426987076725,3.9176426987076725
3.930089635304322,3.930089635304322
3.9426071153115823,3.9426071153115823
3.9551957707668515,3.9551957707668515
3.9678562412310137,3.9678562412310137
3.980589173909334,3.980589173909334
3.9933952237747765,3.9933952237747765
4.006275053693884,4.006275053693884
4.019229334555198,4.019229334555198
4.032258745400319,4.032258745400319
4.04536397355763,4.04536397355763
4.058545714778848,4.058545714778848
4.071804673378372,4.071804673378372
4.085141562375539,4.085141562375539
4.09855710363986,4.09855710363986
4.112052028039297,4.112052028039297
4.125627075591732,4.125627075591732
4.139282995619557,4.139282995619557
4.153020546907615,4.153020546907615
4.166840497864516,4.166840497864516
4.180743626687403,4.180743626687403
4.1947307215302905,4.1947307215302905
4.208802580676002,4.208802580676002
4.22296001271194,4.22296001271194
4.2372038367096145,4.2372038367096145
4.251534882408166,4.251534882408166
4.265953990401893,4.265953990401893
4.280462012331977,4.280462012331977
4.295059811082467,4.295059811082467
4.309748260980625,4.309748260980625
4.3245282480017675,4.3245282480017675
4.339400669978762,4.339400669978762
4.354366436816257,4.354366436816257
4.369426470709791,4.369426470709791
4.384581706369868,4.384581706369868
4.399833091251266,4.399833091251266
4.415181585787593,4.415181585787593
4.430628163631277,4.430628163631277
4.446173811899156,4.446173811899156
4.4618195314238305,4.4618195314238305
4.477566337010933,4.477566337010933
4.493415257702459,4.493415257702459
4.509367337046356,4.509367337046356
4.525423633372551,4.525423633372551
4.541585220075637,4.541585220075637
4.557853185904305,4.557853185904305
4.574228635257806,4.574228635257806
4.590712688489673,4.590712688489673
4.607306482218816,4.607306482218816
4.624011169648303,4.624011169648303
4.640827920891961,4.640827920891961
4.657757923309158,4.657757923309158
4.674802381847901,4.674802381847901
4.691962519396513,4.691962519396513
4.70923957714422,4.70923957714422
4.72663481495083,4.72663481495083
4.744149511725887,4.744149511725887
4.761784965817461,4.761784965817461
4.779542495410963,4.779542495410963
4.797423438938299,4.797423438938299
4.815429155497651,4.815429155497651
4.833561025284213,4.833561025284213
4.851820450032239,4.851820450032239
4.870208853468795,4.870208853468795
4.888727681779567,4.888727681779567
4.907378404087061,4.907378404087061
4.9261625129416675,4.9261625129416675
4.945081524825977,4.945081524825977
4.964136980672809,4.964136980672809
4.9833304463973205,4.9833304463973205
5.0026635134437525,5.0026635134437525
5.022137799347237,5.022137799347237
5.041754948311256,5.041754948311256
5.06151663180112,5.06151663180112
5.081424549154147,5.081424549154147
5.101480428207076,5.101480428207076
5.121686025941263,5.121686025941263
5.14204312914629,5.14204312914629
5.162553555102656,5.162553555102656
5.183219152284126,5.183219152284126
5.2040418010805425,5.2040418010805425
5.225023414541733,5.225023414541733
5.246165939143267,5.246165939143267
5.267471355574851,5.267471355574851
5.2889416795522015,5.2889416795522015
5.310578962653207,5.310578962653207
5.332385293179222,5.332385293179222
5.354362797042494,5.354362797042494
5.3765136386805965,5.3765136386805965
5.398840021998956,5.398840021998956
5.421344191342406,5.421344191342406
5.444028432496896,5.444028432496896
5.466895073722544,5.466895073722544
5.489946486819171,5.489946486819171
5.513185088225492,5.513185088225492
5.53661334015333,5.53661334015333
5.560233751758215,5.560233751758215
5.5840488803477255,5.5840488803477255
5.608061332629057,5.608061332629057
5.632273765997332,5.632273765997332
5.656688889866352,5.656688889866352
5.681309467043421,5.681309467043421
5.706138315149959,5.706138315149959
5.731178308089806,5.731178308089806
5.756432377567191,5.756432377567191
5.781903514656353,5.781903514656353
5.80759477142488,5.80759477142488
5.8335092626130916,5.8335092626130916
5.859650167371769,5.859650167371769
5.8860207310607,5.8860207310607
5.912624267110541,5.912624267110541
5.939464158950778,5.939464158950778
5.966543862006608,5.966543862006608
5.993866905767715,5.993866905767715
6.021436895932025,6.021436895932025
6.049257516627809,6.049257516627809
6.077332532717538,6.077332532717538
6.105665792187213,6.105665792187213
6.134261228624882,6.134261228624882
6.16312286379244,6.16312286379244
6.192254810295011,6.192254810295011
6.2216612743523605,6.2216612743523605
6.2513465586769765,6.2513465586769765
6.281315065463879,6.281315065463879
6.311571299497429,6.311571299497429
6.34211987138063,6.34211987138063
6.372965500892755,6.372965500892755
6.404113020481485,6.404113020481485
6.4355673788961605,6.4355673788961605
6.467333644968965,6.467333644968965
6.4994170115513565,6.4994170115513565
6.531822799613424,6.531822799613424
6.564556462514477,6.564556462514477
6.597623590453411,6.597623590453411
6.631029915108025,6.631029915108025
6.664781314473005,6.664781314473005
6.6988838179069825,6.6988838179069825
6.7333436113995235,6.7333436113995235
6.76816704306964,6.76816704306964
6.803360628908223,6.803360628908223
6.838931058777467,6.838931058777467
6.874885202681326,6.874885202681326
6.911230117321625,6.911230117321625
6.947973052955851,6.947973052955851
6.985121460573261,6.985121460573261
7.022682999407391,7.022682999407391
7.06066554480391,7.06066554480391
7.099077196464272,7.099077196464272
7.137926287087046,7.137926287087046
7.1772213914300265,7.1772213914300265
7.216971335818038,7.216971335818038
7.257185208123011,7.257185208123011
7.297872368244841,7.297872368244841
7.339042459123509,7.339042459123509
7.3807054183150225,7.3807054183150225
7.422871490166337,7.422871490166337
7.4655512386268095,7.4655512386268095
7.508755560736686,7.508755560736686
7.552495700835832,7.552495700835832
7.59678326553956,7.59678326553956
7.641630239531834,7.641630239531834
7.687049002230012,7.687049002230012
7.733052345379425,7.733052345379425
7.779653491640891,7.779653491640891
7.826866114239291,7.826866114239291
7.874704357746706,7.874704357746706
7.923182860079688,7.923182860079688
7.97231677579688,7.97231677579688
8.022121800790476,8.022121800790476
8.072614198472825,8.072614198472825
8.123810827568144,8.123810827568144
8.175729171629115,8.175729171629115
8.22838737040842,8.22838737040842
8.281804253227152,8.281804253227152
8.335999374494444,8.335999374494444
8.390993051547229,8.390993051547229
8.446806404994522,8.446806404994522
8.503461401767954,8.503461401767954
8.560980901099365,8.560980901099365
8.61938870366786,8.61938870366786
8.678709604182448,8.678709604182448
8.738969447692563,8.738969447692563
8.800195189948473,8.800195189948473
8.862414962166357,8.862414962166357
8.925658140589908,8.925658140589908
8.989955421281316,8.989955421281316
9.055338900620766,9.055338900620766
9.121842162045903,9.121842162045903
9.189500369621202,9.189500369621202
9.258350369093314,9.258350369093314
9.328430797163055,9.328430797163055
9.3997821997896,9.3997821997896
9.472447160438493,9.472447160438493
9.546470439294009,9.546470439294009
9.62189912458097,9.62189912458097
9.698782797283169,9.698782797283169
9.777173710708153,9.777173710708153
9.857126986534505,9.857126986534505
9.938700829191873,9.938700829191873
10.021956760671639,10.021956760671639
10.10695987815113,10.10695987815113
10.193779137145535,10.193779137145535
10.282487663285563,10.282487663285563
10.373163096267467,10.373163096267467
10.465887970045038,10.465887970045038
10.560750133947273,10.560750133947273
10.657843220127276,10.657843220127276
10.757267163599588,10.757267163599588
10.859128782132606,10.859128782132606
10.963542424461966,10.963542424461966
11.070630696721702,11.070630696721702
11.180525278704552,11.180525278704552
11.293367843625456,11.293367843625456
11.409311097554866,11.409311097554866
11.528519957713574,11.528519957713574
11.651172892511445,11.651172892511445
11.777463450737331,11.777463450737331
11.907602012884555,11.907602012884555
12.041817804509511,12.041817804509511
12.18036122014158,12.18036122014158
12.323506517080784,12.323506517080784
12.47155495208526,12.47155495208526
12.624838451336364,12.624838451336364
12.783723926354929,12.783723926354929
12.948618377338796,12.948618377338796
13.1199749629195,13.1199749629195
13.29830026469201,13.29830026469201
13.484163040422606,13.484163040422606
13.678204847822656,13.678204847822656
13.881153040212238,13.881153040212238
14.093836799532845,14.093836799532845
14.31720710075245,14.31720710075245
14.552361824686773,14.552361824686773
14.800577699892116,14.800577699892116
15.06335143146748,15.06335143146748
15.342453382798617,15.342453382798617
15.639998709437489,15.639998709437489
15.958543231514017,15.958543231514017
16.301215147886786,16.301215147886786
16.67189998336648,16.67189998336648
17.07550687982051,17.07550687982051
17.518363348505527,17.518363348505527
18.008820880865272,18.008820880865272
18.558222943155187,18.558222943155187
19.182531433401717,19.182531433401717
19.905235080412417,19.905235080412417
20.762983460903992,20.762983460903992
21.81773551459566,21.81773551459566
23.187266798952866,23.187266798952866
25.142448960213414,25.142448960213414
28.5974294225412,28.5974294225412
