-7.00106602595161,-7.00106602595161
-6.9921838883670855,-6.9921838883670855
-6.951157074124481,-6.951157074124481
-6.898319794689071,-6.898319794689071
-6.8381960294896365,-6.8381960294896365
-6.772940075411413,-6.772940075411413
-6.703821841386726,-6.703821841386726
-6.631680487180406,-6.631680487180406
-6.557112184610725,-6.557112184610725
-6.4805623399985715,-6.4805623399985715
-6.402376297947166,-6.402376297947166
-6.322829562520863,-6.322829562520863
-6.242146942824953,-6.242146942824953
-6.160515276238301,-6.160515276238301
-6.078092216266033,-6.078092216266033
-5.9950124984801665,-5.9950124984801665
-5.911392529212261,-5.911392529212261
-5.827333823281654,-5.827333823281654
-5.742925630471266,-5.742925630471266
-5.658246976788337,-5.658246976788337
-5.573368274925489,-5.573368274925489
-5.488352611874219,-5.488352611874219
-5.403256790717368,-5.403256790717368
-5.318132182569809,-5.318132182569809
-5.233025430004609,-5.233025430004609
-5.14797903294752,-5.14797903294752
-5.063031840573654,-5.063031840573654
-4.978219467300472,-4.978219467300472
-4.893574646944304,-4.893574646944304
-4.809127536089016,-4.809127536089016
-4.7249059754265685,-4.7249059754265685
-4.6409357160750435,-4.6409357160750435
-4.557240616522262,-4.557240616522262
-4.473842814782797,-4.473842814782797
-4.390762879521137,-4.390762879521137
-4.308019943230737,-4.308019943230737
-4.225631820028351,-4.225631820028351
-4.143615110196007,-4.143615110196007
-4.06198529325667,-4.06198529325667
-3.980756811087268,-3.980756811087268
-3.89994314234101,-3.89994314234101
-3.819556869259785,-3.819556869259785
-3.7396097377989395,-3.7396097377989395
-3.66011271185464,-3.66011271185464
-3.5810760222734306,-3.5810760222734306
-3.5025092112306386,-3.5025092112306386
-3.4244211724856863,-3.4244211724856863
-3.346820187955847,-3.346820187955847
-3.269713960993227,-3.269713960993227
-3.193109646701363,-3.193109646701363
-3.1170138795862976,-3.1170138795862976
-3.0414327988012473,-3.0414327988012473
-2.9663720712131503,-2.9663720712131503
-2.891836912492686,-2.891836912492686
-2.817832106406128,-2.817832106406128
-2.7443620224672336,-2.7443620224672336
-2.6714306320896584,-2.6714306320896584
-2.599041523364978,-2.599041523364978
-2.527197914577741,-2.527197914577741
-2.4559026665570487,-2.4559026665570487
-2.385158293953563,-2.385158293953563
-2.3149669755214686,-2.3149669755214686
-2.2453305634765863,-2.2453305634765863
-2.1762505919945165,-2.1762505919945165
-2.1077282849055985,-2.1077282849055985
-2.039764562638872,-2.039764562638872
-1.9723600484597528,-1.9723600484597528
-1.9055150740434708,-1.9055150740434708
-1.839229684420721,-1.839229684420721
-1.7735036423285053,-1.7735036423285053
-1.708336431995465,-1.708336431995465
-1.6437272623878294,-1.6437272623878294
-1.5796750699390645,-1.5796750699390645
-1.5161785207836145,-1.5161785207836145
-1.4532360125126043,-1.4532360125126043
-1.390845675467011,-1.390845675467011
-1.3290053735816825,-1.3290053735816825
-1.2677127047914982,-1.2677127047914982
-1.2069650010091109,-1.2069650010091109
-1.1467593276818455,-1.1467593276818455
-1.0870924829336686,-1.0870924829336686
-1.0279609962964584,-1.0279609962964584
-0.9693611270332457,-0.9693611270332457
-0.9112888620545642,-0.9112888620545642
-0.8537399134275502,-0.8537399134275502
-0.7967097154759759,-0.7967097154759759
-0.7401934214679403,-0.7401934214679403
-0.6841858998865307,-0.6841858998865307
-0.628681730277286,-0.628681730277286
-0.5736751986648944,-0.5736751986648944
-0.5191602925300314,-0.5191602925300314
-0.4651306953358057,-0.4651306953358057
-0.41157978059168043,-0.41157978059168043
-0.3585006054412131,-0.3585006054412131
-0.3058859037582628,-0.3058859037582628
-0.2537280787346499,-0.2537280787346499
-0.20201919494042553,-0.20201919494042553
-0.15075096983607317,-0.15075096983607317
-0.09991476471395282,-0.09991476471395282
-0.049501575044233886,-0.049501575044233886
0.0004979798016603061,0.0004979798016603061
0.05009366747943217,0.05009366747943217
0.09929565428395579,0.09929565428395579
0.14811451747952012,0.14811451747952012
0.19656125838567473,0.19656125838567473
0.2446473162591776,0.2446473162591776
0.2923845830158632,0.2923845830158632
0.33978541883983165,0.33978541883983165
0.3868626687312266,0.3868626687312266
0.43362968004805497,0.43362968004805497
0.48010032110202494,0.48010032110202494
0.5262890008732918,0.5262890008732918
0.5722106899143409,0.5722106899143409
0.6178809425190391,0.6178809425190391
0.6633159202392014,0.6633159202392014
0.7085324168379311,0.7085324168379311
0.7535478847764758,0.7535478847764758
0.7983804633396651,0.7983804633396651
0.8430490085138709,0.8430490085138709
0.8875731247414572,0.8875731247414572
0.9319731986864129,0.9319731986864129
0.9762704351578484,0.9762704351578484
1.020486895351114,1.020486895351114
1.0646455375807624,1.0646455375807624
1.108770260695508,1.108770260695508
1.152885950382954,1.152885950382954
1.1970185285913273,1.1970185285913273
1.2411950063170498,1.2411950063170498
1.285443540030907,1.285443540030907
1.3297934920421597,1.3297934920421597
1.374275495129552,1.374275495129552
1.41892152180109,1.41892152180109
1.4637649585812933,1.4637649585812933
1.5088406857656882,1.5088406857656882
1.5541851631283656,1.5541851631283656
1.5998365221199935,1.5998365221199935
1.6458346651516678,1.6458346651516678
1.692221372625164,1.692221372625164
1.739040418443717,1.739040418443717
1.7863376948203584,1.7863376948203584
1.8341613472949663,1.8341613472949663
1.8825619209773947,1.8825619209773947
1.9315925191553278,1.9315925191553278
1.9813089755428945,1.9813089755428945
2.031770041603447,2.031770041603447
2.0830375905593437,2.0830375905593437
2.1351768399075435,2.1351768399075435
2.188256594496259,2.188256594496259
2.2423495124902857,2.2423495124902857
2.2975323968670773,2.2975323968670773
2.35388651544969,2.35388651544969
2.4114979529053335,2.4114979529053335
2.4704579986302533,2.4704579986302533
2.530863575016258,2.530863575016258
2.5928177112670894,2.5928177112670894
2.6564300687236893,2.6564300687236893
2.721817524589756,2.721817524589756
2.7891048220522405,2.7891048220522405
2.85842529610146,2.85842529610146
2.9299216859172663,2.9299216859172663
3.003747046556703,3.003747046556703
3.0800657749251363,3.0800657749251363
3.15905476772406,3.15905476772406
3.2409047323573876,3.2409047323573876
3.3258216757842227,3.3258216757842227
3.414028601213412,3.414028601213412
3.505767448576188,3.505767448576188
3.601301322193872,3.601301322193872
3.7009170583739537,3.7009170583739537
3.804928197345371,3.804928197345371
3.913678438676149,3.913678438676149
4.027545678036516,4.027545678036516
4.146946747133355,4.146946747133355
4.272343009563703,4.272343009563703
4.404247005574643,4.404247005574643
4.543230391561952,4.543230391561952
4.6899334902163154,4.6899334902163154
4.8450768611302095,4.8450768611302095
5.009475428938307,5.009475428938307
5.184055880640479,5.184055880640479
5.3698782864243295,5.3698782864243295
5.56816324050134,5.56816324050134
5.780326308647201,5.780326308647201
6.008022283467246,6.008022283467246
6.253202809315024,6.253202809315024
6.518192547852192,6.518192547852192
6.805791553414672,6.805791553414672
7.119415508977422,7.119415508977422
7.4632920102328555,7.4632920102328555
7.842742184968391,7.842742184968391
8.264596528496448,8.264596528496448
8.737830020845555,8.737830020845555
9.274572073574463,9.274572073574463
9.891793202318189,9.891793202318189
10.614298948085128,10.614298948085128
11.480475958481794,11.480475958481794
12.554530682499955,12.554530682499955
13.95668843432592,13.95668843432592
15.956795088084066,15.956795088084066
19.418138627869855,19.418138627869855
