-8.575146097279594,-8.575146097279594
-8.543775923871173,-8.543775923871173
-8.511290789921993,-8.511290789921993
-8.477737114772168,-8.477737114772168
-8.443159742748882,-8.443159742748882
-8.407601991307136,-8.407601991307136
-8.371105697900674,-8.371105697900674
-8.333711265610507,-8.333711265610507
-8.295457707557931,-8.295457707557931
-8.256382690128586,-8.256382690128586
-8.2165225750335,-8.2165225750335
-8.175912460232892,-8.175912460232892
-8.134586219747725,-8.134586219747725
-8.092576542383904,-8.092576542383904
-8.049914969393363,-8.049914969393363
-8.006631931095981,-8.006631931095981
-7.96275678248584,-7.96275678248584
-7.918317837844866,-7.918317837844866
-7.873342404386589,-7.873342404386589
-7.827856814952285,-7.827856814952285
-7.781886459781379,-7.781886459781379
-7.735455817377666,-7.735455817377666
-7.688588484492411,-7.688588484492411
-7.641307205245109,-7.641307205245109
-7.59363389940227,-7.59363389940227
-7.545589689834194,-7.545589689834194
-7.497194929169428,-7.497194929169428
-7.448469225666105,-7.448469225666105
-7.399431468319142,-7.399431468319142
-7.3500998512218105,-7.3500998512218105
-7.3004918971999455,-7.3004918971999455
-7.250624480736605,-7.250624480736605
-7.200513850204776,-7.200513850204776
-7.150175649425269,-7.150175649425269
-7.099624938566733,-7.099624938566733
-7.0488762144042685,-7.0488762144042685
-6.99794342995291,-6.99794342995291
-6.9468400134918715,-6.9468400134918715
-6.895578886995143,-6.895578886995143
-6.844172483983719,-6.844172483983719
-6.792632766814461,-6.792632766814461
-6.740971243420246,-6.740971243420246
-6.689198983515808,-6.689198983515808
-6.637326634283356,-6.637326634283356
-6.5853644355517735,-6.5853644355517735
-6.533322234482925,-6.533322234482925
-6.481209499778295,-6.481209499778295
-6.42903533541895,-6.42903533541895
-6.376808493951491,-6.376808493951491
-6.324537389332442,-6.324537389332442
-6.272230109343222,-6.272230109343222
-6.219894427587602,-6.219894427587602
-6.167537815083303,-6.167537815083303
-6.11516745145911,-6.11516745145911
-6.06279023576865,-6.06279023576865
-6.010412796931749,-6.010412796931749
-5.958041503813989,-5.958041503813989
-5.905682474954907,-5.905682474954907
-5.8533415879550255,-5.8533415879550255
-5.801024488531643,-5.801024488531643
-5.748736599253125,-5.748736599253125
-5.696483127961215,-5.696483127961215
-5.644269075890602,-5.644269075890602
-5.592099245494869,-5.592099245494869
-5.539978247987623,-5.539978247987623
-5.487910510607493,-5.487910510607493
-5.4359002836154025,-5.4359002836154025
-5.383951647032373,-5.383951647032373
-5.332068517125881,-5.332068517125881
-5.280254652652618,-5.280254652652618
-5.228513660865295,-5.228513660865295
-5.176849003290947,-5.176849003290947
-5.1252640012880235,-5.1252640012880235
-5.0737618413893335,-5.0737618413893335
-5.022345580437764,-5.022345580437764
-4.9710181505215125,-4.9710181505215125
-4.919782363715371,-4.919782363715371
-4.868640916634471,-4.868640916634471
-4.817596394806692,-4.817596394806692
-4.766651276869809,-4.766651276869809
-4.715807938599251,-4.715807938599251
-4.6650686567722275,-4.6650686567722275
-4.614435612873789,-4.614435612873789
-4.563910896650262,-4.563910896650262
-4.51349650951532,-4.51349650951532
-4.463194367813843,-4.463194367813843
-4.413006305948537,-4.413006305948537
-4.362934079374168,-4.362934079374168
-4.312979367464112,-4.312979367464112
-4.263143776253802,-4.263143776253802
-4.213428841065496,-4.213428841065496
-4.163836029018696,-4.163836029018696
-4.1143667414303815,-4.1143667414303815
-4.065022316109115,-4.065022316109115
-4.015804029546955,-4.015804029546955
-3.9667130990130084,-3.9667130990130084
-3.9177506845522787,-3.9177506845522787
-3.8689178908934196,-3.8689178908934196
-3.820215769268867,-3.820215769268867
-3.7716453191506756,-3.7716453191506756
-3.7232074899053473,-3.7232074899053473
-3.674903182370775,-3.674903182370775
-3.626733250358345,-3.626733250358345
-3.57869850208315,-3.57869850208315
-3.5307997015251513,-3.5307997015251513
-3.4830375697240297,-3.4830375697240297
-3.435412786010389,-3.435412786010389
-3.387925989175878,-3.387925989175878
-3.3405777785846795,-3.3405777785846795
-3.293368715228788,-3.293368715228788
-3.2462993227293366,-3.2462993227293366
-3.199370088286226,-3.199370088286226
-3.1525814635781675,-3.1525814635781675
-3.1059338656151994,-3.1059338656151994
-3.0594276775456763,-3.0594276775456763
-3.013063249419602,-3.013063249419602
-2.966840898910175,-2.966840898910175
-2.920760911995278,-2.920760911995278
-2.8748235436006118,-2.8748235436006118
-2.829029018206109,-2.829029018206109
-2.783377530417167,-2.783377530417167
-2.7378692455021993,-2.7378692455021993
-2.69250429989795,-2.69250429989795
-2.64728280168392,-2.64728280168392
-2.6022048310272443,-2.6022048310272443
-2.5572704405992486,-2.5572704405992486
-2.5124796559649067,-2.5124796559649067
-2.4678324759463375,-2.4678324759463375
-2.4233288729614317,-2.4233288729614317
-2.3789687933386605,-2.3789687933386605
-2.3347521576090524,-2.3347521576090524
-2.2906788607762913,-2.2906788607762913
-2.246748772565837,-2.246748772565837
-2.202961737653915,-2.202961737653915
-2.159317575877203,-2.159317575877203
-2.1158160824239705,-2.1158160824239705
-2.072457028007411,-2.072457028007411
-2.0292401590218563,-2.0292401590218563
-1.9861651976825196,-1.9861651976825196
-1.9432318421493968,-1.9432318421493968
-1.9004397666358892,-1.9004397666358892
-1.8577886215027088,-1.8577886215027088
-1.8152780333375746,-1.8152780333375746
-1.7729076050211776,-1.7729076050211776
-1.7306769157798683,-1.7306769157798683
-1.68858552122549,-1.68858552122549
-1.6466329533827464,-1.6466329533827464
-1.6048187207044609,-1.6048187207044609
-1.5631423080750835,-1.5631423080750835
-1.5216031768027387,-1.5216031768027387
-1.4802007646001067,-1.4802007646001067
-1.43893448555441,-1.43893448555441
-1.3978037300867294,-1.3978037300867294
-1.3568078649008808,-1.3568078649008808
-1.315946232922039,-1.315946232922039
-1.275218153225295,-1.275218153225295
-1.234622920954289,-1.234622920954289
-1.194159807230068,-1.194159807230068
-1.1538280590502803,-1.1538280590502803
-1.1136268991788063,-1.1136268991788063
-1.0735555260259158,-1.0735555260259158
-1.0336131135190076,-1.0336131135190076
-0.9937988109639954,-0.9937988109639954
-0.9541117428973637,-0.9541117428973637
-0.9145510089289248,-0.9145510089289248
-0.8751156835752725,-0.8751156835752725
-0.8358048160839366,-0.8358048160839366
-0.7966174302482069,-0.7966174302482069
-0.7575525242126001,-0.7575525242126001
-0.7186090702689181,-0.7186090702689181
-0.6797860146428426,-0.6797860146428426
-0.6410822772709895,-0.6410822772709895
-0.6024967515683474,-0.6024967515683474
-0.5640283041860001,-0.5640283041860001
-0.5256757747590302,-0.5256757747590302
-0.4874379756444845,-0.4874379756444845
-0.4493136916492794,-0.4493136916492794
-0.41130167974790166,-0.41130167974790166
-0.3734006687897587,-0.3734006687897587
-0.33560935919601875,-0.33560935919601875
-0.2979264226457711,-0.2979264226457711
-0.2603505017513249,-0.2603505017513249
-0.2228802097224556,-0.2228802097224556
-0.18551413001939862,-0.18551413001939862
-0.14825081599437792,-0.14825081599437792
-0.11108879052144416,-0.11108879052144416
-0.07402654561439242,-0.07402654561439242
-0.0370625420325121,-0.0370625420325121
-0.00019520887391401176,-0.00019520887391401176
0.03657705684383292,0.03657705684383292
0.07325589061603335,0.07325589061603335
0.10984296089645851,0.10984296089645851
0.1463399695565009,0.1463399695565009
0.18274865235820842,0.18274865235820842
0.2190707794415264,0.2190707794415264
0.25530815582608735,0.25530815582608735
0.2914626219279067,0.2914626219279067
0.32753605409135267,0.32753605409135267
0.36353036513677495,0.36353036513677495
0.39944750492419256,0.39944750492419256
0.435289460933455,0.435289460933455
0.47105825886130964,0.47105825886130964
0.5067559632358231,0.5067559632358231
0.5423846780486218,0.5423846780486218
0.5779465474054392,0.5779465474054392
0.6134437561954674,0.6134437561954674
0.6488785307800413,0.6488785307800413
0.6842531397011948,0.6842531397011948
0.7195698944106526,0.7195698944106526
0.7548311500198485,0.7548311500198485
0.7900393060715712,0.7900393060715712
0.825196807333877,0.825196807333877
0.8603061446169225,0.8603061446169225
0.8953698556133984,0.8953698556133984
0.9303905257632784,0.9303905257632784
0.9653707891436113,0.9653707891436113
1.0003133293841282,1.0003133293841282
1.0352208806094536,1.0352208806094536
1.0700962284087443,1.0700962284087443
1.1049422108336182,1.1049422108336182
1.1397617194252523,1.1397617194252523
1.1745577002715764,1.1745577002715764
1.2093331550955266,1.2093331550955266
1.2440911423753378,1.2440911423753378
1.2788347784979184,1.2788347784979184
1.3135672389463733,1.3135672389463733
1.3482917595227812,1.3482917595227812
1.383011637607391,1.383011637607391
1.4177302334554092,1.4177302334554092
1.452450971532638,1.452450971532638
1.4871773418912384,1.4871773418912384
1.5219129015869513,1.5219129015869513
1.5566612761391525,1.5566612761391525
1.591426161035181,1.591426161035181
1.6262113232804085,1.6262113232804085
1.6610206029956007,1.6610206029956007
1.6958579150631428,1.6958579150631428
1.7307272508237892,1.7307272508237892
1.765632679825632,1.765632679825632
1.800578351627061,1.800578351627061
1.8355684976555267,1.8355684976555267
1.87060743312401,1.87060743312401
1.9056995590071397,1.9056995590071397
1.9408493640789881,1.9408493640789881
1.9760614270146246,1.9760614270146246
2.011340418557592,2.011340418557592
2.046691103755537,2.046691103755537
2.082118344266299,2.082118344266299
2.117627100736841,2.117627100736841
2.1532224352574825,2.1532224352574825
2.1889095138939796,2.1889095138939796
2.224693609300069,2.224693609300069
2.260580103413183,2.260580103413183
2.2965744902361442,2.2965744902361442
2.332682378707705,2.332682378707705
2.368909495664909,2.368909495664909
2.4052616889003633,2.4052616889003633
2.441744930317538,2.441744930317538
2.4783653191874087,2.4783653191874087
2.51512908550975,2.51512908550975
2.5520425934825783,2.5520425934825783
2.589112345083288,2.589112345083288
2.626344983765163,2.626344983765163
2.6637472982730452,2.6637472982730452
2.7013262265820446,2.7013262265820446
2.7390888599633088,2.7390888599633088
2.777042447180977,2.777042447180977
2.8151943988245436,2.8151943988245436
2.8535522917810177,2.8535522917810177
2.892123873851355,2.892123873851355
2.9309170685157775,2.9309170685157775
2.9699399798527324,2.9699399798527324
3.0092008976163607,3.0092008976163607
3.0487083024774866,3.0487083024774866
3.0884708714332887,3.0884708714332887
3.1284974833909205,3.1284974833909205
3.168797224930536,3.168797224930536
3.209379396253282,3.209379396253282
3.2502535173199902,3.2502535173199902
3.2914293341864496,3.2914293341864496
3.3329168255412855,3.3329168255412855
3.3747262094526427,3.3747262094526427
3.416867950330016,3.416867950330016
3.4593527661077474,3.4593527661077474
3.5021916356568683,3.5021916356568683
3.545395806432135,3.545395806432135
3.588976802361277,3.588976802361277
3.6329464319836666,3.6329464319836666
3.6773167968457683,3.6773167968457683
3.7221003001609416,3.7221003001609416
3.767309655741334,3.767309655741334
3.8129578972097873,3.8129578972097873
3.8590583874999007,3.8590583874999007
3.905624828652549,3.905624828652549
3.9526712719173687,3.9526712719173687
4.000212128167957,4.000212128167957
4.048262178639669,4.048262178639669
4.096836585999173,4.096836585999173
4.145950905755088,4.145950905755088
4.195621098019261,4.195621098019261
4.245863539628477,4.245863539628477
4.296695036636574,4.296695036636574
4.3481328371872,4.3481328371872
4.400194644777668,4.400194644777668
4.4528986319245885,4.4528986319245885
4.506263454242189,4.506263454242189
4.560308264944515,4.560308264944515
4.615052729782881,4.615052729782881
4.670517042430243,4.670517042430243
4.726721940324411,4.726721940324411
4.783688720982218,4.783688720982218
4.841439258797119,4.841439258797119
4.899996022332859,4.899996022332859
4.959382092126169,4.959382092126169
5.019621179011713,5.019621179011713
5.080737642982801,5.080737642982801
5.142756512601565,5.142756512601565
5.205703504972759,5.205703504972759
5.269605046295419,5.269605046295419
5.334488293007091,5.334488293007091
5.400381153535499,5.400381153535499
5.467312310672925,5.467312310672925
5.5353112445887644,5.5353112445887644
5.604408256496165,5.604408256496165
5.674634492988826,5.674634492988826
5.746021971064463,5.746021971064463
5.8186036038517,5.8186036038517
5.892413227057479,5.892413227057479
5.967485626152462,5.967485626152462
6.0438565643121285,6.0438565643121285
6.121562811131723,6.121562811131723
6.200642172133468,6.200642172133468
6.281133519084836,6.281133519084836
6.363076821147016,6.363076821147016
6.446513176873079,6.446513176873079
6.531484847075675,6.531484847075675
6.618035288584497,6.618035288584497
6.706209188914097,6.706209188914097
6.796052501862978,6.796052501862978
6.887612484065344,6.887612484065344
6.980937732517196,6.980937732517196
7.0760782230988895,7.0760782230988895
7.173085350116636,7.173085350116636
7.272011966885859,7.272011966885859
7.372912427379693,7.372912427379693
7.475842628966312,7.475842628966312
7.580860056259203,7.580860056259203
7.688023826104956,7.688023826104956
7.797394733733406,7.797394733733406
7.909035300095653,7.909035300095653
8.023009820415615,8.023009820415615
8.139384413981462,8.139384413981462
8.25822707520354,8.25822707520354
8.379607725965954,8.379607725965954
8.503598269299381,8.503598269299381
8.630272644403096,8.630272644403096
8.759706883044782,8.759706883044782
8.891979167367,8.891979167367
9.027169889129839,9.027169889129839
9.165361710419582,9.165361710419582
9.30663962585376,9.30663962585376
9.451091026313579,9.451091026313579
9.598805764234966,9.598805764234966
9.749876220490165,9.749876220490165
9.904397372892259,9.904397372892259
10.06246686635542,10.06246686635542
10.224185084744386,10.224185084744386
13.08236390413543,13.08236390413543
13.045769358799648,13.045769358799648
13.010016197306594,13.010016197306594
12.975369305397178,12.975369305397178
12.942077740764152,12.942077740764152
12.910378543259156,12.910378543259156
12.880499590640287,12.880499590640287
12.852661794505792,12.852661794505792
12.827080827103083,12.827080827103083
12.803968506527106,12.803968506527106
12.783533928004758,12.783533928004758
12.76598440306654,12.76598440306654
12.751526251100653,12.751526251100653
12.740365475935214,12.740365475935214
12.732708351811068,12.732708351811068
12.72876193720139,12.72876193720139
12.728734530655814,12.728734530655814
12.732836079695124,12.732836079695124
12.741278551430298,12.741278551430298
12.754276271802823,12.754276271802823
12.772046238981261,12.772046238981261
12.794808415399206,12.794808415399206
12.822786002097164,12.822786002097164
12.856205698385628,12.856205698385628
12.89529794933089,12.89529794933089
12.94029718315447,12.94029718315447
12.991442040304701,12.991442040304701
13.048975595688734,13.048975595688734
13.113145575333299,13.113145575333299
13.184204568560943,13.184204568560943
13.26241023661762,13.26241023661762
13.348025518564548,13.348025518564548
