-7.127120038910066,-7.127120038910066
-7.13539976750309,-7.13539976750309
-7.140224449177378,-7.140224449177378
-7.14352251913587,-7.14352251913587
-7.145813624854486,-7.145813624854486
-7.147352093611362,-7.147352093611362
-7.14828990218744,-7.14828990218744
-7.14872834966884,-7.14872834966884
-7.148739856656005,-7.148739856656005
-7.148378801433318,-7.148378801433318
-7.1476875275753295,-7.1476875275753295
-7.146699946884054,-7.146699946884054
-7.145443832849381,-7.145443832849381
-7.143942350611583,-7.143942350611583
-7.14221511701446,-7.14221511701446
-7.140278958434023,-7.140278958434023
-7.138148466996844,-7.138148466996844
-7.13583641809227,-7.13583641809227
-7.133354089901507,-7.133354089901507
-7.130711512108171,-7.130711512108171
-7.1279176623885725,-7.1279176623885725
-7.124980623709033,-7.124980623709033
-7.121907711741623,-7.121907711741623
-7.118705579174633,-7.118705579174633
-7.115380301929525,-7.115380301929525
-7.111937451045491,-7.111937451045491
-7.108382153091735,-7.108382153091735
-7.104719141308836,-7.104719141308836
-7.100952799192291,-7.100952799192291
-7.09708719786489,-7.09708719786489
-7.093126128306562,-7.093126128306562
-7.089073129296926,-7.089073129296926
-7.084931511760656,-7.084931511760656
-7.080704380076494,-7.080704380076494
-7.0763946508090845,-7.0763946508090845
-7.072005069241843,-7.072005069241843
-7.067538224024382,-7.067538224024382
-7.062996560195841,-7.062996560195841
-7.058382390803201,-7.058382390803201
-7.053697907299074,-7.053697907299074
-7.048945188875166,-7.048945188875166
-7.044126210864221,-7.044126210864221
-7.039242852323823,-7.039242852323823
-7.034296902899292,-7.034296902899292
-7.029290069049359,-7.029290069049359
-7.024223979706887,-7.024223979706887
-7.019100191437324,-7.019100191437324
-7.013920193149385,-7.013920193149385
-7.008685410405512,-7.008685410405512
-7.0033972093737455,-7.0033972093737455
-6.998056900457532,-6.998056900457532
-6.992665741635627,-6.992665741635627
-6.98722494154047,-6.98722494154047
-6.981735662300134,-6.981735662300134
-6.976199022166143,-6.976199022166143
-6.970616097946912,-6.970616097946912
-6.964987927264502,-6.964987927264502
-6.959315510650418,-6.959315510650418
-6.953599813494531,-6.953599813494531
-6.947841767859817,-6.947841767859817
-6.942042274174227,-6.942042274174227
-6.936202202809913,-6.936202202809913
-6.930322395559071,-6.930322395559071
-6.924403667014679,-6.924403667014679
-6.9184468058636925,-6.9184468058636925
-6.912452576099529,-6.912452576099529
-6.906421718160035,-6.906421718160035
-6.900354949996573,-6.900354949996573
-6.894252968079368,-6.894252968079368
-6.888116448343795,-6.888116448343795
-6.881946047081862,-6.881946047081862
-6.875742401782841,-6.875742401782841
-6.869506131926572,-6.869506131926572
-6.863237839732764,-6.863237839732764
-6.85693811086928,-6.85693811086928
-6.850607515122195,-6.850607515122195
-6.844246607030125,-6.844246607030125
-6.837855926485259,-6.837855926485259
-6.831435999303161,-6.831435999303161
-6.824987337763407,-6.824987337763407
-6.818510441122871,-6.818510441122871
-6.812005796103377,-6.812005796103377
-6.805473877355297,-6.805473877355297
-6.798915147898548,-6.798915147898548
-6.792330059542385,-6.792330059542385
-6.7857190532851845,-6.7857190532851845
-6.77908255969548,-6.77908255969548
-6.772420999275252,-6.772420999275252
-6.765734782806561,-6.765734782806561
-6.759024311682428,-6.759024311682428
-6.752289978222851,-6.752289978222851
-6.745532165976818,-6.745532165976818
-6.738751250011016,-6.738751250011016
-6.731947597186041,-6.731947597186041
-6.72512156642071,-6.72512156642071
-6.718273508945154,-6.718273508945154
-6.7114037685432475,-6.7114037685432475
-6.704512681784966,-6.704512681784966
-6.697600578249156,-6.697600578249156
-6.69066778073722,-6.69066778073722
-6.6837146054781895,-6.6837146054781895
-6.6767413623255845,-6.6767413623255845
-6.669748354946493,-6.669748354946493
-6.662735881003247,-6.662735881003247
-6.6557042323280315,-6.6557042323280315
-6.648653695090807,-6.648653695090807
-6.641584549960821,-6.641584549960821
-6.634497072262032,-6.634497072262032
-6.627391532122741,-6.627391532122741
-6.620268194619677,-6.620268194619677
-6.613127319916793,-6.613127319916793
-6.605969163399025,-6.605969163399025
-6.5987939758012395,-6.5987939758012395
-6.591602003332572,-6.591602003332572
-6.584393487796374,-6.584393487796374
-6.577168666705935,-6.577168666705935
-6.569927773396222,-6.569927773396222
-6.562671037131717,-6.562671037131717
-6.555398683210619,-6.555398683210619
-6.548110933065488,-6.548110933065488
-6.540808004360507,-6.540808004360507
-6.533490111085524,-6.533490111085524
-6.526157463646971,-6.526157463646971
-6.518810268955808,-6.518810268955808
-6.511448730512609,-6.511448730512609
-6.504073048489908,-6.504073048489908
-6.496683419811908,-6.496683419811908
-6.4892800382316596,-6.4892800382316596
-6.48186309440582,-6.48186309440582
-6.474432775967066,-6.474432775967066
-6.466989267594264,-6.466989267594264
-6.459532751080492,-6.459532751080492
-6.452063405398978,-6.452063405398978
-6.4445814067670355,-6.4445814067670355
-6.437086928708098,-6.437086928708098
-6.429580142111873,-6.429580142111873
-6.42206121529275,-6.42206121529275
-6.414530314046451,-6.414530314046451
-6.406987601705067,-6.406987601705067
-6.399433239190472,-6.399433239190472
-6.3918673850662175,-6.3918673850662175
-6.384290195587932,-6.384290195587932
-6.376701824752305,-6.376701824752305
-6.369102424344678,-6.369102424344678
-6.361492143985318,-6.361492143985318
-6.353871131174393,-6.353871131174393
-6.346239531335725,-6.346239531335725
-6.338597487859321,-6.338597487859321
-6.330945142142768,-6.330945142142768
-6.323282633631501,-6.323282633631501
-6.3156100998579925,-6.3156100998579925
-6.3079276764798955,-6.3079276764798955
-6.300235497317171,-6.300235497317171
-6.292533694388257,-6.292533694388257
-6.284822397945268,-6.284822397945268
-6.277101736508303,-6.277101736508303
-6.269371836898855,-6.269371836898855
-6.2616328242723585,-6.2616328242723585
-6.253884822149932,-6.253884822149932
-6.246127952449293,-6.246127952449293
-6.238362335514905,-6.238362335514905
-6.230588090147372,-6.230588090147372
-6.222805333632104,-6.222805333632104
-6.215014181767264,-6.215014181767264
-6.207214748891051,-6.207214748891051
-6.199407147908288,-6.199407147908288
-6.191591490316398,-6.191591490316398
-6.183767886230726,-6.183767886230726
-6.175936444409275,-6.175936444409275
-6.168097272276841,-6.168097272276841
-6.160250475948578,-6.160250475948578
-6.152396160253021,-6.152396160253021
-6.144534428754545,-6.144534428754545
-6.13666538377534,-6.13666538377534
-6.12878912641683,-6.12878912641683
-6.120905756580649,-6.120905756580649
-6.113015372989096,-6.113015372989096
-6.105118073205151,-6.105118073205151
-6.097213953652031,-6.097213953652031
-6.089303109632308,-6.089303109632308
-6.081385635346585,-6.081385635346585
-6.073461623911792,-6.073461623911792
-6.065531167379035,-6.065531167379035
-6.057594356751082,-6.057594356751082
-6.049651281999464,-6.049651281999464
-6.041702032081183,-6.041702032081183
-6.03374669495509,-6.03374669495509
-6.0257853575978855,-6.0257853575978855
-6.0178181060197895,-6.0178181060197895
-6.009845025279874,-6.009845025279874
-6.001866199501074,-6.001866199501074
-5.993881711884879,-5.993881711884879
-5.985891644725727,-5.985891644725727
-5.9778960794250695,-5.9778960794250695
-5.969895096505196,-5.969895096505196
-5.96188877562271,-5.96188877562271
-5.95387719558179,-5.95387719558179
-5.9458604343471295,-5.9458604343471295
-5.937838569056653,-5.937838569056653
-5.9298116760339425,-5.9298116760339425
-5.921779830800446,-5.921779830800446
-5.913743108087405,-5.913743108087405
-5.905701581847588,-5.905701581847588
-5.897655325266745,-5.897655325266745
-5.889604410774883,-5.889604410774883
-5.881548910057271,-5.881548910057271
-5.873488894065281,-5.873488894065281
-5.865424433026979,-5.865424433026979
-5.857355596457525,-5.857355596457525
-5.849282453169381,-5.849282453169381
-5.841205071282308,-5.841205071282308
-5.833123518233192,-5.833123518233192
-5.825037860785656,-5.825037860785656
-5.816948165039518,-5.816948165039518
-5.808854496440058,-5.808854496440058
-5.800756919787114,-5.800756919787114
-5.792655499243999,-5.792655499243999
-5.784550298346276,-5.784550298346276
-5.776441380010346,-5.776441380010346
-5.768328806541893,-5.768328806541893
-5.760212639644177,-5.760212639644177
-5.752092940426154,-5.752092940426154
-5.743969769410481,-5.743969769410481
-5.735843186541351,-5.735843186541351
-5.7277132511922,-5.7277132511922
-5.719580022173273,-5.719580022173273
-5.711443557739054,-5.711443557739054
-5.7033039155955665,-5.7033039155955665
-5.695161152907544,-5.695161152907544
-5.687015326305475,-5.687015326305475
-5.678866491892519,-5.678866491892519
-5.670714705251323,-5.670714705251323
-5.662560021450687,-5.662560021450687
-5.654402495052141,-5.654402495052141
-5.646242180116398,-5.646242180116398
-5.638079130209701,-5.638079130209701
-5.629913398410054,-5.629913398410054
-5.621745037313356,-5.621745037313356
-5.6135740990394245,-5.6135740990394245
-5.605400635237928,-5.605400635237928
-5.5972246970942034,-5.5972246970942034
-5.589046335334989,-5.589046335334989
-5.5808656002340555,-5.5808656002340555
-5.57268254161775,-5.57268254161775
-5.564497208870441,-5.564497208870441
-5.5563096509398795,-5.5563096509398795
-5.54811991634247,-5.54811991634247
-5.539928053168456,-5.539928053168456
-5.531734109087025,-5.531734109087025
-5.5235381313513185,-5.5235381313513185
-5.515340166803379,-5.515340166803379
-5.507140261879011,-5.507140261879011
-5.498938462612548,-5.498938462612548
-5.49073481464158,-5.49073481464158
-5.482529363211559,-5.482529363211559
-5.4743221531803785,-5.4743221531803785
-5.46611322902285,-5.46611322902285
-5.457902634835115,-5.457902634835115
-5.449690414339003,-5.449690414339003
-5.441476610886297,-5.441476610886297
-5.433261267462959,-5.433261267462959
-5.425044426693274,-5.425044426693274
-5.416826130843929,-5.416826130843929
-5.408606421828039,-5.408606421828039
-5.400385341209113,-5.400385341209113
-5.3921629302049405,-5.3921629302049405
-5.383939229691446,-5.383939229691446
-5.375714280206467,-5.375714280206467
-5.3674881219534765,-5.3674881219534765
-5.359260794805262,-5.359260794805262
-5.351032338307534,-5.351032338307534
-5.342802791682488,-5.342802791682488
-5.334572193832323,-5.334572193832323
-5.326340583342686,-5.326340583342686
-5.318107998486088,-5.318107998486088
-5.309874477225259,-5.309874477225259
-5.301640057216451,-5.301640057216451
-5.2934047758127045,-5.2934047758127045
-5.285168670067053,-5.285168670067053
-5.276931776735698,-5.276931776735698
-5.268694132281124,-5.268694132281124
-5.260455772875168,-5.260455772875168
-5.252216734402069,-5.252216734402069
-5.2439770524614335,-5.2439770524614335
-5.235736762371201,-5.235736762371201
-5.227495899170539,-5.227495899170539
-5.219254497622707,-5.219254497622707
-5.2110125922178785,-5.2110125922178785
-5.202770217175928,-5.202770217175928
-5.1945274064491755,-5.1945274064491755
-5.1862841937250925,-5.1862841937250925
-5.178040612428967,-5.178040612428967
-5.16979669572654,-5.16979669572654
-5.1615524765266,-5.1615524765266
-5.1533079874835455,-5.1533079874835455
-5.145063260999907,-5.145063260999907
-5.13681832922884,-5.13681832922884
-5.128573224076579,-5.128573224076579
-5.120327977204866,-5.120327977204866
-5.112082620033334,-5.112082620033334
-5.103837183741879,-5.103837183741879
-5.095591699272967,-5.095591699272967
-5.087346197333955,-5.087346197333955
-5.079100708399328,-5.079100708399328
-5.070855262712961,-5.070855262712961
-5.062609890290307,-5.062609890290307
-5.054364620920585,-5.054364620920585
-5.046119484168915,-5.046119484168915
-5.037874509378448,-5.037874509378448
-5.029629725672461,-5.029629725672461
-5.021385161956407,-5.021385161956407
-5.013140846919966,-5.013140846919966
-5.004896809039053,-5.004896809039053
-4.996653076577801,-4.996653076577801
-4.988409677590524,-4.988409677590524
-4.980166639923648,-4.980166639923648
-4.9719239912176265,-4.9719239912176265
-4.963681758908825,-4.963681758908825
-4.955439970231374,-4.955439970231374
-4.947198652219018,-4.947198652219018
-4.938957831706925,-4.938957831706925
-4.93071753533348,-4.93071753533348
-4.922477789542058,-4.922477789542058
-4.914238620582758,-4.914238620582758
-4.906000054514143,-4.906000054514143
-4.897762117204938,-4.897762117204938
-4.889524834335712,-4.889524834335712
-4.881288231400541,-4.881288231400541
-4.873052333708647,-4.873052333708647
-4.8648171663860245,-4.8648171663860245
-4.856582754377038,-4.856582754377038
-4.848349122446,-4.848349122446
-4.84011629517874,-4.84011629517874
-4.831884296984146,-4.831884296984146
-4.823653152095687,-4.823653152095687
-4.815422884572916,-4.815422884572916
-4.807193518302968,-4.807193518302968
-4.798965077002021,-4.798965077002021
-4.790737584216746,-4.790737584216746
-4.782511063325757,-4.782511063325757
-4.774285537541009,-4.774285537541009
-4.766061029909215,-4.766061029909215
-4.757837563313221,-4.757837563313221
-4.749615160473375,-4.749615160473375
-4.741393843948885,-4.741393843948885
-4.7331736361391465,-4.7331736361391465
-4.724954559285066,-4.724954559285066
-4.716736635470367,-4.716736635470367
-4.708519886622879,-4.708519886622879
-4.700304334515809,-4.700304334515809
-4.692090000769004,-4.692090000769004
-4.683876906850194,-4.683876906850194
-4.675665074076229,-4.675665074076229
-4.667454523614282,-4.667454523614282
-4.659245276483062,-4.659245276483062
-4.651037353554002,-4.651037353554002
-4.642830775552429,-4.642830775552429
-4.6346255630587345,-4.6346255630587345
-4.626421736509508,-4.626421736509508
-4.618219316198686,-4.618219316198686
-4.610018322278669,-4.610018322278669
-4.6018187747614325,-4.6018187747614325
-4.59362069351962,-4.59362069351962
-4.585424098287638,-4.585424098287638
-4.577229008662715,-4.577229008662715
-4.569035444105976,-4.569035444105976
-4.560843423943481,-4.560843423943481
-4.552652967367266,-4.552652967367266
-4.544464093436371,-4.544464093436371
-4.536276821077854,-4.536276821077854
-4.528091169087788,-4.528091169087788
-4.51990715613226,-4.51990715613226
-4.511724800748353,-4.511724800748353
-4.503544121345109,-4.503544121345109
-4.495365136204495,-4.495365136204495
-4.487187863482348,-4.487187863482348
-4.479012321209326,-4.479012321209326
-4.470838527291816,-4.470838527291816
-4.46266649951287,-4.46266649951287
-4.45449625553311,-4.45449625553311
-4.446327812891619,-4.446327812891619
-4.438161189006841,-4.438161189006841
-4.429996401177459,-4.429996401177459
-4.421833466583256,-4.421833466583256
-4.413672402285987,-4.413672402285987
-4.405513225230224,-4.405513225230224
-4.397355952244208,-4.397355952244208
-4.389200600040667,-4.389200600040667
-4.381047185217656,-4.381047185217656
-4.372895724259369,-4.372895724259369
-4.364746233536941,-4.364746233536941
-4.356598729309253,-4.356598729309253
-4.348453227723727,-4.348453227723727
-4.3403097448170955,-4.3403097448170955
-4.332168296516185,-4.332168296516185
-4.324028898638685,-4.324028898638685
-4.315891566893897,-4.315891566893897
-4.307756316883492,-4.307756316883492
-4.299623164102252,-4.299623164102252
-4.291492123938803,-4.291492123938803
-4.283363211676343,-4.283363211676343
-4.2752364424933615,-4.2752364424933615
-4.267111831464355,-4.267111831464355
-4.25898939356053,-4.25898939356053
-4.250869143650497,-4.250869143650497
-4.24275109650097,-4.24275109650097
-4.234635266777444,-4.234635266777444
-4.226521669044868,-4.226521669044868
-4.218410317768333,-4.218410317768333
-4.210301227313707,-4.210301227313707
-4.202194411948318,-4.202194411948318
-4.194089885841592,-4.194089885841592
-4.185987663065689,-4.185987663065689
-4.177887757596157,-4.177887757596157
-4.169790183312546,-4.169790183312546
-4.161694953999045,-4.161694953999045
-4.153602083345095,-4.153602083345095
-4.145511584945993,-4.145511584945993
-4.13742347230351,-4.13742347230351
-4.129337758826485,-4.129337758826485
-4.121254457831418,-4.121254457831418
-4.113173582543057,-4.113173582543057
-4.105095146094986,-4.105095146094986
-4.097019161530192,-4.097019161530192
-4.088945641801645,-4.088945641801645
-4.080874599772855,-4.080874599772855
-4.0728060482184345,-4.0728060482184345
-4.064739999824655,-4.064739999824655
-4.056676467189993,-4.056676467189993
-4.048615462825673,-4.048615462825673
-4.040556999156203,-4.040556999156203
-4.032501088519913,-4.032501088519913
-4.024447743169479,-4.024447743169479
-4.016396975272444,-4.016396975272444
-4.008348796911739,-4.008348796911739
-4.000303220086192,-4.000303220086192
-3.992260256711034,-3.992260256711034
-3.9842199186184106,-3.9842199186184106
-3.9761822175578656,-3.9761822175578656
-3.9681471651968465,-3.9681471651968465
-3.960114773121186,-3.960114773121186
-3.952085052835587,-3.952085052835587
-3.9440580157640985,-3.9440580157640985
-3.9360336732505963,-3.9360336732505963
-3.9280120365592475,-3.9280120365592475
-3.91999311687498,-3.91999311687498
-3.911976925303938,-3.911976925303938
-3.903963472873941,-3.903963472873941
-3.8959527705349397,-3.8959527705349397
-3.8879448291594576,-3.8879448291594576
-3.8799396595430395,-3.8799396595430395
-3.871937272404687,-3.871937272404687
-3.8639376783872987,-3.8639376783872987
-3.855940888058098,-3.855940888058098
-3.8479469119090606,-3.8479469119090606
-3.83995576035734,-3.83995576035734
-3.8319674437456825,-3.8319674437456825
-3.823981972342849,-3.823981972342849
-3.81599935634402,-3.81599935634402
-3.8080196058712064,-3.8080196058712064
-3.800042730973654,-3.800042730973654
-3.7920687416282406,-3.7920687416282406
-3.784097647739879,-3.784097647739879
-3.7761294591419,-3.7761294591419
-3.7681641855964494,-3.7681641855964494
-3.7602018367948693,-3.7602018367948693
-3.752242422358085,-3.752242422358085
-3.744285951836975,-3.744285951836975
-3.736332434712755,-3.736332434712755
-3.7283818803973436,-3.7283818803973436
-3.720434298233732,-3.720434298233732
-3.7124896974963493,-3.7124896974963493
-3.7045480873914234,-3.7045480873914234
-3.6966094770573377,-3.6966094770573377
-3.6886738755649904,-3.6886738755649904
-3.6807412919181393,-3.6807412919181393
-3.6728117350537555,-3.6728117350537555
-3.664885213842367,-3.664885213842367
-3.6569617370884004,-3.6569617370884004
-3.6490413135305184,-3.6490413135305184
-3.6411239518419594,-3.6411239518419594
-3.6332096606308646,-3.6332096606308646
-3.625298448440616,-3.625298448440616
-3.6173903237501546,-3.6173903237501546
-3.6094852949743097,-3.6094852949743097
-3.601583370464117,-3.601583370464117
-3.593684558507139,-3.593684558507139
-3.5857888673277776,-3.5857888673277776
-3.5778963050875876,-3.5778963050875876
-3.5700068798855864,-3.5700068798855864
-3.562120599758561,-3.562120599758561
-3.5542374726813732,-3.5542374726813732
-3.5463575065672543,-3.5463575065672543
-3.538480709268111,-3.538480709268111
-3.530607088574821,-3.530607088574821
-3.522736652217519,-3.522736652217519
-3.5148694078658944,-3.5148694078658944
-3.507005363129477,-3.507005363129477
-3.499144525557922,-3.499144525557922
-3.4912869026412925,-3.4912869026412925
-3.483432501810341,-3.483432501810341
-3.475581330436785,-3.475581330436785
-3.467733395833586,-3.467733395833586
-3.459888705255219,-3.459888705255219
-3.4520472658979435,-3.4520472658979435
-3.444209084900074,-3.444209084900074
-3.4363741693422427,-3.4363741693422427
-3.4285425262476625,-3.4285425262476625
-3.4207141625823922,-3.4207141625823922
-3.4128890852555895,-3.4128890852555895
-3.405067301119773,-3.405067301119773
-3.39724881697107,-3.39724881697107
-3.389433639549475,-3.389433639549475
-3.381621775539093,-3.381621775539093
-3.3738132315683913,-3.3738132315683913
-3.366008014210443,-3.366008014210443
-3.35820612998317,-3.35820612998317
-3.3504075853495836,-3.3504075853495836
-3.342612386718024,-3.342612386718024
-3.334820540442397,-3.334820540442397
-3.3270320528224064,-3.3270320528224064
-3.3192469301037892,-3.3192469301037892
-3.3114651784785454,-3.3114651784785454
-3.303686804085164,-3.303686804085164
-3.2959118130088525,-3.2959118130088525
-3.288140211281759,-3.288140211281759
-3.280372004883196,-3.280372004883196
-3.2726071997398587,-3.2726071997398587
-3.264845801726046,-3.264845801726046
-3.2570878166638773,-3.2570878166638773
-3.2493332503235024,-3.2493332503235024
-3.2415821084233194,-3.2415821084233194
-3.2338343966301824,-3.2338343966301824
-3.226090120559614,-3.226090120559614
-3.218349285776007,-3.218349285776007
-3.210611897792835,-3.210611897792835
-3.2028779620728516,-3.2028779620728516
-3.1951474840282956,-3.1951474840282956
-3.1874204690210894,-3.1874204690210894
-3.1796969223630343,-3.1796969223630343
-3.1719768493160134,-3.1719768493160134
-3.1642602550921795,-3.1642602550921795
-3.1565471448541533,-3.1565471448541533
-3.14883752371521,-3.14883752371521
-3.141131396739472,-3.141131396739472
-3.133428768942096,-3.133428768942096
-3.1257296452894585,-3.1257296452894585
-3.1180340306993415,-3.1180340306993415
-3.110341930041113,-3.110341930041113
-3.1026533481359113,-3.1026533481359113
-3.0949682897568245,-3.0949682897568245
-3.0872867596290634,-3.0872867596290634
-3.0796087624301447,-3.0796087624301447
-3.0719343027900634,-3.0719343027900634
-3.064263385291465,-3.064263385291465
-3.0565960144698168,-3.0565960144698168
-3.048932194813582,-3.048932194813582
-3.041271930764385,-3.041271930764385
-3.033615226717178,-3.033615226717178
-3.0259620870204107,-3.0259620870204107
-3.0183125159761914,-3.0183125159761914
-3.0106665178404506,-3.0106665178404506
-3.0030240968231023,-3.0030240968231023
-2.995385257088204,-2.995385257088204
-2.987750002754116,-2.987750002754116
-2.9801183378936558,-2.9801183378936558
-2.9724902665342587,-2.9724902665342587
-2.9648657926581268,-2.9648657926581268
-2.957244920202382,-2.957244920202382
-2.949627653059225,-2.949627653059225
-2.942013995076075,-2.942013995076075
-2.934403950055726,-2.934403950055726
-2.9267975217564897,-2.9267975217564897
-2.919194713892345,-2.919194713892345
-2.9115955301330803,-2.9115955301330803
-2.903999974104437,-2.903999974104437
-2.8964080493882554,-2.8964080493882554
-2.8888197595226104,-2.8888197595226104
-2.8812351080019516,-2.8812351080019516
-2.873654098277247,-2.873654098277247
-2.8660767337561137,-2.8660767337561137
-2.858503017802957,-2.858503017802957
-2.8509329537391035,-2.8509329537391035
-2.8433665448429357,-2.8433665448429357
-2.835803794350023,-2.835803794350023
-2.828244705453253,-2.828244705453253
-2.82068928130296,-2.82068928130296
-2.8131375250070554,-2.8131375250070554
-2.805589439631154,-2.805589439631154
-2.798045028198701,-2.798045028198701
-2.790504293691092,-2.790504293691092
-2.7829672390478053,-2.7829672390478053
-2.775433867166515,-2.775433867166515
-2.7679041809032223,-2.7679041809032223
-2.760378183072366,-2.760378183072366
-2.752855876446949,-2.752855876446949
-2.7453372637586524,-2.7453372637586524
-2.7378223476979544,-2.7378223476979544
-2.7303111309142434,-2.7303111309142434
-2.7228036160159372,-2.7228036160159372
-2.715299805570591,-2.715299805570591
-2.7077997021050164,-2.7077997021050164
-2.700303308105384,-2.700303308105384
-2.692810626017345,-2.692810626017345
-2.685321658246131,-2.685321658246131
-2.677836407156666,-2.677836407156666
-2.6703548750736745,-2.6703548750736745
-2.6628770642817865,-2.6628770642817865
-2.655402977025641,-2.655402977025641
-2.6479326155099936,-2.6479326155099936
-2.6404659818998186,-2.6404659818998186
-2.633003078320408,-2.633003078320408
-2.625543906857477,-2.625543906857477
-2.6180884695572586,-2.6180884695572586
-2.610636768426611,-2.610636768426611
-2.603188805433107,-2.603188805433107
-2.595744582505137,-2.595744582505137
-2.5883041015320014,-2.5883041015320014
-2.580867364364007,-2.580867364364007
-2.573434372812566,-2.573434372812566
-2.5660051286502794,-2.5660051286502794
-2.558579633611038,-2.558579633611038
-2.55115788939011,-2.55115788939011
-2.543739897644232,-2.543739897644232
-2.5363256599916992,-2.5363256599916992
-2.528915178012452,-2.528915178012452
-2.521508453248168,-2.521508453248168
-2.5141054872023436,-2.5141054872023436
-2.5067062813403824,-2.5067062813403824
-2.49931083708968,-2.49931083708968
-2.4919191558397102,-2.4919191558397102
-2.4845312389421035,-2.4845312389421035
-2.4771470877107316,-2.4771470877107316
-2.469766703421793,-2.469766703421793
-2.462390087313887,-2.462390087313887
-2.4550172405880955,-2.4550172405880955
-2.447648164408064,-2.447648164408064
-2.4402828599000785,-2.4402828599000785
-2.43292132815314,-2.43292132815314
-2.4255635702190457,-2.4255635702190457
-2.418209587112461,-2.418209587112461
-2.4108593798109927,-2.4108593798109927
-2.4035129492552696,-2.4035129492552696
-2.3961702963490064,-2.3961702963490064
-2.3888314219590807,-2.3888314219590807
-2.3814963269156078,-2.3814963269156078
-2.374165012012002,-2.374165012012002
-2.3668374780050567,-2.3668374780050567
-2.359513725615003,-2.359513725615003
-2.352193755525586,-2.352193755525586
-2.344877568384129,-2.344877568384129
-2.3375651648016,-2.3375651648016
-2.3302565453526767,-2.3302565453526767
-2.322951710575812,-2.322951710575812
-2.3156506609732994,-2.3156506609732994
-2.3083533970113366,-2.3083533970113366
-2.3010599191200822,-2.3010599191200822
-2.2937702276937277,-2.2937702276937277
-2.2864843230905505,-2.2864843230905505
-2.2792022056329775,-2.2792022056329775
-2.2719238756076434,-2.2719238756076434
-2.264649333265452,-2.264649333265452
-2.257378578821631,-2.257378578821631
-2.2501116124557923,-2.2501116124557923
-2.2428484343119863,-2.2428484343119863
-2.235589044498759,-2.235589044498759
-2.2283334430892077,-2.2283334430892077
-2.2210816301210343,-2.2210816301210343
-2.2138336055966006,-2.2138336055966006
-2.2065893694829777,-2.2065893694829777
-2.1993489217120032,-2.1993489217120032
-2.1921122621803293,-2.1921122621803293
-2.184879390749475,-2.184879390749475
-2.177650307245876,-2.177650307245876
-2.1704250114609347,-2.1704250114609347
-2.1632035031510686,-2.1632035031510686
-2.155985782037759,-2.155985782037759
-2.148771847807594,-2.148771847807594
-2.141561700112324,-2.141561700112324
-2.1343553385688994,-2.1343553385688994
-2.127152762759522,-2.127152762759522
-2.1199539722316834,-2.1199539722316834
-2.1127589664982156,-2.1127589664982156
-2.105567745037329,-2.105567745037329
-2.09838030729266,-2.09838030729266
-2.091196652673306,-2.091196652673306
-2.0840167805538776,-2.0840167805538776
-2.0768406902745262,-2.0768406902745262
-2.0696683811409944,-2.0696683811409944
-2.0624998524246503,-2.0624998524246503
-2.0553351033625287,-2.0553351033625287
-2.0481741331573637,-2.0481741331573637
-2.0410169409776375,-2.0410169409776375
-2.033863525957605,-2.033863525957605
-2.026713887197336,-2.026713887197336
-2.0195680237627482,-2.0195680237627482
-2.0124259346856483,-2.0124259346856483
-2.0052876189637567,-2.0052876189637567
-1.9981530755607495,-1.9981530755607495
-1.9910223034062842,-1.9910223034062842
-1.9838953013960392,-1.9838953013960392
-1.9767720683917402,-1.9767720683917402
-1.9696526032211956,-1.9696526032211956
-1.9625369046783203,-1.9625369046783203
-1.9554249715231755,-1.9554249715231755
-1.9483168024819888,-1.9483168024819888
-1.9412123962471874,-1.9412123962471874
-1.9341117514774255,-1.9341117514774255
-1.9270148667976124,-1.9270148667976124
-1.9199217407989362,-1.9199217407989362
-1.9128323720388942,-1.9128323720388942
-1.9057467590413175,-1.9057467590413175
-1.8986649002963945,-1.8986649002963945
-1.891586794260695,-1.891586794260695
-1.8845124393571964,-1.8845124393571964
-1.877441833975305,-1.877441833975305
-1.8703749764708826,-1.8703749764708826
-1.8633118651662615,-1.8633118651662615
-1.8562524983502728,-1.8562524983502728
-1.8491968742782616,-1.8491968742782616
-1.8421449911721153,-1.8421449911721153
-1.8350968472202733,-1.8350968472202733
-1.8280524405777556,-1.8280524405777556
-1.8210117693661736,-1.8210117693661736
-1.813974831673756,-1.813974831673756
-1.8069416255553572,-1.8069416255553572
-1.7999121490324823,-1.7999121490324823
-1.792886400093299,-1.792886400093299
-1.7858643766926567,-1.7858643766926567
-1.7788460767520957,-1.7788460767520957
-1.7718314981598702,-1.7718314981598702
-1.7648206387709544,-1.7648206387709544
-1.757813496407062,-1.757813496407062
-1.7508100688566555,-1.7508100688566555
-1.7438103538749592,-1.7438103538749592
-1.7368143491839738,-1.7368143491839738
-1.729822052472485,-1.729822052472485
-1.722833461396075,-1.722833461396075
-1.7158485735771303,-1.7158485735771303
-1.708867386604857,-1.708867386604857
-1.7018898980352852,-1.7018898980352852
-1.6949161053912793,-1.6949161053912793
-1.6879460061625444,-1.6879460061625444
-1.6809795978056363,-1.6809795978056363
-1.6740168777439675,-1.6740168777439675
-1.6670578433678116,-1.6670578433678116
-1.6601024920343121,-1.6601024920343121
-1.653150821067485,-1.653150821067485
-1.6462028277582283,-1.6462028277582283
-1.6392585093643195,-1.6392585093643195
-1.632317863110421,-1.632317863110421
-1.6253808861880912,-1.6253808861880912
-1.6184475757557766,-1.6184475757557766
-1.6115179289388173,-1.6115179289388173
-1.6045919428294504,-1.6045919428294504
-1.5976696144868123,-1.5976696144868123
-1.5907509409369347,-1.5907509409369347
-1.5838359191727458,-1.5838359191727458
-1.5769245461540726,-1.5769245461540726
-1.570016818807637,-1.570016818807637
-1.563112734027056,-1.563112734027056
-1.5562122886728387,-1.5562122886728387
-1.549315479572381,-1.549315479572381
-1.542422303519968,-1.542422303519968
-1.535532757276767,-1.535532757276767
-1.5286468375708226,-1.5286468375708226
-1.5217645410970515,-1.5217645410970515
-1.514885864517243,-1.514885864517243
-1.508010804460045,-1.508010804460045
-1.5011393575209628,-1.5011393575209628
-1.4942715202623496,-1.4942715202623496
-1.4874072892134047,-1.4874072892134047
-1.4805466608701572,-1.4805466608701572
-1.4736896316954646,-1.4736896316954646
-1.4668361981189988,-1.4668361981189988
-1.459986356537241,-1.459986356537241
-1.4531401033134699,-1.4531401033134699
-1.446297434777751,-1.446297434777751
-1.439458347226925,-1.439458347226925
-1.4326228369245981,-1.4326228369245981
-1.4257909001011302,-1.4257909001011302
-1.41896253295362,-1.41896253295362
-1.4121377316458923,-1.4121377316458923
-1.4053164923084884,-1.4053164923084884
-1.398498811038648,-1.398498811038648
-1.3916846839002963,-1.3916846839002963
-1.3848741069240262,-1.3848741069240262
-1.3780670761070888,-1.3780670761070888
-1.3712635874133723,-1.3712635874133723
-1.3644636367733858,-1.3644636367733858
-1.3576672200842441,-1.3576672200842441
-1.350874333209649,-1.350874333209649
-1.3440849719798742,-1.3440849719798742
-1.337299132191738,-1.337299132191738
-1.3305168096085964,-1.3305168096085964
-1.323737999960313,-1.323737999960313
-1.316962698943247,-1.316962698943247
-1.310190902220225,-1.310190902220225
-1.3034226054205242,-1.3034226054205242
-1.296657804139853,-1.296657804139853
-1.2898964939403246,-1.2898964939403246
-1.2831386703504337,-1.2831386703504337
-1.2763843288650374,-1.2763843288650374
-1.2696334649453314,-1.2696334649453314
-1.262886074018819,-1.262886074018819
-1.2561421514792965,-1.2561421514792965
-1.2494016926868188,-1.2494016926868188
-1.2426646929676808,-1.2426646929676808
-1.2359311476143882,-1.2359311476143882
-1.2292010518856284,-1.2292010518856284
-1.2224744010062478,-1.2224744010062478
-1.215751190167221,-1.215751190167221
-1.2090314145256247,-1.2090314145256247
-1.2023150692046087,-1.2023150692046087
-1.195602149293361,-1.195602149293361
-1.1888926498470893,-1.1888926498470893
-1.1821865658869797,-1.1821865658869797
-1.1754838924001747,-1.1754838924001747
-1.1687846243397326,-1.1687846243397326
-1.1620887566246065,-1.1620887566246065
-1.1553962841396015,-1.1553962841396015
-1.1487072017353535,-1.1487072017353535
-1.14202150422828,-1.14202150422828
-1.1353391864005653,-1.1353391864005653
-1.1286602430001098,-1.1286602430001098
-1.1219846687405057,-1.1219846687405057
-1.1153124583009948,-1.1153124583009948
-1.1086436063264393,-1.1086436063264393
-1.101978107427278,-1.101978107427278
-1.0953159561794976,-1.0953159561794976
-1.0886571471245867,-1.0886571471245867
-1.0820016747695058,-1.0820016747695058
-1.0753495335866428,-1.0753495335866428
-1.0687007180137789,-1.0687007180137789
-1.0620552224540445,-1.0620552224540445
-1.055413041275885,-1.055413041275885
-1.048774168813013,-1.048774168813013
-1.042138599364375,-1.042138599364375
-1.0355063271941032,-1.0355063271941032
-1.0288773465314804,-1.0288773465314804
-1.0222516515708884,-1.0222516515708884
-1.015629236471777,-1.015629236471777
-1.0090100953586079,-1.0090100953586079
-1.0023942223208175,-1.0023942223208175
-0.9957816114127734,-0.9957816114127734
-0.9891722566537269,-0.9891722566537269
-0.9825661520277654,-0.9825661520277654
-0.9759632914837694,-0.9759632914837694
-0.969363668935366,-0.969363668935366
-0.9627672782608797,-0.9627672782608797
-0.9561741133032857,-0.9561741133032857
-0.9495841678701605,-0.9495841678701605
-0.9429974357336351,-0.9429974357336351
-0.9364139106303462,-0.9364139106303462
-0.9298335862613818,-0.9298335862613818
-0.9232564562922352,-0.9232564562922352
-0.9166825143527539,-0.9166825143527539
-0.9101117540370874,-0.9101117540370874
-0.9035441689036324,-0.9035441689036324
-0.8969797524749843,-0.8969797524749843
-0.890418498237884,-0.890418498237884
-0.8838603996431623,-0.8838603996431623
-0.8773054501056864,-0.8773054501056864
-0.8707536430043049,-0.8707536430043049
-0.8642049716817957,-0.8642049716817957
-0.8576594294448054,-0.8576594294448054
-0.8511170095637974,-0.8511170095637974
-0.8445777052729921,-0.8445777052729921
-0.8380415097703111,-0.8380415097703111
-0.8315084162173209,-0.8315084162173209
-0.8249784177391702,-0.8249784177391702
-0.8184515074245338,-0.8184515074245338
-0.8119276783255543,-0.8119276783255543
-0.80540692345778,-0.80540692345778
-0.7988892358001037,-0.7988892358001037
-0.7923746082947037,-0.7923746082947037
-0.7858630338469809,-0.7858630338469809
-0.7793545053254979,-0.7793545053254979
-0.7728490155619131,-0.7728490155619131
-0.7663465573509205,-0.7663465573509205
-0.7598471234501848,-0.7598471234501848
-0.7533507065802771,-0.7533507065802771
-0.7468572994246091,-0.7468572994246091
-0.7403668946293668,-0.7403668946293668
-0.7338794848034478,-0.7338794848034478
-0.7273950625183925,-0.7273950625183925
-0.7209136203083146,-0.7209136203083146
-0.7144351506698366,-0.7144351506698366
-0.7079596460620201,-0.7079596460620201
-0.7014870989062983,-0.7014870989062983
-0.6950175015864026,-0.6950175015864026
-0.688550846448296,-0.688550846448296
-0.6820871258001021,-0.6820871258001021
-0.6756263319120336,-0.6756263319120336
-0.6691684570163183,-0.6691684570163183
-0.6627134933071291,-0.6627134933071291
-0.6562614329405103,-0.6562614329405103
-0.6498122680343057,-0.6498122680343057
-0.64336599066808,-0.64336599066808
-0.6369225928830475,-0.6369225928830475
-0.6304820666819984,-0.6304820666819984
-0.6240444040292181,-0.6240444040292181
-0.617609596850414,-0.617609596850414
-0.6111776370326374,-0.6111776370326374
-0.6047485164242061,-0.6047485164242061
-0.5983222268346267,-0.5983222268346267
-0.5918987600345136,-0.5918987600345136
-0.5854781077555116,-0.5854781077555116
-0.5790602616902149,-0.5790602616902149
-0.5726452134920876,-0.5726452134920876
-0.5662329547753804,-0.5662329547753804
-0.5598234771150489,-0.5598234771150489
-0.553416772046673,-0.553416772046673
-0.5470128310663733,-0.5470128310663733
-0.5406116456307262,-0.5406116456307262
-0.534213207156678,-0.534213207156678
-0.5278175070214645,-0.5278175070214645
-0.5214245365625225,-0.5214245365625225
-0.5150342870774038,-0.5150342870774038
-0.5086467498236862,-0.5086467498236862
-0.5022619160188921,-0.5022619160188921
-0.4958797768403946,-0.4958797768403946
-0.48950032342533073,-0.48950032342533073
-0.48312354687051223,-0.48312354687051223
-0.47674943823233595,-0.47674943823233595
-0.4703779885266935,-0.4703779885266935
-0.4640091887288775,-0.4640091887288775
-0.4576430297734914,-0.4576430297734914
-0.4512795025543591,-0.4512795025543591
-0.4449185979244285,-0.4449185979244285
-0.4385603066956777,-0.4385603066956777
-0.43220461963902235,-0.43220461963902235
-0.4258515274842196,-0.4258515274842196
-0.41950102091977315,-0.41950102091977315
-0.41315309059283506,-0.41315309059283506
-0.406807727109109,-0.406807727109109
-0.4004649210327544,-0.4004649210327544
-0.39412466288628645,-0.39412466288628645
-0.3877869431504763,-0.3877869431504763
-0.3814517522642513,-0.3814517522642513
-0.3751190806245977,-0.3751190806245977
-0.3687889185864559,-0.3687889185864559
-0.36246125646261956,-0.36246125646261956
-0.3561360845236323,-0.3561360845236323
-0.34981339299768854,-0.34981339299768854
-0.3434931720705243,-0.3434931720705243
-0.33717541188531547,-0.33717541188531547
-0.3308601025425712,-0.3308601025425712
-0.3245472341000316,-0.3245472341000316
-0.3182367965725542,-0.3182367965725542
-0.31192877993201495,-0.31192877993201495
-0.30562317410719136,-0.30562317410719136
-0.29931996898366303,-0.29931996898366303
-0.2930191544036919,-0.2930191544036919
-0.28672072016612354,-0.28672072016612354
-0.280424656026265,-0.280424656026265
-0.2741309516957804,-0.2741309516957804
-0.2678395968425774,-0.2678395968425774
-0.2615505810906933,-0.2615505810906933
-0.25526389402017946,-0.25526389402017946
-0.2489795251669889,-0.2489795251669889
-0.24269746402286227,-0.24269746402286227
-0.2364177000352096,-0.2364177000352096
-0.23014022260699335,-0.23014022260699335
-0.22386502109661138,-0.22386502109661138
-0.2175920848177808,-0.2175920848177808
-0.21132140303941696,-0.21132140303941696
-0.20505296498551248,-0.20505296498551248
-0.19878675983501898,-0.19878675983501898
-0.19252277672172588,-0.19252277672172588
-0.18626100473413776,-0.18626100473413776
-0.18000143291535012,-0.18000143291535012
-0.17374405026292666,-0.17374405026292666
-0.16748884572877765,-0.16748884572877765
-0.1612358082190316,-0.1612358082190316
-0.15498492659390972,-0.15498492659390972
-0.14873618966759955,-0.14873618966759955
-0.14248958620812893,-0.14248958620812893
-0.13624510493723652,-0.13624510493723652
-0.1300027345302425,-0.1300027345302425
-0.1237624636159177,-0.1237624636159177
-0.11752428077635588,-0.11752428077635588
-0.11128817454684128,-0.11128817454684128
-0.10505413341571399,-0.10505413341571399
-0.09882214582423827,-0.09882214582423827
-0.09259220016647078,-0.09259220016647078
-0.08636428478912382,-0.08636428478912382
-0.08013838799142824,-0.08013838799142824
-0.07391449802499973,-0.07391449802499973
-0.06769260309370098,-0.06769260309370098
-0.06147269135350336,-0.06147269135350336
-0.055254750912347286,-0.055254750912347286
-0.04903876983000266,-0.04903876983000266
-0.04282473611793024,-0.04282473611793024
-0.03661263773913774,-0.03661263773913774
-0.030402462608038652,-0.030402462608038652
-0.024194198590307834,-0.024194198590307834
-0.017987833502740292,-0.017987833502740292
-0.011783355113103636,-0.011783355113103636
-0.005580751139992718,-0.005580751139992718
0.0006199907473170774,0.0006199907473170774
0.0068188829290150976,0.0068188829290150976
0.013015937834906425,0.013015937834906425
0.01921116794456344,0.01921116794456344
0.02540458578746687,0.02540458578746687
0.031596203943170136,0.031596203943170136
0.03778603504143858,0.03778603504143858
0.04397409176241404,0.04397409176241404
0.05016038683675641,0.05016038683675641
0.056344933045812326,0.056344933045812326
0.06252774322175547,0.06252774322175547
0.06870883024775888,0.06870883024775888
0.07488820705813899,0.07488820705813899
0.08106588663852533,0.08106588663852533
0.08724188202600931,0.08724188202600931
0.09341620630931467,0.09341620630931467
0.09958887262895334,0.09958887262895334
0.10575989417738563,0.10575989417738563
0.11192928419919151,0.11192928419919151
0.11809705599122435,0.11809705599122435
0.12426322290278762,0.12426322290278762
0.13042779833579032,0.13042779833579032
0.13659079574492305,0.13659079574492305
0.14275222863781853,0.14275222863781853
0.14891211057522877,0.14891211057522877
0.15507045517118664,0.15507045517118664
0.16122727609318557,0.16122727609318557
0.1673825870623435,0.1673825870623435
0.17353640185358563,0.17353640185358563
0.1796887342958066,0.1796887342958066
0.18583959827205837,0.18583959827205837
0.19198900771971644,0.19198900771971644
0.1981369766306663,0.1981369766306663
0.20428351905146927,0.20428351905146927
0.21042864908355793,0.21042864908355793
0.21657238088340236,0.21657238088340236
0.2227147286627007,0.2227147286627007
0.22885570668855562,0.22885570668855562
0.23499532928366618,0.23499532928366618
0.2411336108265012,0.2411336108265012
0.2472705657514969,0.2472705657514969
0.253406208549234,0.253406208549234
0.259540553766634,0.259540553766634
0.26567361600714146,0.26567361600714146
0.27180540993091956,0.27180540993091956
0.27793595025503703,0.27793595025503703
0.2840652517536652,0.2840652517536652
0.29019332925826624,0.29019332925826624
0.29632019765779577,0.29632019765779577
0.30244587189888733,0.30244587189888733
0.30857036698606305,0.30857036698606305
0.31469369798191865,0.31469369798191865
0.3208158800073349,0.3208158800073349
0.3269369282416662,0.3269369282416662
0.3330568579229552,0.3330568579229552
0.33917568434812134,0.33917568434812134
0.3452934228731797,0.3452934228731797
0.35141008891343306,0.35141008891343306
0.35752569794368977,0.35752569794368977
0.36364026549846,0.36364026549846
0.369753807172177,0.369753807172177
0.3758663386193959,0.3758663386193959
0.3819778755550135,0.3819778755550135
0.38808843375447416,0.38808843375447416
0.39419802905399076,0.39419802905399076
0.40030667735075126,0.40030667735075126
0.40641439460314455,0.40641439460314455
0.41252119683096866,0.41252119683096866
0.4186271001156588,0.4186271001156588
0.4247321206004973,0.4247321206004973
0.43083627449084727,0.43083627449084727
0.43693957805436157,0.43693957805436157
0.44304204762122,0.44304204762122
0.4491436995843443,0.4491436995843443
0.45524455039963346,0.45524455039963346
0.4613446165861814,0.4613446165861814
0.46744391472651886,0.46744391472651886
0.47354246146683227,0.47354246146683227
0.4796402735172061,0.4796402735172061
0.4857373676518446,0.4857373676518446
0.4918337607093208,0.4918337607093208
0.49792946959279655,0.49792946959279655
0.5040245112702768,0.5040245112702768
0.510118902774833,0.510118902774833
0.5162126612048568,0.5162126612048568
0.5223058037242885,0.5223058037242885
0.5283983475628753,0.5283983475628753
0.5344903100163994,0.5344903100163994
0.5405817084469398,0.5405817084469398
0.5466725602831056,0.5466725602831056
0.5527628830202967,0.5527628830202967
0.5588526942209447,0.5588526942209447
0.5649420115147744,0.5649420115147744
0.5710308525990442,0.5710308525990442
0.5771192352388157,0.5771192352388157
0.5832071772671964,0.5832071772671964
0.5892946965856086,0.5892946965856086
0.5953818111640398,0.5953818111640398
0.6014685390413113,0.6014685390413113
0.6075548983253323,0.6075548983253323
0.6136409071933718,0.6136409071933718
0.6197265838923183,0.6197265838923183
0.6258119467389518,0.6258119467389518
0.6318970141202044,0.6318970141202044
0.6379818044934426,0.6379818044934426
0.6440663363867234,0.6440663363867234
0.6501506283990863,0.6501506283990863
0.6562346992008095,0.6562346992008095
0.6623185675337011,0.6623185675337011
0.668402252211368,0.668402252211368
0.6744857721195027,0.6744857721195027
0.6805691462161567,0.6805691462161567
0.6866523935320351,0.6866523935320351
0.6927355331707677,0.6927355331707677
0.6988185843092092,0.6988185843092092
0.7049015661977143,0.7049015661977143
0.7109844981604424,0.7109844981604424
0.7170673995956318,0.7170673995956318
0.7231502899759127,0.7231502899759127
0.729233188848582,0.729233188848582
0.7353161158359197,0.7353161158359197
0.7413990906354699,0.7413990906354699
0.7474821330203576,0.7474821330203576
0.7535652628395751,0.7535652628395751
0.7596485000183012,0.7596485000183012
0.765731864558193,0.765731864558193
0.7718153765377074,0.7718153765377074
0.7778990561123957,0.7778990561123957
0.7839829235152279,0.7839829235152279
0.7900669990569015,0.7900669990569015
0.7961513031261522,0.7961513031261522
0.802235856190074,0.802235856190074
0.8083206787944411,0.8083206787944411
0.8144057915640286,0.8144057915640286
0.820491215202927,0.820491215202927
0.8265769704948726,0.8265769704948726
0.8326630783035772,0.8326630783035772
0.8387495595730543,0.8387495595730543
0.8448364353279448,0.8448364353279448
0.8509237266738515,0.8509237266738515
0.8570114547976803,0.8570114547976803
0.863099640967972,0.863099640967972
0.8691883065352347,0.8691883065352347
0.8752774729322924,0.8752774729322924
0.8813671616746271,0.8813671616746271
0.8874573943607228,0.8874573943607228
0.8935481926724058,0.8935481926724058
0.8996395783752005,0.8996395783752005
0.9057315733186799,0.9057315733186799
0.911824199436819,0.911824199436819
0.9179174787483437,0.9179174787483437
0.9240114333570931,0.9240114333570931
0.9301060854523818,0.9301060854523818
0.9362014573093577,0.9362014573093577
0.9422975712893622,0.9422975712893622
0.9483944498403072,0.9483944498403072
0.9544921154970284,0.9544921154970284
0.9605905908816734,0.9605905908816734
0.966689898704056,0.966689898704056
0.972790061762049,0.972790061762049
0.978891102941945,0.978891102941945
0.9849930452188521,0.9849930452188521
0.9910959116570596,0.9910959116570596
0.9971997254104381,0.9971997254104381
1.0033045097228117,1.0033045097228117
1.0094102879283606,1.0094102879283606
1.015517083451998,1.015517083451998
1.02162491980978,1.02162491980978
1.027733820609286,1.027733820609286
1.0338438095500306,1.0338438095500306
1.039954910423854,1.039954910423854
1.0460671471153342,1.0460671471153342
1.0521805436021856,1.0521805436021856
1.0582951239556762,1.0582951239556762
1.0644109123410264,1.0644109123410264
1.0705279330178383,1.0705279330178383
1.0766462103404941,1.0766462103404941
1.0827657687585939,1.0827657687585939
1.0888866328173563,1.0888866328173563
1.0950088271580638,1.0950088271580638
1.1011323765184688,1.1011323765184688
1.1072573057332418,1.1072573057332418
1.1133836397343864,1.1133836397343864
1.119511403551687,1.119511403551687
1.1256406223131343,1.1256406223131343
1.1317713212453806,1.1317713212453806
1.1379035256741628,1.1379035256741628
1.1440372610247675,1.1440372610247675
1.1501725528224633,1.1501725528224633
1.1563094266929634,1.1563094266929634
1.1624479083628705,1.1624479083628705
1.1685880236601422,1.1685880236601422
1.1747297985145408,1.1747297985145408
1.180873258958107,1.180873258958107
1.1870184311256116,1.1870184311256116
1.1931653412550396,1.1931653412550396
1.1993140156880453,1.1993140156880453
1.2054644808704404,1.2054644808704404
1.2116167633526604,1.2116167633526604
1.217770889790253,1.217770889790253
1.2239268869443531,1.2239268869443531
1.23008478168218,1.23008478168218
1.2362446009775128,1.2362446009775128
1.2424063719111975,1.2424063719111975
1.2485701216716276,1.2485701216716276
1.254735877555258,1.254735877555258
1.2609036669670934,1.2609036669670934
1.2670735174212042,1.2670735174212042
1.273245456541224,1.273245456541224
1.2794195120608738,1.2794195120608738
1.285595711824461,1.285595711824461
1.291774083787416,1.291774083787416
1.2979546560167958,1.2979546560167958
1.3041374566918218,1.3041374566918218
1.3103225141043964,1.3103225141043964
1.3165098566596503,1.3165098566596503
1.3226995128764565,1.3226995128764565
1.3288915113879893,1.3288915113879893
1.3350858809422483,1.3350858809422483
1.34128265040262,1.34128265040262
1.3474818487484084,1.3474818487484084
1.3536835050754075,1.3536835050754075
1.3598876485964375,1.3598876485964375
1.3660943086419197,1.3660943086419197
1.3723035146604277,1.3723035146604277
1.3785152962192673,1.3785152962192673
1.3847296830050282,1.3847296830050282
1.3909467048241804,1.3909467048241804
1.397166391603631,1.397166391603631
1.4033887733913228,1.4033887733913228
1.4096138803568032,1.4096138803568032
1.4158417427918335,1.4158417427918335
1.4220723911109587,1.4220723911109587
1.4283058558521264,1.4283058558521264
1.434542167677269,1.434542167677269
1.4407813573729231,1.4407813573729231
1.447023455850826,1.447023455850826
1.4532684941485403,1.4532684941485403
1.4595165034300581,1.4595165034300581
1.465767514986435,1.465767514986435
1.472021560236399,1.472021560236399
1.4782786707269981,1.4782786707269981
1.4845388781342141,1.4845388781342141
1.4908022142636188,1.4908022142636188
1.4970687110509961,1.4970687110509961
1.5033384005630084,1.5033384005630084
1.5096113149978259,1.5096113149978259
1.5158874866857992,1.5158874866857992
1.522166948090101,1.522166948090101
1.528449731807406,1.528449731807406
1.5347358705685485,1.5347358705685485
1.541025397239193,1.541025397239193
1.5473183448205126,1.5473183448205126
1.5536147464498755,1.5536147464498755
1.5599146354015265,1.5599146354015265
1.566218045087273,1.566218045087273
1.5725250090571807,1.5725250090571807
1.5788355610002816,1.5788355610002816
1.5851497347452734,1.5851497347452734
1.5914675642612202,1.5914675642612202
1.5977890836582733,1.5977890836582733
1.6041143271883949,1.6041143271883949
1.6104433292460743,1.6104433292460743
1.6167761243690546,1.6167761243690546
1.623112747239066,1.623112747239066
1.6294532326825748,1.6294532326825748
1.6357976156715137,1.6357976156715137
1.6421459313240336,1.6421459313240336
1.6484982149052554,1.6484982149052554
1.6548545018280372,1.6548545018280372
1.6612148276537295,1.6612148276537295
1.6675792280929418,1.6675792280929418
1.6739477390063209,1.6739477390063209
1.6803203964053324,1.6803203964053324
1.6866972364530461,1.6866972364530461
1.693078295464916,1.693078295464916
1.6994636099095835,1.6994636099095835
1.705853216409681,1.705853216409681
1.7122471517426356,1.7122471517426356
1.718645452841476,1.718645452841476
1.7250481567956533,1.7250481567956533
1.7314553008518707,1.7314553008518707
1.7378669224149081,1.7378669224149081
1.7442830590484517,1.7442830590484517
1.7507037484759362,1.7507037484759362
1.7571290285814014,1.7571290285814014
1.7635589374103382,1.7635589374103382
1.7699935131705373,1.7699935131705373
1.7764327942329632,1.7764327942329632
1.7828768191326305,1.7828768191326305
1.7893256265694706,1.7893256265694706
1.7957792554092125,1.7957792554092125
1.8022377446842759,1.8022377446842759
1.8087011335946706,1.8087011335946706
1.815169461508892,1.815169461508892
1.8216427679648242,1.8216427679648242
1.8281210926706692,1.8281210926706692
1.8346044755058468,1.8346044755058468
1.8410929565219454,1.8410929565219454
1.8475865759436279,1.8475865759436279
1.8540853741696013,1.8540853741696013
1.8605893917735379,1.8605893917735379
1.8670986695050482,1.8670986695050482
1.8736132482906267,1.8736132482906267
1.8801331692346326,1.8801331692346326
1.886658473620247,1.886658473620247
1.8931892029104764,1.8931892029104764
1.8997253987491163,1.8997253987491163
1.9062671029617684,1.9062671029617684
1.9128143575568248,1.9128143575568248
1.9193672047264951,1.9193672047264951
1.925925686847804,1.925925686847804
1.9324898464836358,1.9324898464836358
1.9390597263837457,1.9390597263837457
1.9456353694858175,1.9456353694858175
1.9522168189164961,1.9522168189164961
1.9588041179924496,1.9588041179924496
1.9653973102214268,1.9653973102214268
1.9719964393033338,1.9719964393033338
1.9786015491312956,1.9786015491312956
1.985212683792766,1.985212683792766
1.991829887570592,1.991829887570592
1.9984532049441415,1.9984532049441415
2.005082680590391,2.005082680590391
2.01171835938506,2.01171835938506
2.018360286403722,2.018360286403722
2.02500850692295,2.02500850692295
2.03166306642145,2.03166306642145
2.03832401058122,2.03832401058122
2.044991385288696,2.044991385288696
2.051665236635938,2.051665236635938
2.058345610921787,2.058345610921787
2.0650325546530666,2.0650325546530666
2.07172611454576,2.07172611454576
2.0784263375262353,2.0784263375262353
2.085133270732429,2.085133270732429
2.091846961515092,2.091846961515092
2.0985674574390027,2.0985674574390027
2.105294806284218,2.105294806284218
2.112029056047307,2.112029056047307
2.11877025494263,2.11877025494263
2.125518451403574,2.125518451403574
2.132273694083871,2.132273694083871
2.139036031858841,2.139036031858841
2.1458055138267227,2.1458055138267227
2.152582189309954,2.152582189309954
2.1593661078565094,2.1593661078565094
2.1661573192412034,2.1661573192412034
2.1729558734670484,2.1729558734670484
2.179761820766579,2.179761820766579
2.1865752116032295,2.1865752116032295
2.1933960966726787,2.1933960966726787
2.200224526904248,2.200224526904248
2.2070605534622683,2.2070605534622683
2.213904227747498,2.213904227747498
2.220755601398512,2.220755601398512
2.2276147262931394,2.2276147262931394
2.2344816545498785,2.2344816545498785
2.241356438529351,2.241356438529351
2.248239130835751,2.248239130835751
2.2551297843183007,2.2551297843183007
2.2620284520727285,2.2620284520727285
2.268935187442772,2.268935187442772
2.275850044021656,2.275850044021656
2.2827730756536084,2.2827730756536084
2.2897043364353817,2.2897043364353817
2.296643880717793,2.296643880717793
2.3035917631072653,2.3035917631072653
2.310548038467378,2.310548038467378
2.3175127619204416,2.3175127619204416
2.324485988849089,2.324485988849089
2.33146777489786,2.33146777489786
2.3384581759748055,2.3384581759748055
2.3454572482531124,2.3454572482531124
2.35246504817274,2.35246504817274
2.3594816324420633,2.3594816324420633
2.3665070580395247,2.3665070580395247
2.3735413822153055,2.3735413822153055
2.380584662493031,2.380584662493031
2.3876369566714444,2.3876369566714444
2.394698322826128,2.394698322826128
2.401768819311229,2.401768819311229
2.4088485047612025,2.4088485047612025
2.4159374380925636,2.4159374380925636
2.423035678505647,2.423035678505647
2.430143285486389,2.430143285486389
2.437260318808143,2.437260318808143
2.4443868385334726,2.4443868385334726
2.4515229050159704,2.4515229050159704
2.4586685789021128,2.4586685789021128
2.465823921133112,2.465823921133112
2.472988992946785,2.472988992946785
2.4801638558794306,2.4801638558794306
2.487348571767735,2.487348571767735
2.494543202750696,2.494543202750696
2.501747811271547,2.501747811271547
2.5089624600796996,2.5089624600796996
2.516187212232711,2.516187212232711
2.5234221310982705,2.5234221310982705
2.53066728035619,2.53066728035619
2.5379227240004107,2.5379227240004107
2.545188526341033,2.545188526341033
2.5524647520063732,2.5524647520063732
2.559751465945022,2.559751465945022
2.567048733427907,2.567048733427907
2.5743566200504118,2.5743566200504118
2.581675191734481,2.581675191734481
2.589004514730756,2.589004514730756
2.596344655620712,2.596344655620712
2.6036956813188397,2.6036956813188397
2.6110576590748305,2.6110576590748305
2.618430656475773,2.618430656475773
2.6258147414483797,2.6258147414483797
2.6332099822612243,2.6332099822612243
2.6406164475270133,2.6406164475270133
2.6480342062048563,2.6480342062048563
2.6554633276025603,2.6554633276025603
2.6629038813789574,2.6629038813789574
2.6703559375462405,2.6703559375462405
2.677819566472325,2.677819566472325
2.6852948388832067,2.6852948388832067
2.69278182586539,2.69278182586539
2.700280598868279,2.700280598868279
2.7077912297066438,2.7077912297066438
2.715313790563044,2.715313790563044
2.722848353990355,2.722848353990355
2.7303949929142335,2.7303949929142335
2.7379537806356624,2.7379537806356624
2.7455247908334846,2.7455247908334846
2.753108097566988,2.753108097566988
2.760703775278472,2.760703775278472
2.7683118987958863,2.7683118987958863
2.775932543335445,2.775932543335445
2.7835657845042996,2.7835657845042996
2.79121169830321,2.79121169830321
2.798870361129264,2.798870361129264
2.8065418497785872,2.8065418497785872
2.814226241449118,2.814226241449118
2.821923613743357,2.821923613743357
2.8296340446712063,2.8296340446712063
2.8373576126527507,2.8373576126527507
2.8450943965211524,2.8450943965211524
2.8528444755254934,2.8528444755254934
2.8606079293337046,2.8606079293337046
2.8683848380354666,2.8683848380354666
2.8761752821451934,2.8761752821451934
2.8839793426049796,2.8839793426049796
2.891797100787645,2.891797100787645
2.899628638499729,2.899628638499729
2.907474037984584,2.907474037984584
2.9153333819254432,2.9153333819254432
2.9232067534485524,2.9232067534485524
2.9310942361262935,2.9310942361262935
2.938995913980387,2.938995913980387
2.9469118714850593,2.9469118714850593
2.954842193570303,2.954842193570303
2.9627869656251176,2.9627869656251176
2.9707462735008145,2.9707462735008145
2.9787202035143117,2.9787202035143117
2.986708842451518,2.986708842451518
2.9947122775706796,2.9947122775706796
3.002730596605818,3.002730596605818
3.010763887770155,3.010763887770155
3.0188122397595993,3.0188122397595993
3.026875741756236,3.026875741756236
3.0349544834318967,3.0349544834318967
3.0430485549516906,3.0430485549516906
3.051158046977648,3.051158046977648
3.0592830506723208,3.0592830506723208
3.067423657702495,3.067423657702495
3.075579960242859,3.075579960242859
3.083752050979771,3.083752050979771
3.0919400231150242,3.0919400231150242
3.1001439703696594,3.1001439703696594
3.1083639869878006,3.1083639869878006
3.116600167740572,3.116600167740572
3.124852607929973,3.124852607929973
3.133121403392874,3.133121403392874
3.1414066505049796,3.1414066505049796
3.1497084461848917,3.1497084461848917
3.158026887898148,3.158026887898148
3.1663620736613622,3.1663620736613622
3.174714102046342,3.174714102046342
3.1830830721843015,3.1830830721843015
3.191469083770086,3.191469083770086
3.1998722370664243,3.1998722370664243
3.2082926329082517,3.2082926329082517
3.2167303727070657,3.2167303727070657
3.2251855584553093,3.2251855584553093
3.233658292730811,3.233658292730811
3.242148678701255,3.242148678701255
3.250656820128723,3.250656820128723
3.2591828213742513,3.2591828213742513
3.2677267874024247,3.2677267874024247
3.2762888237860555,3.2762888237860555
3.284869036710876,3.284869036710876
3.2934675329802907,3.2934675329802907
3.302084420020159,3.302084420020159
3.3107198058836373,3.3107198058836373
3.3193737992560854,3.3193737992560854
3.328046509459997,3.328046509459997
3.3367380464599647,3.3367380464599647
3.3454485208677394,3.3454485208677394
3.354178043947313,3.354178043947313
3.3629267276200485,3.3629267276200485
3.37169468446987,3.37169468446987
3.380482027748496,3.380482027748496
3.3892888713807463,3.3892888713807463
3.398115329969881,3.398115329969881
3.406961518802987,3.406961518802987
3.4158275538564435,3.4158275538564435
3.4247135518014375,3.4247135518014375
3.4336196300095185,3.4336196300095185
3.442545906558211,3.442545906558211
3.45149250023671,3.45149250023671
3.4604595305516046,3.4604595305516046
3.469447117732687,3.469447117732687
3.4784553827387854,3.4784553827387854
3.4874844472636872,3.4874844472636872
3.4965344337421245,3.4965344337421245
3.5056054653557998,3.5056054653557998
3.514697666039478,3.514697666039478
3.5238111604871527,3.5238111604871527
3.532946074158289,3.532946074158289
3.542102533284087,3.542102533284087
3.55128066487385,3.55128066487385
3.5604805967214004,3.5604805967214004
3.569702457411578,3.569702457411578
3.578946376326797,3.578946376326797
3.588212483653653,3.588212483653653
3.5975009103896323,3.5975009103896323
3.6068117883498854,3.6068117883498854
3.616145250174051,3.616145250174051
3.625501429333164,3.625501429333164
3.634880460136646,3.634880460136646
3.644282477739361,3.644282477739361
3.6537076181487564,3.6537076181487564
3.6631560182320437,3.6631560182320437
3.672627815723511,3.672627815723511
3.6821231492318782,3.6821231492318782
3.6916421582477437,3.6916421582477437
3.701184983151096,3.701184983151096
3.710751765218921,3.710751765218921
3.7203426466328993,3.7203426466328993
3.729957770487175,3.729957770487175
3.7395972807961915,3.7395972807961915
3.749261322502643,3.749261322502643
3.7589500414855106,3.7589500414855106
3.768663584568167,3.768663584568167
3.7784020995265704,3.7784020995265704
3.7881657350975706,3.7881657350975706
3.7979546409872933,3.7979546409872933
3.8077689678796154,3.8077689678796154
3.817608867444731,3.817608867444731
3.8274744923478092,3.8274744923478092
3.837365996257791,3.837365996257791
3.8472835338562112,3.8472835338562112
3.857227260846172,3.857227260846172
3.867197333961402,3.867197333961402
3.8771939109754157,3.8771939109754157
3.887217150710784,3.887217150710784
3.8972672130484876,3.8972672130484876
3.9073442589373917,3.9073442589373917
3.917448450403848,3.917448450403848
3.9275799505613653,3.9275799505613653
3.937738923620402,3.937738923620402
3.9479255348982925,3.9479255348982925
3.9581399508292745,3.9581399508292745
3.9683823389746142,3.9683823389746142
3.978652868032872,3.978652868032872
3.9889517078502568,3.9889517078502568
3.999279029431154,3.999279029431154
4.009635004948716,4.009635004948716
4.020019807755594,4.020019807755594
4.03043361239481,4.03043361239481
4.0408765946107525,4.0408765946107525
4.051348931360279,4.051348931360279
4.061850800823972,4.061850800823972
4.072382382417511,4.072382382417511
4.082943856803177,4.082943856803177
4.093535405901522,4.093535405901522
4.104157212903147,4.104157212903147
4.114809462280603,4.114809462280603
4.125492339800481,4.125492339800481
4.136206032535624,4.136206032535624
4.146950728877469,4.146950728877469
4.157726618548547,4.157726618548547
4.168533892615146,4.168533892615146
4.179372743500115,4.179372743500115
4.190243364995819,4.190243364995819
4.20114595227725,4.20114595227725
4.212080701915294,4.212080701915294
4.223047811890193,4.223047811890193
4.234047481605119,4.234047481605119
4.2450799118999365,4.2450799118999365
4.25614530506514,4.25614530506514
4.2672438648559625,4.2672438648559625
4.2783757965066505,4.2783757965066505
4.28954130674489,4.28954130674489
4.3007406038064655,4.3007406038064655
4.311973897450061,4.311973897450061
4.323241398972253,4.323241398972253
4.334543321222683,4.334543321222683
4.345879878619432,4.345879878619432
4.35725128716459,4.35725128716459
4.368657764460012,4.368657764460012
4.380099529723253,4.380099529723253
4.391576803803738,4.391576803803738
4.403089809199127,4.403089809199127
4.414638770071874,4.414638770071874
4.426223912265995,4.426223912265995
4.437845463324074,4.437845463324074
4.4495036525044505,4.4495036525044505
4.461198710798679,4.461198710798679
4.472930870949137,4.472930870949137
4.484700367466922,4.484700367466922
4.496507436649975,4.496507436649975
4.5083523166014015,4.5083523166014015
4.520235247248042,4.520235247248042
4.532156470359315,4.532156470359315
4.544116229566272,4.544116229566272
4.556114770380921,4.556114770380921
4.568152340215772,4.568152340215772
4.580229188403675,4.580229188403675
4.59234556621792,4.59234556621792
4.604501726892563,4.604501726892563
4.6166979256430585,4.6166979256430585
4.62893441968714,4.62893441968714
4.641211468266019,4.641211468266019
4.653529332665815,4.653529332665815
4.665888276239296,4.665888276239296
4.6782885644279215,4.6782885644279215
4.6907304647841785,4.6907304647841785
4.703214246994193,4.703214246994193
4.715740182900681,4.715740182900681
4.728308546526178,4.728308546526178
4.740919614096634,4.740919614096634
4.753573664065269,4.753573664065269
4.7662709771367995,4.7662709771367995
4.779011836291972,4.779011836291972
4.7917965268124645,4.7917965268124645
4.804625336306095,4.804625336306095
4.817498554732393,4.817498554732393
4.8304164744285325,4.8304164744285325
4.843379390135633,4.843379390135633
4.856387599025398,4.856387599025398
4.86944140072715,4.86944140072715
4.882541097355233,4.882541097355233
4.895686993536824,4.895686993536824
4.908879396440096,4.908879396440096
4.922118615802816,4.922118615802816
4.935404963961325,4.935404963961325
4.948738755879955,4.948738755879955
4.962120309180843,4.962120309180843
4.975549944174172,4.975549944174172
4.9890279838888585,4.9890279838888585
5.002554754103698,5.002554754103698
5.0161305833789145,5.0161305833789145
5.029755803088197,5.029755803088197
5.043430747451192,5.043430747451192
5.057155753566502,5.057155753566502
5.070931161445111,5.070931161445111
5.084757314044323,5.084757314044323
5.098634557302222,5.098634557302222
5.112563240172614,5.112563240172614
5.126543714660494,5.126543714660494
5.140576335858036,5.140576335858036
5.154661461981108,5.154661461981108
5.168799454406373,5.168799454406373
5.182990677708901,5.182990677708901
5.19723549970035,5.19723549970035
5.211534291467744,5.211534291467744
5.225887427412838,5.225887427412838
5.24029528529205,5.24029528529205
5.254758246257016,5.254758246257016
5.269276694895773,5.269276694895773
5.283851019274566,5.283851019274566
5.298481610980295,5.298481610980295
5.313168865163587,5.313168865163587
5.327913180582594,5.327913180582594
5.342714959647421,5.342714959647421
5.357574608465258,5.357574608465258
5.372492536886212,5.372492536886212
5.387469158549852,5.387469158549852
5.40250489093251,5.40250489093251
5.417600155395311,5.417600155395311
5.432755377232917,5.432755377232917
5.44797098572311,5.44797098572311
5.463247414177148,5.463247414177148
5.4785850999908865,5.4785850999908865
5.4939844846967505,5.4939844846967505
5.509446014016521,5.509446014016521
5.524970137915004,5.524970137915004
5.54055731065452,5.54055731065452
5.556207990850311,5.556207990850311
5.571922641526817,5.571922641526817
5.587701730174923,5.587701730174923
5.603545728810083,5.603545728810083
5.619455114031415,5.619455114031415
5.635430367081797,5.635430367081797
5.651471973908937,5.651471973908937
5.6675804252274355,5.6675804252274355
5.683756216581927,5.683756216581927
5.699999848411211,5.699999848411211
5.716311826113521,5.716311826113521
5.732692660112865,5.732692660112865
5.749142865926472,5.749142865926472
5.765662964233387,5.765662964233387
5.782253480944238,5.782253480944238
5.798914947272196,5.798914947272196
5.81564789980514,5.81564789980514
5.832452880579041,5.832452880579041
5.849330437152633,5.849330437152633
5.8662811226833975,5.8662811226833975
5.883305496004811,5.883305496004811
5.900404121704952,5.900404121704952
5.917577570206512,5.917577570206512
5.9348264178481855,5.9348264178481855
5.952151246967494,5.952151246967494
5.969552645985042,5.969552645985042
5.987031209490324,5.987031209490324
6.004587538329022,6.004587538329022
6.022222239691865,6.022222239691865
6.039935927205048,6.039935927205048
6.057729221022339,6.057729221022339
6.075602747918812,6.075602747918812
6.0935571413862695,6.0935571413862695
6.111593041730396,6.111593041730396
6.129711096169705,6.129711096169705
6.147911958936303,6.147911958936303
6.166196291378466,6.166196291378466
6.184564762065117,6.184564762065117
6.2030180468922715,6.2030180468922715
6.221556829191443,6.221556829191443
6.240181799840046,6.240181799840046
6.258893657373878,6.258893657373878
6.277693108101731,6.277693108101731
6.296580866222168,6.296580866222168
6.31555765394248,6.31555765394248
6.334624201599907,6.334624201599907
6.35378124778521,6.35378124778521
6.373029539468571,6.373029539468571
6.392369832127937,6.392369832127937
6.411802889879816,6.411802889879816
6.431329485612624,6.431329485612624
6.450950401122646,6.450950401122646
6.470666427252621,6.470666427252621
6.490478364033034,6.490478364033034
6.510387020826227,6.510387020826227
6.530393216473362,6.530393216473362
6.550497779444258,6.550497779444258
6.570701547990215,6.570701547990215
6.591005370299959,6.591005370299959
6.611410104658661,6.611410104658661
6.6319166196101715,6.6319166196101715
6.652525794122548,6.652525794122548
6.673238517756947,6.673238517756947
6.694055690839988,6.694055690839988
6.714978224639611,6.714978224639611
6.736007041544562,6.736007041544562
6.7571430752476225,6.7571430752476225
6.778387270932611,6.778387270932611
6.799740585465308,6.799740585465308
6.821203987588348,6.821203987588348
6.842778458120208,6.842778458120208
6.864464990158475,6.864464990158475
6.886264589287321,6.886264589287321
6.908178273789426,6.908178273789426
6.930207074862497,6.930207074862497
6.952352036840358,6.952352036840358
6.974614217418874,6.974614217418874
6.996994687886688,6.996994687886688
7.019494533361088,7.019494533361088
7.042114853028945,7.042114853028945
7.064856760393011,7.064856760393011
7.087721383523548,7.087721383523548
7.110709865315658,7.110709865315658
7.133823363752254,7.133823363752254
7.157063052172956,7.157063052172956
7.180430119548971,7.180430119548971
7.2039257707642275,7.2039257707642275
7.227551226902893,7.227551226902893
7.251307725543387,7.251307725543387
7.275196521059119,7.275196521059119
7.299218884926199,7.299218884926199
7.323376106038208,7.323376106038208
7.347669491028283,7.347669491028283
7.372100364598665,7.372100364598665
7.396670069858043,7.396670069858043
7.42137996866679,7.42137996866679
7.446231441990352,7.446231441990352
7.471225890261041,7.471225890261041
7.496364733748458,7.496364733748458
7.521649412938852,7.521649412938852
7.547081388923538,7.547081388923538
7.572662143796756,7.572662143796756
7.598393181063234,7.598393181063234
7.624276026055719,7.624276026055719
7.65031222636274,7.65031222636274
7.676503352266924,7.676503352266924
7.702850997194265,7.702850997194265
7.729356778174545,7.729356778174545
7.75602233631332,7.75602233631332
7.782849337275775,7.782849337275775
7.809839471782869,7.809839471782869
7.836994456120135,7.836994456120135
7.864316032659442,7.864316032659442
7.8918059703942,7.8918059703942
7.9194660654884395,7.9194660654884395
7.94729814184015,7.94729814184015
7.975304051659338,7.975304051659338
8.003485676061228,8.003485676061228
8.031844925675223,8.031844925675223
8.060383741269987,8.060383741269987
8.08910409439521,8.08910409439521
8.118007988040592,8.118007988040592
8.147097457312633,8.147097457312633
8.176374570129845,8.176374570129845
8.2058414279368,8.2058414279368
8.235500166437898,8.235500166437898
8.265352956351286,8.265352956351286
8.295402004183789,8.295402004183789
8.32564955302739,8.32564955302739
8.356097883378059,8.356097883378059
8.386749313977733,8.386749313977733
8.417606202680181,8.417606202680181
8.448670947341563,8.448670947341563
8.479945986736562,8.479945986736562
8.511433801500969,8.511433801500969
8.543136915101671,8.543136915101671
8.575057894834982,8.575057894834982
8.607199352854256,8.607199352854256
8.639563947227934,8.639563947227934
8.672154383029053,8.672154383029053
8.70497341345737,8.70497341345737
8.738023840995238,8.738023840995238
8.771308518598476,8.771308518598476
8.804830350923572,8.804830350923572
8.838592295592525,8.838592295592525
8.872597364496665,8.872597364496665
8.906848625140954,8.906848625140954
8.941349202030313,8.941349202030313
8.97610227809956,8.97610227809956
9.011111096188534,9.011111096188534
9.046378960564178,9.046378960564178
9.081909238491496,9.081909238491496
9.117705361855114,9.117705361855114
9.153770828833522,9.153770828833522
9.190109205627957,9.190109205627957
9.226724128248295,9.226724128248295
9.263619304358013,9.263619304358013
9.300798515180652,9.300798515180652
9.3382656174703,9.3382656174703
9.37602454554864,9.37602454554864
9.414079313411404,9.414079313411404
9.452434016906874,9.452434016906874
9.491092835989589,9.491092835989589
9.530060037052369,9.530060037052369
9.569339975339956,9.569339975339956
9.6089370974476,9.6089370974476
9.648855943908382,9.648855943908382
9.689101151872995,9.689101151872995
9.729677457886032,9.729677457886032
9.770589700762907,9.770589700762907
9.811842824571846,9.811842824571846
9.853441881725697,9.853441881725697
9.895392036188358,9.895392036188358
9.937698566800925,9.937698566800925
9.98036687073305,9.98036687073305
10.023402467065198,10.023402467065198
10.06681100050788,10.06681100050788
10.110598245263997,10.110598245263997
10.154770109041149,10.154770109041149
10.199332637220955,10.199332637220955
10.244292017192725,10.244292017192725
10.289654582859372,10.289654582859372
10.335426819323855,10.335426819323855
10.381615367764935,10.381615367764935
10.42822703051152,10.42822703051152
10.475268776325304,10.475268776325304
10.522747745902077,10.522747745902077
10.570671257602823,10.570671257602823
10.619046813426058,10.619046813426058
10.667882105233756,10.667882105233756
10.717185021243905,10.717185021243905
10.766963652803572,10.766963652803572
10.81722630145721,10.81722630145721
10.867981486325572,10.867981486325572
10.919237951812002,10.919237951812002
10.97100467565366,10.97100467565366
11.023290877336358,11.023290877336358
11.07610602689287,11.07610602689287
11.129459854105944,11.129459854105944
11.183362358138666,11.183362358138666
11.237823817616134,11.237823817616134
11.292854801184033,11.292854801184033
11.348466178571606,11.348466178571606
11.404669132188173,11.404669132188173
11.461475169284466,11.461475169284466
11.518896134711971,11.518896134711971
11.576944224316142,11.576944224316142
11.635631999001598,11.635631999001598
11.694972399510307,11.694972399510307
11.754978761956394,11.754978761956394
11.815664834164767,11.815664834164767
11.87704479286401,11.87704479286401
11.939133261787788,11.939133261787788
12.001945330742839,12.001945330742839
12.06549657570642,12.06549657570642
12.129803080020663,12.129803080020663
12.19488145675647,12.19488145675647
12.260748872325323,12.260748872325323
12.327423071423562,12.327423071423562
12.394922403400589,12.394922403400589
12.463265850149678,12.463265850149678
12.53247305562811,12.53247305562811
12.602564357122366,12.602564357122366
12.673560818383885,12.673560818383885
12.74548426477122,12.74548426477122
12.81835732054632,12.81835732054632
12.892203448485496,12.892203448485496
12.967046991979808,12.967046991979808
13.042913219815127,13.042913219815127
13.119828373839216,13.119828373839216
13.197819719742323,13.197819719742323
13.276915601198892,13.276915601198892
13.35714549764098,13.35714549764098
13.438540085959797,13.438540085959797
13.521131306460635,13.521131306460635
13.604952433428315,13.604952433428315
13.690038150695413,13.690038150695413
13.776424632645396,13.776424632645396
13.864149631126825,13.864149631126825
13.953252568804393,13.953252568804393
14.043774639527795,14.043774639527795
14.135758916361345,14.135758916361345
14.229250467987592,14.229250467987592
14.324296484276623,14.324296484276623
14.420946411901426,14.420946411901426
14.519252100979974,14.519252100979974
14.619267963838448,14.619267963838448
14.721051147118898,14.721051147118898
14.824661718601106,14.824661718601106
14.93016287027509,14.93016287027509
15.037621139391819,15.037621139391819
15.147106649437617,15.147106649437617
15.258693373227894,15.258693373227894
15.372459420603311,15.372459420603311
15.488487353543634,15.488487353543634
15.606864531897239,15.606864531897239
15.72768349336848,15.72768349336848
15.851042371920641,15.851042371920641
15.977045359353916,15.977045359353916
16.10580321551968,16.10580321551968
16.237433833456862,16.237433833456862
16.37206286670426,16.37206286670426
16.509824427186143,16.509824427186143
16.650861863422882,16.650861863422882
16.795328630427658,16.795328630427658
16.943389264570826,16.943389264570826
17.095220478994147,17.095220478994147
17.251012397925475,17.251012397925475
17.41096995158922,17.41096995158922
17.57531445746783,17.57531445746783
17.74428541862216,17.74428541862216
17.918142575851103,17.918142575851103
18.097168257955225,18.097168257955225
18.28167008364657,18.28167008364657
18.47198408021565,18.47198408021565
18.66847829858457,18.66847829858457
18.871557022714462,18.871557022714462
19.081665694666896,19.081665694666896
19.299296706526107,19.299296706526107
19.524996249033773,19.524996249033773
19.759372457149972,19.759372457149972
20.003105158989168,20.003105158989168
20.2569576225494,20.2569576225494
20.52179081272469,20.52179081272469
20.798580831373172,20.798580831373172
21.088440433481267,21.088440433481267
21.392645819222437,21.392645819222437
21.71267033514592,21.71267033514592
22.05022733992034,22.05022733992034
22.407325398830075,22.407325398830075
22.786340324210986,22.786340324210986
23.19011063650077,23.19011063650077
23.622066224185463,23.622066224185463
24.086405103049316,24.086405103049316
24.58834161374736,24.58834161374736
25.13446378216226,25.13446378216226
25.733263073616822,25.733263073616822
26.39594711732124,26.39594711732124
27.137738746778474,27.137738746778474
27.980058690941792,27.980058690941792
28.95442862050528,28.95442862050528
30.110031950110443,30.110031950110443
31.53001704041942,31.53001704041942
33.37243766984901,33.37243766984901
36.00080124244134,36.00080124244134
40.641885686728024,40.641885686728024
