-7.118149138303741,-7.118149138303741
-7.127246191592576,-7.127246191592576
-7.132765075681442,-7.132765075681442
-7.136702654119191,-7.136702654119191
-7.139597013485726,-7.139597013485726
-7.141711505575506,-7.141711505575506
-7.143203499893956,-7.143203499893956
-7.144177890010898,-7.144177890010898
-7.144709666290017,-7.144709666290017
-7.144855136567722,-7.144855136567722
-7.1446581469325,-7.1446581469325
-7.144153812508371,-7.144153812508371
-7.143370892296156,-7.143370892296156
-7.142333373424979,-7.142333373424979
-7.141061568820188,-7.141061568820188
-7.139572901922757,-7.139572901922757
-7.137882482644388,-7.137882482644388
-7.1360035396947,-7.1360035396947
-7.133947751448421,-7.133947751448421
-7.131725503481169,-7.131725503481169
-7.129346092031963,-7.129346092031963
-7.126817886882056,-7.126817886882056
-7.124148463291886,-7.124148463291886
-7.121344710012871,-7.121344710012871
-7.118412918563692,-7.118412918563692
-7.115358857665572,-7.115358857665572
-7.112187835798236,-7.112187835798236
-7.108904754155966,-7.108904754155966
-7.105514151777642,-7.105514151777642
-7.102020244245252,-7.102020244245252
-7.098426957057366,-7.098426957057366
-7.094737954563204,-7.094737954563204
-7.090956665171864,-7.090956665171864
-7.087086303417462,-7.087086303417462
-7.0831298893556465,-7.0831298893556465
-7.079090265683116,-7.079090265683116
-7.074970112904788,-7.074970112904788
-7.0707719628192605,-7.0707719628192605
-7.066498210549373,-7.066498210549373
-7.062151125308958,-7.062151125308958
-7.057732860067494,-7.057732860067494
-7.053245460250177,-7.053245460250177
-7.048690871590826,-7.048690871590826
-7.044070947238304,-7.044070947238304
-7.039387454203108,-7.039387454203108
-7.03464207921894,-7.03464207921894
-7.029836434084217,-7.029836434084217
-7.024972060539898,-7.024972060539898
-7.020050434732902,-7.020050434732902
-7.015072971308196,-7.015072971308196
-7.010041027167414,-7.010041027167414
-7.00495590492727,-7.00495590492727
-6.999818856107158,-6.999818856107158
-6.994631084071954,-6.994631084071954
-6.989393746753077,-6.989393746753077
-6.984107959168271,-6.984107959168271
-6.978774795758445,-6.978774795758445
-6.973395292557834,-6.973395292557834
-6.967970449212078,-6.967970449212078
-6.9625012308573595,-6.9625012308573595
-6.956988569872292,-6.956988569872292
-6.951433367513208,-6.951433367513208
-6.945836495442345,-6.945836495442345
-6.940198797157593,-6.940198797157593
-6.9345210893315725,-6.9345210893315725
-6.9288041630671495,-6.9288041630671495
-6.923048785075767,-6.923048785075767
-6.917255698784483,-6.917255698784483
-6.911425625376983,-6.911425625376983
-6.905559264773443,-6.905559264773443
-6.899657296553655,-6.899657296553655
-6.893720380827474,-6.893720380827474
-6.887749159056287,-6.887749159056287
-6.881744254828887,-6.881744254828887
-6.8757062745949025,-6.8757062745949025
-6.869635808358619,-6.869635808358619
-6.863533430335833,-6.863533430335833
-6.857399699576198,-6.857399699576198
-6.851235160553249,-6.851235160553249
-6.845040343724224,-6.845040343724224
-6.838815766061566,-6.838815766061566
-6.832561931557869,-6.832561931557869
-6.826279331705941,-6.826279331705941
-6.819968445955438,-6.819968445955438
-6.813629742147554,-6.813629742147554
-6.807263676928997,-6.807263676928997
-6.8008706961465375,-6.8008706961465375
-6.794451235223195,-6.794451235223195
-6.788005719517168,-6.788005719517168
-6.781534564664451,-6.781534564664451
-6.775038176906084,-6.775038176906084
-6.768516953400847,-6.768516953400847
-6.761971282524251,-6.761971282524251
-6.755401544154526,-6.755401544154526
-6.748808109946316,-6.748808109946316
-6.742191343592756,-6.742191343592756
-6.735551601076506,-6.735551601076506
-6.7288892309103465,-6.7288892309103465
-6.722204574367856,-6.722204574367856
-6.715497965704681,-6.715497965704681
-6.708769732370882,-6.708769732370882
-6.702020195214781,-6.702020195214781
-6.695249668678753,-6.695249668678753
-6.688458460987339,-6.688458460987339
-6.681646874328061,-6.681646874328061
-6.674815205025298,-6.674815205025298
-6.667963743707524,-6.667963743707524
-6.661092775468264,-6.661092775468264
-6.654202580021014,-6.654202580021014
-6.647293431848452,-6.647293431848452
-6.64036560034615,-6.64036560034615
-6.6334193499610965,-6.6334193499610965
-6.6264549403252015,-6.6264549403252015
-6.619472626384051,-6.619472626384051
-6.612472658521115,-6.612472658521115
-6.605455282677579,-6.605455282677579
-6.598420740468028,-6.598420740468028
-6.591369269292146,-6.591369269292146
-6.584301102442578,-6.584301102442578
-6.577216469209169,-6.577216469209169
-6.570115594979671,-6.570115594979671
-6.562998701337122,-6.562998701337122
-6.555866006153985,-6.555866006153985
-6.5487177236832235,-6.5487177236832235
-6.5415540646464,-6.5415540646464
-6.534375236318943,-6.534375236318943
-6.52718144261269,-6.52718144261269
-6.519972884155802,-6.519972884155802
-6.512749758370169,-6.512749758370169
-6.505512259546402,-6.505512259546402
-6.498260578916489,-6.498260578916489
-6.49099490472423,-6.49099490472423
-6.483715422293517,-6.483715422293517
-6.476422314094535,-6.476422314094535
-6.469115759807999,-6.469115759807999
-6.461795936387449,-6.461795936387449
-6.454463018119716,-6.454463018119716
-6.4471171766836,-6.4471171766836
-6.439758581206844,-6.439758581206844
-6.4323873983214535,-6.4323873983214535
-6.42500379221743,-6.42500379221743
-6.417607924694955,-6.417607924694955
-6.410199955215118,-6.410199955215118
-6.40278004094919,-6.40278004094919
-6.395348336826546,-6.395348336826546
-6.387904995581232,-6.387904995581232
-6.380450167797266,-6.380450167797266
-6.372984001952691,-6.372984001952691
-6.365506644462427,-6.365506644462427
-6.358018239719973,-6.358018239719973
-6.350518930137986,-6.350518930137986
-6.343008856187777,-6.343008856187777
-6.335488156437758,-6.335488156437758
-6.327956967590889,-6.327956967590889
-6.320415424521139,-6.320415424521139
-6.312863660308995,-6.312863660308995
-6.305301806276065,-6.305301806276065
-6.297729992018788,-6.297729992018788
-6.2901483454412865,-6.2901483454412865
-6.282556992787391,-6.282556992787391
-6.2749560586718545,-6.2749560586718545
-6.267345666110784,-6.267345666110784
-6.2597259365513285,-6.2597259365513285
-6.252096989900622,-6.252096989900622
-6.2444589445540215,-6.2444589445540215
-6.236811917422655,-6.236811917422655
-6.229156023960298,-6.229156023960298
-6.221491378189623,-6.221491378189623
-6.213818092727783,-6.213818092727783
-6.206136278811421,-6.206136278811421
-6.19844604632107,-6.19844604632107
-6.190747503804985,-6.190747503804985
-6.18304075850241,-6.18304075850241
-6.175325916366315,-6.175325916366315
-6.167603082085602,-6.167603082085602
-6.159872359106798,-6.159872359106798
-6.152133849655249,-6.152133849655249
-6.144387654755851,-6.144387654755851
-6.136633874253288,-6.136633874253288
-6.128872606831835,-6.128872606831835
-6.121103950034703,-6.121103950034703
-6.113328000282962,-6.113328000282962
-6.105544852894054,-6.105544852894054
-6.0977546020998785,-6.0977546020998785
-6.089957341064499,-6.089957341064499
-6.082153161901461,-6.082153161901461
-6.074342155690734,-6.074342155690734
-6.066524412495289,-6.066524412495289
-6.058700021377321,-6.058700021377321
-6.050869070414127,-6.050869070414127
-6.043031646713651,-6.043031646713651
-6.035187836429693,-6.035187836429693
-6.027337724776813,-6.027337724776813
-6.019481396044907,-6.019481396044907
-6.011618933613499,-6.011618933613499
-6.003750419965726,-6.003750419965726
-5.9958759367020384,-5.9958759367020384
-5.98799556455362,-5.98799556455362
-5.980109383395547,-5.980109383395547
-5.97221747225966,-5.97221747225966
-5.964319909347197,-5.964319909347197
-5.956416772041156,-5.956416772041156
-5.948508136918431,-5.948508136918431
-5.940594079761693,-5.940594079761693
-5.93267467557104,-5.93267467557104
-5.924749998575416,-5.924749998575416
-5.916820122243821,-5.916820122243821
-5.908885119296281,-5.908885119296281
-5.900945061714628,-5.900945061714628
-5.893000020753054,-5.893000020753054
-5.885050066948476,-5.885050066948476
-5.877095270130696,-5.877095270130696
-5.869135699432373,-5.869135699432373
-5.861171423298802,-5.861171423298802
-5.853202509497516,-5.853202509497516
-5.845229025127696,-5.845229025127696
-5.837251036629425,-5.837251036629425
-5.8292686097927495,-5.8292686097927495
-5.82128180976659,-5.82128180976659
-5.813290701067479,-5.813290701067479
-5.80529534758814,-5.80529534758814
-5.797295812605919,-5.797295812605919
-5.789292158791047,-5.789292158791047
-5.78128444821477,-5.78128444821477
-5.7732727423573245,-5.7732727423573245
-5.7652571021157675,-5.7652571021157675
-5.757237587811682,-5.757237587811682
-5.7492142591987205,-5.7492142591987205
-5.741187175470046,-5.741187175470046
-5.733156395265612,-5.733156395265612
-5.725121976679341,-5.725121976679341
-5.71708397726616,-5.71708397726616
-5.709042454048929,-5.709042454048929
-5.700997463525231,-5.700997463525231
-5.692949061674061,-5.692949061674061
-5.6848973039624,-5.6848973039624
-5.676842245351667,-5.676842245351667
-5.668783940304065,-5.668783940304065
-5.660722442788826,-5.660722442788826
-5.652657806288346,-5.652657806288346
-5.644590083804218,-5.644590083804218
-5.636519327863161,-5.636519327863161
-5.628445590522853,-5.628445590522853
-5.620368923377672,-5.620368923377672
-5.612289377564339,-5.612289377564339
-5.604207003767458,-5.604207003767458
-5.596121852224983,-5.596121852224983
-5.588033972733586,-5.588033972733586
-5.57994341465394,-5.57994341465394
-5.571850226915913,-5.571850226915913
-5.563754458023686,-5.563754458023686
-5.55565615606078,-5.55565615606078
-5.547555368695012,-5.547555368695012
-5.539452143183364,-5.539452143183364
-5.531346526376776,-5.531346526376776
-5.523238564724872,-5.523238564724872
-5.5151283042806005,-5.5151283042806005
-5.507015790704808,-5.507015790704808
-5.49890106927074,-5.49890106927074
-5.490784184868471,-5.490784184868471
-5.482665182009273,-5.482665182009273
-5.474544104829901,-5.474544104829901
-5.46642099709683,-5.46642099709683
-5.458295902210416,-5.458295902210416
-5.450168863208998,-5.450168863208998
-5.4420399227729375,-5.4420399227729375
-5.4339091232285925,-5.4339091232285925
-5.425776506552238,-5.425776506552238
-5.417642114373926,-5.417642114373926
-5.409505987981282,-5.409505987981282
-5.401368168323249,-5.401368168323249
-5.393228696013785,-5.393228696013785
-5.385087611335483,-5.385087611335483
-5.376944954243162,-5.376944954243162
-5.3688007643673865,-5.3688007643673865
-5.360655081017956,-5.360655081017956
-5.352507943187307,-5.352507943187307
-5.3443593895539125,-5.3443593895539125
-5.336209458485593,-5.336209458485593
-5.3280581880427995,-5.3280581880427995
-5.319905615981846,-5.319905615981846
-5.311751779758091,-5.311751779758091
-5.303596716529077,-5.303596716529077
-5.295440463157632,-5.295440463157632
-5.287283056214907,-5.287283056214907
-5.2791245319833955,-5.2791245319833955
-5.2709649264598895,-5.2709649264598895
-5.262804275358415,-5.262804275358415
-5.254642614113094,-5.254642614113094
-5.246479977881008,-5.246479977881008
-5.238316401544989,-5.238316401544989
-5.230151919716383,-5.230151919716383
-5.221986566737784,-5.221986566737784
-5.213820376685707,-5.213820376685707
-5.20565338337326,-5.20565338337326
-5.197485620352736,-5.197485620352736
-5.189317120918212,-5.189317120918212
-5.181147918108078,-5.181147918108078
-5.172978044707556,-5.172978044707556
-5.164807533251172,-5.164807533251172
-5.156636416025201,-5.156636416025201
-5.148464725070075,-5.148464725070075
-5.1402924921827555,-5.1402924921827555
-5.1321197489190915,-5.1321197489190915
-5.123946526596121,-5.123946526596121
-5.115772856294366,-5.115772856294366
-5.107598768860077,-5.107598768860077
-5.099424294907464,-5.099424294907464
-5.091249464820886,-5.091249464820886
-5.08307430875702,-5.08307430875702
-5.074898856647004,-5.074898856647004
-5.066723138198535,-5.066723138198535
-5.058547182897968,-5.058547182897968
-5.050371020012351,-5.050371020012351
-5.042194678591477,-5.042194678591477
-5.034018187469871,-5.034018187469871
-5.025841575268776,-5.025841575268776
-5.0176648703981055,-5.0176648703981055
-5.009488101058362,-5.009488101058362
-5.001311295242556,-5.001311295242556
-4.993134480738067,-4.993134480738067
-4.984957685128515,-4.984957685128515
-4.976780935795584,-4.976780935795584
-4.968604259920833,-4.968604259920833
-4.960427684487483,-4.960427684487483
-4.952251236282181,-4.952251236282181
-4.944074941896741,-4.944074941896741
-4.935898827729868,-4.935898827729868
-4.927722919988853,-4.927722919988853
-4.91954724469126,-4.91954724469126
-4.9113718276665725,-4.9113718276665725
-4.90319669455784,-4.90319669455784
-4.8950218708232915,-4.8950218708232915
-4.886847381737937,-4.886847381737937
-4.8786732523951395,-4.8786732523951395
-4.870499507708183,-4.870499507708183
-4.862326172411807,-4.862326172411807
-4.8541532710637325,-4.8541532710637325
-4.84598082804616,-4.84598082804616
-4.8378088675672615,-4.8378088675672615
-4.829637413662646,-4.829637413662646
-4.821466490196816,-4.821466490196816
-4.813296120864583,-4.813296120864583
-4.805126329192505,-4.805126329192505
-4.796957138540276,-4.796957138540276
-4.788788572102109,-4.788788572102109
-4.780620652908104,-4.780620652908104
-4.772453403825604,-4.772453403825604
-4.764286847560518,-4.764286847560518
-4.756121006658653,-4.756121006658653
-4.747955903507011,-4.747955903507011
-4.739791560335082,-4.739791560335082
-4.731627999216116,-4.731627999216116
-4.723465242068383,-4.723465242068383
-4.715303310656417,-4.715303310656417
-4.707142226592249,-4.707142226592249
-4.698982011336623,-4.698982011336623
-4.690822686200199,-4.690822686200199
-4.682664272344738,-4.682664272344738
-4.674506790784283,-4.674506790784283
-4.666350262386321,-4.666350262386321
-4.658194707872927,-4.658194707872927
-4.650040147821909,-4.650040147821909
-4.64188660266792,-4.64188660266792
-4.633734092703578,-4.633734092703578
-4.6255826380805605,-4.6255826380805605
-4.617432258810694,-4.617432258810694
-4.60928297476702,-4.60928297476702
-4.60113480568487,-4.60113480568487
-4.592987771162904,-4.592987771162904
-4.584841890664156,-4.584841890664156
-4.576697183517055,-4.576697183517055
-4.568553668916452,-4.568553668916452
-4.5604113659246135,-4.5604113659246135
-4.552270293472221,-4.552270293472221
-4.544130470359354,-4.544130470359354
-4.535991915256463,-4.535991915256463
-4.527854646705325,-4.527854646705325
-4.519718683120005,-4.519718683120005
-4.511584042787789,-4.511584042787789
-4.50345074387012,-4.50345074387012
-4.495318804403512,-4.495318804403512
-4.48718824230047,-4.48718824230047
-4.479059075350385,-4.479059075350385
-4.470931321220432,-4.470931321220432
-4.462804997456438,-4.462804997456438
-4.454680121483774,-4.454680121483774
-4.4465567106082045,-4.4465567106082045
-4.438434782016746,-4.438434782016746
-4.430314352778514,-4.430314352778514
-4.422195439845556,-4.422195439845556
-4.414078060053683,-4.414078060053683
-4.405962230123283,-4.405962230123283
-4.397847966660143,-4.397847966660143
-4.389735286156231,-4.389735286156231
-4.381624204990507,-4.381624204990507
-4.3735147394297025,-4.3735147394297025
-4.365406905629094,-4.365406905629094
-4.357300719633282,-4.357300719633282
-4.349196197376936,-4.349196197376936
-4.3410933546855635,-4.3410933546855635
-4.332992207276245,-4.332992207276245
-4.32489277075838,-4.32489277075838
-4.3167950606344085,-4.3167950606344085
-4.308699092300539,-4.308699092300539
-4.300604881047464,-4.300604881047464
-4.292512442061069,-4.292512442061069
-4.284421790423124,-4.284421790423124
-4.276332941111992,-4.276332941111992
-4.268245909003307,-4.268245909003307
-4.26016070887065,-4.26016070887065
-4.252077355386233,-4.252077355386233
-4.243995863121555,-4.243995863121555
-4.235916246548065,-4.235916246548065
-4.22783852003782,-4.22783852003782
-4.2197626978641205,-4.2197626978641205
-4.211688794202162,-4.211688794202162
-4.203616823129657,-4.203616823129657
-4.195546798627472,-4.195546798627472
-4.18747873458024,-4.18747873458024
-4.179412644776987,-4.179412644776987
-4.171348542911723,-4.171348542911723
-4.163286442584063,-4.163286442584063
-4.155226357299808,-4.155226357299808
-4.147168300471554,-4.147168300471554
-4.139112285419254,-4.139112285419254
-4.131058325370815,-4.131058325370815
-4.123006433462666,-4.123006433462666
-4.114956622740327,-4.114956622740327
-4.106908906158967,-4.106908906158967
-4.098863296583964,-4.098863296583964
-4.090819806791465,-4.090819806791465
-4.08277844946891,-4.08277844946891
-4.074739237215603,-4.074739237215603
-4.066702182543215,-4.066702182543215
-4.058667297876343,-4.058667297876343
-4.050634595553017,-4.050634595553017
-4.042604087825232,-4.042604087825232
-4.0345757868594525,-4.0345757868594525
-4.02654970473713,-4.02654970473713
-4.018525853455208,-4.018525853455208
-4.01050424492662,-4.01050424492662
-4.002484890980788,-4.002484890980788
-3.9944678033641092,-3.9944678033641092
-3.9864529937404494,-3.9864529937404494
-3.978440473691618,-3.978440473691618
-3.9704302547178494,-3.9704302547178494
-3.9624223482382743,-3.9624223482382743
-3.9544167655913878,-3.9544167655913878
-3.9464135180355138,-3.9464135180355138
-3.9384126167492655,-3.9384126167492655
-3.930414072831995,-3.930414072831995
-3.922417897304252,-3.922417897304252
-3.9144241011082266,-3.9144241011082266
-3.906432695108191,-3.906432695108191
-3.898443690090938,-3.898443690090938
-3.8904570967662164,-3.8904570967662164
-3.8824729257671606,-3.8824729257671606
-3.8744911876507167,-3.8744911876507167
-3.8665118928980635,-3.8665118928980635
-3.8585350519150325,-3.8585350519150325
-3.850560675032521,-3.850560675032521
-3.842588772506905,-3.842588772506905
-3.834619354520441,-3.834619354520441
-3.8266524311816728,-3.8266524311816728
-3.81868801252583,-3.81868801252583
-3.8107261085152233,-3.8107261085152233
-3.802766729039636,-3.802766729039636
-3.7948098839167126,-3.7948098839167126
-3.786855582892342,-3.786855582892342
-3.778903835641043,-3.778903835641043
-3.770954651766336,-3.770954651766336
-3.7630080408011226,-3.7630080408011226
-3.7550640122080514,-3.7550640122080514
-3.7471225753798887,-3.7471225753798887
-3.7391837396398833,-3.7391837396398833
-3.7312475142421238,-3.7312475142421238
-3.7233139083718987,-3.7233139083718987
-3.7153829311460496,-3.7153829311460496
-3.707454591613321,-3.707454591613321
-3.69952889875471,-3.69952889875471
-3.691605861483811,-3.691605861483811
-3.6836854886471566,-3.6836854886471566
-3.675767789024553,-3.675767789024553
-3.66785277132942,-3.66785277132942
-3.6599404442091217,-3.6599404442091217
-3.652030816245294,-3.652030816245294
-3.644123895954173,-3.644123895954173
-3.6362196917869167,-3.6362196917869167
-3.6283182121299293,-3.6283182121299293
-3.6204194653051722,-3.6204194653051722
-3.612523459570484,-3.612523459570484
-3.604630203119892,-3.604630203119892
-3.5967397040839173,-3.5967397040839173
-3.5888519705298867,-3.5888519705298867
-3.580967010462232,-3.580967010462232
-3.5730848318227926,-3.5730848318227926
-3.5652054424911137,-3.5652054424911137
-3.5573288502847404,-3.5573288502847404
-3.5494550629595136,-3.5494550629595136
-3.5415840882098566,-3.5415840882098566
-3.5337159336690656,-3.5337159336690656
-3.5258506069095925,-3.5258506069095925
-3.5179881154433303,-3.5179881154433303
-3.5101284667218895,-3.5101284667218895
-3.502271668136878,-3.502271668136878
-3.4944177270201786,-3.4944177270201786
-3.4865666506442143,-3.4865666506442143
-3.4787184462222256,-3.4787184462222256
-3.4708731209085353,-3.4708731209085353
-3.463030681798814,-3.463030681798814
-3.455191135930344,-3.455191135930344
-3.4473544902822795,-3.4473544902822795
-3.439520751775904,-3.439520751775904
-3.4316899272748884,-3.4316899272748884
-3.423862023585544,-3.423862023585544
-3.4160370474570736,-3.4160370474570736
-3.4082150055818206,-3.4082150055818206
-3.4003959045955194,-3.4003959045955194
-3.3925797510775357,-3.3925797510775357
-3.3847665515511114,-3.3847665515511114
-3.3769563124836064,-3.3769563124836064
-3.3691490402867377,-3.3691490402867377
-3.3613447413168105,-3.3613447413168105
-3.3535434218749587,-3.3535434218749587
-3.345745088207376,-3.345745088207376
-3.337949746505543,-3.337949746505543
-3.3301574029064573,-3.3301574029064573
-3.3223680634928607,-3.3223680634928607
-3.3145817342934634,-3.3145817342934634
-3.3067984212831627,-3.3067984212831627
-3.2990181303832684,-3.2990181303832684
-3.291240867461716,-3.291240867461716
-3.2834666383332873,-3.2834666383332873
-3.2756954487598238,-3.2756954487598238
-3.267927304450436,-3.267927304450436
-3.260162211061719,-3.260162211061719
-3.2524001741979576,-3.2524001741979576
-3.244641199411336,-3.244641199411336
-3.2368852922021407,-3.2368852922021407
-3.2291324580189635,-3.2291324580189635
-3.2213827022589077,-3.2213827022589077
-3.2136360302677813,-3.2136360302677813
-3.2058924473403,-3.2058924473403
-3.19815195872028,-3.19815195872028
-3.1904145696008355,-3.1904145696008355
-3.1826802851245692,-3.1826802851245692
-3.1749491103837646,-3.1749491103837646
-3.1672210504205736,-3.1672210504205736
-3.15949611022721,-3.15949611022721
-3.1517742947461254,-3.1517742947461254
-3.144055608870201,-3.144055608870201
-3.1363400574429314,-3.1363400574429314
-3.1286276452586,-3.1286276452586
-3.1209183770624622,-3.1209183770624622
-3.1132122575509227,-3.1132122575509227
-3.105509291371711,-3.105509291371711
-3.0978094831240583,-3.0978094831240583
-3.0901128373588667,-3.0901128373588667
-3.0824193585788864,-3.0824193585788864
-3.0747290512388803,-3.0747290512388803
-3.0670419197457965,-3.0670419197457965
-3.0593579684589316,-3.0593579684589316
-3.051677201690102,-3.051677201690102
-3.043999623703802,-3.043999623703802
-3.0363252387173696,-3.0363252387173696
-3.0286540509011464,-3.0286540509011464
-3.0209860643786417,-3.0209860643786417
-3.01332128322668,-3.01332128322668
-3.0056597114755728,-3.0056597114755728
-2.998001353109261,-2.998001353109261
-2.9903462120654747,-2.9903462120654747
-2.9826942922358866,-2.9826942922358866
-2.975045597466262,-2.975045597466262
-2.9674001315566074,-2.9674001315566074
-2.9597578982613197,-2.9597578982613197
-2.9521189012893347,-2.9521189012893347
-2.944483144304276,-2.944483144304276
-2.9368506309245865,-2.9368506309245865
-2.9292213647236887,-2.9292213647236887
-2.9215953492301154,-2.9215953492301154
-2.913972587927654,-2.913972587927654
-2.906353084255484,-2.906353084255484
-2.8987368416083195,-2.8987368416083195
-2.8911238633365377,-2.8911238633365377
-2.8835141527463244,-2.8835141527463244
-2.8759077130997985,-2.8759077130997985
-2.8683045476151534,-2.8683045476151534
-2.860704659466784,-2.860704659466784
-2.8531080517854153,-2.8531080517854153
-2.84551472765824,-2.84551472765824
-2.8379246901290363,-2.8379246901290363
-2.830337942198301,-2.830337942198301
-2.8227544868233765,-2.8227544868233765
-2.815174326918569,-2.815174326918569
-2.807597465355278,-2.807597465355278
-2.800023904962116,-2.800023904962116
-2.7924536485250293,-2.7924536485250293
-2.7848866987874166,-2.7848866987874166
-2.777323058450252,-2.777323058450252
-2.769762730172199,-2.769762730172199
-2.7622057165697287,-2.7622057165697287
-2.754652020217232,-2.754652020217232
-2.7471016436471407,-2.7471016436471407
-2.7395545893500324,-2.7395545893500324
-2.7320108597747486,-2.7320108597747486
-2.724470457328506,-2.724470457328506
-2.7169333843769983,-2.7169333843769983
-2.7093996432445153,-2.7093996432445153
-2.701869236214046,-2.701869236214046
-2.6943421655273854,-2.6943421655273854
-2.68681843338524,-2.68681843338524
-2.6792980419473325,-2.6792980419473325
-2.671780993332506,-2.671780993332506
-2.6642672896188295,-2.6642672896188295
-2.6567569328436926,-2.6567569328436926
-2.649249925003912,-2.649249925003912
-2.6417462680558286,-2.6417462680558286
-2.6342459639154048,-2.6342459639154048
-2.626749014458328,-2.626749014458328
-2.6192554215200996,-2.6192554215200996
-2.6117651868961342,-2.6117651868961342
-2.6042783123418554,-2.6042783123418554
-2.596794799572787,-2.596794799572787
-2.5893146502646482,-2.5893146502646482
-2.581837866053441,-2.581837866053441
-2.5743644485355475,-2.5743644485355475
-2.5668943992678144,-2.5668943992678144
-2.559427719767643,-2.559427719767643
-2.5519644115130795,-2.5519644115130795
-2.544504475942901,-2.544504475942901
-2.5370479144566986,-2.5370479144566986
-2.529594728414967,-2.529594728414967
-2.5221449191391865,-2.5221449191391865
-2.5146984879119074,-2.5146984879119074
-2.507255435976833,-2.507255435976833
-2.4998157645388965,-2.4998157645388965
-2.4923794747643497,-2.4923794747643497
-2.4849465677808382,-2.4849465677808382
-2.477517044677478,-2.477517044677478
-2.470090906504939,-2.470090906504939
-2.4626681542755193,-2.4626681542755193
-2.455248788963221,-2.455248788963221
-2.4478328115038295,-2.4478328115038295
-2.4404202227949834,-2.4404202227949834
-2.4330110236962494,-2.4330110236962494
-2.425605215029199,-2.425605215029199
-2.4182027975774774,-2.4182027975774774
-2.4108037720868736,-2.4108037720868736
-2.4034081392653945,-2.4034081392653945
-2.3960158997833325,-2.3960158997833325
-2.3886270542733357,-2.3886270542733357
-2.381241603330472,-2.381241603330472
-2.3738595475123025,-2.3738595475123025
-2.3664808873389434,-2.3664808873389434
-2.3591056232931336,-2.3591056232931336
-2.351733755820298,-2.351733755820298
-2.3443652853286134,-2.3443652853286134
-2.337000212189072,-2.337000212189072
-2.3296385367355397,-2.3296385367355397
-2.322280259264824,-2.322280259264824
-2.3149253800367298,-2.3149253800367298
-2.307573899274124,-2.307573899274124
-2.30022581716299,-2.30022581716299
-2.2928811338524904,-2.2928811338524904
-2.2855398494550236,-2.2855398494550236
-2.278201964046279,-2.278201964046279
-2.2708674776652984,-2.2708674776652984
-2.263536390314525,-2.263536390314525
-2.256208701959863,-2.256208701959863
-2.248884412530731,-2.248884412530731
-2.241563521920115,-2.241563521920115
-2.234246029984618,-2.234246029984618
-2.2269319365445184,-2.2269319365445184
-2.2196212413838183,-2.2196212413838183
-2.212313944250287,-2.212313944250287
-2.2050100448555274,-2.2050100448555274
-2.1977095428750073,-2.1977095428750073
-2.190412437948116,-2.190412437948116
-2.183118729678214,-2.183118729678214
-2.175828417632677,-2.175828417632677
-2.1685415013429403,-2.1685415013429403
-2.1612579803045504,-2.1612579803045504
-2.1539778539771994,-2.1539778539771994
-2.1467011217847856,-2.1467011217847856
-2.139427783115439,-2.139427783115439
-2.1321578373215746,-2.1321578373215746
-2.1248912837199336,-2.1248912837199336
-2.1176281215916224,-2.1176281215916224
-2.110368350182153,-2.110368350182153
-2.1031119687014908,-2.1031119687014908
-2.0958589763240782,-2.0958589763240782
-2.0886093721888908,-2.0886093721888908
-2.0813631553994627,-2.0813631553994627
-2.0741203250239333,-2.0741203250239333
-2.0668808800950744,-2.0668808800950744
-2.059644819610338,-2.059644819610338
-2.052412142531878,-2.052412142531878
-2.0451828477865988,-2.0451828477865988
-2.0379569342661776,-2.0379569342661776
-2.03073440082711,-2.03073440082711
-2.023515246290728,-2.023515246290728
-2.0162994694432452,-2.0162994694432452
-2.0090870690357847,-2.0090870690357847
-2.0018780437844064,-2.0018780437844064
-1.9946723923701388,-1.9946723923701388
-1.987470113439014,-1.987470113439014
-1.9802712056020877,-1.9802712056020877
-1.9730756674354766,-1.9730756674354766
-1.965883497480379,-1.965883497480379
-1.9586946942431072,-1.9586946942431072
-1.9515092561951108,-1.9515092561951108
-1.944327181773005,-1.944327181773005
-1.9371484693785914,-1.9371484693785914
-1.9299731173788903,-1.9299731173788903
-1.9228011241061582,-1.9228011241061582
-1.9156324878579145,-1.9156324878579145
-1.9084672068969624,-1.9084672068969624
-1.9013052794514147,-1.9013052794514147
-1.8941467037147084,-1.8941467037147084
-1.886991477845637,-1.886991477845637
-1.8798395999683584,-1.8798395999683584
-1.8726910681724267,-1.8726910681724267
-1.8655458805127998,-1.8655458805127998
-1.858404035009868,-1.858404035009868
-1.8512655296494671,-1.8512655296494671
-1.844130362382896,-1.844130362382896
-1.8369985311269357,-1.8369985311269357
-1.8298700337638651,-1.8298700337638651
-1.8227448681414724,-1.8227448681414724
-1.8156230320730793,-1.8156230320730793
-1.8085045233375467,-1.8085045233375467
-1.8013893396792937,-1.8013893396792937
-1.7942774788083082,-1.7942774788083082
-1.7871689384001623,-1.7871689384001623
-1.7800637160960244,-1.7800637160960244
-1.7729618095026682,-1.7729618095026682
-1.7658632161924888,-1.7658632161924888
-1.7587679337035043,-1.7587679337035043
-1.7516759595393763,-1.7516759595393763
-1.744587291169415,-1.744587291169415
-1.7375019260285844,-1.7375019260285844
-1.7304198615175161,-1.7304198615175161
-1.7233410950025145,-1.7233410950025145
-1.7162656238155634,-1.7162656238155634
-1.7091934452543354,-1.7091934452543354
-1.7021245565821932,-1.7021245565821932
-1.6950589550282011,-1.6950589550282011
-1.6879966377871243,-1.6879966377871243
-1.6809376020194378,-1.6809376020194378
-1.6738818448513242,-1.6738818448513242
-1.6668293633746878,-1.6668293633746878
-1.6597801546471427,-1.6597801546471427
-1.6527342156920295,-1.6527342156920295
-1.6456915434984036,-1.6456915434984036
-1.6386521350210497,-1.6386521350210497
-1.63161598718047,-1.63161598718047
-1.624583096862892,-1.624583096862892
-1.6175534609202646,-1.6175534609202646
-1.6105270761702577,-1.6105270761702577
-1.6035039393962625,-1.6035039393962625
-1.596484047347386,-1.596484047347386
-1.589467396738448,-1.589467396738448
-1.5824539842499827,-1.5824539842499827
-1.5754438065282317,-1.5754438065282317
-1.568436860185137,-1.568436860185137
-1.5614331417983394,-1.5614331417983394
-1.5544326479111725,-1.5544326479111725
-1.5474353750326593,-1.5474353750326593
-1.5404413196374978,-1.5404413196374978
-1.5334504781660618,-1.5334504781660618
-1.5264628470243928,-1.5264628470243928
-1.5194784225841855,-1.5194784225841855
-1.5124972011827846,-1.5124972011827846
-1.5055191791231743,-1.5055191791231743
-1.4985443526739688,-1.4985443526739688
-1.4915727180694018,-1.4915727180694018
-1.4846042715093148,-1.4846042715093148
-1.477639009159147,-1.477639009159147
-1.4706769271499225,-1.4706769271499225
-1.4637180215782393,-1.4637180215782393
-1.4567622885062546,-1.4567622885062546
-1.4498097239616714,-1.4498097239616714
-1.4428603239377273,-1.4428603239377273
-1.4359140843931772,-1.4359140843931772
-1.4289710012522783,-1.4289710012522783
-1.4220310704047747,-1.4220310704047747
-1.4150942877058832,-1.4150942877058832
-1.4081606489762761,-1.4081606489762761
-1.4012301500020614,-1.4012301500020614
-1.3943027865347668,-1.3943027865347668
-1.3873785542913235,-1.3873785542913235
-1.3804574489540447,-1.3804574489540447
-1.3735394661706068,-1.3735394661706068
-1.3666246015540304,-1.3666246015540304
-1.3597128506826601,-1.3597128506826601
-1.3528042091001438,-1.3528042091001438
-1.3458986723154094,-1.3458986723154094
-1.3389962358026444,-1.3389962358026444
-1.332096895001274,-1.332096895001274
-1.3252006453159397,-1.3252006453159397
-1.3183074821164695,-1.3183074821164695
-1.3114174007378605,-1.3114174007378605
-1.3045303964802528,-1.3045303964802528
-1.2976464646089023,-1.2976464646089023
-1.2907656003541574,-1.2907656003541574
-1.283887798911431,-1.283887798911431
-1.277013055441176,-1.277013055441176
-1.2701413650688573,-1.2701413650688573
-1.2632727228849245,-1.2632727228849245
-1.2564071239447805,-1.2564071239447805
-1.2495445632687598,-1.2495445632687598
-1.2426850358420913,-1.2426850358420913
-1.235828536614875,-1.235828536614875
-1.2289750605020457,-1.2289750605020457
-1.2221246023833503,-1.2221246023833503
-1.2152771571033072,-1.2152771571033072
-1.208432719471183,-1.208432719471183
-1.2015912842609513,-1.2015912842609513
-1.1947528462112704,-1.1947528462112704
-1.1879174000254384,-1.1879174000254384
-1.1810849403713701,-1.1810849403713701
-1.174255461881552,-1.174255461881552
-1.1674289591530183,-1.1674289591530183
-1.1606054267473056,-1.1606054267473056
-1.1537848591904232,-1.1537848591904232
-1.146967250972812,-1.146967250972812
-1.1401525965493131,-1.1401525965493131
-1.1333408903391236,-1.1333408903391236
-1.1265321267257642,-1.1265321267257642
-1.1197263000570348,-1.1197263000570348
-1.1129234046449814,-1.1129234046449814
-1.1061234347658508,-1.1061234347658508
-1.0993263846600558,-1.0993263846600558
-1.0925322485321276,-1.0925322485321276
-1.0857410205506821,-1.0857410205506821
-1.0789526948483705,-1.0789526948483705
-1.072167265521844,-1.072167265521844
-1.0653847266317036,-1.0653847266317036
-1.0586050722024645,-1.0586050722024645
-1.051828296222504,-1.051828296222504
-1.0450543926440243,-1.0450543926440243
-1.038283355383002,-1.038283355383002
-1.0315151783191434,-1.0315151783191434
-1.0247498552958423,-1.0247498552958423
-1.0179873801201293,-1.0179873801201293
-1.0112277465626243,-1.0112277465626243
-1.0044709483574907,-1.0044709483574907
-0.9977169792023873,-0.9977169792023873
-0.990965832758418,-0.990965832758418
-0.984217502650083,-0.984217502650083
-0.9774719824652276,-0.9774719824652276
-0.9707292657549936,-0.9707292657549936
-0.9639893460337697,-0.9639893460337697
-0.9572522167791341,-0.9572522167791341
-0.9505178714318072,-0.9505178714318072
-0.943786303395599,-0.943786303395599
-0.9370575060373538,-0.9370575060373538
-0.9303314726868963,-0.9303314726868963
-0.9236081966369781,-0.9236081966369781
-0.9168876711432243,-0.9168876711432243
-0.9101698894240763,-0.9101698894240763
-0.903454844660735,-0.903454844660735
-0.8967425299971049,-0.8967425299971049
-0.8900329385397396,-0.8900329385397396
-0.8833260633577804,-0.8833260633577804
-0.8766218974828999,-0.8766218974828999
-0.8699204339092428,-0.8699204339092428
-0.8632216655933667,-0.8632216655933667
-0.8565255854541837,-0.8565255854541837
-0.8498321863728968,-0.8498321863728968
-0.8431414611929393,-0.8431414611929393
-0.8364534027199176,-0.8364534027199176
-0.8297680037215446,-0.8297680037215446
-0.8230852569275766,-0.8230852569275766
-0.8164051550297534,-0.8164051550297534
-0.8097276906817321,-0.8097276906817321
-0.8030528564990241,-0.8030528564990241
-0.7963806450589277,-0.7963806450589277
-0.7897110489004641,-0.7897110489004641
-0.7830440605243122,-0.7830440605243122
-0.7763796723927411,-0.7763796723927411
-0.7697178769295412,-0.7697178769295412
-0.7630586665199568,-0.7630586665199568
-0.7564020335106207,-0.7564020335106207
-0.749747970209483,-0.749747970209483
-0.7430964688857382,-0.7430964688857382
-0.7364475217697606,-0.7364475217697606
-0.7298011210530297,-0.7298011210530297
-0.7231572588880618,-0.7231572588880618
-0.7165159273883341,-0.7165159273883341
-0.7098771186282142,-0.7098771186282142
-0.7032408246428885,-0.7032408246428885
-0.6966070374282864,-0.6966070374282864
-0.6899757489410059,-0.6899757489410059
-0.6833469510982382,-0.6833469510982382
-0.676720635777694,-0.676720635777694
-0.6700967948175274,-0.6700967948175274
-0.6634754200162563,-0.6634754200162563
-0.6568565031326856,-0.6568565031326856
-0.6502400358858332,-0.6502400358858332
-0.6436260099548475,-0.6436260099548475
-0.6370144169789279,-0.6370144169789279
-0.6304052485572466,-0.6304052485572466
-0.6237984962488689,-0.6237984962488689
-0.6171941515726708,-0.6171941515726708
-0.6105922060072559,-0.6105922060072559
-0.6039926509908761,-0.6039926509908761
-0.5973954779213463,-0.5973954779213463
-0.5908006781559637,-0.5908006781559637
-0.5842082430114199,-0.5842082430114199
-0.5776181637637172,-0.5776181637637172
-0.5710304316480854,-0.5710304316480854
-0.5644450378588943,-0.5644450378588943
-0.5578619735495666,-0.5578619735495666
-0.5512812298324885,-0.5512812298324885
-0.544702797778927,-0.544702797778927
-0.5381266684189377,-0.5381266684189377
-0.5315528327412755,-0.5315528327412755
-0.5249812816933034,-0.5249812816933034
-0.5184120061809075,-0.5184120061809075
-0.5118449970684,-0.5118449970684
-0.5052802451784291,-0.5052802451784291
-0.49871774129188706,-0.49871774129188706
-0.492157476147817,-0.492157476147817
-0.48559944044331993,-0.48559944044331993
-0.4790436248334562,-0.4790436248334562
-0.4724900199311548,-0.4724900199311548
-0.4659386163071163,-0.4659386163071163
-0.45938940448971655,-0.45938940448971655
-0.45284237496490665,-0.45284237496490665
-0.44629751817611885,-0.44629751817611885
-0.4397548245241661,-0.4397548245241661
-0.433214284367144,-0.433214284367144
-0.4266758880203295,-0.4266758880203295
-0.4201396257560805,-0.4201396257560805
-0.4136054878037359,-0.4136054878037359
-0.4070734643495133,-0.4070734643495133
-0.4005435455364046,-0.4005435455364046
-0.39401572146407343,-0.39401572146407343
-0.38748998218875375,-0.38748998218875375
-0.38096631772314205,-0.38096631772314205
-0.3744447180362925,-0.3744447180362925
-0.36792517305350964,-0.36792517305350964
-0.3614076726562466,-0.3614076726562466
-0.35489220668199156,-0.35489220668199156
-0.34837876492416164,-0.34837876492416164
-0.3418673371319939,-0.3418673371319939
-0.33535791301043905,-0.33535791301043905
-0.3288504822200425,-0.3288504822200425
-0.32234503437684364,-0.32234503437684364
-0.3158415590522543,-0.3158415590522543
-0.30934004577295515,-0.30934004577295515
-0.3028404840207721,-0.3028404840207721
-0.2963428632325746,-0.2963428632325746
-0.28984717280014805,-0.28984717280014805
-0.2833534020700867,-0.2833534020700867
-0.27686154034367566,-0.27686154034367566
-0.27037157687677277,-0.27037157687677277
-0.26388350087968937,-0.26388350087968937
-0.2573973015170735,-0.2573973015170735
-0.25091296790779205,-0.25091296790779205
-0.24443048912480864,-0.24443048912480864
-0.23794985419506148,-0.23794985419506148
-0.23147105209934327,-0.23147105209934327
-0.22499407177218042,-0.22499407177218042
-0.21851890210170796,-0.21851890210170796
-0.21204553192954392,-0.21204553192954392
-0.20557395005066734,-0.20557395005066734
-0.19910414521329234,-0.19910414521329234
-0.19263610611874155,-0.19263610611874155
-0.18616982142131694,-0.18616982142131694
-0.1797052797281732,-0.1797052797281732
-0.17324246959919162,-0.17324246959919162
-0.1667813795468473,-0.1667813795468473
-0.16032199803607886,-0.16032199803607886
-0.15386431348415797,-0.15386431348415797
-0.14740831426055861,-0.14740831426055861
-0.1409539886868231,-0.1409539886868231
-0.134501325036428,-0.134501325036428
-0.12805031153464905,-0.12805031153464905
-0.12160093635842849,-0.12160093635842849
-0.11515318763623805,-0.11515318763623805
-0.10870705344793954,-0.10870705344793954
-0.10226252182464854,-0.10226252182464854
-0.09581958074859795,-0.09581958074859795
-0.08937821815299628,-0.08937821815299628
-0.08293842192188579,-0.08293842192188579
-0.07650017989000403,-0.07650017989000403
-0.0700634798426411,-0.0700634798426411
-0.06362830951549632,-0.06362830951549632
-0.05719465659453387,-0.05719465659453387
-0.05076250871583803,-0.05076250871583803
-0.044331853465469785,-0.044331853465469785
-0.03790267837931778,-0.03790267837931778
-0.031474970942952096,-0.031474970942952096
-0.025048718591474773,-0.025048718591474773
-0.01862390870937354,-0.01862390870937354
-0.012200528630369053,-0.012200528630369053
-0.005778565637264367,-0.005778565637264367
0.0006419930382069709,0.0006419930382069709
0.007061160215531353,0.007061160215531353
0.013478948765571461,0.013478948765571461
0.019895371610723203,0.019895371610723203
0.0263104417250618,0.0263104417250618
0.03272417213451192,0.03272417213451192
0.039136575916991864,0.039136575916991864
0.04554766620258397,0.04554766620258397
0.05195745617368124,0.05195745617368124
0.05836595906516199,0.05836595906516199
0.06477318816453506,0.06477318816453506
0.07117915681211834,0.07117915681211834
0.07758387840118793,0.07758387840118793
0.08398736637815367,0.08398736637815367
0.0903896342427135,0.0903896342427135
0.09679069554802977,0.09679069554802977
0.10319056390089058,0.10319056390089058
0.10958925296187584,0.10958925296187584
0.11598677644553448,0.11598677644553448
0.12238314812054368,0.12238314812054368
0.12877838180989193,0.12877838180989193
0.1351724913910398,0.1351724913910398
0.14156549079610226,0.14156549079610226
0.14795739401201535,0.14795739401201535
0.15434821508071894,0.15434821508071894
0.16073796809932456,0.16073796809932456
0.16712666722030103,0.16712666722030103
0.1735143266516449,0.1735143266516449
0.1799009606570689,0.1799009606570689
0.18628658355617037,0.18628658355617037
0.19267120972462584,0.19267120972462584
0.19905485359436276,0.19905485359436276
0.20543752965375275,0.20543752965375275
0.21181925244778374,0.21181925244778374
0.21820003657826156,0.21820003657826156
0.22457989670398268,0.22457989670398268
0.2309588475409313,0.2309588475409313
0.2373369038624621,0.2373369038624621
0.24371408049949905,0.24371408049949905
0.2500903923407146,0.2500903923407146
0.2564658543327346,0.2564658543327346
0.2628404814803218,0.2628404814803218
0.2692142888465788,0.2692142888465788
0.27558729155313655,0.27558729155313655
0.28195950478035825,0.28195950478035825
0.28833094376753043,0.28833094376753043
0.2947016238130698,0.2947016238130698
0.3010715602747159,0.3010715602747159
0.3074407685697422,0.3074407685697422
0.31380926417514676,0.31380926417514676
0.32017706262787,0.32017706262787
0.32654417952498715,0.32654417952498715
0.3329106305239261,0.3329106305239261
0.3392764313426638,0.3392764313426638
0.34564159775994735,0.34564159775994735
0.3520061456154901,0.3520061456154901
0.35837009081019816,0.35837009081019816
0.3647334493063689,0.3647334493063689
0.37109623712791673,0.37109623712791673
0.37745847036057634,0.37745847036057634
0.38382016515213185,0.38382016515213185
0.3901813377126227,0.3901813377126227
0.3965420043145708,0.3965420043145708
0.40290218129319477,0.40290218129319477
0.4092618850466374,0.4092618850466374
0.4156211320361802,0.4156211320361802
0.42197993878647777,0.42197993878647777
0.42833832188577264,0.42833832188577264
0.43469629798613113,0.43469629798613113
0.44105388380366234,0.44105388380366234
0.44741109611875785,0.44741109611875785
0.4537679517763101,0.4537679517763101
0.46012446768595694,0.46012446768595694
0.4664806608223041,0.4664806608223041
0.47283654822517,0.47283654822517
0.47919214699980983,0.47919214699980983
0.4855474743171663,0.4855474743171663
0.4919025474140976,0.4919025474140976
0.4982573835936262,0.4982573835936262
0.5046120002251702,0.5046120002251702
0.5109664147448004,0.5109664147448004
0.5173206446554686,0.5173206446554686
0.5236747075272696,0.5236747075272696
0.5300286209976746,0.5300286209976746
0.5363824027717923,0.5363824027717923
0.5427360706226058,0.5427360706226058
0.5490896423912408,0.5490896423912408
0.5554431359872003,0.5554431359872003
0.5617965693886376,0.5617965693886376
0.5681499606425964,0.5681499606425964
0.5745033278652807,0.5745033278652807
0.580856689242305,0.580856689242305
0.5872100630289654,0.5872100630289654
0.5935634675504875,0.5935634675504875
0.599916921202306,0.599916921202306
0.6062704424503158,0.6062704424503158
0.6126240498311515,0.6126240498311515
0.6189777619524447,0.6189777619524447
0.6253315974931045,0.6253315974931045
0.6316855752035782,0.6316855752035782
0.6380397139061353,0.6380397139061353
0.6443940324951343,0.6443940324951343
0.6507485499373051,0.6507485499373051
0.6571032852720197,0.6571032852720197
0.6634582576115834,0.6634582576115834
0.6698134861415005,0.6698134861415005
0.6761689901207759,0.6761689901207759
0.682524788882182,0.682524788882182
0.6888809018325588,0.6888809018325588
0.6952373484530924,0.6952373484530924
0.7015941482996133,0.7015941482996133
0.7079513210028779,0.7079513210028779
0.7143088862688741,0.7143088862688741
0.7206668638791026,0.7206668638791026
0.7270252736908872,0.7270252736908872
0.7333841356376596,0.7333841356376596
0.7397434697292756,0.7397434697292756
0.7461032960522973,0.7461032960522973
0.75246363477032,0.75246363477032
0.7588245061242538,0.7588245061242538
0.7651859304326533,0.7651859304326533
0.7715479280920076,0.7715479280920076
0.777910519577069,0.777910519577069
0.784273725441149,0.784273725441149
0.7906375663164484,0.7906375663164484
0.7970020629143609,0.7970020629143609
0.8033672360258043,0.8033672360258043
0.8097331065215275,0.8097331065215275
0.8160996953524442,0.8160996953524442
0.8224670235499542,0.8224670235499542
0.8288351122262644,0.8288351122262644
0.8352039825747204,0.8352039825747204
0.8415736558701404,0.8415736558701404
0.8479441534691462,0.8479441534691462
0.8543154968104891,0.8543154968104891
0.8606877074153934,0.8606877074153934
0.867060806887896,0.867060806887896
0.873434816915185,0.873434816915185
0.879809759267937,0.879809759267937
0.8861856558006632,0.8861856558006632
0.8925625284520632,0.8925625284520632
0.8989403992453675,0.8989403992453675
0.9053192902886836,0.9053192902886836
0.911699223775354,0.911699223775354
0.9180802219843143,0.9180802219843143
0.9244623072804459,0.9244623072804459
0.93084550211493,0.93084550211493
0.9372298290256164,0.9372298290256164
0.9436153106373852,0.9436153106373852
0.9500019696625142,0.9500019696625142
0.9563898289010389,0.9563898289010389
0.9627789112411277,0.9627789112411277
0.9691692396594581,0.9691692396594581
0.9755608372215866,0.9755608372215866
0.9819537270823221,0.9819537270823221
0.9883479324861142,0.9883479324861142
0.9947434767674225,0.9947434767674225
1.0011403833511159,1.0011403833511159
1.0075386757528402,1.0075386757528402
1.0139383775794253,1.0139383775794253
1.0203395125292578,1.0203395125292578
1.0267421043926905,1.0267421043926905
1.033146177052425,1.033146177052425
1.0395517544839197,1.0395517544839197
1.0459588607557797,1.0459588607557797
1.0523675200301728,1.0523675200301728
1.0587777565632175,1.0587777565632175
1.0651895947054115,1.0651895947054115
1.0716030589020227,1.0716030589020227
1.0780181736935155,1.0780181736935155
1.0844349637159572,1.0844349637159572
1.0908534537014427,1.0908534537014427
1.0972736684785092,1.0972736684785092
1.1036956329725658,1.1036956329725658
1.1101193722063087,1.1101193722063087
1.1165449113001644,1.1165449113001644
1.1229722754727038,1.1229722754727038
1.129401490041092,1.129401490041092
1.135832580421508,1.135832580421508
1.142265572129602,1.142265572129602
1.1487004907809182,1.1487004907809182
1.1551373620913556,1.1551373620913556
1.1615762118776034,1.1615762118776034
1.1680170660576001,1.1680170660576001
1.1744599506509734,1.1744599506509734
1.1809048917795153,1.1809048917795153
1.187351915667618,1.187351915667618
1.193801048642756,1.193801048642756
1.2002523171359325,1.2002523171359325
1.2067057476821605,1.2067057476821605
1.2131613669209227,1.2131613669209227
1.2196192015966523,1.2196192015966523
1.2260792785591994,1.2260792785591994
1.2325416247643235,1.2325416247643235
1.2390062672741569,1.2390062672741569
1.2454732332577105,1.2454732332577105
1.251942549991342,1.251942549991342
1.2584142448592637,1.2584142448592637
1.2648883453540225,1.2648883453540225
1.2713648790770087,1.2713648790770087
1.277843873738946,1.277843873738946
1.2843253571604054,1.2843253571604054
1.2908093572723018,1.2908093572723018
1.297295902116413,1.297295902116413
1.3037850198458825,1.3037850198458825
1.31027673872575,1.31027673872575
1.3167710871334546,1.3167710871334546
1.3232680935593721,1.3232680935593721
1.3297677866073316,1.3297677866073316
1.3362701949951514,1.3362701949951514
1.3427753475551647,1.3427753475551647
1.3492832732347682,1.3492832732347682
1.3557940010969454,1.3557940010969454
1.362307560320827,1.362307560320827
1.3688239802022217,1.3688239802022217
1.3753432901541833,1.3753432901541833
1.3818655197075456,1.3818655197075456
1.3883906985114987,1.3883906985114987
1.394918856334132,1.394918856334132
1.4014500230630162,1.4014500230630162
1.407984228705755,1.407984228705755
1.4145215033905716,1.4145215033905716
1.4210618773668717,1.4210618773668717
1.4276053810058331,1.4276053810058331
1.434152044800979,1.434152044800979
1.4407018993687766,1.4407018993687766
1.447254975449212,1.447254975449212
1.4538113039064038,1.4538113039064038
1.4603709157291809,1.4603709157291809
1.4669338420317042,1.4669338420317042
1.4735001140540538,1.4735001140540538
1.4800697631628585,1.4800697631628585
1.4866428208518907,1.4866428208518907
1.4932193187427014,1.4932193187427014
1.4997992885852272,1.4997992885852272
1.5063827622584305,1.5063827622584305
1.5129697717709165,1.5129697717709165
1.519560349261582,1.519560349261582
1.5261545270002366,1.5261545270002366
1.5327523373882634,1.5327523373882634
1.5393538129592492,1.5393538129592492
1.5459589863796535,1.5459589863796535
1.5525678904494447,1.5525678904494447
1.5591805581027791,1.5591805581027791
1.5657970224086455,1.5657970224086455
1.5724173165715563,1.5724173165715563
1.5790414739321963,1.5790414739321963
1.585669527968124,1.585669527968124
1.5923015122944295,1.5923015122944295
1.598937460664444,1.598937460664444
1.6055774069704187,1.6055774069704187
1.6122213852442195,1.6122213852442195
1.6188694296580282,1.6188694296580282
1.6255215745250557,1.6255215745250557
1.632177854300245,1.632177854300245
1.6388383035809841,1.6388383035809841
1.6455029571078255,1.6455029571078255
1.6521718497652182,1.6521718497652182
1.6588450165822322,1.6588450165822322
1.6655224927332866,1.6655224927332866
1.6722043135388922,1.6722043135388922
1.678890514466403,1.678890514466403
1.6855811311307598,1.6855811311307598
1.6922761992952362,1.6922761992952362
1.6989757548722069,1.6989757548722069
1.7056798339239132,1.7056798339239132
1.7123884726632292,1.7123884726632292
1.719101707454434,1.719101707454434
1.7258195748139904,1.7258195748139904
1.732542111411342,1.732542111411342
1.7392693540696942,1.7392693540696942
1.7460013397668068,1.7460013397668068
1.752738105635801,1.752738105635801
1.7594796889659694,1.7594796889659694
1.7662261272035862,1.7662261272035862
1.7729774579527198,1.7729774579527198
1.7797337189760596,1.7797337189760596
1.786494948195749,1.786494948195749
1.7932611836942234,1.7932611836942234
1.8000324637150371,1.8000324637150371
1.806808826663717,1.806808826663717
1.8135903111086265,1.8135903111086265
1.8203769557818101,1.8203769557818101
1.8271687995798584,1.8271687995798584
1.8339658815647808,1.8339658815647808
1.84076824096489,1.84076824096489
1.8475759171756752,1.8475759171756752
1.8543889497606907,1.8543889497606907
1.8612073784524512,1.8612073784524512
1.8680312431533403,1.8680312431533403
1.874860583936515,1.874860583936515
1.8816954410468096,1.8816954410468096
1.888535854901666,1.888535854901666
1.8953818660920607,1.8953818660920607
1.902233515383438,1.902233515383438
1.9090908437166374,1.9090908437166374
1.9159538922088615,1.9159538922088615
1.9228227021546078,1.9228227021546078
1.9296973150266474,1.9296973150266474
1.9365777724769733,1.9365777724769733
1.9434641163377937,1.9434641163377937
1.9503563886224897,1.9503563886224897
1.9572546315266293,1.9572546315266293
1.9641588874289357,1.9641588874289357
1.9710691988923084,1.9710691988923084
1.977985608664818,1.977985608664818
1.9849081596807379,1.9849081596807379
1.9918368950615468,1.9918368950615468
1.998771858116981,1.998771858116981
2.0057130923460527,2.0057130923460527
2.0126606414381136,2.0126606414381136
2.0196145492738906,2.0196145492738906
2.0265748599265634,2.0265748599265634
2.0335416176628134,2.0335416176628134
2.040514866943921,2.040514866943921
2.047494652426829,2.047494652426829
2.054481018965253,2.054481018965253
2.06147401161076,2.06147401161076
2.0684736756138995,2.0684736756138995
2.0754800564252975,2.0754800564252975
2.0824931996967977,2.0824931996967977
2.0895131512825746,2.0895131512825746
2.096539957240298,2.096539957240298
2.1035736638322544,2.1035736638322544
2.1106143175265295,2.1106143175265295
2.1176619649981507,2.1176619649981507
2.124716653130281,2.124716653130281
2.131778429015385,2.131778429015385
2.1388473399564356,2.1388473399564356
2.145923433468099,2.145923433468099
2.153006757277957,2.153006757277957
2.160097359327714,2.160097359327714
2.167195287774435,2.167195287774435
2.1743005909917685,2.1743005909917685
2.1814133175712116,2.1814133175712116
2.1885335163233357,2.1885335163233357
2.195661236279082,2.195661236279082
2.202796526691009,2.202796526691009
2.209939437034596,2.209939437034596
2.2170900170095167,2.2170900170095167
2.2242483165409612,2.2242483165409612
2.2314143857809254,2.2314143857809254
2.2385882751095583,2.2385882751095583
2.2457700351364696,2.2457700351364696
2.252959716702093,2.252959716702093
2.260157370879014,2.260157370879014
2.2673630489733654,2.2673630489733654
2.274576802526163,2.274576802526163
2.281798683314718,2.281798683314718
2.2890287433540126,2.2890287433540126
2.296267034898118,2.296267034898118
2.303513610441591,2.303513610441591
2.3107685227209243,2.3107685227209243
2.318031824715956,2.318031824715956
2.325303569651342,2.325303569651342
2.332583810997995,2.332583810997995
2.33987260247457,2.33987260247457
2.3471699980489302,2.3471699980489302
2.354476051939657,2.354476051939657
2.3617908186175423,2.3617908186175423
2.3691143528071055,2.3691143528071055
2.3764467094881163,2.3764467094881163
2.383787943897153,2.383787943897153
2.3911381115291372,2.3911381115291372
2.3984972681388994,2.3984972681388994
2.405865469742752,2.405865469742752
2.41324277262009,2.41324277262009
2.4206292333149846,2.4206292333149846
2.428024908637788,2.428024908637788
2.4354298556667624,2.4354298556667624
2.44284413174973,2.44284413174973
2.450267794505715,2.450267794505715
2.4577009018266036,2.4577009018266036
2.465143511878823,2.465143511878823
2.4725956831050424,2.4725956831050424
2.48005747422587,2.48005747422587
2.4875289442415593,2.4875289442415593
2.4950101524337565,2.4950101524337565
2.5025011583672416,2.5025011583672416
2.5100020218916845,2.5100020218916845
2.5175128031434153,2.5175128031434153
2.525033562547208,2.525033562547208
2.5325643608180957,2.5325643608180957
2.5401052589631834,2.5401052589631834
2.5476563182834573,2.5476563182834573
2.5552176003756513,2.5552176003756513
2.562789167134105,2.562789167134105
2.570371080752634,2.570371080752634
2.5779634037264114,2.5779634037264114
2.5855661988538836,2.5855661988538836
2.5931795292386948,2.5931795292386948
2.600803458291616,2.600803458291616
2.6084380497324924,2.6084380497324924
2.616083367592214,2.616083367592214
2.623739476214713,2.623739476214713
2.6314064402589485,2.6314064402589485
2.6390843247009257,2.6390843247009257
2.646773194835725,2.646773194835725
2.6544731162795703,2.6544731162795703
2.662184154971878,2.662184154971878
2.6699063771773406,2.6699063771773406
2.6776398494880334,2.6776398494880334
2.685384638825532,2.685384638825532
2.6931408124430565,2.6931408124430565
2.7009084379276,2.7009084379276
2.7086875832021238,2.7086875832021238
2.7164783165277364,2.7164783165277364
2.7242807065059105,2.7242807065059105
2.7320948220806898,2.7320948220806898
2.7399207325409485,2.7399207325409485
2.747758507522659,2.747758507522659
2.755608217011161,2.755608217011161
2.7634699313434687,2.7634699313434687
2.7713437212105902,2.7713437212105902
2.779229657659878,2.779229657659878
2.7871278120973724,2.7871278120973724
2.795038256290196,2.795038256290196
2.802961062368943,2.802961062368943
2.8108963028301095,2.8108963028301095
2.8188440505385373,2.8188440505385373
2.826804378729855,2.826804378729855
2.834777361012992,2.834777361012992
2.8427630713726506,2.8427630713726506
2.8507615841718685,2.8507615841718685
2.858772974154526,2.858772974154526
2.8667973164479488,2.8667973164479488
2.874834686565482,2.874834686565482
2.8828851604091104,2.8828851604091104
2.8909488142720883,2.8909488142720883
2.899025724841612,2.899025724841612
2.9071159692014823,2.9071159692014823
2.9152196248348363,2.9152196248348363
2.9233367696268475,2.9233367696268475
2.9314674818675033,2.9314674818675033
2.9396118402543645,2.9396118402543645
2.947769923895386,2.947769923895386
2.9559418123117123,2.9559418123117123
2.9641275854405653,2.9641275854405653
2.972327323638086,2.972327323638086
2.9805411076822654,2.9805411076822654
2.9887690187758382,2.9887690187758382
2.997011138549272,2.997011138549272
3.0052675490637153,3.0052675490637153
3.0135383328140217,3.0135383328140217
3.0218235727317673,3.0218235727317673
3.030123352188325,3.030123352188325
3.0384377549979322,3.0384377549979322
3.04676686542083,3.04676686542083
3.0551107681663687,3.0551107681663687
3.0634695483962187,3.0634695483962187
3.071843291727527,3.071843291727527
3.0802320842361843,3.0802320842361843
3.0886360124600443,3.0886360124600443
3.097055163402243,3.097055163402243
3.105489624534478,3.105489624534478
3.113939483800391,3.113939483800391
3.122404829618909,3.122404829618909
3.1308857508876806,3.1308857508876806
3.1393823369864853,3.1393823369864853
3.1478946777807293,3.1478946777807293
3.1564228636249205,3.1564228636249205
3.164966985366223,3.164966985366223
3.173527134348004,3.173527134348004
3.1821034024134467,3.1821034024134467
3.1906958819091638,3.1906958819091638
3.1993046656888877,3.1993046656888877
3.2079298471171365,3.2079298471171365
3.2165715200729785,3.2165715200729785
3.22522977895377,3.22522977895377
3.233904718678984,3.233904718678984
3.2425964346940264,3.2425964346940264
3.2513050229741287,3.2513050229741287
3.2600305800282405,3.2600305800282405
3.268773202902987,3.268773202902987
3.2775329891866445,3.2775329891866445
3.2863100370131773,3.2863100370131773
3.2951044450662703,3.2951044450662703
3.303916312583459,3.303916312583459
3.312745739360231,3.312745739360231
3.3215928257542346,3.3215928257542346
3.3304576726894592,3.3304576726894592
3.3393403816605325,3.3393403816605325
3.348241054736967,3.348241054736967
3.3571597945675395,3.3571597945675395
3.366096704384652,3.366096704384652
3.375051888008744,3.375051888008744
3.3840254498527638,3.3840254498527638
3.3930174949266827,3.3930174949266827
3.402028128842031,3.402028128842031
3.411057457816491,3.411057457816491
3.420105588678542,3.420105588678542
3.4291726288721427,3.4291726288721427
3.438258686461462,3.438258686461462
3.447363870135639,3.447363870135639
3.456488289213612,3.456488289213612
3.4656320536489966,3.4656320536489966
3.4747952740349977,3.4747952740349977
3.4839780616093567,3.4839780616093567
3.493180528259377,3.493180528259377
3.5024027865269955,3.5024027865269955
3.5116449496138875,3.5116449496138875
3.5209071313866196,3.5209071313866196
3.530189446381872,3.530189446381872
3.539492009811716,3.539492009811716
3.5488149375689186,3.5488149375689186
3.558158346232315,3.558158346232315
3.5675223530722344,3.5675223530722344
3.5769070760559907,3.5769070760559907
3.58631263385341,3.58631263385341
3.595739145842412,3.595739145842412
3.6051867321146682,3.6051867321146682
3.6146555134813103,3.6146555134813103
3.6241456114786796,3.6241456114786796
3.633657148374155,3.633657148374155
3.6431902471720297,3.6431902471720297
3.652745031619448,3.652745031619448
3.6623216262124214,3.6623216262124214
3.6719201562018657,3.6719201562018657
3.6815407475997364,3.6815407475997364
3.6911835271852205,3.6911835271852205
3.700848622510986,3.700848622510986
3.7105361619094848,3.7105361619094848
3.7202462744993325,3.7202462744993325
3.729979090191785,3.729979090191785
3.7397347396972114,3.7397347396972114
3.749513354531696,3.749513354531696
3.759315067023685,3.759315067023685
3.7691400103207027,3.7691400103207027
3.778988318396154,3.778988318396154
3.7888601260561563,3.7888601260561563
3.798755568946497,3.798755568946497
3.808674783559635,3.808674783559635
3.8186179072417787,3.8186179072417787
3.8285850782000335,3.8285850782000335
3.8385764355096357,3.8385764355096357
3.8485921191212706,3.8485921191212706
3.8586322698684543,3.8586322698684543
3.8686970294749767,3.8686970294749767
3.8787865405624715,3.8787865405624715
3.8889009466580338,3.8889009466580338
3.8990403922019277,3.8990403922019277
3.9092050225553665,3.9092050225553665
3.919394984008391,3.919394984008391
3.9296104237878398,3.9296104237878398
3.939851490065386,3.939851490065386
3.9501183319656694,3.9501183319656694
3.9604110995745088,3.9604110995745088
3.970729943947236,3.970729943947236
3.9810750171170857,3.9810750171170857
3.991446472103679,3.991446472103679
4.001844462921626,4.001844462921626
4.0122691445892045,4.0122691445892045
4.0227206731371385,4.0227206731371385
4.033199205617467,4.033199205617467
4.0437049001125125,4.0437049001125125
4.0542379157439825,4.0542379157439825
4.064798412682112,4.064798412682112
4.075386552154954,4.075386552154954
4.086002496457752,4.086002496457752
4.09664640896244,4.09664640896244
4.1073184541272285,4.1073184541272285
4.118018797506289,4.118018797506289
4.128747605759581,4.128747605759581
4.139505046662777,4.139505046662777
4.150291289117283,4.150291289117283
4.161106503160382,4.161106503160382
4.171950859975506,4.171950859975506
4.182824531902624,4.182824531902624
4.193727692448727,4.193727692448727
4.204660516298445,4.204660516298445
4.2156231793248,4.2156231793248
4.226615858600067,4.226615858600067
4.23763873240677,4.23763873240677
4.2486919802487835,4.2486919802487835
4.259775782862591,4.259775782862591
4.2708903222286745,4.2708903222286745
4.282035781583001,4.282035781583001
4.293212345428697,4.293212345428697
4.304420199547797,4.304420199547797
4.315659531013186,4.315659531013186
4.326930528200656,4.326930528200656
4.338233380801121,4.338233380801121
4.349568279832937,4.349568279832937
4.360935417654404,4.360935417654404
4.372334987976441,4.372334987976441
4.383767185875338,4.383767185875338
4.395232207805721,4.395232207805721
4.406730251613642,4.406730251613642
4.418261516549866,4.418261516549866
4.429826203283255,4.429826203283255
4.441424513914365,4.441424513914365
4.4530566519891845,4.4530566519891845
4.464722822513053,4.464722822513053
4.476423231964742,4.476423231964742
4.488158088310695,4.488158088310695
4.499927601019452,4.499927601019452
4.511731981076275,4.511731981076275
4.52357144099791,4.52357144099791
4.535446194847544,4.535446194847544
4.547356458249975,4.547356458249975
4.559302448406935,4.559302448406935
4.57128438411262,4.57128438411262
4.583302485769405,4.583302485769405
4.595356975403751,4.595356975403751
4.607448076682343,4.607448076682343
4.619576014928385,4.619576014928385
4.631741017138123,4.631741017138123
4.643943311997575,4.643943311997575
4.656183129899477,4.656183129899477
4.668460702960438,4.668460702960438
4.680776265038294,4.680776265038294
4.693130051749712,4.693130051749712
4.70552230048802,4.70552230048802
4.717953250441233,4.717953250441233
4.730423142610337,4.730423142610337
4.7429322198277895,4.7429322198277895
4.755480726776294,4.755480726776294
4.768068910007779,4.768068910007779
4.780697017962619,4.780697017962619
4.793365300989144,4.793365300989144
4.806074011363379,4.806074011363379
4.818823403309052,4.818823403309052
4.831613733017823,4.831613733017823
4.844445258669838,4.844445258669838
4.857318240454534,4.857318240454534
4.870232940591694,4.870232940591694
4.883189623352803,4.883189623352803
4.896188555082677,4.896188555082677
4.909230004221409,4.909230004221409
4.922314241326559,4.922314241326559
4.935441539095675,4.935441539095675
4.948612172389105,4.948612172389105
4.96182641825313,4.96182641825313
4.975084555943392,4.975084555943392
4.98838686694863,4.98838686694863
5.001733635014765,5.001733635014765
5.015125146169312,5.015125146169312
5.028561688746091,5.028561688746091
5.042043553410302,5.042043553410302
5.055571033183951,5.055571033183951
5.069144423471611,5.069144423471611
5.082764022086539,5.082764022086539
5.096430129277151,5.096430129277151
5.110143047753877,5.110143047753877
5.12390308271639,5.12390308271639
5.137710541881197,5.137710541881197
5.15156573550963,5.15156573550963
5.165468976436217,5.165468976436217
5.1794205800974815,5.1794205800974815
5.19342086456113,5.19342086456113
5.207470150555605,5.207470150555605
5.2215687615001585,5.2215687615001585
5.235717023535278,5.235717023535278
5.249915265553561,5.249915265553561
5.264163819231032,5.264163819231032
5.278463019058931,5.278463019058931
5.29281320237594,5.29281320237594
5.307214709400878,5.307214709400878
5.321667883265845,5.321667883265845
5.336173070049908,5.336173070049908
5.350730618813222,5.350730618813222
5.365340881631681,5.365340881631681
5.380004213632041,5.380004213632041
5.394720973027608,5.394720973027608
5.40949152115442,5.40949152115442
5.424316222507977,5.424316222507977
5.439195444780487,5.439195444780487
5.454129558898715,5.454129558898715
5.469118939062358,5.469118939062358
5.484163962783024,5.484163962783024
5.4992650109237555,5.4992650109237555
5.514422467739179,5.514422467739179
5.529636720916265,5.529636720916265
5.544908161615704,5.544908161615704
5.560237184513861,5.560237184513861
5.5756241878454444,5.5756241878454444
5.5910695734467994,5.5910695734467994
5.606573746799831,5.606573746799831
5.622137117076655,5.622137117076655
5.637760097184894,5.637760097184894
5.65344310381373,5.65344310381373
5.669186557480605,5.669186557480605
5.684990882578692,5.684990882578692
5.700856507425096,5.700856507425096
5.716783864309828,5.716783864309828
5.73277338954553,5.73277338954553
5.748825523517967,5.748825523517967
5.76494071073736,5.76494071073736
5.7811193998905255,5.7811193998905255
5.797362043893826,5.797362043893826
5.813669099946955,5.813669099946955
5.830041029587631,5.830041029587631
5.846478298747153,5.846478298747153
5.862981377806833,5.862981377806833
5.879550741655347,5.879550741655347
5.8961868697470425,5.8961868697470425
5.912890246161186,5.912890246161186
5.929661359662167,5.929661359662167
5.946500703760693,5.946500703760693
5.9634087767759905,5.9634087767759905
5.98038608189908,5.98038608189908
5.997433127257016,5.997433127257016
6.01455042597827,6.01455042597827
6.031738496259154,6.031738496259154
6.048997861431383,6.048997861431383
6.066329050030781,6.066329050030781
6.083732595867133,6.083732595867133
6.101209038095186,6.101209038095186
6.118758921286913,6.118758921286913
6.136382795504985,6.136382795504985
6.1540812163775005,6.1540812163775005
6.171854745173959,6.171854745173959
6.189703948882601,6.189703948882601
6.207629400289076,6.207629400289076
6.225631678056432,6.225631678056432
6.243711366806526,6.243711366806526
6.261869057202847,6.261869057202847
6.280105346034822,6.280105346034822
6.298420836303559,6.298420836303559
6.316816137309106,6.316816137309106
6.335291864739293,6.335291864739293
6.353848640760132,6.353848640760132
6.372487094107832,6.372487094107832
6.391207860182416,6.391207860182416
6.410011581143112,6.410011581143112
6.428898906005401,6.428898906005401
6.447870490739825,6.447870490739825
6.4669269983725925,6.4669269983725925
6.486069099088035,6.486069099088035
6.5052974703329465,6.5052974703329465
6.524612796922801,6.524612796922801
6.544015771149935,6.544015771149935
6.563507092893772,6.563507092893772
6.583087469733067,6.583087469733067
6.602757617060245,6.602757617060245
6.62251825819786,6.62251825819786
6.6423701245172655,6.6423701245172655
6.662313955559562,6.662313955559562
6.682350499158746,6.682350499158746
6.7024805115672565,6.7024805115672565
6.722704757583901,6.722704757583901
6.743024010684267,6.743024010684267
6.76343905315358,6.76343905315358
6.783950676222161,6.783950676222161
6.804559680203492,6.804559680203492
6.825266874635025,6.825266874635025
6.846073078421657,6.846073078421657
6.866979119982051,6.866979119982051
6.887985837397859,6.887985837397859
6.909094078565896,6.909094078565896
6.930304701353295,6.930304701353295
6.951618573755766,6.951618573755766
6.973036574059044,6.973036574059044
6.994559591003585,6.994559591003585
7.0161885239525414,7.0161885239525414
7.037924283063149,7.037924283063149
7.059767789461649,7.059767789461649
7.081719975421723,7.081719975421723
7.103781784546635,7.103781784546635
7.125954171955052,7.125954171955052
7.148238104470784,7.148238104470784
7.1706345608164375,7.1706345608164375
7.193144531811093,7.193144531811093
7.215769020572118,7.215769020572118
7.238509042721234,7.238509042721234
7.261365626594973,7.261365626594973
7.284339813459518,7.284339813459518
7.30743265773017,7.30743265773017
7.330645227195515,7.330645227195515
7.35397860324639,7.35397860324639
7.377433881109802,7.377433881109802
7.401012170087857,7.401012170087857
7.42471459380201,7.42471459380201
7.448542290442537,7.448542290442537
7.472496413023578,7.472496413023578
7.496578129643692,7.496578129643692
7.520788623752321,7.520788623752321
7.5451290944221014,7.5451290944221014
7.56960075662728,7.56960075662728
7.594204841528366,7.594204841528366
7.618942596763235,7.618942596763235
7.643815286744845,7.643815286744845
7.668824192965688,7.668824192965688
7.693970614309203,7.693970614309203
7.719255867368391,7.719255867368391
7.7446812867717645,7.7446812867717645
7.77024822551686,7.77024822551686
7.795958055311493,7.795958055311493
7.821812166923037,7.821812166923037
7.847811970535944,7.847811970535944
7.873958896117666,7.873958896117666
7.9002543937932685,7.9002543937932685
7.9266999342290205,7.9266999342290205
7.953297009025193,7.953297009025193
9.099838265008733,9.099838265008733
9.10984576539964,9.10984576539964
9.119914781833371,9.119914781833371
9.130048975638674,9.130048975638674
9.140251903616061,9.140251903616061
9.150527031235665,9.150527031235665
9.160877744127863,9.160877744127863
9.171307358154223,9.171307358154223
9.18181912828964,9.18181912828964
9.192416256502819,9.192416256502819
9.203101898787938,9.203101898787938
9.213879171473142,9.213879171473142
9.224751156909877,9.224751156909877
9.235720908629997,9.235720908629997
9.246791456043466,9.246791456043466
9.257965808737996,9.257965808737996
9.269246960432806,9.269246960432806
9.280637892630846,9.280637892630846
9.292141578007772,9.292141578007772
9.303760983570264,9.303760983570264
9.315499073612209,9.315499073612209
9.32735881249323,9.32735881249323
9.33934316726132,9.33934316726132
9.351455110138264,9.351455110138264
9.363697620884453,9.363697620884453
9.376073689057858,9.376073689057858
9.388586316180037,9.388586316180037
9.401238517820968,9.401238517820968
9.414033325612913,9.414033325612913
9.4269737892026,9.4269737892026
9.440062978150358,9.440062978150358
9.453303983783647,9.453303983783647
9.466699921011845,9.466699921011845
9.480253930108857,9.480253930108857
9.493969178469152,9.493969178469152
9.507848862342655,9.507848862342655
9.52189620855356,9.52189620855356
9.536114476207498,9.536114476207498
9.550506958391502,9.550506958391502
9.565076983870926,9.565076983870926
9.579827918786961,9.579827918786961
9.594763168358561,9.594763168358561
9.609886178592207,9.609886178592207
9.62520043800286,9.62520043800286
9.64070947934944,9.64070947934944
9.656416881387756,9.656416881387756
9.672326270644161,9.672326270644161
9.688441323212825,9.688441323212825
9.704765766579659,9.704765766579659
9.721303381475643,9.721303381475643
9.73805800376264,9.73805800376264
9.755033526354573,9.755033526354573
9.772233901176747,9.772233901176747
9.789663141166413,9.789663141166413
9.80732532231729,9.80732532231729
9.825224585771329,9.825224585771329
9.843365139960541,9.843365139960541
9.861751262802098,9.861751262802098
9.880387303949721,9.880387303949721
9.899277687104902,9.899277687104902
9.918426912391002,9.918426912391002
9.93783955879381,9.93783955879381
9.957520286672134,9.957520286672134
9.977473840341945,9.977473840341945
9.997705050738169,9.997705050738169
10.018218838157718,10.018218838157718
10.039020215088094,10.039020215088094
10.06011428912578,10.06011428912578
10.081506265988931,10.081506265988931
10.103201452628735,10.103201452628735
10.125205260444709,10.125205260444709
10.147523208608543,10.147523208608543
10.170160927502309,10.170160927502309
10.193124162275922,10.193124162275922
10.216418776530347,10.216418776530347
10.24005075613218,10.24005075613218
10.264026213166252,10.264026213166252
10.288351390032911,10.288351390032911
10.313032663697044,10.313032663697044
10.338076550096295,10.338076550096295
10.36348970871646,10.36348970871646
10.389278947342142,10.389278947342142
10.4154512269914,10.4154512269914
10.44201366704375,10.44201366704375
10.4689735505711,10.4689735505711
10.49633832988188,10.49633832988188
10.524115632289185,10.524115632289185
10.55231326611442,10.55231326611442
10.58093922693872,10.58093922693872
10.610001704114644,10.610001704114644
10.639509087552,10.639509087552
10.669469974792136,10.669469974792136
10.699893178386096,10.699893178386096
10.730787733592566,10.730787733592566
10.762162906413046,10.762162906413046
10.794028201982591,10.794028201982591
10.826393373335424,10.826393373335424
10.859268430566024,10.859268430566024
10.892663650407918,10.892663650407918
10.926589586253435,10.926589586253435
10.961057078639485,10.961057078639485
10.996077266225761,10.996077266225761
11.031661597294033,11.031661597294033
11.067821841798654,11.067821841798654
11.10457010400073,11.10457010400073
11.141918835720357,11.141918835720357
11.179880850244198,11.179880850244198
11.218469336927672,11.218469336927672
11.257697876534582,11.257697876534582
11.297580457359093,11.297580457359093
11.338131492179125,11.338131492179125
11.379365836093422,11.379365836093422
11.421298805298434,11.421298805298434
11.463946196865292,11.463946196865292
11.507324309581863,11.507324309581863
11.55144996592982,11.55144996592982
11.596340535272068,11.596340535272068
11.642013958331463,11.642013958331463
11.68848877304873,11.68848877304873
11.735784141913923,11.735784141913923
11.783919880874002,11.783919880874002
11.832916489926815,11.832916489926815
11.88279518552138,11.88279518552138
11.933577934894581,11.933577934894581
11.985287492484781,11.985287492484781
12.037947438575435,12.037947438575435
12.091582220334907,12.091582220334907
12.146217195433628,12.146217195433628
12.201878678435335,12.201878678435335
12.258593990177289,12.258593990177289
12.316391510374066,12.316391510374066
12.375300733701158,12.375300733701158
12.435352329638675,12.435352329638675
12.496578206382189,12.496578206382189
12.55901157915732,12.55901157915732
12.622687043308082,12.622687043308082
12.687640652565134,12.687640652565134
12.753910002941314,12.753910002941314
12.821534322747613,12.821534322747613
12.890554569274034,12.890554569274034
12.961013532736906,12.961013532736906
13.03295594815839,13.03295594815839
13.10642861591684,13.10642861591684
13.181480531787642,13.181480531787642
13.258163027386367,13.258163027386367
13.336529922029467,13.336529922029467
13.416637687146011,13.416637687146011
13.498545624506983,13.498545624506983
13.582316059690648,13.582316059690648
13.668014552374842,13.668014552374842
13.75571012524523,13.75571012524523
13.845475513533822,13.845475513533822
13.937387437461503,13.937387437461503
14.031526900155711,14.031526900155711
14.127979513958397,14.127979513958397
14.226835858435841,14.226835858435841
14.328191873861519,14.328191873861519
14.432149294477691,14.432149294477691
14.538816126463509,14.538816126463509
14.648307176265329,14.648307176265329
14.76074463579744,14.76074463579744
14.876258732024938,14.876258732024938
14.994988449623893,14.994988449623893
15.11708233681649,15.11708233681649
15.24269940614552,15.24269940614552
15.372010143940964,15.372010143940964
15.505197644613734,15.505197644613734
15.642458888778604,15.642458888778604
15.78400618767107,15.78400618767107
15.930068820527763,15.930068820527763
16.080894896727404,16.080894896727404
16.2367534807782,16.2367534807782
16.39793702598699,16.39793702598699
16.564764172252083,16.564764172252083
16.737582975401263,16.737582975401263
16.916774650529682,16.916774650529682
17.102757930781543,17.102757930781543
17.295994167180154,17.295994167180154
17.496993326077977,17.496993326077977
17.706321080815552,17.706321080815552
17.924607246326147,17.924607246326147
18.152555874009547,18.152555874009547
18.390957415288174,18.390957415288174
18.64070348452091,18.64070348452091
18.902804917919617,18.902804917919617
19.178414053197365,19.178414053197365
19.468852472320158,19.468852472320158
19.775645898551193,19.775645898551193
20.100568583243962,20.100568583243962
20.445700458859513,20.445700458859513
20.813501735682465,20.813501735682465
21.206911750205418,21.206911750205418
21.629482190434775,21.629482190434775
22.085560127249256,22.085560127249256
22.58054501898949,22.58054501898949
23.12125875234946,23.12125875234946
23.716494194325378,23.716494194325378
24.3778567552781,24.3778567552781
25.12110952432653,25.12110952432653
25.968433410842174,25.968433410842174
26.952468685936296,26.952468685936296
28.124144071201925,28.124144071201925
29.5695584415113,29.5695584415113
31.452374023171615,31.452374023171615
34.14899695756403,34.14899695756403
38.92973608997288,38.92973608997288
