-7.0019474318930826,-7.0019474318930826
-7.012512216634256,-7.012512216634256
-7.019308347570172,-7.019308347570172
-7.024438441147903,-7.024438441147903
-7.0284690807444195,-7.0284690807444195
-7.0316775651339505,-7.0316775651339505
-7.034229598032488,-7.034229598032488
-7.036235628121027,-7.036235628121027
-7.037774617215537,-7.037774617215537
-7.038905855187376,-7.038905855187376
-7.039675510192021,-7.039675510192021
-7.04012055703296,-7.04012055703296
-7.040271277773363,-7.040271277773363
-7.040152929888753,-7.040152929888753
-7.039786902066884,-7.039786902066884
-7.039191540485473,-7.039191540485473
-7.0383827552696205,-7.0383827552696205
-7.0373744757148105,-7.0373744757148105
-7.036178998676675,-7.036178998676675
-7.034807259745742,-7.034807259745742
-7.033269047485215,-7.033269047485215
-7.031573174935788,-7.031573174935788
-7.029727618539917,-7.029727618539917
-7.027739631873866,-7.027739631873866
-7.025615839652001,-7.025615839652001
-7.023362316104153,-7.023362316104153
-7.020984650844484,-7.020984650844484
-7.018488004632081,-7.018488004632081
-7.015877156891063,-7.015877156891063
-7.013156546458538,-7.013156546458538
-7.010330306725523,-7.010330306725523
-7.007402296103349,-7.007402296103349
-7.004376124567948,-7.004376124567948
-7.00125517689356,-7.00125517689356
-6.998042633076477,-6.998042633076477
-6.994741486361198,-6.994741486361198
-6.991354559210844,-6.991354559210844
-6.987884517506806,-6.987884517506806
-6.984333883216433,-6.984333883216433
-6.980705045729994,-6.980705045729994
-6.977000272037155,-6.977000272037155
-6.973221715887811,-6.973221715887811
-6.969371426060877,-6.969371426060877
-6.965451353847055,-6.965451353847055
-6.961463359836834,-6.961463359836834
-6.957409220092497,-6.957409220092497
-6.953290631772499,-6.953290631772499
-6.949109218267633,-6.949109218267633
-6.944866533900821,-6.944866533900821
-6.940564068235923,-6.940564068235923
-6.93620325003541,-6.93620325003541
-6.931785450901924,-6.931785450901924
-6.927311988634704,-6.927311988634704
-6.922784130328232,-6.922784130328232
-6.918203095237394,-6.918203095237394
-6.91357005743072,-6.91357005743072
-6.908886148250974,-6.908886148250974
-6.9041524586002465,-6.9041524586002465
-6.899370041064914,-6.899370041064914
-6.894539911894289,-6.894539911894289
-6.889663052845294,-6.889663052845294
-6.8847404129043435,-6.8847404129043435
-6.8797729098964755,-6.8797729098964755
-6.874761431990806,-6.874761431990806
-6.869706839110535,-6.869706839110535
-6.864609964254935,-6.864609964254935
-6.85947161474011,-6.85947161474011
-6.854292573364643,-6.854292573364643
-6.849073599505747,-6.849073599505747
-6.8438154301510234,-6.8438154301510234
-6.838518780870468,-6.838518780870468
-6.833184346733031,-6.833184346733031
-6.827812803171567,-6.827812803171567
-6.822404806799827,-6.822404806799827
-6.816960996184705,-6.816960996184705
-6.811481992576821,-6.811481992576821
-6.805968400602158,-6.805968400602158
-6.8004208089173535,-6.8004208089173535
-6.794839790830993,-6.794839790830993
-6.789225904893066,-6.789225904893066
-6.783579695454617,-6.783579695454617
-6.777901693199438,-6.777901693199438
-6.772192415649549,-6.772192415649549
-6.766452367646023,-6.766452367646023
-6.760682041806688,-6.760682041806688
-6.754881918962038,-6.754881918962038
-6.749052468570661,-6.749052468570661
-6.743194149115368,-6.743194149115368
-6.737307408481111,-6.737307408481111
-6.731392684315764,-6.731392684315764
-6.725450404374684,-6.725450404374684
-6.719480986849989,-6.719480986849989
-6.713484840685358,-6.713484840685358
-6.707462365877186,-6.707462365877186
-6.70141395376276,-6.70141395376276
-6.695339987296223,-6.695339987296223
-6.689240841312899,-6.689240841312899
-6.683116882782631,-6.683116882782631
-6.676968471052677,-6.676968471052677
-6.670795958080696,-6.670795958080696
-6.664599688658339,-6.664599688658339
-6.658380000625898,-6.658380000625898
-6.652137225078456,-6.652137225078456
-6.645871686563974,-6.645871686563974
-6.639583703273677,-6.639583703273677
-6.633273587225129,-6.633273587225129
-6.62694164443835,-6.62694164443835
-6.62058817510527,-6.62058817510527
-6.614213473752878,-6.614213473752878
-6.607817829400313,-6.607817829400313
-6.601401525710206,-6.601401525710206
-6.594964841134524,-6.594964841134524
-6.588508049055152,-6.588508049055152
-6.58203141791947,-6.58203141791947
-6.575535211371133,-6.575535211371133
-6.569019688376243,-6.569019688376243
-6.562485103345181,-6.562485103345181
-6.555931706250194,-6.555931706250194
-6.549359742738991,-6.549359742738991
-6.542769454244493,-6.542769454244493
-6.536161078090877,-6.536161078090877
-6.5295348475961035,-6.5295348475961035
-6.522890992171057,-6.522890992171057
-6.516229737415429,-6.516229737415429
-6.509551305210492,-6.509551305210492
-6.502855913808877,-6.502855913808877
-6.49614377792149,-6.49614377792149
-6.489415108801661,-6.489415108801661
-6.482670114326643,-6.482670114326643
-6.475908999076585,-6.475908999076585
-6.469131964411021,-6.469131964411021
-6.462339208543053,-6.462339208543053
-6.455530926611229,-6.455530926611229
-6.448707310749269,-6.448707310749269
-6.441868550153686,-6.441868550153686
-6.435014831149393,-6.435014831149393
-6.428146337253363,-6.428146337253363
-6.42126324923642,-6.42126324923642
-6.414365745183229,-6.414365745183229
-6.407454000550544,-6.407454000550544
-6.400528188223785,-6.400528188223785
-6.393588478571992,-6.393588478571992
-6.386635039501234,-6.386635039501234
-6.379668036506494,-6.379668036506494
-6.372687632722131,-6.372687632722131
-6.365693988970906,-6.365693988970906
-6.358687263811696,-6.358687263811696
-6.351667613585866,-6.351667613585866
-6.344635192462394,-6.344635192462394
-6.3375901524817895,-6.3375901524817895
-6.330532643598813,-6.330532643598813
-6.323462813724065,-6.323462813724065
-6.316380808764472,-6.316380808764472
-6.309286772662716,-6.309286772662716
-6.302180847435623,-6.302180847435623
-6.295063173211555,-6.295063173211555
-6.287933888266849,-6.287933888266849
-6.280793129061305,-6.280793129061305
-6.273641030272786,-6.273641030272786
-6.2664777248309305,-6.2664777248309305
-6.2593033439500285,-6.2593033439500285
-6.252118017161059,-6.252118017161059
-6.24492187234295,-6.24492187234295
-6.237715035753059,-6.237715035753059
-6.230497632056899,-6.230497632056899
-6.223269784357156,-6.223269784357156
-6.216031614221983,-6.216031614221983
-6.208783241712629,-6.208783241712629
-6.2015247854104,-6.2015247854104
-6.194256362442975,-6.194256362442975
-6.186978088510106,-6.186978088510106
-6.179690077908709,-6.179690077908709
-6.172392443557363,-6.172392443557363
-6.165085297020259,-6.165085297020259
-6.157768748530565,-6.157768748530565
-6.150442907013288,-6.150442907013288
-6.143107880107581,-6.143107880107581
-6.135763774188561,-6.135763774188561
-6.128410694388642,-6.128410694388642
-6.121048744618367,-6.121048744618367
-6.1136780275867855,-6.1136780275867855
-6.106298644821384,-6.106298644821384
-6.098910696687562,-6.098910696687562
-6.091514282407697,-6.091514282407697
-6.084109500079776,-6.084109500079776
-6.076696446695629,-6.076696446695629
-6.069275218158779,-6.069275218158779
-6.0618459093018835,-6.0618459093018835
-6.0544086139038304,-6.0544086139038304
-6.046963424706443,-6.046963424706443
-6.03951043343086,-6.03951043343086
-6.032049730793545,-6.032049730793545
-6.0245814065219765,-6.0245814065219765
-6.017105549370003,-6.017105549370003
-6.009622247132886,-6.009622247132886
-6.002131586662028,-6.002131586662028
-5.994633653879397,-5.994633653879397
-5.987128533791664,-5.987128533791664
-5.9796163105040465,-5.9796163105040465
-5.972097067233873,-5.972097067233873
-5.964570886323879,-5.964570886323879
-5.957037849255229,-5.957037849255229
-5.949498036660291,-5.949498036660291
-5.941951528335148,-5.941951528335148
-5.934398403251863,-5.934398403251863
-5.926838739570513,-5.926838739570513
-5.919272614650977,-5.919272614650977
-5.911700105064498,-5.911700105064498
-5.904121286605029,-5.904121286605029
-5.89653623430035,-5.89653623430035
-5.888945022422974,-5.888945022422974
-5.881347724500861,-5.881347724500861
-5.873744413327896,-5.873744413327896
-5.866135160974204,-5.866135160974204
-5.858520038796253,-5.858520038796253
-5.850899117446764,-5.850899117446764
-5.843272466884452,-5.843272466884452
-5.835640156383574,-5.835640156383574
-5.8280022545433035,-5.8280022545433035
-5.820358829296935,-5.820358829296935
-5.812709947920921,-5.812709947920921
-5.805055677043742,-5.805055677043742
-5.7973960826546165,-5.7973960826546165
-5.789731230112048,-5.789731230112048
-5.782061184152241,-5.782061184152241
-5.774386008897328,-5.774386008897328
-5.76670576786349,-5.76670576786349
-5.759020523968909,-5.759020523968909
-5.751330339541583,-5.751330339541583
-5.74363527632701,-5.74363527632701
-5.73593539549574,-5.73593539549574
-5.7282307576507785,-5.7282307576507785
-5.720521422834887,-5.720521422834887
-5.71280745053773,-5.71280745053773
-5.705088899702929,-5.705088899702929
-5.6973658287349656,-5.6973658287349656
-5.689638295505984,-5.689638295505984
-5.681906357362482,-5.681906357362482
-5.674170071131876,-5.674170071131876
-5.6664294931289625,-5.6664294931289625
-5.65868467916227,-5.65868467916227
-5.650935684540309,-5.650935684540309
-5.643182564077707,-5.643182564077707
-5.635425372101253,-5.635425372101253
-5.627664162455842,-5.627664162455842
-5.619898988510309,-5.619898988510309
-5.612129903163188,-5.612129903163188
-5.604356958848356,-5.604356958848356
-5.596580207540605,-5.596580207540605
-5.588799700761101,-5.588799700761101
-5.581015489582785,-5.581015489582785
-5.573227624635655,-5.573227624635655
-5.565436156111994,-5.565436156111994
-5.557641133771488,-5.557641133771488
-5.549842606946281,-5.549842606946281
-5.542040624545946,-5.542040624545946
-5.534235235062372,-5.534235235062372
-5.5264264865745805,-5.5264264865745805
-5.518614426753468,-5.518614426753468
-5.5107991028664625,-5.5107991028664625
-5.502980561782131,-5.502980561782131
-5.495158849974691,-5.495158849974691
-5.487334013528465,-5.487334013528465
-5.479506098142274,-5.479506098142274
-5.471675149133744,-5.471675149133744
-5.463841211443567,-5.463841211443567
-5.456004329639684,-5.456004329639684
-5.4481645479214125,-5.4481645479214125
-5.440321910123512,-5.440321910123512
-5.432476459720179,-5.432476459720179
-5.424628239828994,-5.424628239828994
-5.416777293214806,-5.416777293214806
-5.408923662293558,-5.408923662293558
-5.401067389136056,-5.401067389136056
-5.39320851547168,-5.39320851547168
-5.38534708269205,-5.38534708269205
-5.377483131854632,-5.377483131854632
-5.369616703686287,-5.369616703686287
-5.361747838586775,-5.361747838586775
-5.353876576632213,-5.353876576632213
-5.346002957578467,-5.346002957578467
-5.3381270208645155,-5.3381270208645155
-5.330248805615746,-5.330248805615746
-5.322368350647219,-5.322368350647219
-5.314485694466881,-5.314485694466881
-5.3066008752787255,-5.3066008752787255
-5.298713930985919,-5.298713930985919
-5.290824899193879,-5.290824899193879
-5.282933817213307,-5.282933817213307
-5.275040722063182,-5.275040722063182
-5.267145650473715,-5.267145650473715
-5.259248638889254,-5.259248638889254
-5.251349723471155,-5.251349723471155
-5.243448940100613,-5.243448940100613
-5.235546324381457,-5.235546324381457
-5.227641911642895,-5.227641911642895
-5.21973573694224,-5.21973573694224
-5.211827835067581,-5.211827835067581
-5.203918240540428,-5.203918240540428
-5.19600698761832,-5.19600698761832
-5.188094110297396,-5.188094110297396
-5.180179642314932,-5.180179642314932
-5.172263617151844,-5.172263617151844
-5.164346068035161,-5.164346068035161
-5.156427027940458,-5.156427027940458
-5.148506529594261,-5.148506529594261
-5.140584605476427,-5.140584605476427
-5.132661287822477,-5.132661287822477
-5.124736608625912,-5.124736608625912
-5.116810599640492,-5.116810599640492
-5.108883292382491,-5.108883292382491
-5.100954718132914,-5.100954718132914
-5.093024907939692,-5.093024907939692
-5.08509389261985,-5.08509389261985
-5.0771617027616385,-5.0771617027616385
-5.0692283687266455,-5.0692283687266455
-5.061293920651882,-5.061293920651882
-5.053358388451833,-5.053358388451833
-5.045421801820489,-5.045421801820489
-5.037484190233353,-5.037484190233353
-5.029545582949414,-5.029545582949414
-5.021606009013106,-5.021606009013106
-5.013665497256231,-5.013665497256231
-5.005724076299873,-5.005724076299873
-4.997781774556268,-4.997781774556268
-4.989838620230672,-4.989838620230672
-4.981894641323186,-4.981894641323186
-4.973949865630582,-4.973949865630582
-4.966004320748072,-4.966004320748072
-4.958058034071099,-4.958058034071099
-4.9501110327970625,-4.9501110327970625
-4.942163343927055,-4.942163343927055
-4.934214994267561,-4.934214994267561
-4.92626601043214,-4.92626601043214
-4.918316418843092,-4.918316418843092
-4.910366245733092,-4.910366245733092
-4.902415517146821,-4.902415517146821
-4.8944642589425635,-4.8944642589425635
-4.88651249679379,-4.88651249679379
-4.878560256190725,-4.878560256190725
-4.870607562441893,-4.870607562441893
-4.862654440675642,-4.862654440675642
-4.854700915841655,-4.854700915841655
-4.846747012712446,-4.846747012712446
-4.838792755884824,-4.838792755884824
-4.830838169781355,-4.830838169781355
-4.822883278651805,-4.822883278651805
-4.8149281065745555,-4.8149281065745555
-4.806972677458012,-4.806972677458012
-4.799017015041997,-4.799017015041997
-4.791061142899115,-4.791061142899115
-4.78310508443612,-4.78310508443612
-4.775148862895249,-4.775148862895249
-4.767192501355554,-4.767192501355554
-4.759236022734207,-4.759236022734207
-4.751279449787803,-4.751279449787803
-4.743322805113634,-4.743322805113634
-4.735366111150962,-4.735366111150962
-4.727409390182267,-4.727409390182267
-4.719452664334483,-4.719452664334483
-4.7114959555802285,-4.7114959555802285
-4.703539285739012,-4.703539285739012
-4.695582676478428,-4.695582676478428
-4.68762614931534,-4.68762614931534
-4.679669725617053,-4.679669725617053
-4.67171342660247,-4.67171342660247
-4.66375727334323,-4.66375727334323
-4.655801286764844,-4.655801286764844
-4.647845487647815,-4.647845487647815
-4.6398898966287385,-4.6398898966287385
-4.631934534201399,-4.631934534201399
-4.623979420717853,-4.623979420717853
-4.6160245763895,-4.6160245763895
-4.6080700212881345,-4.6080700212881345
-4.600115775346998,-4.600115775346998
-4.592161858361812,-4.592161858361812
-4.584208289991803,-4.584208289991803
-4.576255089760716,-4.576255089760716
-4.568302277057812,-4.568302277057812
-4.560349871138864,-4.560349871138864
-4.552397891127133,-4.552397891127133
-4.544446356014341,-4.544446356014341
-4.5364952846616315,-4.5364952846616315
-4.528544695800511,-4.528544695800511
-4.520594608033796,-4.520594608033796
-4.5126450398365385,-4.5126450398365385
-4.504696009556944,-4.504696009556944
-4.496747535417281,-4.496747535417281
-4.488799635514784,-4.488799635514784
-4.48085232782254,-4.48085232782254
-4.472905630190369,-4.472905630190369
-4.464959560345696,-4.464959560345696
-4.457014135894417,-4.457014135894417
-4.449069374321745,-4.449069374321745
-4.441125292993062,-4.441125292993062
-4.433181909154747,-4.433181909154747
-4.425239239935009,-4.425239239935009
-4.417297302344703,-4.417297302344703
-4.409356113278137,-4.409356113278137
-4.401415689513878,-4.401415689513878
-4.393476047715542,-4.393476047715542
-4.385537204432582,-4.385537204432582
-4.377599176101058,-4.377599176101058
-4.369661979044416,-4.369661979044416
-4.361725629474237,-4.361725629474237
-4.353790143491004,-4.353790143491004
-4.345855537084836,-4.345855537084836
-4.3379218261362285,-4.3379218261362285
-4.329989026416792,-4.329989026416792
-4.322057153589961,-4.322057153589961
-4.3141262232117255,-4.3141262232117255
-4.3061962507313245,-4.3061962507313245
-4.298267251491959,-4.298267251491959
-4.290339240731481,-4.290339240731481
-4.282412233583081,-4.282412233583081
-4.274486245075968,-4.274486245075968
-4.266561290136046,-4.266561290136046
-4.2586373835865805,-4.2586373835865805
-4.250714540148854,-4.250714540148854
-4.242792774442827,-4.242792774442827
-4.234872100987779,-4.234872100987779
-4.2269525342029555,-4.2269525342029555
-4.219034088408194,-4.219034088408194
-4.211116777824562,-4.211116777824562
-4.203200616574972,-4.203200616574972
-4.195285618684801,-4.195285618684801
-4.1873717980824985,-4.1873717980824985
-4.179459168600192,-4.179459168600192
-4.171547743974283,-4.171547743974283
-4.163637537846044,-4.163637537846044
-4.155728563762198,-4.155728563762198
-4.147820835175502,-4.147820835175502
-4.139914365445327,-4.139914365445327
-4.13200916783822,-4.13200916783822
-4.124105255528471,-4.124105255528471
-4.116202641598675,-4.116202641598675
-4.108301339040279,-4.108301339040279
-4.1004013607541365,-4.1004013607541365
-4.092502719551041,-4.092502719551041
-4.084605428152273,-4.084605428152273
-4.0767094991901285,-4.0767094991901285
-4.068814945208444,-4.068814945208444
-4.060921778663119,-4.060921778663119
-4.053030011922638,-4.053030011922638
-4.045139657268576,-4.045139657268576
-4.0372507268961115,-4.0372507268961115
-4.029363232914526,-4.029363232914526
-4.021477187347699,-4.021477187347699
-4.013592602134608,-4.013592602134608
-4.0057094891298135,-4.0057094891298135
-3.997827860103942,-3.997827860103942
-3.98994772674416,-3.98994772674416
-3.9820691006546616,-3.9820691006546616
-3.974191993357129,-3.974191993357129
-3.9663164162912006,-3.9663164162912006
-3.9584423808149323,-3.9584423808149323
-3.9505698982052575,-3.9505698982052575
-3.9426989796584344,-3.9426989796584344
-3.934829636290501,-3.934829636290501
-3.9269618791377137,-3.9269618791377137
-3.919095719156991,-3.919095719156991
-3.9112311672263504,-3.9112311672263504
-3.9033682341453395,-3.9033682341453395
-3.8955069306354617,-3.8955069306354617
-3.8876472673406064,-3.8876472673406064
-3.879789254827461,-3.879789254827461
-3.871932903585938,-3.871932903585938
-3.8640782240295755,-3.8640782240295755
-3.8562252264959587,-3.8562252264959587
-3.848373921247113,-3.848373921247113
-3.840524318469914,-3.840524318469914
-3.8326764282764803,-3.8326764282764803
-3.824830260704571,-3.824830260704571
-3.816985825717972,-3.816985825717972
-3.8091431332068875,-3.8091431332068875
-3.801302192988318,-3.801302192988318
-3.7934630148064454,-3.7934630148064454
-3.785625608333006,-3.785625608333006
-3.777789983167666,-3.777789983167666
-3.7699561488383857,-3.7699561488383857
-3.762124114801792,-3.762124114801792
-3.7542938904435386,-3.7542938904435386
-3.7464654850786654,-3.7464654850786654
-3.7386389079519535,-3.7386389079519535
-3.7308141682382816,-3.7308141682382816
-3.722991275042973,-3.722991275042973
-3.715170237402143,-3.715170237402143
-3.7073510642830434,-3.7073510642830434
-3.6995337645844018,-3.6995337645844018
-3.69171834713676,-3.69171834713676
-3.683904820702809,-3.683904820702809
-3.6760931939777173,-3.6760931939777173
-3.6682834755894635,-3.6682834755894635
-3.6604756740991578,-3.6604756740991578
-3.6526697980013685,-3.6526697980013685
-3.6448658557244373,-3.6448658557244373
-3.6370638556308,-3.6370638556308
-3.629263806017299,-3.629263806017299
-3.6214657151154923,-3.6214657151154923
-3.613669591091966,-3.613669591091966
-3.605875442048637,-3.605875442048637
-3.5980832760230546,-3.5980832760230546
-3.5902931009887076,-3.5902931009887076
-3.5825049248553134,-3.5825049248553134
-3.5747187554691155,-3.5747187554691155
-3.5669346006131795,-3.5669346006131795
-3.5591524680076785,-3.5591524680076785
-3.5513723653101805,-3.5513723653101805
-3.5435943001159367,-3.5435943001159367
-3.535818279958158,-3.535818279958158
-3.528044312308299,-3.528044312308299
-3.5202724045763323,-3.5202724045763323
-3.512502564111025,-3.512502564111025
-3.5047347982002073,-3.5047347982002073
-3.496969114071048,-3.496969114071048
-3.489205518890318,-3.489205518890318
-3.4814440197646523,-3.4814440197646523
-3.473684623740819,-3.473684623740819
-3.4659273378059767,-3.4659273378059767
-3.458172168887931,-3.458172168887931
-3.450419123855393,-3.450419123855393
-3.44266820951823,-3.44266820951823
-3.4349194326277193,-3.4349194326277193
-3.4271727998767942,-3.4271727998767942
-3.419428317900293,-3.419428317900293
-3.4116859932752046,-3.4116859932752046
-3.403945832520907,-3.403945832520907
-3.3962078420994097,-3.3962078420994097
-3.3884720284155962,-3.3884720284155962
-3.380738397817451,-3.380738397817451
-3.373006956596301,-3.373006956596301
-3.3652777109870446,-3.3652777109870446
-3.35755066716838,-3.35755066716838
-3.349825831263038,-3.349825831263038
-3.3421032093380028,-3.3421032093380028
-3.3343828074047384,-3.3343828074047384
-3.3266646314194093,-3.3266646314194093
-3.3189486872831013,-3.3189486872831013
-3.311234980842038,-3.311234980842038
-3.3035235178877995,-3.3035235178877995
-3.295814304157532,-3.295814304157532
-3.2881073453341663,-3.2881073453341663
-3.280402647046623,-3.280402647046623
-3.2727002148700217,-3.2727002148700217
-3.2650000543258897,-3.2650000543258897
-3.257302170882365,-3.257302170882365
-3.249606569954401,-3.249606569954401
-3.2419132569039646,-3.2419132569039646
-3.23422223704024,-3.23422223704024
-3.2265335156198223,-3.2265335156198223
-3.218847097846916,-3.218847097846916
-3.2111629888735265,-3.2111629888735265
-3.2034811937996563,-3.2034811937996563
-3.195801717673492,-3.195801717673492
-3.188124565491597,-3.188124565491597
-3.180449742199092,-3.180449742199092
-3.172777252689851,-3.172777252689851
-3.1651071018066768,-3.1651071018066768
-3.157439294341486,-3.157439294341486
-3.14977383503549,-3.14977383503549
-3.142110728579376,-3.142110728579376
-3.13444997961348,-3.13444997961348
-3.126791592727968,-3.126791592727968
-3.1191355724630037,-3.1191355724630037
-3.1114819233089297,-3.1114819233089297
-3.1038306497064307,-3.1038306497064307
-3.09618175604671,-3.09618175604671
-3.088535246671653,-3.088535246671653
-3.080891125873993,-3.080891125873993
-3.0732493978974826,-3.0732493978974826
-3.065610066937051,-3.065610066937051
-3.0579731371389705,-3.0579731371389705
-3.0503386126010126,-3.0503386126010126
-3.042706497372613,-3.042706497372613
-3.035076795455024,-3.035076795455024
-3.0274495108014747,-3.0274495108014747
-3.0198246473173245,-3.0198246473173245
-3.0122022088602187,-3.0122022088602187
-3.0045821992402333,-3.0045821992402333
-2.9969646222200357,-2.9969646222200357
-2.98934948151503,-2.98934948151503
-2.981736780793501,-2.981736780793501
-2.974126523676768,-2.974126523676768
-2.966518713739325,-2.966518713739325
-2.9589133545089847,-2.9589133545089847
-2.951310449467027,-2.951310449467027
-2.94371000204833,-2.94371000204833
-2.9361120156415232,-2.9361120156415232
-2.928516493589113,-2.928516493589113
-2.920923439187628,-2.920923439187628
-2.9133328556877562,-2.9133328556877562
-2.905744746294473,-2.905744746294473
-2.8981591141671807,-2.8981591141671807
-2.89057596241984,-2.89057596241984
-2.882995294121098,-2.882995294121098
-2.8754171122944228,-2.8754171122944228
-2.867841419918226,-2.867841419918226
-2.8602682199259983,-2.8602682199259983
-2.8526975152064287,-2.8526975152064287
-2.8451293086035316,-2.8451293086035316
-2.837563602916772,-2.837563602916772
-2.8300004009011883,-2.8300004009011883
-2.8224397052675108,-2.8224397052675108
-2.8148815186822866,-2.8148815186822866
-2.8073258437679933,-2.8073258437679933
-2.799772683103162,-2.799772683103162
-2.792222039222493,-2.792222039222493
-2.7846739146169686,-2.7846739146169686
-2.77712831173397,-2.77712831173397
-2.7695852329773927,-2.7695852329773927
-2.762044680707756,-2.762044680707756
-2.754506657242313,-2.754506657242313
-2.7469711648551685,-2.7469711648551685
-2.7394382057773754,-2.7394382057773754
-2.7319077821970557,-2.7319077821970557
-2.7243798962594985,-2.7243798962594985
-2.7168545500672723,-2.7168545500672723
-2.7093317456803243,-2.7093317456803243
-2.701811485116085,-2.701811485116085
-2.6942937703495775,-2.6942937703495775
-2.68677860331351,-2.68677860331351
-2.679265985898381,-2.679265985898381
-2.671755919952582,-2.671755919952582
-2.6642484072824892,-2.6642484072824892
-2.6567434496525664,-2.6567434496525664
-2.6492410487854583,-2.6492410487854583
-2.6417412063620906,-2.6417412063620906
-2.634243924021759,-2.634243924021759
-2.6267492033622277,-2.6267492033622277
-2.619257045939817,-2.619257045939817
-2.6117674532695014,-2.6117674532695014
-2.604280426824995,-2.604280426824995
-2.596795968038843,-2.596795968038843
-2.5893140783025093,-2.5893140783025093
-2.58183475896647,-2.58183475896647
-2.5743580113402915,-2.5743580113402915
-2.5668838366927225,-2.5668838366927225
-2.5594122362517773,-2.5594122362517773
-2.551943211204819,-2.551943211204819
-2.544476762698646,-2.544476762698646
-2.537012891839571,-2.537012891839571
-2.5295515996935007,-2.5295515996935007
-2.5220928872860218,-2.5220928872860218
-2.5146367556024773,-2.5146367556024773
-2.5071832055880447,-2.5071832055880447
-2.4997322381478138,-2.4997322381478138
-2.492283854146865,-2.492283854146865
-2.4848380544103432,-2.4848380544103432
-2.477394839723538,-2.477394839723538
-2.469954210831949,-2.469954210831949
-2.462516168441369,-2.462516168441369
-2.455080713217949,-2.455080713217949
-2.4476478457882727,-2.4476478457882727
-2.440217566739428,-2.440217566739428
-2.432789876619077,-2.432789876619077
-2.4253647759355252,-2.4253647759355252
-2.417942265157786,-2.417942265157786
-2.4105223447156527,-2.4105223447156527
-2.4031050149997646,-2.4031050149997646
-2.3956902763616927,-2.3956902763616927
-2.3882781291139183,-2.3882781291139183
-2.380868573530027,-2.380868573530027
-2.3734616098446892,-2.3734616098446892
-2.3660572382537386,-2.3660572382537386
-2.3586554589142366,-2.3586554589142366
-2.3512562719445333,-2.3512562719445333
-2.3438596774243283,-2.3438596774243283
-2.3364656753947295,-2.3364656753947295
-2.329074265858311,-2.329074265858311
-2.3216854487791694,-2.3216854487791694
-2.3142992240829874,-2.3142992240829874
-2.3069155916570807,-2.3069155916570807
-2.299534551350462,-2.299534551350462
-2.2921561029738897,-2.2921561029738897
-2.284780246299925,-2.284780246299925
-2.2774069810629833,-2.2774069810629833
-2.2700363069593905,-2.2700363069593905
-2.2626682236474274,-2.2626682236474274
-2.2553027307473883,-2.2553027307473883
-2.2479398278416256,-2.2479398278416256
-2.2405795144746037,-2.2405795144746037
-2.2332217901529448,-2.2332217901529448
-2.2258666543454773,-2.2258666543454773
-2.2185141064832816,-2.2185141064832816
-2.2111641459597426,-2.2111641459597426
-2.2038167721305872,-2.2038167721305872
-2.196471984313937,-2.196471984313937
-2.189129781790345,-2.189129781790345
-2.1817901638028463,-2.1817901638028463
-2.1744531295569973,-2.1744531295569973
-2.16711867822092,-2.16711867822092
-2.159786808925339,-2.159786808925339
-2.152457520763629,-2.152457520763629
-2.1451308127918494,-2.1451308127918494
-2.1378066840287855,-2.1378066840287855
-2.1304851334559887,-2.1304851334559887
-2.123166160017813,-2.123166160017813
-2.1158497626214516,-2.1158497626214516
-2.108535940136977,-2.108535940136977
-2.1012246913973707,-2.1012246913973707
-2.0939160151985665,-2.0939160151985665
-2.0866099102994777,-2.0866099102994777
-2.0793063754220364,-2.0793063754220364
-2.072005409251223,-2.072005409251223
-2.0647070104351024,-2.0647070104351024
-2.057411177584852,-2.057411177584852
-2.0501179092747965,-2.0501179092747965
-2.0428272040424353,-2.0428272040424353
-2.0355390603884764,-2.0355390603884764
-2.0282534767768605,-2.0282534767768605
-2.0209704516347946,-2.0209704516347946
-2.0136899833527777,-2.0136899833527777
-2.006412070284629,-2.006412070284629
-1.9991367107475093,-1.9991367107475093
-1.9918639030219585,-1.9918639030219585
-1.9845936453519089,-1.9845936453519089
-1.977325935944718,-1.977325935944718
-1.9700607729711885,-1.9700607729711885
-1.9627981545655937,-1.9627981545655937
-1.955538078825697,-1.955538078825697
-1.9482805438127824,-1.9482805438127824
-1.9410255475516638,-1.9410255475516638
-1.9337730880307187,-1.9337730880307187
-1.9265231632018969,-1.9265231632018969
-1.9192757709807502,-1.9192757709807502
-1.9120309092464438,-1.9120309092464438
-1.9047885758417806,-1.9047885758417806
-1.8975487685732133,-1.8975487685732133
-1.8903114852108673,-1.8903114852108673
-1.8830767234885526,-1.8830767234885526
-1.875844481103784,-1.875844481103784
-1.8686147557177923,-1.8686147557177923
-1.8613875449555422,-1.8613875449555422
-1.8541628464057442,-1.8541628464057442
-1.846940657620869,-1.846940657620869
-1.839720976117163,-1.839720976117163
-1.8325037993746565,-1.8325037993746565
-1.8252891248371774,-1.8252891248371774
-1.8180769499123608,-1.8180769499123608
-1.8108672719716634,-1.8108672719716634
-1.8036600883503704,-1.8036600883503704
-1.796455396347603,-1.796455396347603
-1.7892531932263316,-1.7892531932263316
-1.782053476213381,-1.782053476213381
-1.7748562424994399,-1.7748562424994399
-1.7676614892390645,-1.7676614892390645
-1.7604692135506885,-1.7604692135506885
-1.7532794125166276,-1.7532794125166276
-1.7460920831830844,-1.7460920831830844
-1.7389072225601518,-1.7389072225601518
-1.7317248276218193,-1.7317248276218193
-1.7245448953059779,-1.7245448953059779
-1.7173674225144155,-1.7173674225144155
-1.710192406112829,-1.710192406112829
-1.7030198429308188,-1.7030198429308188
-1.695849729761892,-1.695849729761892
-1.6886820633634654,-1.6886820633634654
-1.6815168404568615,-1.6815168404568615
-1.67435405772731,-1.67435405772731
-1.6671937118239464,-1.6671937118239464
-1.6600357993598118,-1.6600357993598118
-1.6528803169118476,-1.6528803169118476
-1.6457272610208928,-1.6457272610208928
-1.6385766281916834,-1.6385766281916834
-1.631428414892847,-1.631428414892847
-1.6242826175568967,-1.6242826175568967
-1.617139232580227,-1.617139232580227
-1.6099982563231083,-1.6099982563231083
-1.6028596851096824,-1.6028596851096824
-1.59572351522795,-1.59572351522795
-1.5885897429297682,-1.5885897429297682
-1.581458364430843,-1.581458364430843
-1.5743293759107184,-1.5743293759107184
-1.5672027735127656,-1.5672027735127656
-1.5600785533441768,-1.5600785533441768
-1.5529567114759533,-1.5529567114759533
-1.5458372439428965,-1.5458372439428965
-1.5387201467435925,-1.5387201467435925
-1.5316054158404044,-1.5316054158404044
-1.524493047159458,-1.524493047159458
-1.5173830365906285,-1.5173830365906285
-1.5102753799875268,-1.5102753799875268
-1.5031700731674853,-1.5031700731674853
-1.496067111911545,-1.496067111911545
-1.4889664919644388,-1.4889664919644388
-1.4818682090345747,-1.4818682090345747
-1.4747722587940193,-1.4747722587940193
-1.4676786368784847,-1.4676786368784847
-1.4605873388873067,-1.4605873388873067
-1.4534983603834288,-1.4534983603834288
-1.4464116968933813,-1.4464116968933813
-1.4393273439072658,-1.4393273439072658
-1.432245296878734,-1.432245296878734
-1.4251655512249644,-1.4251655512249644
-1.4180881023266458,-1.4180881023266458
-1.411012945527954,-1.411012945527954
-1.4039400761365313,-1.4039400761365313
-1.3968694894234595,-1.3968694894234595
-1.3898011806232422,-1.3898011806232422
-1.382735144933779,-1.382735144933779
-1.3756713775163427,-1.3756713775163427
-1.3686098734955505,-1.3686098734955505
-1.3615506279593426,-1.3615506279593426
-1.3544936359589572,-1.3544936359589572
-1.3474388925089,-1.3474388925089
-1.3403863925869222,-1.3403863925869222
-1.333336131133987,-1.333336131133987
-1.326288103054248,-1.326288103054248
-1.3192423032150171,-1.3192423032150171
-1.312198726446736,-1.312198726446736
-1.305157367542945,-1.305157367542945
-1.2981182212602573,-1.2981182212602573
-1.291081282318322,-1.291081282318322
-1.2840465453997991,-1.2840465453997991
-1.2770140051503214,-1.2770140051503214
-1.2699836561784696,-1.2699836561784696
-1.2629554930557298,-1.2629554930557298
-1.2559295103164703,-1.2559295103164703
-1.2489057024578967,-1.2489057024578967
-1.2418840639400295,-1.2418840639400295
-1.234864589185656,-1.234864589185656
-1.2278472725803067,-1.2278472725803067
-1.220832108472207,-1.220832108472207
-1.2138190911722528,-1.2138190911722528
-1.206808214953962,-1.206808214953962
-1.1997994740534448,-1.1997994740534448
-1.1927928626693582,-1.1927928626693582
-1.1857883749628746,-1.1857883749628746
-1.1787860050576342,-1.1787860050576342
-1.1717857470397122,-1.1717857470397122
-1.1647875949575701,-1.1647875949575701
-1.1577915428220238,-1.1577915428220238
-1.1507975846061924,-1.1507975846061924
-1.1438057142454636,-1.1438057142454636
-1.1368159256374437,-1.1368159256374437
-1.1298282126419212,-1.1298282126419212
-1.1228425690808155,-1.1228425690808155
-1.1158589887381398,-1.1158589887381398
-1.108877465359947,-1.108877465359947
-1.101897992654294,-1.101897992654294
-1.0949205642911852,-1.0949205642911852
-1.0879451739025348,-1.0879451739025348
-1.080971815082112,-1.080971815082112
-1.074000481385496,-1.074000481385496
-1.0670311663300294,-1.0670311663300294
-1.0600638633947665,-1.0600638633947665
-1.0530985660204222,-1.0530985660204222
-1.046135267609324,-1.046135267609324
-1.0391739615253626,-1.0391739615253626
-1.0322146410939368,-1.0322146410939368
-1.025257299601903,-1.025257299601903
-1.0183019302975225,-1.0183019302975225
-1.011348526390409,-1.011348526390409
-1.0043970810514755,-1.0043970810514755
-0.9974475874128769,-0.9974475874128769
-0.9905000385679573,-0.9905000385679573
-0.9835544275711955,-0.9835544275711955
-0.9766107474381476,-0.9766107474381476
-0.9696689911453883,-0.9696689911453883
-0.9627291516304575,-0.9627291516304575
-0.9557912217918014,-0.9557912217918014
-0.9488551944887128,-0.9488551944887128
-0.9419210625412732,-0.9419210625412732
-0.9349888187302915,-0.9349888187302915
-0.9280584557972476,-0.9280584557972476
-0.9211299664442282,-0.9211299664442282
-0.9142033433338667,-0.9142033433338667
-0.907278579089281,-0.907278579089281
-0.9003556662940115,-0.9003556662940115
-0.8934345974919597,-0.8934345974919597
-0.8865153651873207,-0.8865153651873207
-0.8795979618445193,-0.8795979618445193
-0.8726823798881505,-0.8726823798881505
-0.8657686117029086,-0.8657686117029086
-0.8588566496335223,-0.8588566496335223
-0.8519464859846886,-0.8519464859846886
-0.8450381130210064,-0.8450381130210064
-0.8381315229669084,-0.8381315229669084
-0.8312267080065896,-0.8312267080065896
-0.8243236602839424,-0.8243236602839424
-0.817422371902485,-0.817422371902485
-0.8105228349252921,-0.8105228349252921
-0.8036250413749215,-0.8036250413749215
-0.7967289832333442,-0.7967289832333442
-0.7898346524418745,-0.7898346524418745
-0.7829420409010949,-0.7829420409010949
-0.7760511404707808,-0.7760511404707808
-0.7691619429698308,-0.7691619429698308
-0.762274440176189,-0.762274440176189
-0.7553886238267732,-0.7553886238267732
-0.7485044856173937,-0.7485044856173937
-0.7416220172026811,-0.7416220172026811
-0.7347412101960089,-0.7347412101960089
-0.7278620561694151,-0.7278620561694151
-0.720984546653523,-0.720984546653523
-0.7141086731374624,-0.7141086731374624
-0.7072344270687916,-0.7072344270687916
-0.7003617998534174,-0.7003617998534174
-0.6934907828555111,-0.6934907828555111
-0.6866213673974283,-0.6866213673974283
-0.6797535447596301,-0.6797535447596301
-0.6728873061805967,-0.6728873061805967
-0.6660226428567435,-0.6660226428567435
-0.6591595459423397,-0.6591595459423397
-0.6522980065494222,-0.6522980065494222
-0.6454380157477112,-0.6454380157477112
-0.6385795645645214,-0.6385795645645214
-0.6317226439846784,-0.6317226439846784
-0.6248672449504304,-0.6248672449504304
-0.618013358361361,-0.618013358361361
-0.6111609750742978,-0.6111609750742978
-0.6043100859032249,-0.6043100859032249
-0.5974606816191943,-0.5974606816191943
-0.5906127529502339,-0.5906127529502339
-0.5837662905812558,-0.5837662905812558
-0.5769212851539631,-0.5769212851539631
-0.5700777272667611,-0.5700777272667611
-0.563235607474662,-0.563235607474662
-0.5563949162891895,-0.5563949162891895
-0.5495556441782832,-0.5495556441782832
-0.54271778156621,-0.54271778156621
-0.53588131883346,-0.53588131883346
-0.5290462463166539,-0.5290462463166539
-0.5222125543084444,-0.5222125543084444
-0.5153802330574192,-0.5153802330574192
-0.5085492727680019,-0.5085492727680019
-0.50171966360035,-0.50171966360035
-0.49489139567025753,-0.49489139567025753
-0.48806445904905454,-0.48806445904905454
-0.48123884376350384,-0.48123884376350384
-0.4744145397956977,-0.4744145397956977
-0.46759153708295687,-0.46759153708295687
-0.46076982551772655,-0.46076982551772655
-0.4539493949474716,-0.4539493949474716
-0.44713023517457123,-0.44713023517457123
-0.4403123359562117,-0.4403123359562117
-0.4334956870042829,-0.4334956870042829
-0.4266802779852694,-0.4266802779852694
-0.419866098520141,-0.419866098520141
-0.4130531381842443,-0.4130531381842443
-0.40624138650719616,-0.40624138650719616
-0.3994308329727708,-0.3994308329727708
-0.39262146701878836,-0.39262146701878836
-0.3858132780370026,-0.3858132780370026
-0.3790062553729932,-0.3790062553729932
-0.3722003883260469,-0.3722003883260469
-0.3653956661490455,-0.3653956661490455
-0.3585920780483507,-0.3585920780483507
-0.3517896131836921,-0.3517896131836921
-0.3449882606680433,-0.3449882606680433
-0.3381880095675141,-0.3381880095675141
-0.33138884890122333,-0.33138884890122333
-0.32459076764119016,-0.32459076764119016
-0.3177937547122033,-0.3177937547122033
-0.3109977989917135,-0.3109977989917135
-0.3042028893097011,-0.3042028893097011
-0.29740901444856094,-0.29740901444856094
-0.29061616314297956,-0.29061616314297956
-0.28382432407981034,-0.28382432407981034
-0.27703348589794835,-0.27703348589794835
-0.2702436371882064,-0.2702436371882064
-0.26345476649319227,-0.26345476649319227
-0.25666686230717894,-0.25666686230717894
-0.24987991307597704,-0.24987991307597704
-0.24309390719680737,-0.24309390719680737
-0.23630883301817437,-0.23630883301817437
-0.22952467883973435,-0.22952467883973435
-0.22274143291216286,-0.22274143291216286
-0.21595908343702663,-0.21595908343702663
-0.2091776185666509,-0.2091776185666509
-0.2023970264039859,-0.2023970264039859
-0.19561729500247108,-0.19561729500247108
-0.1888384123659018,-0.1888384123659018
-0.18206036644829632,-0.18206036644829632
-0.17528314515375612,-0.17528314515375612
-0.1685067363363288,-0.1685067363363288
-0.16173112779987034,-0.16173112779987034
-0.15495630729790805,-0.15495630729790805
-0.14818226253349887,-0.14818226253349887
-0.14140898115908856,-0.14140898115908856
-0.13463645077636927,-0.13463645077636927
-0.12786465893614005,-0.12786465893614005
-0.12109359313816233,-0.12109359313816233
-0.1143232408310134,-0.1143232408310134
-0.10755358941194276,-0.10755358941194276
-0.10078462622672821,-0.10078462622672821
-0.0940163385695271,-0.0940163385695271
-0.08724871368272659,-0.08724871368272659
-0.08048173875679797,-0.08048173875679797
-0.07371540093014636,-0.07371540093014636
-0.06694968728895993,-0.06694968728895993
-0.06018458486705758,-0.06018458486705758
-0.053420080645736785,-0.053420080645736785
-0.046656161553622524,-0.046656161553622524
-0.039892814466510315,-0.039892814466510315
-0.03313002620721227,-0.03313002620721227
-0.02636778354539968,-0.02636778354539968
-0.019606073197449052,-0.019606073197449052
-0.012844881826281195,-0.012844881826281195
-0.006084196041202762,-0.006084196041202762
0.0006759976022537487,0.0006759976022537487
0.007435712602488328,0.007435712602488328
0.014194962511998126,0.014194962511998126
0.020953760937542705,0.020953760937542705
0.02771212154029784,0.02771212154029784
0.03447005803603466,0.03447005803603466
0.041227584195271526,0.041227584195271526
0.0479847138434534,0.0479847138434534
0.05474146086110621,0.05474146086110621
0.061497839184020846,0.061497839184020846
0.06825386280340602,0.06825386280340602
0.07500954576607614,0.07500954576607614
0.0817649021746086,0.0817649021746086
0.08851994618752841,0.08851994618752841
0.09527469201947074,0.09527469201947074
0.10202915394136668,0.10202915394136668
0.10878334628061302,0.10878334628061302
0.1155372834212472,0.1155372834212472
0.12229097980413381,0.12229097980413381
0.12904444992713232,0.12904444992713232
0.1357977083452898,0.1357977083452898
0.14255076967101024,0.14255076967101024
0.1493036485742465,0.1493036485742465
0.15605635978267565,0.15605635978267565
0.1628089180818918,0.1628089180818918
0.16956133831558245,0.16956133831558245
0.17631363538572417,0.17631363538572417
0.18306582425276183,0.18306582425276183
0.18981791993580738,0.18981791993580738
0.19656993751281673,0.19656993751281673
0.20332189212079535,0.20332189212079535
0.21007379895597808,0.21007379895597808
0.21682567327403363,0.21682567327403363
0.22357753039024522,0.22357753039024522
0.23032938567972305,0.23032938567972305
0.23708125457758616,0.23708125457758616
0.2438331525791699,0.2438331525791699
0.2505850952402184,0.2505850952402184
0.2573370981770941,0.2573370981770941
0.26408917706696605,0.26408917706696605
0.27084134764802603,0.27084134764802603
0.2775936257196814,0.2775936257196814
0.28434602714276913,0.28434602714276913
0.2910985678397545,0.2910985678397545
0.2978512637949449,0.2978512637949449
0.3046041310546921,0.3046041310546921
0.311357185727609,0.311357185727609
0.3181104439847737,0.3181104439847737
0.3248639220599507,0.3248639220599507
0.3316176362497921,0.3316176362497921
0.338371602914067,0.338371602914067
0.3451258384758639,0.3451258384758639
0.3518803594218203,0.3518803594218203
0.3586351823023294,0.3586351823023294
0.3653903237317728,0.3653903237317728
0.37214580038872735,0.37214580038872735
0.37890162901620306,0.37890162901620306
0.38565782642185253,0.38565782642185253
0.3924144094782089,0.3924144094782089
0.3991713951228992,0.3991713951228992
0.4059288003588863,0.4059288003588863
0.41268664225468515,0.41268664225468515
0.4194449379446024,0.4194449379446024
0.4262037046289615,0.4262037046289615
0.4329629595743429,0.4329629595743429
0.4397227201138093,0.4397227201138093
0.4464830036471527,0.4464830036471527
0.45324382764112076,0.45324382764112076
0.4600052096296651,0.4600052096296651
0.46676716721417133,0.46676716721417133
0.4735297180637125,0.4735297180637125
0.48029287991527786,0.48029287991527786
0.48705667057403146,0.48705667057403146
0.49382110791354555,0.49382110791354555
0.500586209876059,0.500586209876059
0.5073519944727125,0.5073519944727125
0.5141184797838139,0.5141184797838139
0.5208856839590761,0.5208856839590761
0.5276536252178814,0.5276536252178814
0.5344223218495237,0.5344223218495237
0.5411917922134791,0.5411917922134791
0.5479620547396472,0.5479620547396472
0.5547331279286265,0.5547331279286265
0.5615050303519594,0.5615050303519594
0.5682777806524085,0.5682777806524085
0.5750513975442056,0.5750513975442056
0.5818258998133331,0.5818258998133331
0.5886013063177726,0.5886013063177726
0.5953776359877913,0.5953776359877913
0.6021549078261951,0.6021549078261951
0.6089331409086134,0.6089331409086134
0.6157123543837622,0.6157123543837622
0.6224925674737282,0.6224925674737282
0.629273799474232,0.629273799474232
0.6360560697549217,0.6360560697549217
0.6428393977596368,0.6428393977596368
0.6496238030067023,0.6496238030067023
0.6564093050892013,0.6564093050892013
0.6631959236752681,0.6631959236752681
0.6699836785083646,0.6699836785083646
0.6767725894075786,0.6767725894075786
0.6835626762679037,0.6835626762679037
0.6903539590605392,0.6903539590605392
0.697146457833172,0.697146457833172
0.703940192710286,0.703940192710286
0.71073518389344,0.71073518389344
0.7175314516615865,0.7175314516615865
0.7243290163713516,0.7243290163713516
0.731127898457352,0.731127898457352
0.7379281184324877,0.7379281184324877
0.7447296968882563,0.7447296968882563
0.7515326544950492,0.7515326544950492
0.7583370120024736,0.7583370120024736
0.7651427902396486,0.7651427902396486
0.7719500101155319,0.7719500101155319
0.77875869261922,0.77875869261922
0.7855688588202805,0.7855688588202805
0.7923805298690503,0.7923805298690503
0.7991937269969775,0.7991937269969775
0.8060084715169219,0.8060084715169219
0.8128247848234983,0.8128247848234983
0.8196426883933833,0.8196426883933833
0.8264622037856626,0.8264622037856626
0.8332833526421399,0.8332833526421399
0.8401061566876878,0.8401061566876878
0.8469306377305649,0.8469306377305649
0.8537568176627657,0.8537568176627657
0.8605847184603431,0.8605847184603431
0.8674143621837613,0.8674143621837613
0.8742457709782324,0.8742457709782324
0.8810789670740551,0.8810789670740551
0.8879139727869643,0.8879139727869643
0.8947508105184817,0.8947508105184817
0.9015895027562651,0.9015895027562651
0.9084300720744519,0.9084300720744519
0.9152725411340189,0.9152725411340189
0.922116932683143,0.922116932683143
0.928963269557554,0.928963269557554
0.9358115746808932,0.9358115746808932
0.9426618710650758,0.9426618710650758
0.9495141818106637,0.9495141818106637
0.9563685301072272,0.9563685301072272
0.9632249392337078,0.9632249392337078
0.9700834325587965,0.9700834325587965
0.9769440335413102,0.9769440335413102
0.9838067657305629,0.9838067657305629
0.9906716527667399,0.9906716527667399
0.9975387183812838,0.9975387183812838
1.004407986397277,1.004407986397277
1.0112794807298287,1.0112794807298287
1.0181532253864525,1.0181532253864525
1.025029244467463,1.025029244467463
1.0319075621663707,1.0319075621663707
1.038788202770273,1.038788202770273
1.0456711906602452,1.0456711906602452
1.0525565503117527,1.0525565503117527
1.059444306295035,1.059444306295035
1.0663344832755313,1.0663344832755313
1.073227106014264,1.073227106014264
1.0801221993682686,1.0801221993682686
1.0870197882909867,1.0870197882909867
1.093919897832697,1.093919897832697
1.100822553140916,1.100822553140916
1.107727779460831,1.107727779460831
1.1146356021357082,1.1146356021357082
1.1215460466073313,1.1215460466073313
1.1284591384164122,1.1284591384164122
1.135374903203038,1.135374903203038
1.1422933667070851,1.1422933667070851
1.1492145547686698,1.1492145547686698
1.1561384933285723,1.1561384933285723
1.1630652084286879,1.1630652084286879
1.1699947262124601,1.1699947262124601
1.1769270729253354,1.1769270729253354
1.1838622749151992,1.1838622749151992
1.190800358632844,1.190800358632844
1.1977413506324026,1.1977413506324026
1.2046852775718255,1.2046852775718255
1.2116321662133194,1.2116321662133194
1.2185820434238308,1.2185820434238308
1.22553493617549,1.22553493617549
1.2324908715460983,1.2324908715460983
1.2394498767195825,1.2394498767195825
1.2464119789864825,1.2464119789864825
1.253377205744413,1.253377205744413
1.2603455844985634,1.2603455844985634
1.267317142862155,1.267317142862155
1.2742919085569544,1.2742919085569544
1.2812699094137363,1.2812699094137363
1.2882511733727946,1.2882511733727946
1.2952357284844263,1.2952357284844263
1.302223602909436,1.302223602909436
1.309214824919629,1.309214824919629
1.3162094228983277,1.3162094228983277
1.3232074253408619,1.3232074253408619
1.3302088608550997,1.3302088608550997
1.3372137581619414,1.3372137581619414
1.3442221460958534,1.3442221460958534
1.3512340536053737,1.3512340536053737
1.3582495097536489,1.3582495097536489
1.3652685437189487,1.3652685437189487
1.3722911847952082,1.3722911847952082
1.3793174623925482,1.3793174623925482
1.3863474060378265,1.3863474060378265
1.3933810453751627,1.3933810453751627
1.4004184101664983,1.4004184101664983
1.4074595302921284,1.4074595302921284
1.4145044357512642,1.4145044357512642
1.4215531566625792,1.4215531566625792
1.4286057232647738,1.4286057232647738
1.4356621659171265,1.4356621659171265
1.442722515100074,1.442722515100074
1.4497868014157604,1.4497868014157604
1.4568550555886302,1.4568550555886302
1.4639273084659818,1.4639273084659818
1.4710035910185706,1.4710035910185706
1.478083934341168,1.478083934341168
1.4851683696531706,1.4851683696531706
1.4922569282991711,1.4922569282991711
1.4993496417495717,1.4993496417495717
1.5064465416011625,1.5064465416011625
1.5135476595777437,1.5135476595777437
1.5206530275307135,1.5206530275307135
1.5277626774396924,1.5277626774396924
1.534876641413126,1.534876641413126
1.5419949516889138,1.5419949516889138
1.549117640635016,1.549117640635016
1.5562447407500999,1.5562447407500999
1.563376284664147,1.563376284664147
1.570512305139109,1.570512305139109
1.5776528350695254,1.5776528350695254
1.5847979074831848,1.5847979074831848
1.5919475555417553,1.5919475555417553
1.5991018125414487,1.5991018125414487
1.606260711913663,1.606260711913663
1.613424287225655,1.613424287225655
1.6205925721811882,1.6205925721811882
1.62776560062122,1.62776560062122
1.6349434065245536,1.6349434065245536
1.6421260240085327,1.6421260240085327
1.649313487329707,1.649313487329707
1.656505830884535,1.656505830884535
1.6637030892100548,1.6637030892100548
1.6709052969846,1.6709052969846
1.6781124890284764,1.6781124890284764
1.6853247003046903,1.6853247003046903
1.6925419659196332,1.6925419659196332
1.6997643211238174,1.6997643211238174
1.7069918013125724,1.7069918013125724
1.714224442026789,1.714224442026789
1.7214622789536347,1.7214622789536347
1.7287053479272863,1.7287053479272863
1.7359536849296666,1.7359536849296666
1.7432073260911982,1.7432073260911982
1.7504663076915397,1.7504663076915397
1.7577306661603407,1.7577306661603407
1.7650004380779944,1.7650004380779944
1.7722756601764136,1.7722756601764136
1.779556369339792,1.779556369339792
1.7868426026053652,1.7868426026053652
1.7941343971642034,1.7941343971642034
1.8014317903619927,1.8014317903619927
1.808734819699824,1.808734819699824
1.8160435228349754,1.8160435228349754
1.8233579375817233,1.8233579375817233
1.830678101912148,1.830678101912148
1.838004053956938,1.838004053956938
1.8453358320062079,1.8453358320062079
1.8526734745103128,1.8526734745103128
1.8600170200806934,1.8600170200806934
1.8673665074906918,1.8673665074906918
1.874721975676393,1.874721975676393
1.8820834637374697,1.8820834637374697
1.889451010938036,1.889451010938036
1.8968246567075027,1.8968246567075027
1.9042044406414307,1.9042044406414307
1.9115904025024022,1.9115904025024022
1.9189825822209003,1.9189825822209003
1.926381019896185,1.926381019896185
1.9337857557971705,1.9337857557971705
1.9411968303633227,1.9411968303633227
1.9486142842055654,1.9486142842055654
1.9560381581071715,1.9560381581071715
1.9634684930246782,1.9634684930246782
1.9709053300887973,1.9709053300887973
1.9783487106053552,1.9783487106053552
1.9857986760562059,1.9857986760562059
1.9932552681001692,1.9932552681001692
2.000718528573974,2.000718528573974
2.008188499493215,2.008188499493215
2.015665223053303,2.015665223053303
2.023148741630419,2.023148741630419
2.030639097782492,2.030639097782492
2.0381363342501775,2.0381363342501775
2.0456404939578356,2.0456404939578356
2.0531516200145146,2.0531516200145146
2.0606697557149616,2.0606697557149616
2.0681949445406107,2.0681949445406107
2.075727230160611,2.075727230160611
2.083266656432824,2.083266656432824
2.09081326740487,2.09081326740487
2.098367107315139,2.098367107315139
2.1059282205938548,2.1059282205938548
2.1134966518640943,2.1134966518640943
2.121072445942872,2.121072445942872
2.128655647842171,2.128655647842171
2.136246302770043,2.136246302770043
2.14384445613166,2.14384445613166
2.151450153530419,2.151450153530419
2.1590634407690192,2.1590634407690192
2.166684363850578,2.166684363850578
2.174312968979725,2.174312968979725
2.1819493025637313,2.1819493025637313
2.189593411213621,2.189593411213621
2.197245341745322,2.197245341745322
2.204905141180786,2.204905141180786
2.2125728567491585,2.2125728567491585
2.2202485358879156,2.2202485358879156
2.2279322262440555,2.2279322262440555
2.2356239756752423,2.2356239756752423
2.2433238322510216,2.2433238322510216
2.2510318442539825,2.2510318442539825
2.2587480601809835,2.2587480601809835
2.2664725287443415,2.2664725287443415
2.2742052988730665,2.2742052988730665
2.2819464197140737,2.2819464197140737
2.2896959406334347,2.2896959406334347
2.297453911217607,2.297453911217607
2.305220381274706,2.305220381274706
2.3129954008357494,2.3129954008357494
2.32077902015595,2.32077902015595
2.3285712897159803,2.3285712897159803
2.33637226022328,2.33637226022328
2.344181982613342,2.344181982613342
2.3520005080510415,2.3520005080510415
2.359827887931938,2.359827887931938
2.3676641738836235,2.3676641738836235
2.3755094177670504,2.3755094177670504
2.383363671677892,2.383363671677892
2.391226987947894,2.391226987947894
2.399099419146259,2.399099419146259
2.4069810180810065,2.4069810180810065
2.414871837800395,2.414871837800395
2.422771931594292,2.422771931594292
2.430681352995616,2.430681352995616
2.438600155781733,2.438600155781733
2.4465283939759193,2.4465283939759193
2.4544661218487813,2.4544661218487813
2.4624133939197277,2.4624133939197277
2.47037026495843,2.47037026495843
2.478336789986307,2.478336789986307
2.486313024278003,2.486313024278003
2.4942990233629088,2.4942990233629088
2.5022948430266467,2.5022948430266467
2.510300539312627,2.510300539312627
2.518316168523551,2.518316168523551
2.5263417872229903,2.5263417872229903
2.534377452236918,2.534377452236918
2.542423220655305,2.542423220655305
2.5504791498336887,2.5504791498336887
2.558545297394772,2.558545297394772
2.5666217212300255,2.5666217212300255
2.57470847950133,2.57470847950133
2.5828056306425906,2.5828056306425906
2.590913233361383,2.590913233361383
2.599031346640619,2.599031346640619
2.607160029740222,2.607160029740222
2.6152993421988073,2.6152993421988073
2.6234493438353743,2.6234493438353743
2.631610094751024,2.631610094751024
2.6397816553306903,2.6397816553306903
2.6479640862448717,2.6479640862448717
2.65615744845138,2.65615744845138
2.664361803197106,2.664361803197106
2.6725772120198146,2.6725772120198146
2.6808037367499282,2.6808037367499282
2.6890414395123257,2.6890414395123257
2.697290382728177,2.697290382728177
2.7055506291167846,2.7055506291167846
2.713822241697428,2.713822241697428
2.722105283791224,2.722105283791224
2.7303998190230163,2.7303998190230163
2.738705911323277,2.738705911323277
2.7470236249300104,2.7470236249300104
2.7553530243906788,2.7553530243906788
2.7636941745641455,2.7636941745641455
2.772047140622643,2.772047140622643
2.7804119880537423,2.7804119880537423
2.788788782662329,2.788788782662329
2.7971775905726233,2.7971775905726233
2.805578478230207,2.805578478230207
2.8139915124040558,2.8139915124040558
2.8224167601885823,2.8224167601885823
2.830854289005725,2.830854289005725
2.839304166607036,2.839304166607036
2.8477664610757802,2.8477664610757802
2.856241240829061,2.856241240829061
2.864728574619954,2.864728574619954
2.873228531539684,2.873228531539684
2.8817411810197875,2.8817411810197875
2.8902665928343017,2.8902665928343017
2.8988048371019843,2.8988048371019843
2.907355984288546,2.907355984288546
2.915920105208902,2.915920105208902
2.9244972710294195,2.9244972710294195
2.9330875532702256,2.9330875532702256
2.941691023807503,2.941691023807503
2.950307754875825,2.950307754875825
2.9589378190704783,2.9589378190704783
2.9675812893498392,2.9675812893498392
2.976238239037768,2.976238239037768
2.984908741825992,2.984908741825992
2.993592871776541,2.993592871776541
3.00229070332418,3.00229070332418
3.011002311278896,3.011002311278896
3.0197277708283594,3.0197277708283594
3.0284671575404385,3.0284671575404385
3.037220547365733,3.037220547365733
3.045988016640115,3.045988016640115
3.054769642087313,3.054769642087313
3.063565500821477,3.063565500821477
3.0723756703498286,3.0723756703498286
3.0812002285752653,3.0812002285752653
3.0900392537990493,3.0900392537990493
3.0988928247234653,3.0988928247234653
3.1077610204545416,3.1077610204545416
3.1166439205047713,3.1166439205047713
3.1255416047958735,3.1255416047958735
3.134454153661553,3.134454153661553
3.143381647850324,3.143381647850324
3.1523241685283034,3.1523241685283034
3.1612817972821,3.1612817972821
3.170254616121645,3.170254616121645
3.179242707483128,3.179242707483128
3.1882461542318894,3.1882461542318894
3.1972650396654028,3.1972650396654028
3.2062994475162148,3.2062994475162148
3.2153494619549807,3.2153494619549807
3.2244151675934636,3.2244151675934636
3.233496649487615,3.233496649487615
3.24259399314063,3.24259399314063
3.251707284506081,3.251707284506081
3.2608366099910358,3.2608366099910358
3.2699820564592357,3.2699820564592357
3.279143711234268,3.279143711234268
3.288321662102815,3.288321662102815
3.297515997317874,3.297515997317874
3.3067268056020644,3.3067268056020644
3.315954176150905,3.315954176150905
3.3251981986361803,3.3251981986361803
3.334458963209286,3.334458963209286
3.343736560504643,3.343736560504643
3.3530310816431097,3.3530310816431097
3.3623426182354628,3.3623426182354628
3.3716712623858607,3.3716712623858607
3.3810171066953916,3.3810171066953916
3.39038024426561,3.39038024426561
3.3997607687021376,3.3997607687021376
3.409158774118261,3.409158774118261
3.4185743551386154,3.4185743551386154
3.428007606902835,3.428007606902835
3.4374586250693104,3.4374586250693104
3.4469275058189024,3.4469275058189024
3.4564143458587675,3.4564143458587675
3.4659192424261462,3.4659192424261462
3.47544229329226,3.47544229329226
3.4849835967661633,3.4849835967661633
3.494543251698715,3.494543251698715
3.504121357486507,3.504121357486507
3.513718014075902,3.513718014075902
3.5233333219670464,3.5233333219670464
3.5329673822179717,3.5329673822179717
3.5426202964486913,3.5426202964486913
3.5522921668453757,3.5522921668453757
3.5619830961645236,3.5619830961645236
3.571693187737228,3.571693187737228
3.581422545473412,3.581422545473412
3.591171273866181,3.591171273866181
3.600939477996141,3.600939477996141
3.6107272635358307,3.6107272635358307
3.620534736754129,3.620534736754129
3.6303620045207605,3.6303620045207605
3.640209174310795,3.640209174310795
3.6500763542092347,3.6500763542092347
3.6599636529156165,3.6599636529156165
3.669871179748662,3.669871179748662
3.6797990446509745,3.6797990446509745
3.6897473581938023,3.6897473581938023
3.699716231581809,3.699716231581809
3.7097057766579145,3.7097057766579145
3.7197161059081774,3.7197161059081774
3.729747332466738,3.729747332466738
3.7397995701207893,3.7397995701207893
3.7498729333155896,3.7498729333155896
3.7599675371595587,3.7599675371595587
3.770083497429399,3.770083497429399
3.780220930575276,3.780220930575276
3.790379953726025,3.790379953726025
3.8005606846944486,3.8005606846944486
3.810763241982645,3.810763241982645
3.820987744787398,3.820987744787398
3.8312343130055866,3.8312343130055866
3.8415030672396973,3.8415030672396973
3.8517941288033795,3.8517941288033795
3.862107619727018,3.862107619727018
3.872443662763407,3.872443662763407
3.8828023813934536,3.8828023813934536
3.893183899831963,3.893183899831963
3.9035883430334546,3.9035883430334546
3.9140158366980433,3.9140158366980433
3.924466507277398,3.924466507277398
3.934940481980745,3.934940481980745
3.9454378887809316,3.9454378887809316
3.9559588564205566,3.9559588564205566
3.966503514418153,3.966503514418153
3.977071993074462,3.977071993074462
3.9876644234787344,3.9876644234787344
3.9982809375151156,3.9982809375151156
4.008921667869091,4.008921667869091
4.0195867480340075,4.0195867480340075
4.030276312317662,4.030276312317662
4.040990495848927,4.040990495848927
4.0517294345844785,4.0517294345844785
4.062493265315604,4.062493265315604
4.073282125675033,4.073282125675033
4.084096154143872,4.084096154143872
4.094935490058616,4.094935490058616
4.10580027361822,4.10580027361822
4.116690645891247,4.116690645891247
4.127606748823087,4.127606748823087
4.138548725243253,4.138548725243253
4.149516718872782,4.149516718872782
4.1605108743316705,4.1605108743316705
4.171531337146394,4.171531337146394
4.182578253757554,4.182578253757554
4.1936517715275485,4.1936517715275485
4.204752038748368,4.204752038748368
4.215879204649425,4.215879204649425
4.227033419405524,4.227033419405524
4.23821483414488,4.23821483414488
4.249423600957245,4.249423600957245
4.260659872902088,4.260659872902088
4.2719238040168985,4.2719238040168985
4.283215549325574,4.283215549325574
4.294535264846888,4.294535264846888
4.305883107603043,4.305883107603043
4.31725923562833,4.31725923562833
4.328663807977897,4.328663807977897
4.340096984736581,4.340096984736581
4.351558927027847,4.351558927027847
4.363049797022843,4.363049797022843
4.3745697579495335,4.3745697579495335
4.386118974101957,4.386118974101957
4.397697610849548,4.397697610849548
4.409305834646589,4.409305834646589
4.420943813041796,4.420943813041796
4.432611714687939,4.432611714687939
4.444309709351626,4.444309709351626
4.456037967923179,4.456037967923179
4.467796662426627,4.467796662426627
4.479585966029804,4.479585966029804
4.4914060530545505,4.4914060530545505
4.503257098987054,4.503257098987054
4.515139280488299,4.515139280488299
4.527052775404631,4.527052775404631
4.53899776277842,4.53899776277842
4.5509744228588875,4.5509744228588875
4.562982937113042,4.562982937113042
4.575023488236717,4.575023488236717
4.587096260165757,4.587096260165757
4.5992014380873245,4.5992014380873245
4.611339208451362,4.611339208451362
4.6235097589821414,4.6235097589821414
4.635713278689976,4.635713278689976
4.647949957883062,4.647949957883062
4.660219988179475,4.660219988179475
4.672523562519274,4.672523562519274
4.684860875176772,4.684860875176772
4.697232121772934,4.697232121772934
4.709637499287924,4.709637499287924
4.722077206073829,4.722077206073829
4.734551441867496,4.734551441867496
4.747060407803514,4.747060407803514
4.759604306427393,4.759604306427393
4.7721833417088755,4.7721833417088755
4.784797719055402,4.784797719055402
4.7974476453257315,4.7974476453257315
4.810133328843752,4.810133328843752
4.822854979412439,4.822854979412439
4.835612808327985,4.835612808327985
4.848407028394092,4.848407028394092
4.861237853936435,4.861237853936435
4.874105500817343,4.874105500817343
4.887010186450596,4.887010186450596
4.899952129816435,4.899952129816435
4.912931551476752,4.912931551476752
4.9259486735904785,4.9259486735904785
4.939003719929149,4.939003719929149
4.952096915892628,4.952096915892628
4.965228488525092,4.965228488525092
4.978398666531172,4.978398666531172
4.991607680292294,4.991607680292294
5.004855761883232,5.004855761883232
5.018143145088857,5.018143145088857
5.031470065421132,5.031470065421132
5.044836760136268,5.044836760136268
5.0582434682521145,5.0582434682521145
5.0716904305657895,5.0716904305657895
5.085177889671513,5.085177889671513
5.098706089978674,5.098706089978674
5.1122752777301015,5.1122752777301015
5.125885701020606,5.125885701020606
5.139537609815745,5.139537609815745
5.153231255970817,5.153231255970817
5.166966893250093,5.166966893250093
5.180744777346321,5.180744777346321
5.19456516590048,5.19456516590048
5.20842831852176,5.20842831852176
5.222334496807817,5.222334496807817
5.236283964365303,5.236283964365303
5.250276986830661,5.250276986830661
5.264313831891172,5.264313831891172
5.278394769306284,5.278394769306284
5.292520070929234,5.292520070929234
5.306690010728959,5.306690010728959
5.320904864812278,5.320904864812278
5.335164911446355,5.335164911446355
5.349470431081499,5.349470431081499
5.363821706374253,5.363821706374253
5.378219022210773,5.378219022210773
5.392662665730534,5.392662665730534
5.407152926350348,5.407152926350348
5.421690095788733,5.421690095788733
5.436274468090565,5.436274468090565
5.450906339652092,5.450906339652092
5.465586009246275,5.465586009246275
5.4803137780485,5.4803137780485
5.49508994966261,5.49508994966261
5.509914830147286,5.509914830147286
5.524788728042832,5.524788728042832
5.5397119543983,5.5397119543983
5.554684822798988,5.554684822798988
5.569707649394323,5.569707649394323
5.584780752926122,5.584780752926122
5.599904454757284,5.599904454757284
5.61507907890083,5.61507907890083
5.630304952049373,5.630304952049373
5.645582403605007,5.645582403605007
5.660911765709617,5.660911765709617
5.676293373275609,5.676293373275609
5.691727564017053,5.691727564017053
5.707214678481319,5.707214678481319
5.722755060081127,5.722755060081127
5.738349055127073,5.738349055127073
5.753997012860572,5.753997012860572
5.7696992854873566,5.7696992854873566
5.7854562282113955,5.7854562282113955
5.801268199269323,5.801268199269323
5.817135559965352,5.817135559965352
5.833058674706717,5.833058674706717
5.84903791103963,5.84903791103963
5.865073639685745,5.865073639685745
5.881166234579157,5.881166234579157
5.897316072903971,5.897316072903971
5.913523535132396,5.913523535132396
5.929789005063436,5.929789005063436
5.946112869862095,5.946112869862095
5.962495520099233,5.962495520099233
5.978937349791982,5.978937349791982
5.995438756444769,5.995438756444769
6.012000141090958,6.012000141090958
6.0286219083351025,6.0286219083351025
6.045304466395894,6.045304466395894
6.062048227149686,6.062048227149686
6.078853606174715,6.078853606174715
6.095721022795997,6.095721022795997
6.1126509001309275,6.1126509001309275
6.129643665135539,6.129643665135539
6.146699748651492,6.146699748651492
6.163819585453796,6.163819585453796
6.181003614299273,6.181003614299273
6.198252277975776,6.198252277975776
6.215566023352116,6.215566023352116
6.232945301428863,6.232945301428863
6.250390567389895,6.250390567389895
6.267902280654746,6.267902280654746
6.285480904931799,6.285480904931799
6.30312690827231,6.30312690827231
6.32084076312533,6.32084076312533
6.338622946393441,6.338622946393441
6.3564739394894065,6.3564739394894065
6.374394228393754,6.374394228393754
6.3923843037132695,6.3923843037132695
6.410444660740429,6.410444660740429
6.428575799513771,6.428575799513771
6.44677822487931,6.44677822487931
6.4650524465529084,6.4650524465529084
6.483398979183674,6.483398979183674
6.501818342418391,6.501818342418391
6.520311060967029,6.520311060967029
6.538877664669355,6.538877664669355
6.557518688562574,6.557518688562574
6.57623467295019,6.57623467295019
6.595026163471934,6.595026163471934
6.6138937111749,6.6138937111749
6.632837872585917,6.632837872585917
6.651859209785061,6.651859209785061
6.670958290480451,6.670958290480451
6.6901356880843155,6.6901356880843155
6.709391981790378,6.709391981790378
6.728727756652517,6.728727756652517
6.748143603664784,6.748143603664784
6.767640119842842,6.767640119842842
6.787217908306776,6.787217908306776
6.806877578365346,6.806877578365346
6.8266197456016835,6.8266197456016835
6.8464450319605294,6.8464450319605294
6.866354065836979,6.866354065836979
6.886347482166775,6.886347482166775
6.906425922518197,6.906425922518197
6.92659003518559,6.92659003518559
6.946840475284574,6.946840475284574
6.967177904848909,6.967177904848909
6.987602992929093,6.987602992929093
7.008116415692781,7.008116415692781
7.0287188565269885,7.0287188565269885
7.0494110061421384,7.0494110061421384
7.070193562677969,7.070193562677969
7.091067231811445,7.091067231811445
7.1120327268666035,7.1120327268666035
7.1330907689264,7.1330907689264
7.1542420869466365,7.1542420869466365
7.175487417871995,7.175487417871995
7.196827506754255,7.196827506754255
7.218263106872662,7.218263106872662
7.2397949798565735,7.2397949798565735
7.261423895810411,7.261423895810411
7.2831506334409895,7.2831506334409895
7.304975980187236,7.304975980187236
7.326900732352333,7.326900732352333
7.348925695238456,7.348925695238456
7.371051683284068,7.371051683284068
7.393279520203841,7.393279520203841
7.415610039131244,7.415610039131244
7.438044082763978,7.438044082763978
7.460582503512187,7.460582503512187
7.483226163649561,7.483226163649561
7.505975935467406,7.505975935467406
7.528832701431759,7.528832701431759
7.551797354343632,7.551797354343632
7.574870797502369,7.574870797502369
7.598053944872299,7.598053944872299
7.621347721252739,7.621347721252739
7.644753062451387,7.644753062451387
7.668270915461225,7.668270915461225
7.691902238640965,7.691902238640965
7.715648001899229,7.715648001899229
7.739509186882453,7.739509186882453
7.763486787166657,7.763486787166657
7.787581808453116,7.787581808453116
7.811795268768146,7.811795268768146
7.836128198667019,7.836128198667019
7.860581641442098,7.860581641442098
7.885156653335347,7.885156653335347
7.909854303755306,7.909854303755306
7.934675675498695,7.934675675498695
7.959621864976642,7.959621864976642
7.9846939824457515,7.9846939824457515
8.009893152244164,8.009893152244164
8.035220513032632,8.035220513032632
8.06067721804084,8.06067721804084
8.086264435318986,8.086264435318986
8.111983347994949,8.111983347994949
8.137835154537001,8.137835154537001
8.16382106902233,8.16382106902233
8.189942321411424,8.189942321411424
8.216200157828606,8.216200157828606
8.242595840848804,8.242595840848804
8.269130649790698,8.269130649790698
8.295805881016442,8.295805881016442
8.322622848238193,8.322622848238193
8.349582882831589,8.349582882831589
8.376687334156326,8.376687334156326
8.40393756988406,8.40393756988406
8.431334976333902,8.431334976333902
8.458880958815628,8.458880958815628
8.486576941980848,8.486576941980848
8.514424370182338,8.514424370182338
8.542424707841818,8.542424707841818
8.570579439826412,8.570579439826412
8.598890071833926,8.598890071833926
8.627358130787336,8.627358130787336
8.655985165238658,8.655985165238658
8.684772745782565,8.684772745782565
8.713722465479927,8.713722465479927
8.74283594029155,8.74283594029155
8.772114809522591,8.772114809522591
8.80156073627779,8.80156073627779
8.831175407927866,8.831175407927866
8.860960536587418,8.860960536587418
8.890917859604794,8.890917859604794
8.921049140064081,8.921049140064081
8.951356167299716,8.951356167299716
8.981840757424067,8.981840757424067
9.012504753868376,9.012504753868376
9.043350027937509,9.043350027937509
9.074378479378861,9.074378479378861
9.105592036965891,9.105592036965891
9.136992659096801,9.136992659096801
9.168582334408754,9.168582334408754
9.200363082408145,9.200363082408145
9.232336954117377,9.232336954117377
9.264506032738835,9.264506032738835
9.296872434336418,9.296872434336418
9.329438308535265,9.329438308535265
9.362205839240275,9.362205839240275
9.395177245374029,9.395177245374029
9.428354781634763,9.428354781634763
9.461740739274958,9.461740739274958
9.49533744690134,9.49533744690134
9.529147271296921,9.529147271296921
9.563172618265916,9.563172618265916
9.597415933502171,9.597415933502171
9.631879703481932,9.631879703481932
9.666566456381888,9.666566456381888
9.701478763023255,9.701478763023255
9.736619237842735,9.736619237842735
9.771990539891446,9.771990539891446
9.807595373862602,9.807595373862602
9.843436491149136,9.843436491149136
9.879516690932178,9.879516690932178
9.915838821301525,9.915838821301525
9.952405780409215,9.952405780409215
9.989220517657463,9.989220517657463
10.026286034922137,10.026286034922137
10.06360538781302,10.06360538781302
10.101181686972271,10.101181686972271
10.139018099412441,10.139018099412441
10.177117849895584,10.177117849895584
10.215484222354835,10.215484222354835
10.254120561360104,10.254120561360104
10.293030273629672,10.293030273629672
10.33221682958924,10.33221682958924
10.371683764980311,10.371683764980311
10.411434682519744,10.411434682519744
10.451473253612608,10.451473253612608
10.491803220120207,10.491803220120207
10.532428396185534,10.532428396185534
10.573352670118338,10.573352670118338
10.614580006342273,10.614580006342273
10.656114447406562,10.656114447406562
10.697960116064612,10.697960116064612
10.740121217422486,10.740121217422486
10.782602041159963,10.782602041159963
10.825406963827222,10.825406963827222
10.868540451220136,10.868540451220136
10.912007060837523,10.912007060837523
10.955811444423814,10.955811444423814
10.999958350600691,10.999958350600691
11.044452627591369,11.044452627591369
11.089299226041591,11.089299226041591
11.13450320194147,11.13450320194147
11.180069719652522,11.180069719652522
11.226004055044463,11.226004055044463
11.272311598746525,11.272311598746525
11.318997859518506,11.318997859518506
11.366068467746869,11.366068467746869
11.413529179071249,11.413529179071249
11.461385878147594,11.461385878147594
11.509644582553955,11.509644582553955
11.558311446845664,11.558311446845664
11.60739276676653,11.60739276676653
11.656894983623559,11.656894983623559
11.70682468883283,11.70682468883283
11.757188628644613,11.757188628644613
11.807993709056298,11.807993709056298
11.859247000922059,11.859247000922059
11.910955745269076,11.910955745269076
11.963127358830153,11.963127358830153
12.015769439803522,12.015769439803522
12.068889773851051,12.068889773851051
12.12249634034697,12.12249634034697
12.176597318889655,12.176597318889655
12.231201096089915,12.231201096089915
12.286316272649932,12.286316272649932
12.34195167074813,12.34195167074813
12.398116341745878,12.398116341745878
12.454819574232896,12.454819574232896
12.512070902429613,12.512070902429613
12.569880114965565,12.569880114965565
12.628257264054326,12.628257264054326
12.68721267508646,12.68721267508646
12.746756956663816,12.746756956663816
12.806901011099677,12.806901011099677
12.867656045411096,12.867656045411096
12.929033582831112,12.929033582831112
12.991045474870951,12.991045474870951
13.053703913964016,13.053703913964016
13.117021446725609,13.117021446725609
13.18101098786478,13.18101098786478
13.24568583478721,13.24568583478721
13.311059682930843,13.311059682930843
13.377146641878852,13.377146641878852
13.44396125229761,13.44396125229761
13.511518503751047,13.511518503751047
13.579833853446457,13.579833853446457
13.648923245970872,13.648923245970872
13.718803134081313,13.718803134081313
13.789490500617505,13.789490500617505
13.861002881610535,13.861002881610535
13.933358390666744,13.933358390666744
14.006575744712205,14.006575744712205
14.08067429119003,14.08067429119003
14.155674036810195,14.155674036810195
14.23159567795958,14.23159567795958
14.30846063288836,14.30846063288836
14.386291075799235,14.386291075799235
14.465109972976014,14.465109972976014
14.544941121099969,14.544941121099969
14.625809187914772,14.625809187914772
14.707739755415242,14.707739755415242
14.790759365750334,14.790759365750334
14.874895570047876,14.874895570047876
14.96017698038703,14.96017698038703
15.046633325165564,15.046633325165564
15.13429550813174,15.13429550813174
15.223195671375983,15.223195671375983
15.313367262605496,15.313367262605496
15.404845107056369,15.404845107056369
15.497665484432696,15.497665484432696
15.591866211300315,15.591866211300315
15.687486729406366,15.687486729406366
15.784568200443791,15.784568200443791
15.883153607834096,15.883153607834096
15.983287866161792,15.983287866161792
16.085017938961506,16.085017938961506
16.18839296563552,16.18839296563552
16.293464398364748,16.293464398364748
16.400286149973294,16.400286149973294
16.508914753815603,16.508914753815603
16.619409536879555,16.619409536879555
16.73183280743941,16.73183280743941
16.84625005875181,16.84625005875181
16.962730190470403,16.962730190470403
17.081345749662365,17.081345749662365
17.202173193548276,17.202173193548276
17.32529317635913,17.32529317635913
17.450790863017968,17.450790863017968
17.578756272715633,17.578756272715633
17.709284655867442,17.709284655867442
17.842476908422036,17.842476908422036
17.978440028055495,17.978440028055495
18.11728761744028,18.11728761744028
18.259140440543394,18.259140440543394
18.404127038807268,18.404127038807268
18.552384415122603,18.552384415122603
18.70405879474876,18.70405879474876
18.859306473814385,18.859306473814385
19.018294767785488,19.018294767785488
19.181203074381983,19.181203074381983
19.34822406793265,19.34822406793265
19.51956504517623,19.51956504517623
19.69544944616386,19.69544944616386
19.876118578344133,19.876118578344133
20.06183357731245,20.06183357731245
20.25287764432695,20.25287764432695
20.44955860885406,20.44955860885406
20.652211874521747,20.652211874521747
20.861203819472568,20.861203819472568
21.076935737937724,21.076935737937724
21.299848429849042,21.299848429849042
21.530427570744596,21.530427570744596
21.769210026832372,21.769210026832372
22.01679132221137,22.01679132221137
22.273834520160623,22.273834520160623
22.541080852624304,22.541080852624304
22.81936252793574,22.81936252793574
23.109618275560056,23.109618275560056
23.41291236139417,23.41291236139417
23.730458047326483,23.730458047326483
24.063646803223577,24.063646803223577
24.414085052097178,24.414085052097178
24.78364090759244,24.78364090759244
25.17450435379363,25.17450435379363
25.589265792537894,25.589265792537894
26.03102012675408,26.03102012675408
26.503507041307618,26.503507041307618
27.011303727601973,27.011303727601973
27.560095498996503,27.560095498996503
28.157065428872958,28.157065428872958
28.81147195361555,28.81147195361555
29.53553500442765,29.53553500442765
30.345852380418954,30.345852380418954
31.26577958606107,31.26577958606107
32.32968541069144,32.32968541069144
33.59119564188691,33.59119564188691
35.14096881482104,35.14096881482104
37.15133453305799,37.15133453305799
40.018633127456546,40.018633127456546
45.08044827493184,45.08044827493184
