-7.133108722613203,-7.133108722613203
-7.140867775857162,-7.140867775857162
-7.145250133284955,-7.145250133284955
-7.148140684788492,-7.148140684788492
-7.150047343868427,-7.150047343868427
-7.1512186949288745,-7.1512186949288745
-7.1518032830170135,-7.1518032830170135
-7.151900119820243,-7.151900119820243
-7.1515799906351285,-7.1515799906351285
-7.150896045849308,-7.150896045849308
-7.1498896728920975,-7.1498896728920975
-7.148594017815146,-7.148594017815146
-7.147036226965024,-7.147036226965024
-7.145238942398188,-7.145238942398188
-7.143221337997451,-7.143221337997451
-7.140999860188399,-7.140999860188399
-7.138588771597969,-7.138588771597969
-7.136000559138977,-7.136000559138977
-7.133246246324018,-7.133246246324018
-7.130335636359984,-7.130335636359984
-7.127277504201461,-7.127277504201461
-7.124079750296177,-7.124079750296177
-7.120749525123609,-7.120749525123609
-7.117293331150049,-7.117293331150049
-7.1137171070987355,-7.1137171070987355
-7.110026298211202,-7.110026298211202
-7.10622591529541,-7.10622591529541
-7.102320584712316,-7.102320584712316
-7.098314590975257,-7.098314590975257
-7.094211913278446,-7.094211913278446
-7.0900162569990375,-7.0900162569990375
-7.085731081008727,-7.085731081008727
-7.081359621469372,-7.081359621469372
-7.0769049126608365,-7.0769049126608365
-7.072369805289857,-7.072369805289857
-7.067756982649579,-7.067756982649579
-7.063068974936232,-7.063068974936232
-7.0583081719784,-7.0583081719784
-7.053476834592967,-7.053476834592967
-7.048577104748133,-7.048577104748133
-7.043611014686112,-7.043611014686112
-7.038580495135363,-7.038580495135363
-7.033487382723135,-7.033487382723135
-7.028333426683404,-7.028333426683404
-7.023120294941961,-7.023120294941961
-7.017849579649313,-7.017849579649313
-7.012522802222659,-7.012522802222659
-7.007141417950191,-7.007141417950191
-7.001706820204233,-7.001706820204233
-6.996220344303869,-6.996220344303869
-6.990683271062793,-6.990683271062793
-6.985096830053785,-6.985096830053785
-6.979462202617586,-6.979462202617586
-6.9737805246406674,-6.9737805246406674
-6.968052889123712,-6.968052889123712
-6.962280348560105,-6.962280348560105
-6.956463917141735,-6.956463917141735
-6.950604572807456,-6.950604572807456
-6.944703259148016,-6.944703259148016
-6.938760887179808,-6.938760887179808
-6.932778336998534,-6.932778336998534
-6.926756459322788,-6.926756459322788
-6.920696076936552,-6.920696076936552
-6.914597986038768,-6.914597986038768
-6.908462957507331,-6.908462957507331
-6.902291738084198,-6.902291738084198
-6.896085051487646,-6.896085051487646
-6.889843599457238,-6.889843599457238
-6.883568062736448,-6.883568062736448
-6.877259101997595,-6.877259101997595
-6.870917358713191,-6.870917358713191
-6.864543455977587,-6.864543455977587
-6.858137999282371,-6.858137999282371
-6.851701577248741,-6.851701577248741
-6.845234762319803,-6.845234762319803
-6.838738111415491,-6.838738111415491
-6.832212166552588,-6.832212166552588
-6.825657455432163,-6.825657455432163
-6.8190744919965285,-6.8190744919965285
-6.812463776957655,-6.812463776957655
-6.805825798298878,-6.805825798298878
-6.799161031751525,-6.799161031751525
-6.792469941248056,-6.792469941248056
-6.785752979353103,-6.785752979353103
-6.779010587673774,-6.779010587673774
-6.772243197250419,-6.772243197250419
-6.765451228929054,-6.765451228929054
-6.758635093716458,-6.758635093716458
-6.751795193118962,-6.751795193118962
-6.744931919465874,-6.744931919465874
-6.738045656218361,-6.738045656218361
-6.731136778264618,-6.731136778264618
-6.724205652202088,-6.724205652202088
-6.71725263660742,-6.71725263660742
-6.710278082294811,-6.710278082294811
-6.703282332563386,-6.703282332563386
-6.696265723434163,-6.696265723434163
-6.689228583877148,-6.689228583877148
-6.682171236029084,-6.682171236029084
-6.67509399540231,-6.67509399540231
-6.667997171085202,-6.667997171085202
-6.660881065934586,-6.660881065934586
-6.653745976760553,-6.653745976760553
-6.646592194504028,-6.646592194504028
-6.639420004407438,-6.639420004407438
-6.632229686178839,-6.632229686178839
-6.625021514149784,-6.625021514149784
-6.617795757427243,-6.617795757427243
-6.610552680039844,-6.610552680039844
-6.603292541078713,-6.603292541078713
-6.596015594833129,-6.596015594833129
-6.5887220909212765,-6.5887220909212765
-6.581412274416267,-6.581412274416267
-6.574086385967672,-6.574086385967672
-6.566744661918768,-6.566744661918768
-6.559387334419643,-6.559387334419643
-6.552014631536404,-6.552014631536404
-6.544626777356602,-6.544626777356602
-6.537223992091051,-6.537223992091051
-6.5298064921722245,-6.5298064921722245
-6.522374490349304,-6.522374490349304
-6.514928195780113,-6.514928195780113
-6.507467814119967,-6.507467814119967
-6.499993547607645,-6.499993547607645
-6.492505595148547,-6.492505595148547
-6.485004152395178,-6.485004152395178
-6.477489411825071,-6.477489411825071
-6.469961562816206,-6.469961562816206
-6.4624207917200875,-6.4624207917200875
-6.454867281932529,-6.454867281932529
-6.447301213962225,-6.447301213962225
-6.439722765497251,-6.439722765497251
-6.432132111469505,-6.432132111469505
-6.424529424117197,-6.424529424117197
-6.416914873045491,-6.416914873045491
-6.4092886252852965,-6.4092886252852965
-6.401650845350352,-6.401650845350352
-6.394001695292606,-6.394001695292606
-6.386341334756006,-6.386341334756006
-6.378669921028708,-6.378669921028708
-6.370987609093794,-6.370987609093794
-6.363294551678541,-6.363294551678541
-6.355590899302293,-6.355590899302293
-6.34787680032298,-6.34787680032298
-6.3401524009823484,-6.3401524009823484
-6.332417845449916,-6.332417845449916
-6.324673275865741,-6.324673275865741
-6.316918832381992,-6.316918832381992
-6.309154653203407,-6.309154653203407
-6.3013808746266555,-6.3013808746266555
-6.293597631078635,-6.293597631078635
-6.2858050551537605,-6.2858050551537605
-6.278003277650257,-6.278003277650257
-6.270192427605493,-6.270192427605493
-6.262372632330415,-6.262372632330415
-6.25454401744305,-6.25454401744305
-6.246706706901178,-6.246706706901178
-6.238860823034148,-6.238860823034148
-6.23100648657389,-6.23100648657389
-6.223143816685141,-6.223143816685141
-6.215272930994908,-6.215272930994908
-6.207393945621203,-6.207393945621203
-6.199506975201052,-6.199506975201052
-6.191612132917824,-6.191612132917824
-6.183709530527885,-6.183709530527885
-6.175799278386598,-6.175799278386598
-6.167881485473698,-6.167881485473698
-6.159956259418058,-6.159956259418058
-6.152023706521853,-6.152023706521853
-6.144083931784157,-6.144083931784157
-6.136137038923978,-6.136137038923978
-6.128183130402753,-6.128183130402753
-6.120222307446309,-6.120222307446309
-6.112254670066333,-6.112254670066333
-6.104280317081313,-6.104280317081313
-6.096299346137041,-6.096299346137041
-6.088311853726602,-6.088311853726602
-6.080317935209943,-6.080317935209943
-6.0723176848329805,-6.0723176848329805
-6.064311195746292,-6.064311195746292
-6.056298560023373,-6.056298560023373
-6.04827986867851,-6.04827986867851
-6.040255211684238,-6.040255211684238
-6.032224677988424,-6.032224677988424
-6.024188355530981,-6.024188355530981
-6.016146331260208,-6.016146331260208
-6.0080986911487875,-6.0080986911487875
-6.0000455202094285,-6.0000455202094285
-5.991986902510185,-5.991986902510185
-5.983922921189439,-5.983922921189439
-5.97585365847058,-5.97585365847058
-5.967779195676352,-5.967779195676352
-5.959699613242926,-5.959699613242926
-5.951614990733665,-5.951614990733665
-5.943525406852607,-5.943525406852607
-5.935430939457663,-5.935430939457663
-5.927331665573557,-5.927331665573557
-5.919227661404493,-5.919227661404493
-5.911119002346571,-5.911119002346571
-5.903005762999937,-5.903005762999937
-5.8948880171807145,-5.8948880171807145
-5.886765837932668,-5.886765837932668
-5.878639297538661,-5.878639297538661
-5.870508467531867,-5.870508467531867
-5.862373418706769,-5.862373418706769
-5.854234221129946,-5.854234221129946
-5.846090944150637,-5.846090944150637
-5.837943656411113,-5.837943656411113
-5.829792425856838,-5.829792425856838
-5.821637319746442,-5.821637319746442
-5.813478404661502,-5.813478404661502
-5.805315746516132,-5.805315746516132
-5.79714941056639,-5.79714941056639
-5.788979461419519,-5.788979461419519
-5.780805963043001,-5.780805963043001
-5.772628978773451,-5.772628978773451
-5.7644485713253335,-5.7644485713253335
-5.7562648027995404,-5.7562648027995404
-5.748077734691775,-5.748077734691775
-5.739887427900825,-5.739887427900825
-5.731693942736643,-5.731693942736643
-5.723497338928313,-5.723497338928313
-5.715297675631845,-5.715297675631845
-5.7070950114378585,-5.7070950114378585
-5.698889404379095,-5.698889404379095
-5.69068091193783,-5.69068091193783
-5.682469591053122,-5.682469591053122
-5.6742554981279545,-5.6742554981279545
-5.666038689036244,-5.666038689036244
-5.657819219129727,-5.657819219129727
-5.64959714324472,-5.64959714324472
-5.641372515708772,-5.641372515708772
-5.633145390347199,-5.633145390347199
-5.624915820489494,-5.624915820489494
-5.616683858975647,-5.616683858975647
-5.608449558162339,-5.608449558162339
-5.600212969929036,-5.600212969929036
-5.591974145683991,-5.591974145683991
-5.583733136370121,-5.583733136370121
-5.575489992470812,-5.575489992470812
-5.567244764015602,-5.567244764015602
-5.5589975005857895,-5.5589975005857895
-5.550748251319927,-5.550748251319927
-5.542497064919255,-5.542497064919255
-5.534243989653006,-5.534243989653006
-5.525989073363664,-5.525989073363664
-5.517732363472102,-5.517732363472102
-5.509473906982651,-5.509473906982651
-5.501213750488097,-5.501213750488097
-5.492951940174579,-5.492951940174579
-5.484688521826414,-5.484688521826414
-5.476423540830855,-5.476423540830855
-5.468157042182756,-5.468157042182756
-5.4598890704891705,-5.4598890704891705
-5.451619669973888,-5.451619669973888
-5.44334888448188,-5.44334888448188
-5.435076757483686,-5.435076757483686
-5.4268033320797295,-5.4268033320797295
-5.41852865100457,-5.41852865100457
-5.410252756631085,-5.410252756631085
-5.401975690974582,-5.401975690974582
-5.393697495696862,-5.393697495696862
-5.385418212110204,-5.385418212110204
-5.377137881181297,-5.377137881181297
-5.368856543535118,-5.368856543535118
-5.360574239458737,-5.360574239458737
-5.352291008905069,-5.352291008905069
-5.34400689149658,-5.34400689149658
-5.3357219265289295,-5.3357219265289295
-5.327436152974547,-5.327436152974547
-5.319149609486172,-5.319149609486172
-5.310862334400346,-5.310862334400346
-5.302574365740822,-5.302574365740822
-5.294285741221966,-5.294285741221966
-5.285996498252067,-5.285996498252067
-5.277706673936632,-5.277706673936632
-5.269416305081611,-5.269416305081611
-5.26112542819659,-5.26112542819659
-5.252834079497921,-5.252834079497921
-5.244542294911824,-5.244542294911824
-5.23625011007744,-5.23625011007744
-5.2279575603498225,-5.2279575603498225
-5.219664680802918,-5.219664680802918
-5.211371506232474,-5.211371506232474
-5.20307807115893,-5.20307807115893
-5.194784409830242,-5.194784409830242
-5.186490556224693,-5.186490556224693
-5.17819654405365,-5.17819654405365
-5.169902406764277,-5.169902406764277
-5.161608177542231,-5.161608177542231
-5.153313889314297,-5.153313889314297
-5.145019574750998,-5.145019574750998
-5.136725266269173,-5.136725266269173
-5.128430996034509,-5.128430996034509
-5.120136795964046,-5.120136795964046
-5.111842697728644,-5.111842697728644
-5.103548732755422,-5.103548732755422
-5.095254932230148,-5.095254932230148
-5.086961327099623,-5.086961327099623
-5.078667948074005,-5.078667948074005
-5.070374825629125,-5.070374825629125
-5.062081990008752,-5.062081990008752
-5.053789471226847,-5.053789471226847
-5.045497299069766,-5.045497299069766
-5.0372055030984555,-5.0372055030984555
-5.0289141126506,-5.0289141126506
-5.020623156842757,-5.020623156842757
-5.012332664572451,-5.012332664572451
-5.004042664520245,-5.004042664520245
-4.995753185151789,-4.995753185151789
-4.9874642547198365,-4.9874642547198365
-4.9791759012662355,-4.9791759012662355
-4.970888152623895,-4.970888152623895
-4.962601036418729,-4.962601036418729
-4.9543145800715624,-4.9543145800715624
-4.946028810800035,-4.946028810800035
-4.937743755620459,-4.937743755620459
-4.9294594413496675,-4.9294594413496675
-4.9211758946068285,-4.9211758946068285
-4.912893141815249,-4.912893141815249
-4.9046112092041385,-4.9046112092041385
-4.896330122810374,-4.896330122810374
-4.888049908480215,-4.888049908480215
-4.879770591871022,-4.879770591871022
-4.871492198452937,-4.871492198452937
-4.8632147535105545,-4.8632147535105545
-4.854938282144559,-4.854938282144559
-4.846662809273351,-4.846662809273351
-4.838388359634656,-4.838388359634656
-4.830114957787109,-4.830114957787109
-4.82184262811181,-4.82184262811181
-4.8135713948138825,-4.8135713948138825
-4.805301281923991,-4.805301281923991
-4.797032313299853,-4.797032313299853
-4.78876451262773,-4.78876451262773
-4.780497903423896,-4.780497903423896
-4.7722325090361,-4.7722325090361
-4.763968352644991,-4.763968352644991
-4.755705457265543,-4.755705457265543
-4.747443845748464,-4.747443845748464
-4.739183540781572,-4.739183540781572
-4.730924564891165,-4.730924564891165
-4.722666940443383,-4.722666940443383
-4.714410689645533,-4.714410689645533
-4.706155834547422,-4.706155834547422
-4.697902397042651,-4.697902397042651
-4.689650398869914,-4.689650398869914
-4.6813998616142705,-4.6813998616142705
-4.673150806708404,-4.673150806708404
-4.6649032554338685,-4.6649032554338685
-4.656657228922322,-4.656657228922322
-4.64841274815674,-4.64841274815674
-4.640169833972619,-4.640169833972619
-4.631928507059168,-4.631928507059168
-4.623688787960482,-4.623688787960482
-4.615450697076699,-4.615450697076699
-4.60721425466516,-4.60721425466516
-4.598979480841531,-4.598979480841531
-4.590746395580936,-4.590746395580936
-4.582515018719059,-4.582515018719059
-4.574285369953246,-4.574285369953246
-4.566057468843588,-4.566057468843588
-4.557831334813996,-4.557831334813996
-4.549606987153258,-4.549606987153258
-4.5413844450160825,-4.5413844450160825
-4.533163727424152,-4.533163727424152
-4.52494485326713,-4.52494485326713
-4.516727841303688,-4.516727841303688
-4.508512710162497,-4.508512710162497
-4.500299478343228,-4.500299478343228
-4.492088164217533,-4.492088164217533
-4.483878786030001,-4.483878786030001
-4.4756713618991375,-4.4756713618991375
-4.467465909818295,-4.467465909818295
-4.4592624476566245,-4.4592624476566245
-4.451060993159994,-4.451060993159994
-4.442861563951912,-4.442861563951912
-4.43466417753443,-4.43466417753443
-4.426468851289051,-4.426468851289051
-4.4182756024776015,-4.4182756024776015
-4.410084448243127,-4.410084448243127
-4.401895405610753,-4.401895405610753
-4.393708491488539,-4.393708491488539
-4.385523722668343,-4.385523722668343
-4.377341115826654,-4.377341115826654
-4.369160687525427,-4.369160687525427
-4.3609824542129045,-4.3609824542129045
-4.352806432224435,-4.352806432224435
-4.344632637783278,-4.344632637783278
-4.3364610870014,-4.3364610870014
-4.328291795880271,-4.328291795880271
-4.320124780311635,-4.320124780311635
-4.311960056078289,-4.311960056078289
-4.30379763885485,-4.30379763885485
-4.2956375442085095,-4.2956375442085095
-4.287479787599778,-4.287479787599778
-4.279324384383234,-4.279324384383234
-4.271171349808251,-4.271171349808251
-4.26302069901973,-4.26302069901973
-4.254872447058811,-4.254872447058811
-4.246726608863587,-4.246726608863587
-4.23858319926981,-4.23858319926981
-4.2304422330115825,-4.2304422330115825
-4.222303724722051,-4.222303724722051
-4.214167688934087,-4.214167688934087
-4.206034140080958,-4.206034140080958
-4.197903092497002,-4.197903092497002
-4.18977456041829,-4.18977456041829
-4.181648557983272,-4.181648557983272
-4.173525099233431,-4.173525099233431
-4.16540419811393,-4.16540419811393
-4.157285868474236,-4.157285868474236
-4.149170124068755,-4.149170124068755
-4.141056978557454,-4.141056978557454
-4.1329464455064775,-4.1329464455064775
-4.12483853838876,-4.12483853838876
-4.116733270584619,-4.116733270584619
-4.108630655382366,-4.108630655382366
-4.100530705978892,-4.100530705978892
-4.092433435480259,-4.092433435480259
-4.084338856902265,-4.084338856902265
-4.076246983171043,-4.076246983171043
-4.068157827123606,-4.068157827123606
-4.060071401508424,-4.060071401508424
-4.0519877189859805,-4.0519877189859805
-4.043906792129318,-4.043906792129318
-4.035828633424592,-4.035828633424592
-4.02775325527161,-4.02775325527161
-4.019680669984364,-4.019680669984364
-4.0116108897915685,-4.0116108897915685
-4.00354392683718,-4.00354392683718
-3.995479793180918,-3.995479793180918
-3.987418500798786,-3.987418500798786
-3.979360061583579,-3.979360061583579
-3.971304487345382,-3.971304487345382
-3.963251789812086,-3.963251789812086
-3.9552019806298686,-3.9552019806298686
-3.9471550713636954,-3.9471550713636954
-3.9391110734977994,-3.9391110734977994
-3.9310699984361688,-3.9310699984361688
-3.923031857503022,-3.923031857503022
-3.9149966619432757,-3.9149966619432757
-3.90696442292302,-3.90696442292302
-3.898935151529976,-3.898935151529976
-3.890908858773961,-3.890908858773961
-3.882885555587338,-3.882885555587338
-3.874865252825467,-3.874865252825467
-3.8668479612671542,-3.8668479612671542
-3.858833691615092,-3.858833691615092
-3.850822454496295,-3.850822454496295
-3.842814260462539,-3.842814260462539
-3.8348091199907834,-3.8348091199907834
-3.8268070434836017,-3.8268070434836017
-3.8188080412696035,-3.8188080412696035
-3.8108121236038492,-3.8108121236038492
-3.8028193006682662,-3.8028193006682662
-3.794829582572056,-3.794829582572056
-3.7868429793521012,-3.7868429793521012
-3.778859500973371,-3.778859500973371
-3.7708791573293143,-3.7708791573293143
-3.7629019582422583,-3.7629019582422583
-3.754927913463797,-3.754927913463797
-3.7469570326751827,-3.7469570326751827
-3.738989325487704,-3.738989325487704
-3.731024801443071,-3.731024801443071
-3.7230634700137895,-3.7230634700137895
-3.7151053406035373,-3.7151053406035373
-3.7071504225475285,-3.7071504225475285
-3.6991987251128866,-3.6991987251128866
-3.6912502574990027,-3.6912502574990027
-3.683305028837898,-3.683305028837898
-3.675363048194578,-3.675363048194578
-3.6674243245673894,-3.6674243245673894
-3.6594888668883643,-3.6594888668883643
-3.651556684023574,-3.651556684023574
-3.643627784773465,-3.643627784773465
-3.635702177873207,-3.635702177873207
-3.627779871993025,-3.627779871993025
-3.6198608757385364,-3.6198608757385364
-3.6119451976510795,-3.6119451976510795
-3.604032846208044,-3.604032846208044
-3.5961238298231963,-3.5961238298231963
-3.5882181568470006,-3.5882181568470006
-3.58031583556694,-3.58031583556694
-3.57241687420783,-3.57241687420783
-3.5645212809321354,-3.5645212809321354
-3.5566290638402793,-3.5566290638402793
-3.548740230970952,-3.548740230970952
-3.5408547903014154,-3.5408547903014154
-3.532972749747806,-3.532972749747806
-3.525094117165435,-3.525094117165435
-3.517218900349084,-3.517218900349084
-3.509347107033302,-3.509347107033302
-3.5014787448926934,-3.5014787448926934
-3.493613821542212,-3.493613821542212
-3.485752344537442,-3.485752344537442
-3.4778943213748854,-3.4778943213748854
-3.470039759492246,-3.470039759492246
-3.4621886662686996,-3.4621886662686996
-3.4543410490251816,-3.4543410490251816
-3.446496915024652,-3.446496915024652
-3.4386562714723707,-3.4386562714723707
-3.4308191255161677,-3.4308191255161677
-3.4229854842467073,-3.4229854842467073
-3.4151553546977533,-3.4151553546977533
-3.40732874384643,-3.40732874384643
-3.3995056586134877,-3.3995056586134877
-3.3916861058635486,-3.3916861058635486
-3.383870092405374,-3.383870092405374
-3.376057624992109,-3.376057624992109
-3.3682487103215366,-3.3682487103215366
-3.360443355036324,-3.360443355036324
-3.3526415657242716,-3.3526415657242716
-3.3448433489185536,-3.3448433489185536
-3.337048711097962,-3.337048711097962
-3.3292576586871463,-3.3292576586871463
-3.3214701980568484,-3.3214701980568484
-3.3136863355241415,-3.3136863355241415
-3.3059060773526614,-3.3059060773526614
-3.2981294297528376,-3.2981294297528376
-3.290356398882123,-3.290356398882123
-3.282586990845223,-3.282586990845223
-3.274821211694317,-3.274821211694317
-3.2670590674292828,-3.2670590674292828
-3.2593005639979205,-3.2593005639979205
-3.251545707296168,-3.251545707296168
-3.2437945031683215,-3.2437945031683215
-3.2360469574072477,-3.2360469574072477
-3.2283030757546007,-3.2283030757546007
-3.22056286390103,-3.22056286390103
-3.2128263274863946,-3.2128263274863946
-3.205093472099966,-3.205093472099966
-3.197364303280638,-3.197364303280638
-3.1896388265171294,-3.1896388265171294
-3.181917047248188,-3.181917047248188
-3.174198970862787,-3.174198970862787
-3.1664846027003293,-3.1664846027003293
-3.158773948050841,-3.158773948050841
-3.1510670121551687,-3.1510670121551687
-3.1433638002051714,-3.1433638002051714
-3.135664317343912,-3.135664317343912
-3.127968568665854,-3.127968568665854
-3.12027655921704,-3.12027655921704
-3.1125882939952847,-3.1125882939952847
-3.1049037779503585,-3.1049037779503585
-3.097223015984174,-3.097223015984174
-3.0895460129509633,-3.0895460129509633
-3.081872773657461,-3.081872773657461
-3.0742033028630833,-3.0742033028630833
-3.0665376052801028,-3.0665376052801028
-3.058875685573827,-3.058875685573827
-3.051217548362771,-3.051217548362771
-3.0435631982188287,-3.0435631982188287
-3.0359126396674476,-3.0359126396674476
-3.028265877187793,-3.028265877187793
-3.0206229152129196,-3.0206229152129196
-3.012983758129937,-3.012983758129937
-3.0053484102801753,-3.0053484102801753
-2.9977168759593464,-2.9977168759593464
-2.9900891594177086,-2.9900891594177086
-2.9824652648602266,-2.9824652648602266
-2.974845196446728,-2.974845196446728
-2.9672289582920652,-2.9672289582920652
-2.959616554466268,-2.959616554466268
-2.9520079889947017,-2.9520079889947017
-2.9444032658582184,-2.9444032658582184
-2.9368023889933084,-2.9368023889933084
-2.929205362292255,-2.929205362292255
-2.921612189603278,-2.921612189603278
-2.914022874730687,-2.914022874730687
-2.9064374214350273,-2.9064374214350273
-2.8988558334332204,-2.8988558334332204
-2.8912781143987147,-2.8912781143987147
-2.8837042679616243,-2.8837042679616243
-2.876134297708872,-2.876134297708872
-2.868568207184328,-2.868568207184328
-2.8610059998889508,-2.8610059998889508
-2.853447679280924,-2.853447679280924
-2.845893248775791,-2.845893248775791
-2.838342711746594,-2.838342711746594
-2.830796071524004,-2.830796071524004
-2.823253331396456,-2.823253331396456
-2.8157144946102783,-2.8157144946102783
-2.808179564369827,-2.808179564369827
-2.8006485438376076,-2.8006485438376076
-2.793121436134413,-2.793121436134413
-2.785598244339439,-2.785598244339439
-2.7780789714904204,-2.7780789714904204
-2.7705636205837463,-2.7705636205837463
-2.7630521945745907,-2.7630521945745907
-2.755544696377029,-2.755544696377029
-2.748041128864162,-2.748041128864162
-2.740541494868235,-2.740541494868235
-2.733045797180757,-2.733045797180757
-2.7255540385526156,-2.7255540385526156
-2.7180662216941975,-2.7180662216941975
-2.7105823492755,-2.7105823492755
-2.703102423926249,-2.703102423926249
-2.6956264482360095,-2.6956264482360095
-2.688154424754297,-2.688154424754297
-2.680686355990691,-2.680686355990691
-2.6732222444149456,-2.6732222444149456
-2.6657620924570926,-2.6657620924570926
-2.6583059025075593,-2.6583059025075593
-2.6508536769172637,-2.6508536769172637
-2.64340541799773,-2.64340541799773
-2.6359611280211888,-2.6359611280211888
-2.6285208092206807,-2.6285208092206807
-2.62108446379016,-2.62108446379016
-2.6136520938845984,-2.6136520938845984
-2.6062237016200807,-2.6062237016200807
-2.598799289073912,-2.598799289073912
-2.5913788582847075,-2.5913788582847075
-2.583962411252499,-2.583962411252499
-2.576549949938824,-2.576549949938824
-2.569141476266829,-2.569141476266829
-2.561736992121359,-2.561736992121359
-2.554336499349054,-2.554336499349054
-2.5469399997584383,-2.5469399997584383
-2.5395474951200216,-2.5395474951200216
-2.532158987166379,-2.532158987166379
-2.5247744775922483,-2.5247744775922483
-2.517393968054618,-2.517393968054618
-2.5100174601728145,-2.5100174601728145
-2.5026449555285906,-2.5026449555285906
-2.4952764556662106,-2.4952764556662106
-2.48791196209254,-2.48791196209254
-2.4805514762771246,-2.4805514762771246
-2.4731949996522795,-2.4731949996522795
-2.4658425336131686,-2.4658425336131686
-2.458494079517889,-2.458494079517889
-2.4511496386875526,-2.4511496386875526
-2.443809212406363,-2.443809212406363
-2.436472801921699,-2.436472801921699
-2.4291404084441925,-2.4291404084441925
-2.4218120331478055,-2.4218120331478055
-2.4144876771699075,-2.4144876771699075
-2.4071673416113497,-2.4071673416113497
-2.3998510275365454,-2.3998510275365454
-2.3925387359735413,-2.3925387359735413
-2.3852304679140897,-2.3852304679140897
-2.377926224313724,-2.377926224313724
-2.3706260060918307,-2.3706260060918307
-2.3633298141317196,-2.3633298141317196
-2.356037649280695,-2.356037649280695
-2.3487495123501247,-2.3487495123501247
-2.3414654041155094,-2.3414654041155094
-2.334185325316551,-2.334185325316551
-2.326909276657221,-2.326909276657221
-2.319637258805823,-2.319637258805823
-2.3123692723950633,-2.3123692723950633
-2.3051053180221146,-2.3051053180221146
-2.297845396248677,-2.297845396248677
-2.290589507601046,-2.290589507601046
-2.2833376525701716,-2.2833376525701716
-2.276089831611724,-2.276089831611724
-2.2688460451461525,-2.2688460451461525
-2.2616062935587427,-2.2616062935587427
-2.254370577199684,-2.254370577199684
-2.2471388963841235,-2.2471388963841235
-2.2399112513922215,-2.2399112513922215
-2.2326876424692186,-2.2326876424692186
-2.2254680698254803,-2.2254680698254803
-2.2182525336365635,-2.2182525336365635
-2.2110410340432662,-2.2110410340432662
-2.2038335711516837,-2.2038335711516837
-2.196630145033262,-2.196630145033262
-2.1894307557248522,-2.1894307557248522
-2.1822354032287614,-2.1822354032287614
-2.175044087512806,-2.175044087512806
-2.167856808510361,-2.167856808510361
-2.1606735661204133,-2.1606735661204133
-2.1534943602076098,-2.1534943602076098
-2.1463191906023056,-2.1463191906023056
-2.1391480571006114,-2.1391480571006114
-2.1319809594644448,-2.1319809594644448
-2.124817897421578,-2.124817897421578
-2.117658870665675,-2.117658870665675
-2.1105038788563504,-2.1105038788563504
-2.1033529216192046,-2.1033529216192046
-2.096205998545871,-2.096205998545871
-2.089063109194062,-2.089063109194062
-2.0819242530876103,-2.0819242530876103
-2.0747894297165077,-2.0747894297165077
-2.0676586385369524,-2.0676586385369524
-2.0605318789713873,-2.0605318789713873
-2.0534091504085423,-2.0534091504085423
-2.0462904522034693,-2.0462904522034693
-2.039175783677588,-2.039175783677588
-2.0320651441187194,-2.0320651441187194
-2.0249585327811257,-2.0249585327811257
-2.0178559488855474,-2.0178559488855474
-2.010757391619238,-2.010757391619238
-2.003662860136005,-2.003662860136005
-1.9965723535562365,-1.9965723535562365
-1.989485870966945,-1.989485870966945
-1.9824034114217977,-1.9824034114217977
-1.9753249739411483,-1.9753249739411483
-1.968250557512072,-1.968250557512072
-1.9611801610883972,-1.9611801610883972
-1.9541137835907387,-1.9541137835907387
-1.9470514239065237,-1.9470514239065237
-1.9399930808900303,-1.9399930808900303
-1.9329387533624083,-1.9329387533624083
-1.9258884401117153,-1.9258884401117153
-1.9188421398929432,-1.9188421398929432
-1.911799851428046,-1.911799851428046
-1.9047615734059633,-1.9047615734059633
-1.8977273044826575,-1.8977273044826575
-1.8906970432811276,-1.8906970432811276
-1.8836707883914443,-1.8836707883914443
-1.8766485383707703,-1.8766485383707703
-1.8696302917433874,-1.8696302917433874
-1.8626160470007158,-1.8626160470007158
-1.855605802601345,-1.855605802601345
-1.8485995569710485,-1.8485995569710485
-1.8415973085028137,-1.8415973085028137
-1.8345990555568557,-1.8345990555568557
-1.8276047964606452,-1.8276047964606452
-1.8206145295089229,-1.8206145295089229
-1.8136282529637267,-1.8136282529637267
-1.8066459650544022,-1.8066459650544022
-1.7996676639776312,-1.7996676639776312
-1.7926933478974387,-1.7926933478974387
-1.7857230149452235,-1.7857230149452235
-1.778756663219762,-1.778756663219762
-1.7717942907872362,-1.7717942907872362
-1.764835895681241,-1.764835895681241
-1.7578814759028074,-1.7578814759028074
-1.750931029420408,-1.750931029420408
-1.7439845541699817,-1.7439845541699817
-1.7370420480549398,-1.7370420480549398
-1.730103508946182,-1.730103508946182
-1.723168934682109,-1.723168934682109
-1.716238323068633,-1.716238323068633
-1.7093116718791952,-1.7093116718791952
-1.7023889788547681,-1.7023889788547681
-1.6954702417038734,-1.6954702417038734
-1.688555458102585,-1.688555458102585
-1.6816446256945474,-1.6816446256945474
-1.6747377420909761,-1.6747377420909761
-1.6678348048706708,-1.6678348048706708
-1.660935811580021,-1.660935811580021
-1.6540407597330151,-1.6540407597330151
-1.647149646811246,-1.647149646811246
-1.6402624702639181,-1.6402624702639181
-1.6333792275078514,-1.6333792275078514
-1.6264999159274875,-1.6264999159274875
-1.619624532874897,-1.619624532874897
-1.6127530756697783,-1.6127530756697783
-1.6058855415994646,-1.6058855415994646
-1.5990219279189297,-1.5990219279189297
-1.5921622318507826,-1.5921622318507826
-1.585306450585277,-1.585306450585277
-1.5784545812803104,-1.5784545812803104
-1.5716066210614228,-1.5716066210614228
-1.5647625670218013,-1.5647625670218013
-1.5579224162222762,-1.5579224162222762
-1.5510861656913233,-1.5510861656913233
-1.5442538124250607,-1.5442538124250607
-1.5374253533872497,-1.5374253533872497
-1.5306007855092914,-1.5306007855092914
-1.5237801056902207,-1.5237801056902207
-1.5169633107967104,-1.5169633107967104
-1.510150397663062,-1.510150397663062
-1.5033413630912031,-1.5033413630912031
-1.4965362038506833,-1.4965362038506833
-1.489734916678667,-1.489734916678667
-1.482937498279933,-1.482937498279933
-1.4761439453268603,-1.4761439453268603
-1.4693542544594274,-1.4693542544594274
-1.4625684222852045,-1.4625684222852045
-1.455786445379346,-1.455786445379346
-1.4490083202845776,-1.4490083202845776
-1.4422340435111924,-1.4422340435111924
-1.4354636115370416,-1.4354636115370416
-1.428697020807523,-1.428697020807523
-1.421934267735572,-1.421934267735572
-1.4151753487016485,-1.4151753487016485
-1.4084202600537299,-1.4084202600537299
-1.4016689981072958,-1.4016689981072958
-1.3949215591453175,-1.3949215591453175
-1.3881779394182427,-1.3881779394182427
-1.3814381351439884,-1.3814381351439884
-1.3747021425079207,-1.3747021425079207
-1.3679699576628432,-1.3679699576628432
-1.3612415767289816,-1.3612415767289816
-1.354516995793971,-1.354516995793971
-1.3477962109128379,-1.3477962109128379
-1.3410792181079834,-1.3410792181079834
-1.3343660133691677,-1.3343660133691677
-1.3276565926534931,-1.3276565926534931
-1.3209509518853872,-1.3209509518853872
-1.3142490869565817,-1.3142490869565817
-1.3075509937260956,-1.3075509937260956
-1.3008566680202167,-1.3008566680202167
-1.2941661056324827,-1.2941661056324827
-1.2874793023236564,-1.2874793023236564
-1.2807962538217093,-1.2807962538217093
-1.274116955821801,-1.274116955821801
-1.2674414039862547,-1.2674414039862547
-1.2607695939445354,-1.2607695939445354
-1.2541015212932292,-1.2541015212932292
-1.2474371815960188,-1.2474371815960188
-1.2407765703836606,-1.2407765703836606
-1.2341196831539603,-1.2341196831539603
-1.2274665153717461,-1.2274665153717461
-1.2208170624688481,-1.2208170624688481
-1.2141713198440696,-1.2141713198440696
-1.207529282863161,-1.207529282863161
-1.2008909468587938,-1.2008909468587938
-1.1942563071305352,-1.1942563071305352
-1.187625358944816,-1.187625358944816
-1.1809980975349088,-1.1809980975349088
-1.1743745181008922,-1.1743745181008922
-1.1677546158096301,-1.1677546158096301
-1.161138385794733,-1.161138385794733
-1.154525823156537,-1.154525823156537
-1.1479169229620634,-1.1479169229620634
-1.1413116802449996,-1.1413116802449996
-1.1347100900056544,-1.1347100900056544
-1.1281121472109386,-1.1281121472109386
-1.1215178467943203,-1.1215178467943203
-1.1149271836558043,-1.1149271836558043
-1.1083401526618875,-1.1083401526618875
-1.1017567486455315,-1.1017567486455315
-1.0951769664061255,-1.0951769664061255
-1.088600800709453,-1.088600800709453
-1.0820282462876538,-1.0820282462876538
-1.0754592978391913,-1.0754592978391913
-1.0688939500288108,-1.0688939500288108
-1.0623321974875102,-1.0623321974875102
-1.0557740348124933,-1.0557740348124933
-1.049219456567141,-1.049219456567141
-1.0426684572809635,-1.0426684572809635
-1.0361210314495706,-1.0361210314495706
-1.0295771735346237,-1.0295771735346237
-1.0230368779638022,-1.0230368779638022
-1.0165001391307587,-1.0165001391307587
-1.0099669513950817,-1.0099669513950817
-1.0034373090822488,-1.0034373090822488
-0.9969112064835913,-0.9969112064835913
-0.9903886378562455,-0.9903886378562455
-0.9838695974231124,-0.9838695974231124
-0.9773540793728154,-0.9773540793728154
-0.9708420778596549,-0.9708420778596549
-0.9643335870035618,-0.9643335870035618
-0.9578286008900544,-0.9578286008900544
-0.9513271135701943,-0.9513271135701943
-0.9448291190605373,-0.9448291190605373
-0.9383346113430882,-0.9383346113430882
-0.9318435843652525,-0.9318435843652525
-0.9253560320397901,-0.9253560320397901
-0.9188719482447689,-0.9188719482447689
-0.9123913268235104,-0.9123913268235104
-0.9059141615845453,-0.9059141615845453
-0.8994404463015627,-0.8994404463015627
-0.8929701747133605,-0.8929701747133605
-0.8865033405237912,-0.8865033405237912
-0.880039937401714,-0.880039937401714
-0.8735799589809434,-0.8735799589809434
-0.8671233988601948,-0.8671233988601948
-0.860670250603032,-0.860670250603032
-0.8542205077378132,-0.8542205077378132
-0.8477741637576408,-0.8477741637576408
-0.8413312121203019,-0.8413312121203019
-0.8348916462482164,-0.8348916462482164
-0.8284554595283814,-0.8284554595283814
-0.8220226453123132,-0.8220226453123132
-0.8155931969159943,-0.8155931969159943
-0.8091671076198127,-0.8091671076198127
-0.8027443706685049,-0.8027443706685049
-0.7963249792711007,-0.7963249792711007
-0.7899089266008619,-0.7899089266008619
-0.7834962057952222,-0.7834962057952222
-0.7770868099557302,-0.7770868099557302
-0.7706807321479878,-0.7706807321479878
-0.7642779654015897,-0.7642779654015897
-0.7578785027100596,-0.7578785027100596
-0.7514823370307928,-0.7514823370307928
-0.7450894612849902,-0.7450894612849902
-0.7386998683575974,-0.7386998683575974
-0.7323135510972388,-0.7323135510972388
-0.7259305023161546,-0.7259305023161546
-0.7195507147901385,-0.7195507147901385
-0.71317418125847,-0.71317418125847
-0.7068008944238473,-0.7068008944238473
-0.7004308469523244,-0.7004308469523244
-0.6940640314732416,-0.6940640314732416
-0.6877004405791612,-0.6877004405791612
-0.6813400668257952,-0.6813400668257952
-0.6749829027319392,-0.6749829027319392
-0.6686289407794047,-0.6686289407794047
-0.6622781734129478,-0.6622781734129478
-0.655930593040198,-0.655930593040198
-0.6495861920315881,-0.6495861920315881
-0.6432449627202845,-0.6432449627202845
-0.6369068974021148,-0.6369068974021148
-0.630571988335493,-0.630571988335493
-0.6242402277413471,-0.6242402277413471
-0.6179116078030497,-0.6179116078030497
-0.6115861206663379,-0.6115861206663379
-0.6052637584392416,-0.6052637584392416
-0.5989445131920084,-0.5989445131920084
-0.5926283769570254,-0.5926283769570254
-0.5863153417287464,-0.5863153417287464
-0.5800053994636106,-0.5800053994636106
-0.5736985420799674,-0.5736985420799674
-0.5673947614579978,-0.5673947614579978
-0.561094049439636,-0.561094049439636
-0.5547963978284882,-0.5547963978284882
-0.5485017983897531,-0.5485017983897531
-0.5422102428501426,-0.5422102428501426
-0.5359217228978005,-0.5359217228978005
-0.5296362301822188,-0.5296362301822188
-0.5233537563141551,-0.5233537563141551
-0.5170742928655528,-0.5170742928655528
-0.510797831369455,-0.510797831369455
-0.5045243633199198,-0.5045243633199198
-0.49825388017193506,-0.49825388017193506
-0.4919863733413373,-0.4919863733413373
-0.48572183420471987,-0.48572183420471987
-0.47946025409934895,-0.47946025409934895
-0.4732016243230765,-0.4732016243230765
-0.4669459361342512,-0.4669459361342512
-0.4606931807516319,-0.4606931807516319
-0.45444334935429465,-0.45444334935429465
-0.44819643308154583,-0.44819643308154583
-0.4419524230328322,-0.4419524230328322
-0.43571131026764853,-0.43571131026764853
-0.4294730858054439,-0.4294730858054439
-0.42323774062553265,-0.42323774062553265
-0.41700526566700047,-0.41700526566700047
-0.4107756518286101,-0.4107756518286101
-0.40454888996870736,-0.40454888996870736
-0.3983249709051249,-0.3983249709051249
-0.3921038854150897,-0.3921038854150897
-0.38588562423512457,-0.38588562423512457
-0.3796701780609511,-0.3796701780609511
-0.3734575375473917,-0.3734575375473917
-0.3672476933082749,-0.3672476933082749
-0.36104063591633284,-0.36104063591633284
-0.35483635590310253,-0.35483635590310253
-0.3486348437588249,-0.3486348437588249
-0.34243608993234814,-0.34243608993234814
-0.33624008483102064,-0.33624008483102064
-0.33004681882059167,-0.33004681882059167
-0.32385628222510743,-0.32385628222510743
-0.31766846532681065,-0.31766846532681065
-0.3114833583660297,-0.3114833583660297
-0.305300951541082,-0.305300951541082
-0.29912123500815996,-0.29912123500815996
-0.2929441988812332,-0.2929441988812332
-0.28676983323193195,-0.28676983323193195
-0.28059812808945034,-0.28059812808945034
-0.2744290734404274,-0.2744290734404274
-0.26826265922884435,-0.26826265922884435
-0.2620988753559143,-0.2620988753559143
-0.25593771167997037,-0.25593771167997037
-0.24977915801635323,-0.24977915801635323
-0.24362320413730051,-0.24362320413730051
-0.2374698397718364,-0.2374698397718364
-0.23131905460565516,-0.23131905460565516
-0.2251708382810072,-0.2251708382810072
-0.21902518039658464,-0.21902518039658464
-0.21288207050740768,-0.21288207050740768
-0.20674149812470657,-0.20674149812470657
-0.20060345271580307,-0.20060345271580307
-0.19446792370399504,-0.19446792370399504
-0.18833490046843798,-0.18833490046843798
-0.18220437234402512,-0.18220437234402512
-0.17607632862126582,-0.17607632862126582
-0.169950758546166,-0.169950758546166
-0.16382765132010887,-0.16382765132010887
-0.15770699609972977,-0.15770699609972977
-0.1515887819967932,-0.1515887819967932
-0.14547299807806954,-0.14547299807806954
-0.13935963336521204,-0.13935963336521204
-0.13324867683462968,-0.13324867683462968
-0.12714011741736103,-0.12714011741736103
-0.1210339439989467,-0.1210339439989467
-0.11493014541930427,-0.11493014541930427
-0.10882871047259858,-0.10882871047259858
-0.10272962790711034,-0.10272962790711034
-0.09663288642510766,-0.09663288642510766
-0.09053847468271682,-0.09053847468271682
-0.08444638128978889,-0.08444638128978889
-0.0783565948097656,-0.0783565948097656
-0.0722691037595488,-0.0722691037595488
-0.06618389660936551,-0.06618389660936551
-0.06010096178263292,-0.06010096178263292
-0.054020287655821855,-0.054020287655821855
-0.0479418625583203,-0.0479418625583203
-0.041865674772297946,-0.041865674772297946
-0.0357917125325656,-0.0357917125325656
-0.029719964026437055,-0.029719964026437055
-0.023650417393588072,-0.023650417393588072
-0.01758306072591829,-0.01758306072591829
-0.01151788206740701,-0.01151788206740701
-0.005454869413971147,-0.005454869413971147
0.0006059892866782069,0.0006059892866782069
0.006664706135177734,0.006664706135177734
0.012721293280659495,0.012721293280659495
0.018775762920899067,0.018775762920899067
0.024828127302453446,0.024828127302453446
0.030878398720821598,0.030878398720821598
0.03692658952058063,0.03692658952058063
0.042972712095546574,0.042972712095546574
0.04901677888891282,0.04901677888891282
0.05505880239341497,0.05505880239341497
0.06109879515146795,0.06109879515146795
0.06713676975533436,0.06713676975533436
0.07317273884726554,0.07317273884726554
0.07920671511966704,0.07920671511966704
0.08523871131524437,0.08523871131524437
0.09126874022716945,0.09126874022716945
0.09729681469923297,0.09729681469923297
0.10332294762600094,0.10332294762600094
0.10934715195298221,0.10934715195298221
0.11536944067677865,0.11536944067677865
0.12138982684525776,0.12138982684525776
0.12740832355770487,0.12740832355770487
0.13342494396499488,0.13342494396499488
0.13943970126974958,0.13943970126974958
0.14545260872651036,0.14545260872651036
0.15146367964189653,0.15146367964189653
0.15747292737478055,0.15747292737478055
0.16348036533644877,0.16348036533644877
0.16948600699077973,0.16948600699077973
0.17548986585440254,0.17548986585440254
0.1814919554968812,0.1814919554968812
0.187492289540876,0.187492289540876
0.1934908816623266,0.1934908816623266
0.19948774559061422,0.19948774559061422
0.2054828951087517,0.2054828951087517
0.21147634405354698,0.21147634405354698
0.2174681063157889,0.2174681063157889
0.22345819584041968,0.22345819584041968
0.2294466266267227,0.2294466266267227
0.2354334127284917,0.2354334127284917
0.2414185682542239,0.2414185682542239
0.2474021073672933,0.2474021073672933
0.25338404428614275,0.25338404428614275
0.2593643932844614,0.2593643932844614
0.26534316869137675,0.26534316869137675
0.27132038489163635,0.27132038489163635
0.27729605632580134,0.27729605632580134
0.2832701974904299,0.2832701974904299
0.2892428229382753,0.2892428229382753
0.29521394727846667,0.29521394727846667
0.3011835851767141,0.3011835851767141
0.3071517513554905,0.3071517513554905
0.31311846059423715,0.31311846059423715
0.31908372772954896,0.31908372772954896
0.3250475676553836,0.3250475676553836
0.3310099953232463,0.3310099953232463
0.3369710257424034,0.3369710257424034
0.3429306739800702,0.3429306739800702
0.3488889551616239,0.3488889551616239
0.3548458844707954,0.3548458844707954
0.36080147714988553,0.36080147714988553
0.3667557484999597,0.3667557484999597
0.37270871388106175,0.37270871388106175
0.3786603887124168,0.3786603887124168
0.38461078847264557,0.38461078847264557
0.39055992869996736,0.39055992869996736
0.3965078249924202,0.3965078249924202
0.40245449300806496,0.40245449300806496
0.40839994846520744,0.40839994846520744
0.41434420714260445,0.41434420714260445
0.4202872848796914,0.4202872848796914
0.4262291975767871,0.4262291975767871
0.4321699611953254,0.4321699611953254
0.4381095917580651,0.4381095917580651
0.4440481053493208,0.4440481053493208
0.4499855181151742,0.4499855181151742
0.455921846263712,0.455921846263712
0.46185710606523883,0.46185710606523883
0.46779131385251477,0.46779131385251477
0.4737244860209717,0.4737244860209717
0.4796566390289569,0.4796566390289569
0.485587789397948,0.485587789397948
0.4915179537128012,0.4915179537128012
0.4974471486219703,0.4974471486219703
0.5033753908377543,0.5033753908377543
0.5093026971365205,0.5093026971365205
0.5152290843589575,0.5152290843589575
0.5211545694102974,0.5211545694102974
0.5270791692605723,0.5270791692605723
0.5330029009448423,0.5330029009448423
0.5389257815634495,0.5389257815634495
0.5448478282822548,0.5448478282822548
0.550769058332892,0.550769058332892
0.5566894890130044,0.5566894890130044
0.562609137686507,0.562609137686507
0.5685280217838242,0.5685280217838242
0.5744461588021524,0.5744461588021524
0.5803635663057054,0.5803635663057054
0.5862802619259765,0.5862802619259765
0.5921962633619857,0.5921962633619857
0.598111588380549,0.598111588380549
0.6040262548165273,0.6040262548165273
0.6099402805730962,0.6099402805730962
0.6158536836219988,0.6158536836219988
0.6217664820038228,0.6217664820038228
0.6276786938282496,0.6276786938282496
0.6335903372743399,0.6335903372743399
0.6395014305907855,0.6395014305907855
0.6454119920961923,0.6454119920961923
0.6513220401793434,0.6513220401793434
0.6572315932994808,0.6572315932994808
0.6631406699865708,0.6631406699865708
0.6690492888415925,0.6690492888415925
0.6749574685368037,0.6749574685368037
0.6808652278160336,0.6808652278160336
0.686772585494951,0.686772585494951
0.6926795604613638,0.6926795604613638
0.6985861716754851,0.6985861716754851
0.7044924381702408,0.7044924381702408
0.7103983790515369,0.7103983790515369
0.7163040134985702,0.7163040134985702
0.722209360764101,0.722209360764101
0.728114440174765,0.728114440174765
0.734019271131351,0.734019271131351
0.7399238731091146,0.7399238731091146
0.7458282656580623,0.7458282656580623
0.7517324684032666,0.7517324684032666
0.7576365010451537,0.7576365010451537
0.7635403833598198,0.7635403833598198
0.7694441351993339,0.7694441351993339
0.7753477764920408,0.7753477764920408
0.7812513272428743,0.7812513272428743
0.7871548075336722,0.7871548075336722
0.7930582375234881,0.7930582375234881
0.7989616374489013,0.7989616374489013
0.8048650276243376,0.8048650276243376
0.8107684284423934,0.8107684284423934
0.816671860374152,0.816671860374152
0.8225753439695048,0.8225753439695048
0.8284788998574764,0.8284788998574764
0.8343825487465588,0.8343825487465588
0.8402863114250353,0.8402863114250353
0.8461902087613059,0.8461902087613059
0.8520942617042273,0.8520942617042273
0.8579984912834483,0.8579984912834483
0.863902918609745,0.863902918609745
0.8698075648753543,0.8698075648753543
0.8757124513543209,0.8757124513543209
0.8816175994028402,0.8816175994028402
0.8875230304596045,0.8875230304596045
0.893428766046142,0.893428766046142
0.8993348277671728,0.8993348277671728
0.905241237310963,0.905241237310963
0.9111480164496728,0.9111480164496728
0.9170551870397103,0.9170551870397103
0.9229627710220991,0.9229627710220991
0.9288707904228239,0.9288707904228239
0.9347792673532095,0.9347792673532095
0.9406882240102675,0.9406882240102675
0.9465976826770797,0.9465976826770797
0.9525076657231515,0.9525076657231515
0.9584181956047984,0.9584181956047984
0.9643292948655036,0.9643292948655036
0.9702409861363077,0.9702409861363077
0.9761532921361745,0.9761532921361745
0.9820662356723834,0.9820662356723834
0.987979839640898,0.987979839640898
0.9938941270267664,0.9938941270267664
0.9998091209044938,0.9998091209044938
1.0057248444384448,1.0057248444384448
1.0116413208832236,1.0116413208832236
1.0175585735840798,1.0175585735840798
1.0234766259772956,1.0234766259772956
1.029395501590594,1.029395501590594
1.0353152240435286,1.0353152240435286
1.041235817047905,1.041235817047905
1.0471573044081675,1.0471573044081675
1.0530797100218279,1.0530797100218279
1.0590030578798582,1.0590030578798582
1.0649273720671248,1.0649273720671248
1.0708526767627866,1.0708526767627866
1.0767789962407293,1.0767789962407293
1.0827063548699776,1.0827063548699776
1.0886347771151264,1.0886347771151264
1.09456428753676,1.09456428753676
1.1004949107918973,1.1004949107918973
1.106426671634403,1.106426671634403
1.1123595949154446,1.1123595949154446
1.118293705583914,1.118293705583914
1.1242290286868784,1.1242290286868784
1.130165589370018,1.130165589370018
1.1361034128780785,1.1361034128780785
1.1420425245553107,1.1420425245553107
1.1479829498459364,1.1479829498459364
1.1539247142945845,1.1539247142945845
1.159867843546771,1.159867843546771
1.165812363349338,1.165812363349338
1.1717582995509335,1.1717582995509335
1.177705678102467,1.177705678102467
1.1836545250575876,1.1836545250575876
1.1896048665731462,1.1896048665731462
1.1955567289096818,1.1955567289096818
1.2015101384318894,1.2015101384318894
1.2074651216091117,1.2074651216091117
1.2134217050158103,1.2134217050158103
1.2193799153320697,1.2193799153320697
1.2253397793440706,1.2253397793440706
1.2313013239445982,1.2313013239445982
1.237264576133528,1.237264576133528
1.2432295630183334,1.2432295630183334
1.2491963118145817,1.2491963118145817
1.2551648498464503,1.2551648498464503
1.2611352045472235,1.2611352045472235
1.2671074034598184,1.2671074034598184
1.273081474237289,1.273081474237289
1.2790574446433578,1.2790574446433578
1.2850353425529242,1.2850353425529242
1.2910151959526077,1.2910151959526077
1.296997032941259,1.296997032941259
1.3029808817305095,1.3029808817305095
1.3089667706452934,1.3089667706452934
1.3149547281244023,1.3149547281244023
1.3209447827210115,1.3209447827210115
1.326936963103244,1.326936963103244
1.3329312980547046,1.3329312980547046
1.3389278164750498,1.3389278164750498
1.344926547380528,1.344926547380528
1.3509275199045594,1.3509275199045594
1.3569307632982814,1.3569307632982814
1.3629363069311367,1.3629363069311367
1.3689441802914237,1.3689441802914237
1.3749544129868956,1.3749544129868956
1.3809670347453187,1.3809670347453187
1.386982075415073,1.386982075415073
1.392999564965725,1.392999564965725
1.399019533488632,1.399019533488632
1.4050420111975237,1.4050420111975237
1.411067028429115,1.411067028429115
1.4170946156436945,1.4170946156436945
1.423124803425745,1.423124803425745
1.4291576224845404,1.4291576224845404
1.4351931036547765,1.4351931036547765
1.4412312778971692,1.4412312778971692
1.447272176299101,1.447272176299101
1.4533158300752258,1.4533158300752258
1.4593622705681186,1.4593622705681186
1.4654115292488947,1.4654115292488947
1.4714636377178658,1.4714636377178658
1.4775186277051635,1.4775186277051635
1.4835765310714093,1.4835765310714093
1.4896373798083544,1.4896373798083544
1.4957012060395347,1.4957012060395347
1.5017680420209358,1.5017680420209358
1.5078379201416636,1.5078379201416636
1.5139108729246076,1.5139108729246076
1.5199869330271156,1.5199869330271156
1.526066133241672,1.526066133241672
1.5321485064965874,1.5321485064965874
1.5382340858566859,1.5382340858566859
1.5443229045239886,1.5443229045239886
1.5504149958384177,1.5504149958384177
1.5565103932785036,1.5565103932785036
1.5626091304620864,1.5626091304620864
1.568711241147025,1.568711241147025
1.5748167592319124,1.5748167592319124
1.5809257187568115,1.5809257187568115
1.587038153903966,1.587038153903966
1.5931540989985367,1.5931540989985367
1.599273588509335,1.599273588509335
1.6053966570495743,1.6053966570495743
1.6115233393776063,1.6115233393776063
1.6176536703976718,1.6176536703976718
1.6237876851606616,1.6237876851606616
1.6299254188648793,1.6299254188648793
1.6360669068568081,1.6360669068568081
1.6422121846318776,1.6422121846318776
1.6483612878352423,1.6483612878352423
1.6545142522625718,1.6545142522625718
1.6606711138608354,1.6606711138608354
1.6668319087290906,1.6668319087290906
1.6729966731192838,1.6729966731192838
1.679165443437066,1.679165443437066
1.6853382562425903,1.6853382562425903
1.6915151482513313,1.6915151482513313
1.6976961563349047,1.6976961563349047
1.7038813175219056,1.7038813175219056
1.7100706689987295,1.7100706689987295
1.716264248110414,1.716264248110414
1.7224620923614813,1.7224620923614813
1.7286642394168,1.7286642394168
1.7348707271024333,1.7348707271024333
1.7410815934064952,1.7410815934064952
1.7472968764800298,1.7472968764800298
1.7535166146378836,1.7535166146378836
1.7597408463595883,1.7597408463595883
1.765969610290236,1.765969610290236
1.7722029452413914,1.7722029452413914
1.7784408901919715,1.7784408901919715
1.7846834842891737,1.7846834842891737
1.7909307668493633,1.7909307668493633
1.7971827773590172,1.7971827773590172
1.8034395554756286,1.8034395554756286
1.8097011410286554,1.8097011410286554
1.815967574020445,1.815967574020445
1.8222388946271943,1.8222388946271943
1.8285151431998834,1.8285151431998834
1.8347963602652568,1.8347963602652568
1.8410825865267668,1.8410825865267668
1.8473738628655665,1.8473738628655665
1.85367023034147,1.85367023034147
1.859971730193961,1.859971730193961
1.8662784038431626,1.8662784038431626
1.872590292890862,1.872590292890862
1.8789074391214975,1.8789074391214975
1.8852298845031927,1.8852298845031927
1.8915576711887643,1.8915576711887643
1.8978908415167632,1.8978908415167632
1.9042294380125036,1.9042294380125036
1.9105735033891198,1.9105735033891198
1.9169230805486035,1.9169230805486035
1.9232782125828831,1.9232782125828831
1.9296389427748712,1.9296389427748712
1.9360053145995633,1.9360053145995633
1.9423773717251005,1.9423773717251005
1.9487551580138807,1.9487551580138807
1.9551387175236397,1.9551387175236397
1.961528094508578,1.961528094508578
1.9679233334204627,1.9679233334204627
1.9743244789097611,1.9743244789097611
1.9807315758267676,1.9807315758267676
1.987144669222751,1.987144669222751
1.9935638043510941,1.9935638043510941
1.999989026668469,1.999989026668469
2.006420381835981,2.006420381835981
2.0128579157203665,2.0128579157203665
2.019301674395163,2.019301674395163
2.025751704141908,2.025751704141908
2.032208051451336,2.032208051451336
2.0386707630246015,2.0386707630246015
2.045139885774478,2.045139885774478
2.0516154668266133,2.0516154668266133
2.0580975535207426,2.0580975535207426
2.06458619341196,2.06458619341196
2.071081434271951,2.071081434271951
2.077583324090285,2.077583324090285
2.0840919110756677,2.0840919110756677
2.0906072436572454,2.0906072436572454
2.0971293704858898,2.0971293704858898
2.103658340435508,2.103658340435508
2.1101942026043554,2.1101942026043554
2.1167370063163697,2.1167370063163697
2.123286801122485,2.123286801122485
2.1298436368020086,2.1298436368020086
2.136407563363946,2.136407563363946
2.142978631048394,2.142978631048394
2.1495568903278963,2.1495568903278963
2.156142391908848,2.156142391908848
2.1627351867328732,2.1627351867328732
2.169335325978262,2.169335325978262
2.17594286106137,2.17594286106137
2.1825578436380484,2.1825578436380484
2.189180325605093,2.189180325605093
2.195810359101703,2.195810359101703
2.2024479965109336,2.2024479965109336
2.209093290461177,2.209093290461177
2.215746293827645,2.215746293827645
2.222407059733877,2.222407059733877
2.2290756415532513,2.2290756415532513
2.235752092910488,2.235752092910488
2.2424364676832034,2.2424364676832034
2.2491288200034534,2.2491288200034534
2.255829204259289,2.255829204259289
2.2625376750963193,2.2625376750963193
2.2692542874193062,2.2692542874193062
2.2759790963937583,2.2759790963937583
2.2827121574475386,2.2827121574475386
2.289453526272479,2.289453526272479
2.2962032588260164,2.2962032588260164
2.302961411332852,2.302961411332852
2.3097280402866005,2.3097280402866005
2.3165032024514574,2.3165032024514574
2.3232869548638964,2.3232869548638964
2.3300793548343686,2.3300793548343686
2.3368804599490156,2.3368804599490156
2.34369032807139,2.34369032807139
2.3505090173442005,2.3505090173442005
2.3573365861910767,2.3573365861910767
2.364173093318331,2.364173093318331
2.371018597716734,2.371018597716734
2.377873158663323,2.377873158663323
2.384736835723221,2.384736835723221
2.3916096887514566,2.3916096887514566
2.3984917778947947,2.3984917778947947
2.4053831635936125,2.4053831635936125
2.4122839065837707,2.4122839065837707
2.41919406789849,2.41919406789849
2.4261137088702633,2.4261137088702633
2.4330428911327644,2.4330428911327644
2.4399816766228013,2.4399816766228013
2.4469301275822555,2.4469301275822555
2.453888306560041,2.453888306560041
2.4608562764140967,2.4608562764140967
2.467834100313391,2.467834100313391
2.47482184173993,2.47482184173993
2.481819564490785,2.481819564490785
2.488827332680151,2.488827332680151
2.495845210741413,2.495845210741413
2.5028732634292314,2.5028732634292314
2.509911555821629,2.509911555821629
2.5169601533221218,2.5169601533221218
2.524019121661861,2.524019121661861
2.5310885269017773,2.5310885269017773
2.5381684354347502,2.5381684354347502
2.5452589139878072,2.5452589139878072
2.552360029624337,2.552360029624337
2.5594718497463034,2.5594718497463034
2.566594442096505,2.566594442096505
2.573727874760826,2.573727874760826
2.580872216170543,2.580872216170543
2.588027535104617,2.588027535104617
2.5951939006920064,2.5951939006920064
2.602371382414035,2.602371382414035
2.609560050106734,2.609560050106734
2.6167599739632474,2.6167599739632474
2.623971224536211,2.623971224536211
2.6311938727402056,2.6311938727402056
2.6384279898541787,2.6384279898541787
2.645673647523934,2.645673647523934
2.6529309177645946,2.6529309177645946
2.6601998729631435,2.6601998729631435
2.667480585880924,2.667480585880924
2.6747731296562254,2.6747731296562254
2.6820775778068264,2.6820775778068264
2.6893940042326245,2.6893940042326245
2.696722483218231,2.696722483218231
2.704063089435639,2.704063089435639
2.711415897946869,2.711415897946869
2.718780984206677,2.718780984206677
2.7261584240652534,2.7261584240652534
2.733548293770982,2.733548293770982
2.740950669973174,2.740950669973174
2.748365629724889,2.748365629724889
2.755793250485712,2.755793250485712
2.7632336101246207,2.7632336101246207
2.770686786922818,2.770686786922818
2.778152859576652,2.778152859576652
2.785631907200493,2.785631907200493
2.7931240093297083,2.7931240093297083
2.8006292459235933,2.8006292459235933
2.808147697368395,2.808147697368395
2.815679444480302,2.815679444480302
2.823224568508517,2.823224568508517
2.8307831511383057,2.8307831511383057
2.8383552744941225,2.8383552744941225
2.845941021142709,2.845941021142709
2.853540474096289,2.853540474096289
2.861153716815719,2.861153716815719
2.868780833213735,2.868780833213735
2.8764219076581616,2.8764219076581616
2.884077024975224,2.884077024975224
2.8917462704528245,2.8917462704528245
2.8994297298438925,2.8994297298438925
2.907127489369738,2.907127489369738
2.914839635723459,2.914839635723459
2.922566256073354,2.922566256073354
2.930307438066402,2.930307438066402
2.9380632698317277,2.9380632698317277
2.9458338399841546,2.9458338399841546
2.9536192376277275,2.9536192376277275
2.961419552359335,2.961419552359335
2.9692348742722996,2.9692348742722996
2.9770652939600697,2.9770652939600697
2.984910902519872,2.984910902519872
2.992771791556469,2.992771791556469
3.000648053185897,3.000648053185897
3.0085397800392792,3.0085397800392792
3.0164470652666378,3.0164470652666378
3.024370002540787,3.024370002540787
3.0323086860612025,3.0323086860612025
3.0402632105580025,3.0402632105580025
3.048233671295891,3.048233671295891
3.056220164078201,3.056220164078201
3.064222785250928,3.064222785250928
3.0722416317068397,3.0722416317068397
3.080276800889603,3.080276800889603
3.0883283907979537,3.0883283907979537
3.096396499989908,3.096396499989908
3.1044812275870264,3.1044812275870264
3.112582673278698,3.112582673278698
3.120700937326474,3.120700937326474
3.1288361205684483,3.1288361205684483
3.1369883244236902,3.1369883244236902
3.1451576508966927,3.1451576508966927
3.153344202581874,3.153344202581874
3.1615480826681437,3.1615480826681437
3.169769394943492,3.169769394943492
3.178008243799634,3.178008243799634
3.1862647342366825,3.1862647342366825
3.1945389718678867,3.1945389718678867
3.2028310629244188,3.2028310629244188
3.211141114260201,3.211141114260201
3.219469233356754,3.219469233356754
3.2278155283281404,3.2278155283281404
3.2361801079259465,3.2361801079259465
3.244563081544275,3.244563081544275
3.2529645592248304,3.2529645592248304
3.2613846516620373,3.2613846516620373
3.26982347020822,3.26982347020822
3.2782811268788192,3.2782811268788192
3.2867577343576695,3.2867577343576695
3.2952534060023275,3.2952534060023275
3.303768255849467,3.303768255849467
3.3123023986203144,3.3123023986203144
3.3208559497261283,3.3208559497261283
3.3294290252737624,3.3294290252737624
3.3380217420712754,3.3380217420712754
3.34663421763359,3.34663421763359
3.355266570188209,3.355266570188209
3.3639189186809935,3.3639189186809935
3.3725913827820193,3.3725913827820193
3.3812840828914656,3.3812840828914656
3.3899971401455775,3.3899971401455775
3.39873067642267,3.39873067642267
3.407484814349254,3.407484814349254
3.416259677306152,3.416259677306152
3.4250553894347093,3.4250553894347093
3.433872075643087,3.433872075643087
3.442709861612593,3.442709861612593
3.451568873804103,3.451568873804103
3.4604492394645163,3.4604492394645163
3.4693510866333113,3.4693510866333113
3.4782745441491665,3.4782745441491665
3.4872197416566344,3.4872197416566344
3.4961868096128836,3.4961868096128836
3.505175879294547,3.505175879294547
3.5141870828046025,3.5141870828046025
3.52322055307936,3.52322055307936
3.5322764238954827,3.5322764238954827
3.5413548298771302,3.5413548298771302
3.5504559065031476,3.5504559065031476
3.5595797901143444,3.5595797901143444
3.56872661792084,3.56872661792084
3.577896528009492,3.577896528009492
3.5870896593514328,3.5870896593514328
3.596306151809643,3.596306151809643
3.605546146146627,3.605546146146627
3.614809784032184,3.614809784032184
3.6240972080512495,3.6240972080512495
3.633408561711829,3.633408561711829
3.6427439894530087,3.6427439894530087
3.652103636653062,3.652103636653062
3.6614876496376496,3.6614876496376496
3.6708961756881178,3.6708961756881178
3.6803293630498426,3.6803293630498426
3.689787360940718,3.689787360940718
3.6992703195597416,3.6992703195597416
3.708778390095639,3.708778390095639
3.718311724735635,3.718311724735635
3.7278704766743083,3.7278704766743083
3.737454800122549,3.737454800122549
3.7470648503166104,3.7470648503166104
3.756700783527257,3.756700783527257
3.7663627570690252,3.7663627570690252
3.776050929309607,3.776050929309607
3.7857654596793022,3.7857654596793022
3.7955065086805932,3.7955065086805932
3.805274237897841,3.805274237897841
3.8150688100070904,3.8150688100070904
3.8248903887859664,3.8248903887859664
3.8347391391237076,3.8347391391237076
3.844615227031285,3.844615227031285
3.8545188196516973,3.8545188196516973
3.864450085270312,3.864450085270312
3.8744091933253677,3.8744091933253677
3.8843963144185905,3.8843963144185905
3.8944116203259513,3.8944116203259513
3.9044552840085043,3.9044552840085043
3.9145274796234024,3.9145274796234024
3.924628382535,3.924628382535
3.9347581693261087,3.9347581693261087
3.9449170178093977,3.9449170178093977
3.9551051070389027,3.9551051070389027
3.9653226173216707,3.9653226173216707
3.975569730229558,3.975569730229558
3.9858466286111858,3.9858466286111858
3.9961534966039904,3.9961534966039904
4.006490519646446,4.006490519646446
4.016857884490438,4.016857884490438
4.027255779213786,4.027255779213786
4.0376843932328965,4.0376843932328965
4.048143917315585,4.048143917315585
4.058634543594041,4.058634543594041
4.069156465577983,4.069156465577983
4.079709878167932,4.079709878167932
4.090294977668661,4.090294977668661
4.100911961802809,4.100911961802809
4.1115610297246885,4.1115610297246885
4.122242382034224,4.122242382034224
4.132956220791056,4.132956220791056
4.14370274952887,4.14370274952887
4.154482173269867,4.154482173269867
4.165294698539404,4.165294698539404
4.176140533380848,4.176140533380848
4.187019887370575,4.187019887370575
4.1979329716332145,4.1979329716332145
4.208879998857027,4.208879998857027
4.219861183309494,4.219861183309494
4.230876740853118,4.230876740853118
4.241926888961419,4.241926888961419
4.2530118467351175,4.2530118467351175
4.264131834918531,4.264131834918531
4.275287075916173,4.275287075916173
4.286477793809594,4.286477793809594
4.297704214374405,4.297704214374405
4.308966565097513,4.308966565097513
4.320265075194597,4.320265075194597
4.331599975627846,4.331599975627846
4.34297149912384,4.34297149912384
4.3543798801917175,4.3543798801917175
4.3658253551415855,4.3658253551415855
4.377308162103152,4.377308162103152
4.388828541044605,4.388828541044605
4.40038673379172,4.40038673379172
4.411982984047248,4.411982984047248
4.423617537410567,4.423617537410567
4.4352906413975495,4.4352906413975495
4.447002545460715,4.447002545460715
4.458753501009657,4.458753501009657
4.470543761431749,4.470543761431749
4.482373582113107,4.482373582113107
4.494243220459823,4.494243220459823
4.5061529359195145,4.5061529359195145
4.518102990003161,4.518102990003161
4.530093646307204,4.530093646307204
4.542125170535974,4.542125170535974
4.554197830524397,4.554197830524397
4.566311896261068,4.566311896261068
4.578467639911556,4.578467639911556
4.590665335842078,4.590665335842078
4.602905260643496,4.602905260643496
4.615187693155641,4.615187693155641
4.627512914491963,4.627512914491963
4.639881208064521,4.639881208064521
4.65229285960932,4.65229285960932
4.664748157212037,4.664748157212037
4.6772473913340535,4.6772473913340535
4.689790854838862,4.689790854838862
4.702378843018871,4.702378843018871
4.715011653622575,4.715011653622575
4.727689586882104,4.727689586882104
4.7404129455411335,4.7404129455411335
4.753182034883254,4.753182034883254
4.765997162760698,4.765997162760698
4.778858639623491,4.778858639623491
4.791766778549007,4.791766778549007
4.804721895271958,4.804721895271958
4.817724308214845,4.817724308214845
4.830774338518793,4.830774338518793
4.843872310074853,4.843872310074853
4.857018549555783,4.857018549555783
4.870213386448278,4.870213386448278
4.883457153085654,4.883457153085654
4.8967501846810215,4.8967501846810215
4.910092819360956,4.910092819360956
4.923485398199658,4.923485398199658
4.936928265253635,4.936928265253635
4.950421767596838,4.950421767596838
4.963966255356395,4.963966255356395
4.97756208174885,4.97756208174885
4.991209603116934,4.991209603116934
5.00490917896688,5.00490917896688
5.0186611720063246,5.0186611720063246
5.032465948182789,5.032465948182789
5.046323876722714,5.046323876722714
5.060235330171084,5.060235330171084
5.074200684431685,5.074200684431685
5.088220318807981,5.088220318807981
5.102294616044584,5.102294616044584
5.116423962369367,5.116423962369367
5.130608747536262,5.130608747536262
5.144849364868699,5.144849364868699
5.159146211303704,5.159146211303704
5.173499687436702,5.173499687436702
5.1879101975670165,5.1879101975670165
5.202378149744098,5.202378149744098
5.216903955814455,5.216903955814455
5.23148803146933,5.23148803146933
5.246130796293129,5.246130796293129
5.260832673812671,5.260832673812671
5.275594091547127,5.275594091547127
5.290415481058833,5.290415481058833
5.305297278004884,5.305297278004884
5.320239922189595,5.320239922189595
5.3352438576177486,5.3352438576177486
5.350309532548757,5.350309532548757
5.365437399551671,5.365437399551671
5.380627915561126,5.380627915561126
5.395881541934167,5.395881541934167
5.411198744507996,5.411198744507996
5.426579993658717,5.426579993658717
5.4420257643610235,5.4420257643610235
5.457536536248862,5.457536536248862
5.473112793677152,5.473112793677152
5.488755025784465,5.488755025784465
5.504463726556809,5.504463726556809
5.52023939489249,5.52023939489249
5.536082534668035,5.536082534668035
5.551993654805208,5.551993654805208
5.567973269339241,5.567973269339241
5.584021897488168,5.584021897488168
5.600140063723374,5.600140063723374
5.616328297841294,5.616328297841294
5.632587135036448,5.632587135036448
5.648917115975655,5.648917115975655
5.665318786873571,5.665318786873571
5.681792699569516,5.681792699569516
5.698339411605664,5.698339411605664
5.7149594863066175,5.7149594863066175
5.731653492860333,5.731653492860333
5.748422006400503,5.748422006400503
5.7652656080904086,5.7652656080904086
5.782184885208245,5.782184885208245
5.7991804312339825,5.7991804312339825
5.816252845937744,5.816252845937744
5.833402735469823,5.833402735469823
5.850630712452308,5.850630712452308
5.867937396072351,5.867937396072351
5.885323412177119,5.885323412177119
5.90278939337051,5.90278939337051
5.920335979111652,5.920335979111652
5.937963815815149,5.937963815815149
5.955673556953208,5.955673556953208
5.973465863159675,5.973465863159675
5.991341402335998,5.991341402335998
6.00930084975913,6.00930084975913
6.027344888191482,6.027344888191482
6.045474207992942,6.045474207992942
6.063689507235001,6.063689507235001
6.081991491817049,6.081991491817049
6.1003808755848405,6.1003808755848405
6.118858380451274,6.118858380451274
6.137424736519468,6.137424736519468
6.156080682208191,6.156080682208191
6.174826964379705,6.174826964379705
6.193664338470106,6.193664338470106
6.21259356862222,6.21259356862222
6.231615427821038,6.231615427821038
6.250730698031846,6.250730698031846
6.269940170341062,6.269940170341062
6.2892446450998865,6.2892446450998865
6.3086449320707505,6.3086449320707505
6.328141850576707,6.328141850576707
6.34773622965383,6.34773622965383
6.367428908206654,6.367428908206654
6.387220735166755,6.387220735166755
6.407112569654521,6.407112569654521
6.427105281144243,6.427105281144243
6.447199749632583,6.447199749632583
6.46739686581047,6.46739686581047
6.487697531238512,6.487697531238512
6.508102658526102,6.508102658526102
6.528613171514206,6.528613171514206
6.549230005461956,6.549230005461956
6.569954107237144,6.569954107237144
6.590786435510747,6.590786435510747
6.611727960955557,6.611727960955557
6.632779666449006,6.632779666449006
6.653942547280305,6.653942547280305
6.675217611362039,6.675217611362039
6.696605879446311,6.696605879446311
6.718108385345525,6.718108385345525
6.739726176157934,6.739726176157934
7.918580029590027,7.918580029590027
7.923478490422756,7.923478490422756
7.928397314523124,7.928397314523124
7.933339877083693,7.933339877083693
7.938309421051191,7.938309421051191
7.943309072780883,7.943309072780883
7.948341855520159,7.948341855520159
7.953410701102014,7.953410701102014
7.95851846015106,7.95851846015106
7.96366791104432,7.96366791104432
7.968861767822999,7.968861767822999
7.974102687214893,7.974102687214893
7.979393274899,7.979393274899
7.984736091120574,7.984736091120574
7.990133655747128,7.990133655747128
7.995588452841054,7.995588452841054
8.001102934812423,8.001102934812423
8.006679526206227,8.006679526206227
8.012320627169647,8.012320627169647
8.018028616638802,8.018028616638802
8.023805855278706,8.023805855278706
8.029654688205532,8.029654688205532
8.035577447516312,8.035577447516312
8.041576454648196,8.041576454648196
8.04765402258624,8.04765402258624
8.053812457936715,8.053812457936715
8.060054062880564,8.060054062880564
8.066381137020063,8.066381137020063
8.072795979130394,8.072795979130394
8.07930088882631,8.07930088882631
8.085898168152893,8.085898168152893
8.092590123108952,8.092590123108952
8.099379065110112,8.099379065110112
8.10626731239846,8.10626731239846
8.11325719140449,8.11325719140449
8.120351038067005,8.120351038067005
8.127551199115825,8.127551199115825
8.134860033321756,8.134860033321756
8.142279912718113,8.142279912718113
8.149813223797274,8.149813223797274
8.157462368686202,8.157462368686202
8.165229766303813,8.165229766303813
8.173117853503332,8.173117853503332
8.181129086202446,8.181129086202446
8.189265940503839,8.189265940503839
8.197530913808707,8.197530913808707
8.205926525925316,8.205926525925316
8.214455320175075,8.214455320175075
8.223119864498065,8.223119864498065
8.231922752560122,8.231922752560122
8.240866604863307,8.240866604863307
8.249954069861598,8.249954069861598
8.259187825083835,8.259187825083835
8.268570578265257,8.268570578265257
8.27810506848969,8.27810506848969
8.287794067343915,8.287794067343915
8.297640380085705,8.297640380085705
8.307646846827442,8.307646846827442
8.317816343736702,8.317816343736702
8.328151784255446,8.328151784255446
8.338656120339422,8.338656120339422
8.349332343719402,8.349332343719402
8.360183487185852,8.360183487185852
8.371212625898544,8.371212625898544
8.382422878722915,8.382422878722915
8.393817409594655,8.393817409594655
8.405399428914455,8.405399428914455
8.41717219497432,8.41717219497432
8.429139015417364,8.429139015417364
8.441303248733027,8.441303248733027
8.45366830578927,8.45366830578927
8.466237651403839,8.466237651403839
8.479014805956435,8.479014805956435
8.492003347043887,8.492003347043887
8.50520691118045,8.50520691118045
8.51862919554515,8.51862919554515
8.532273959778609,8.532273959778609
8.546145027831574,8.546145027831574
8.560246289867672,8.560246289867672
8.574581704222553,8.574581704222553
8.58915529942233,8.58915529942233
8.603971176263947,8.603971176263947
8.619033509960117,8.619033509960117
8.634346552351897,8.634346552351897
8.649914634191921,8.649914634191921
8.665742167501483,8.665742167501483
8.681833648004773,8.681833648004773
8.698193657643783,8.698193657643783
8.714826867177493,8.714826867177493
8.731738038869175,8.731738038869175
8.748932029265902,8.748932029265902
8.7664137920743,8.7664137920743
8.784188381136996,8.784188381136996
8.802260953514491,8.802260953514491
8.820636772677256,8.820636772677256
8.839321211813001,8.839321211813001
8.858319757254725,8.858319757254725
8.877638012034975,8.877638012034975
8.897281699572476,8.897281699572476
8.917256667497155,8.917256667497155
8.937568891620188,8.937568891620188
8.95822448005621,8.95822448005621
8.979229677504753,8.979229677504753
9.000590869698826,9.000590869698826
9.022314588028554,9.022314588028554
9.044407514348782,9.044407514348782
9.066876485979547,9.066876485979547
9.089728500909034,9.089728500909034
9.112970723209234,9.112970723209234
9.136610488675043,9.136610488675043
9.16065531069827,9.16065531069827
9.185112886388453,9.185112886388453
9.209991102953365,9.209991102953365
9.235298044352831,9.235298044352831
9.261041998240117,9.261041998240117
9.287231463206254,9.287231463206254
9.313875156343364,9.313875156343364
9.340982021144397,9.340982021144397
9.368561235757507,9.368561235757507
9.396622221614512,9.396622221614512
9.42517465245418,9.42517465245418
9.454228463762503,9.454228463762503
9.483793862653433,9.483793862653433
9.513881338215167,9.513881338215167
9.544501672348641,9.544501672348641
9.575665951127117,9.575665951127117
9.607385576707083,9.607385576707083
9.639672279823134,9.639672279823134
9.672538132901877,9.672538132901877
9.705995563832069,9.705995563832069
9.74005737043114,9.74005737043114
9.774736735650757,9.774736735650757
9.810047243567503,9.810047243567503
9.846002896208146,9.846002896208146
9.882618131262326,9.882618131262326
9.919907840739715,9.919907840739715
9.95788739063272,9.95788739063272
9.996572641651142,9.996572641651142
10.035979971099362,10.035979971099362
10.076126295972992,10.076126295972992
10.117029097357428,10.117029097357428
10.158706446217835,10.158706446217835
10.201177030676973,10.201177030676973
10.244460184885241,10.244460184885241
10.288575919595957,10.288575919595957
10.333544954568662,10.333544954568662
10.379388752933192,10.379388752933192
10.426129557658896,10.426129557658896
10.473790430285995,10.473790430285995
10.522395292089753,10.522395292089753
10.57196896786364,10.57196896786364
10.622537232523959,10.622537232523959
10.67412686075737,10.67412686075737
10.72676567995349,10.72676567995349
10.780482626686759,10.780482626686759
10.835307807037616,10.835307807037616
10.89127256107065,10.89127256107065
10.948409531819005,10.948409531819005
11.006752739158317,11.006752739158317
11.066337658992587,11.066337658992587
11.127201308217439,11.127201308217439
11.18938233597465,11.18938233597465
11.252921121765786,11.252921121765786
11.31785988105348,11.31785988105348
11.384242779047277,11.384242779047277
11.452116053448098,11.452116053448098
11.521528147011699,11.521528147011699
11.592529850889639,11.592529850889639
11.665174459817592,11.665174459817592
11.739517940346374,11.739517940346374
11.815619113454979,11.815619113454979
11.893539853047054,11.893539853047054
11.97334530201932,11.97334530201932
12.055104107803835,12.055104107803835
12.138888679529785,12.138888679529785
12.224775469232135,12.224775469232135
12.312845279858578,12.312845279858578
12.403183603200787,12.403183603200787
12.495880991309797,12.495880991309797
12.59103346545922,12.59103346545922
12.688742967308638,12.688742967308638
12.789117857604834,12.789117857604834
12.89227346856473,12.89227346856473
12.998332717030266,12.998332717030266
13.10742678660284,13.10742678660284
13.21969588828877,13.21969588828877
13.335290110760443,13.335290110760443
13.45437037321485,13.45437037321485
13.577109496059526,13.577109496059526
13.703693407362627,13.703693407362627
13.83432250627224,13.83432250627224
13.96921320857852,13.96921320857852
14.108599704433493,14.108599704433493
14.252735964178042,14.252735964178042
14.401898035541446,14.401898035541446
14.556386684546515,14.556386684546515
14.716530443761338,14.716530443761338
14.882689145728126,14.882689145728126
15.055258037325572,15.055258037325572
15.234672593624964,15.234672593624964
15.421414179032958,15.421414179032958
15.6160167412854,15.6160167412854
15.819074773081843,15.819074773081843
16.031252840889827,16.031252840889827
16.253297066430733,16.253297066430733
16.486049061765065,16.486049061765065
16.730462975557735,16.730462975557735
16.987626523398635,16.987626523398635
17.2587871748846,17.2587871748846
17.545385093818375,17.545385093818375
17.84909503602123,17.84909503602123
18.17188029750679,18.17188029750679
18.516063128202028,18.516063128202028
18.88441803743029,18.88441803743029
19.280297548637908,19.280297548637908
19.707804967310647,19.707804967310647
20.17203697408956,20.17203697408956
20.679432915704936,20.679432915704936
21.238292597001227,21.238292597001227
21.85957065354632,21.85957065354632
22.558146258870742,22.558146258870742
23.354956529054842,23.354956529054842
24.28081143572023,24.28081143572023
25.383783880448544,25.383783880448544
26.74514476003788,26.74514476003788
28.519378975975677,28.519378975975677
31.061785779555024,31.061785779555024
35.57144174076829,35.57144174076829
