-7.001868204392714,-7.001868204392714
-7.03540660036505,-7.03540660036505
-7.025888195947159,-7.025888195947159
-7.000261946093022,-7.000261946093022
-6.964523486190176,-6.964523486190176
-6.921527908496164,-6.921527908496164
-6.8729582248490075,-6.8729582248490075
-6.819926574696071,-6.819926574696071
-6.763223065266392,-6.763223065266392
-6.703437994093675,-6.703437994093675
-6.64102904679665,-6.64102904679665
-6.5763613492437365,-6.5763613492437365
-6.5097328412130295,-6.5097328412130295
-6.4413911385078455,-6.4413911385078455
-6.3715451795084705,-6.3715451795084705
-6.300373529430834,-6.300373529430834
-6.228030461726398,-6.228030461726398
-6.154650514107538,-6.154650514107538
-6.080351969419088,-6.080351969419088
-6.005239560923656,-6.005239560923656
-5.929406606647609,-5.929406606647609
-5.852936715856783,-5.852936715856783
-5.77590516974531,-5.77590516974531
-5.698380050513623,-5.698380050513623
-5.620423173619997,-5.620423173619997
-5.542090864267244,-5.542090864267244
-5.463434609313943,-5.463434609313943
-5.384501608590464,-5.384501608590464
-5.305335244263025,-5.305335244263025
-5.225975482888563,-5.225975482888563
-5.146459221769668,-5.146459221769668
-5.066820588894169,-5.066820588894169
-4.987091203944714,-4.987091203944714
-4.907300406458688,-4.907300406458688
-4.827475456111923,-4.827475456111923
-4.747641709221044,-4.747641709221044
-4.667822774856451,-4.667822774856451
-4.588040653391911,-4.588040653391911
-4.508315859857862,-4.508315859857862
-4.428667534091197,-4.428667534091197
-4.349113539367253,-4.349113539367253
-4.269670550946365,-4.269670550946365
-4.190354135757304,-4.190354135757304
-4.11117882426487,-4.11117882426487
-4.032158175422316,-4.032158175422316
-3.953304835486096,-3.953304835486096
-3.8746305913662913,-3.8746305913662913
-3.7961464190978416,-3.7961464190978416
-3.7178625279425725,-3.7178625279425725
-3.639788400567824,-3.639788400567824
-3.5619328296924464,-3.5619328296924464
-3.4843039515435943,-3.4843039515435943
-3.40690927642685,-3.40690927642685
-3.3297557166768463,-3.3297557166768463
-3.2528496122248294,-3.2528496122248294
-3.176196753992571,-3.176196753992571
-3.0998024052994113,-3.0998024052994113
-3.0236713214474373,-3.0236713214474373
-2.947807767633038,-2.947807767633038
-2.87221553531647,-2.87221553531647
-2.796897957167285,-2.796897957167285
-2.721857920691027,-2.721857920691027
-2.647097880631557,-2.647097880631557
-2.572619870233561,-2.572619870233561
-2.498425511441027,-2.498425511441027
-2.424516024099588,-2.424516024099588
-2.3508922342236547,-2.3508922342236547
-2.2775545813828053,-2.2775545813828053
-2.2045031252562763,-2.2045031252562763
-2.131737551399129,-2.131737551399129
-2.059257176258961,-2.059257176258961
-1.987060951477763,-1.987060951477763
-1.9151474675095261,-1.9151474675095261
-1.8435149565806221,-1.8435149565806221
-1.7721612950166377,-1.7721612950166377
-1.7010840049562184,-1.7010840049562184
-1.6302802554696425,-1.6302802554696425
-1.559746863097114,-1.559746863097114
-1.4894802918192556,-1.4894802918192556
-1.419476652469872,-1.419476652469872
-1.3497317015987986,-1.3497317015987986
-1.2802408397904514,-1.2802408397904514
-1.2109991094416188,-1.2109991094416188
-1.1420011919999964,-1.1420011919999964
-1.073241404662993,-1.073241404662993
-1.0047136965344035,-1.0047136965344035
-0.9364116442345999,-0.9364116442345999
-0.8683284469580359,-0.8683284469580359
-0.8004569209698826,-0.8004569209698826
-0.7327894935317757,-0.7327894935317757
-0.6653181962446099,-0.6653181962446099
-0.5980346577944333,-0.5980346577944333
-0.5309300960853532,-0.5309300960853532
-0.46399530974136194,-0.46399530974136194
-0.3972206689567302,-0.3972206689567302
-0.3305961056724251,-0.3305961056724251
-0.2641111030535744,-0.2641111030535744
-0.197754684240578,-0.197754684240578
-0.1315154003437925,-0.1315154003437925
-0.06538131764898455,-0.06538131764898455
0.0006599960022004055,0.0006599960022004055
0.06662148569563309,0.06662148569563309
0.13251662483415866,0.13251662483415866
0.19835943147888296,0.19835943147888296
0.26416448569185963,0.26416448569185963
0.3299469479338522,0.3299469479338522
0.39572257857524384,0.39572257857524384
0.46150775858291426,0.46150775858291426
0.5273195114510295,0.5273195114510295
0.5931755264492374,0.5931755264492374
0.6590941832677537,0.6590941832677537
0.7250945781453384,0.7250945781453384
0.791196551573237,0.791196551573237
0.8574207176758515,0.8574207176758515
0.923788495377274,0.923788495377274
0.9903221414719788,0.9903221414719788
1.0570447857278846,1.0570447857278846
1.1239804681610306,1.1239804681610306
1.1911541786328728,1.1911541786328728
1.2585918989344969,1.2585918989344969
1.3263206475362492,1.3263206475362492
1.3943685271971922,1.3943685271971922
1.4627647756461022,1.4627647756461022
1.531539819564918,1.531539819564918
1.6007253321266337,1.6007253321266337
1.6703542943630127,1.6703542943630127
1.7404610606632713,1.7404610606632713
1.811081428733511,1.811081428733511
1.8822527143783874,1.8822527143783874
1.9540138315017401,1.9540138315017401
2.026405377762146,2.026405377762146
2.0994697263629853,2.0994697263629853
2.1732511245054282,2.1732511245054282
2.247795799087164,2.247795799087164
2.323152070290719,2.323152070290719
2.399370473773606,2.399370473773606
2.4765038922493257,2.4765038922493257
2.554607697334689,2.554607697334689
2.6337399026363935,2.6337399026363935
2.713961329159661,2.713961329159661
2.795335784246498,2.795335784246498
2.8779302553918935,2.8779302553918935
2.9618151204469934,2.9618151204469934
3.047064375900404,3.047064375900404
3.1337558851372895,3.1337558851372895
3.221971648813786,3.221971648813786
3.3117980997571936,3.3117980997571936
3.403326425115742,3.403326425115742
3.496652918842773,3.496652918842773
3.5918793680168446,3.5918793680168446
3.689113476981764,3.689113476981764
3.788469333850697,3.788469333850697
3.8900679245704817,3.8900679245704817
3.9940377005037497,3.9940377005037497
4.100515206378358,4.100515206378358
4.209645776501573,4.209645776501573
4.321584308372274,4.321584308372274
4.436496124286421,4.436496124286421
4.5545579332673265,4.5545579332673265
4.675958907722021,4.675958907722021
4.800901891702009,4.800901891702009
4.92960476062404,4.92960476062404
5.062301955899733,5.062301955899733
5.199246222281266,5.199246222281266
5.340710581039734,5.340710581039734
5.486990578596505,5.486990578596505
5.638406858233933,5.638406858233933
5.795308112426055,5.795308112426055
5.958074485676779,5.958074485676779
6.127121513229272,6.127121513229272
6.302904700535139,6.302904700535139
6.48592487318142,6.48592487318142
6.676734458731461,6.676734458731461
6.875944902916275,6.875944902916275
7.0842354759428385,7.0842354759428385
7.302363794721212,7.302363794721212
7.531178479684842,7.531178479684842
7.771634489329779,7.771634489329779
8.024811844256186,8.024811844256186
8.291938683861488,8.291938683861488
8.57441992044251,8.57441992044251
8.873873208978328,8.873873208978328
9.192174600496951,9.192174600496951
9.531517193631965,9.531517193631965
9.894487504996508,9.894487504996508
10.284166411491569,10.284166411491569
10.704264828502101,10.704264828502101
11.1593095647901,11.1593095647901
11.65490345802021,11.65490345802021
12.19809860526009,12.19809860526009
12.797947470176812,12.797947470176812
13.466344604615408,13.466344604615408
14.219365132328438,14.219365132328438
15.07950009813339,15.07950009813339
16.079624315414897,16.079624315414897
17.270611654494832,17.270611654494832
18.73755499957916,18.73755499957916
20.639789104408766,20.639789104408766
23.334941031076212,23.334941031076212
27.967127385009203,27.967127385009203
