-5.68667379693982,-5.68667379693982
-5.676071033477519,-5.676071033477519
-5.66424905065081,-5.66424905065081
-5.651258099251035,-5.651258099251035
-5.63714666899891,-5.63714666899891
-5.621961543371853,-5.621961543371853
-5.605747852971139,-5.605747852971139
-5.588549127460553,-5.588549127460553
-5.570407346107672,-5.570407346107672
-5.551362986958404,-5.551362986958404
-5.53145507467493,-5.53145507467493
-5.510721227066625,-5.510721227066625
-5.4891977003430705,-5.4891977003430705
-5.466919433117791,-5.466919433117791
-5.4439200891908115,-5.4439200891908115
-5.420232099137685,-5.420232099137685
-5.395886700732162,-5.395886700732162
-5.370913978229151,-5.370913978229151
-5.345342900534236,-5.345342900534236
-5.319201358285492,-5.319201358285492
-5.292516199872863,-5.292516199872863
-5.265313266420032,-5.265313266420032
-5.23761742575311,-5.23761742575311
-5.209452605380161,-5.209452605380161
-5.180841824505077,-5.180841824505077
-5.151807225098911,-5.151807225098911
-5.122370102051339,-5.122370102051339
-5.092550932424533,-5.092550932424533
-5.062369403831255,-5.062369403831255
-5.031844441958677,-5.031844441958677
-5.000994237258878,-5.000994237258878
-4.969836270826749,-4.969836270826749
-4.938387339485479,-4.938387339485479
-4.906663580099532,-4.906663580099532
-4.874680493134571,-4.874680493134571
-4.842452965483436,-4.842452965483436
-4.809995292576896,-4.809995292576896
-4.7773211997975595,-4.7773211997975595
-4.744443863214918,-4.744443863214918
-4.711375929659169,-4.711375929659169
-4.67812953615113,-4.67812953615113
-4.64471632870515,-4.64471632870515
-4.611147480521642,-4.611147480521642
-4.577433709585486,-4.577433709585486
-4.543585295686235,-4.543585295686235
-4.509612096875709,-4.509612096875709
-4.475523565378266,-4.475523565378266
-4.441328762968693,-4.441328762968693
-4.40703637583235,-4.40703637583235
-4.372654728921914,-4.372654728921914
-4.3381917998247195,-4.3381917998247195
-4.303655232154444,-4.303655232154444
-4.269052348480523,-4.269052348480523
-4.234390162808467,-4.234390162808467
-4.199675392623888,-4.199675392623888
-4.164914470512819,-4.164914470512819
-4.130113555370566,-4.130113555370566
-4.0952785432111565,-4.0952785432111565
-4.060415077589051,-4.060415077589051
-4.02552855964461,-4.02552855964461
-3.9906241577845387,-3.9906241577845387
-3.9557068170082035,-3.9557068170082035
-3.9207812678905456,-3.9207812678905456
-3.88585203523202,-3.88585203523202
-3.850923446385737,-3.850923446385737
-3.815999639271771,-3.815999639271771
-3.781084570088332,-3.781084570088332
-3.7461820207292855,-3.7461820207292855
-3.7112956059172575,-3.7112956059172575
-3.67642878006134,-3.67642878006134
-3.641584843848193,-3.641584843848193
-3.606766950575124,-3.606766950575124
-3.5719781122334875,-3.5719781122334875
-3.5372212053505647,-3.5372212053505647
-3.502498976597859,-3.502498976597859
-3.4678140481735347,-3.4678140481735347
-3.433168922966541,-3.433168922966541
-3.3985659895097524,-3.3985659895097524
-3.364007526729265,-3.364007526729265
-3.329495708496805,-3.329495708496805
-3.2950326079920167,-3.2950326079920167
-3.2606202018812005,-3.2606202018812005
-3.2262603743189118,-3.2262603743189118
-3.191954920778649,-3.191954920778649
-3.157705551718668,-3.157705551718668
-3.123513896088826,-3.123513896088826
-3.089381504684148,-3.089381504684148
-3.0553098533506873,-3.0553098533506873
-3.0213003460490584,-3.0213003460490584
-2.9873543177808894,-2.9873543177808894
-2.95347303738326,-2.95347303738326
-2.9196577101960735,-2.9196577101960735
-2.88590948060713,-2.88590948060713
-2.8522294344795522,-2.8522294344795522
-2.8186186014660466,-2.8186186014660466
-2.785077957214374,-2.785077957214374
-2.751608425468242,-2.751608425468242
-2.7182108800677063,-2.7182108800677063
-2.684886146853053,-2.684886146853053
-2.6516350054759803,-2.6516350054759803
-2.618458191121804,-2.618458191121804
-2.585356396146255,-2.585356396146255
-2.552330271630358,-2.552330271630358
-2.5193804288567208,-2.5193804288567208
-2.4865074407104926,-2.4865074407104926
-2.4537118430081155,-2.4537118430081155
-2.4209941357568745,-2.4209941357568745
-2.38835478434818,-2.38835478434818
-2.355794220687382,-2.355794220687382
-2.323312844262829,-2.323312844262829
-2.2909110231567875,-2.2909110231567875
-2.2585890950007323,-2.2585890950007323
-2.2263473678774397,-2.2263473678774397
-2.1941861211722093,-2.1941861211722093
-2.1621056063754596,-2.1621056063754596
-2.1301060478388556,-2.1301060478388556
-2.098187643487048,-2.098187643487048
-2.066350565487002,-2.066350565487002
-2.0345949608768388,-2.0345949608768388
-2.002920952156027,-2.002920952156027
-1.9713286378386645,-1.9713286378386645
-1.9398180929715634,-1.9398180929715634
-1.908389369618728,-1.908389369618728
-1.877042497313786,-1.877042497313786
-1.8457774834818466,-1.8457774834818466
-1.8145943138321983,-1.8145943138321983
-1.7834929527231942,-1.7834929527231942
-1.7524733435006152,-1.7524733435006152
-1.7215354088107386,-1.7215354088107386
-1.690679050889282,-1.690679050889282
-1.6599041518273363,-1.6599041518273363
-1.6292105738153488,-1.6292105738153488
-1.598598159366164,-1.598598159366164
-1.568066731518077,-1.568066731518077
-1.5376160940188082,-1.5376160940188082
-1.5072460314912577,-1.5072460314912577
-1.4769563095818525,-1.4769563095818525
-1.4467466750922582,-1.4467466750922582
-1.4166168560951762,-1.4166168560951762
-1.3865665620349137,-1.3865665620349137
-1.3565954838133714,-1.3565954838133714
-1.3267032938620478,-1.3267032938620478
-1.2968896462006412,-1.2968896462006412
-1.26715417648276,-1.26715417648276
-1.2374965020292668,-1.2374965020292668
-1.2079162218496888,-1.2079162218496888
-1.178412916652152,-1.178412916652152
-1.1489861488422233,-1.1489861488422233
-1.1196354625110383,-1.1196354625110383
-1.090360383413056,-1.090360383413056
-1.0611604189337485,-1.0611604189337485
-1.0320350580475226,-1.0320350580475226
-1.0029837712661303,-1.0029837712661303
-0.9740060105778007,-0.9740060105778007
-0.9451012093773183,-0.9451012093773183
-0.9162687823872308,-0.9162687823872308
-0.8875081255703551,-0.8875081255703551
-0.8588186160337359,-0.8588186160337359
-0.8301996119241813,-0.8301996119241813
-0.8016504523154836,-0.8016504523154836
-0.773170457087419,-0.773170457087419
-0.7447589267965965,-0.7447589267965965
-0.716415142539213,-0.716415142539213
-0.6881383658057525,-0.6881383658057525
-0.6599278383276532,-0.6599278383276532
-0.6317827819159518,-0.6317827819159518
-0.6037023982918943,-0.6037023982918943
-0.5756858689094985,-0.5756858689094985
-0.5477323547700281,-0.5477323547700281
-0.5198409962283317,-0.5198409962283317
-0.4920109127909895,-0.4920109127909895
-0.4642412029061892,-0.4642412029061892
-0.43653094374524964,-0.43653094374524964
-0.4088791909756935,-0.4088791909756935
-0.3812849785257601,-0.3812849785257601
-0.35374731834024015,-0.35374731834024015
-0.32626520012749755,-0.32626520012749755
-0.29883759109754215,-0.29883759109754215
-0.2714634356909955,-0.2714634356909955
-0.24414165529878837,-0.24414165529878837
-0.2168711479724168,-0.2168711479724168
-0.18965078812457217,-0.18965078812457217
-0.16247942621994846,-0.16247942621994846
-0.13535588845602364,-0.13535588845602364
-0.10827897643359832,-0.10827897643359832
-0.08124746681686383,-0.08124746681686383
-0.054260110982764634,-0.054260110982764634
-0.027315634659403357,-0.027315634659403357
-0.000412737553231487,-0.000412737553231487
0.026449907035247373,0.026449907035247373
0.05327365260754276,0.05327365260754276
0.08005987987530835,0.08005987987530835
0.10680999718084344,0.10680999718084344
0.1335254409302861,0.1335254409302861
0.16020767603983116,0.16020767603983116
0.18685819639531825,0.18685819639531825
0.2134785253255516,0.2134785253255516
0.240070216089726,0.240070216089726
0.26663485237934914,0.26663485237934914
0.2931740488350655,0.2931740488350655
0.31968945157880413,0.31968945157880413
0.3461827387616891,0.3461827387616891
0.372655621128168,0.372655621128168
0.39910984259683413,0.39910984259683413
0.42554718085843474,0.42554718085843474
0.4519694479915792,0.4519694479915792
0.47837849109668146,0.47837849109668146
0.504776192948689,0.504776192948689
0.5311644726691817,0.5311644726691817
0.5575452864184334,0.5575452864184334
0.5839206281080688,0.5839206281080688
0.61029253013496,0.61029253013496
0.6366630641370422,0.6366630641370422
0.6630343417717491,0.6630343417717491
0.6894085155178046,0.6894085155178046
0.7157877795011239,0.7157877795011239
0.7421743703456232,0.7421743703456232
0.7685705680497589,0.7685705680497589
0.794978696889649,0.794978696889649
0.8214011263496731,0.8214011263496731
0.8478402720814731,0.8478402720814731
0.8742985968923177,0.8742985968923177
0.9007786117638341,0.9007786117638341
0.9272828769021452,0.9272828769021452
0.9538140028204938,0.9538140028204938
0.9803746514554799,0.9803746514554799
1.0069675373180778,1.0069675373180778
1.0335954286806452,1.0335954286806452
1.060261148801188,1.060261148801188
1.0869675771861869,1.0869675771861869
1.113717650893346,1.113717650893346
1.1405143658756762,1.1405143658756762
1.1673607783683753,1.1673607783683753
1.1942600063200315,1.1942600063200315
1.2212152308697157,1.2212152308697157
1.248229697871614,1.248229697871614
1.275306719468884,1.275306719468884
1.3024496757185033,1.3024496757185033
1.3296620162689317,1.3296620162689317
1.3569472620924754,1.3569472620924754
1.3843090072743158,1.3843090072743158
1.4117509208602312,1.4117509208602312
1.4392767487651104,1.4392767487651104
1.4668903157444413,1.4668903157444413
1.4945955274310188,1.4945955274310188
1.5223963724392138,1.5223963724392138
1.5502969245392075,1.5502969245392075
1.5783013449036905,1.5783013449036905
1.6064138844296088,1.6064138844296088
1.6346388861376266,1.6346388861376266
1.6629807876520613,1.6629807876520613
1.6914441237641435,1.6914441237641435
1.7200335290815525,1.7200335290815525
1.7487537407672624,1.7487537407672624
1.77760960137085,1.77760960137085
1.8066060617555024,1.8066060617555024
1.83574818412408,1.83574818412408
1.8650411451476836,1.8650411451476836
1.8944902392003018,1.8944902392003018
1.924100881703209,1.924100881703209
1.95387861258291,1.95387861258291
1.9838290998465447,1.9838290998465447
2.0139581432787823,2.0139581432787823
2.04427167826436,2.04427167826436
2.0747757797405453,2.0747757797405453
2.1054766662839373,2.1054766662839373
2.1363807043361356,2.1363807043361356
2.1674944125729683,2.1674944125729683
2.198824466422081,2.198824466422081
2.2303777027338425,2.2303777027338425
2.2621611246106568,2.2621611246106568
2.294181906399949,2.294181906399949
2.326447398856182,2.326447398856182
2.3589651344774727,2.3589651344774727
2.3917428330225103,2.3917428330225103
2.4247884072136188,2.4247884072136188
2.4581099686319936,2.4581099686319936
2.491715833811307,2.491715833811307
2.5256145305360294,2.5256145305360294
2.5598148043509847,2.5598148043509847
2.594325625288868,2.594325625288868
2.629156194822572,2.629156194822572
2.6643159530494174,2.6643159530494174
2.6998145861145133,2.6998145861145133
2.7356620338806903,2.7356620338806903
2.77186849785264,2.77186849785264
2.808444449363085,2.808444449363085
2.8454006380289925,2.8454006380289925
2.8827481004860718,2.8827481004860718
2.920498169409992,2.920498169409992
2.9586624828329473,2.9586624828329473
2.997252993764445,2.997252993764445
3.0362819801253838,3.0362819801253838
3.075762055004728,3.075762055004728
3.1157061772482875,3.1157061772482875
3.15612766238937,3.15612766238937
3.197040193931286,3.197040193931286
3.2384578349919253,3.2384578349919253
3.280395040320872,3.280395040320872
3.3228666686997674,3.3228666686997674
3.3658879957368786,3.3658879957368786
3.40947472706708,3.40947472706708
3.453643011968716,3.453643011968716
3.4984094574090774,3.4984094574090774
3.543791142530482,3.543791142530482
3.589805633589223,3.589805633589223
3.6364709993599265,3.6364709993599265
3.683805827018127,3.683805827018127
3.731829238514166,3.731829238514166
3.780560907451795,3.780560907451795
3.8300210764851537,3.8300210764851537
3.8802305752480986,3.8802305752480986
3.931210838830163,3.931210838830163
3.9829839268136955,3.9829839268136955
4.0355725428870866,4.0355725428870866
4.089000055049273,4.089000055049273
4.1432905164210325,4.1432905164210325
4.1984686866788925,4.1984686866788925
4.254560054127853,4.254560054127853
4.311590858429371,4.311590858429371
4.369588114001489,4.369588114001489
4.428579634108242,4.428579634108242
4.488594055655872,4.488594055655872
4.549660864713737,4.549660864713737
4.61181042277812,4.61181042277812
4.675073993797536,4.675073993797536
4.739483771978468,4.739483771978468
4.805072910390894,4.805072910390894
4.871875550393251,4.871875550393251
4.939926851896953,4.939926851896953
5.0092630244909095,5.0092630244909095
5.079921359446883,5.079921359446883
5.151940262626962,5.151940262626962
5.225359288314779,5.225359288314779
5.3002191739925335,5.3002191739925335
5.37656187608627,5.37656187608627
5.454430606702322,5.454430606702322
5.533869871378203,5.533869871378203
5.614925507871666,5.614925507871666
5.697644726012124,5.697644726012124
5.7820761486389936,5.7820761486389936
5.86826985365204,5.86826985365204
5.956277417199175,5.956277417199175
6.046151958027689,6.046151958027689
6.13794818302529,6.13794818302529
6.2317224339778425,6.2317224339778425
6.327532735571122,6.327532735571122
6.4254388446644155,6.4254388446644155
6.525502300864271,6.525502300864271
7.082630294378246,7.082630294378246
7.113506754122444,7.113506754122444
7.145469375494103,7.145469375494103
7.1786522849097025,7.1786522849097025
7.2131836348173515,7.2131836348173515
7.249187254872078,7.249187254872078
7.286783892269611,7.286783892269611
7.326092169471298,7.326092169471298
7.367229341911962,7.367229341911962
7.41031191069886,7.41031191069886
7.455456128006057,7.455456128006057
7.502778421660258,7.502778421660258
7.552395757949281,7.552395757949281
7.604425956589619,7.604425956589619
7.658987968236856,7.658987968236856
7.716202122396531,7.716202122396531
7.776190351766177,7.776190351766177
7.839076397696871,7.839076397696871
7.904986000462269,7.904986000462269
7.974047077268419,7.974047077268419
8.04638989036079,8.04638989036079
8.122147207139962,8.122147207139962
8.201454453850356,8.201454453850356
8.284449864133252,8.284449864133252
8.371274623518667,8.371274623518667
8.462073010757086,8.462073010757086
8.55699253675291,8.55699253675291
8.656184081747474,8.656184081747474
8.759802031307544,8.759802031307544
8.868004411599124,8.868004411599124
8.98095302436363,8.98095302436363
9.098813581961405,9.098813581961405
9.221755842804463,9.221755842804463
9.349953747463735,9.349953747463735
9.483585555705663,9.483585555705663
9.622833984687205,9.622833984687205
9.767886348516562,9.767886348516562
9.918934699368204,9.918934699368204
10.076175970325309,10.076175970325309
10.239812120108738,10.239812120108738
10.410050279840744,10.410050279840744
10.58710290198122,10.58710290198122
10.77118791156598,10.77118791156598
10.962528859869314,10.962528859869314
11.161355080606706,11.161355080606706
11.367901848788145,11.367901848788145
11.582410542327919,11.582410542327919
11.805128806512727,11.805128806512727
12.036310721426487,12.036310721426487
12.276216972427243,12.276216972427243
