-7.000937281263551,-7.000937281263551
-6.9852469098982946,-6.9852469098982946
-6.93916319037518,-6.93916319037518
-6.881958708661294,-6.881958708661294
-6.817921252488332,-6.817921252488332
-6.749092645410173,-6.749092645410173
-6.676676495892796,-6.676676495892796
-6.601468152147043,-6.601468152147043
-6.5240326605548935,-6.5240326605548935
-6.444792173291964,-6.444792173291964
-6.364074004921954,-6.364074004921954
-6.282139275762886,-6.282139275762886
-6.1992010578984855,-6.1992010578984855
-6.115436434145672,-6.115436434145672
-6.0309948271036795,-6.0309948271036795
-5.946003937957233,-5.946003937957233
-5.860574095598894,-5.860574095598894
-5.774801514877512,-5.774801514877512
-5.688770785948789,-5.688770785948789
-5.602556808964161,-5.602556808964161
-5.5162263204515805,-5.5162263204515805
-5.429839113704189,-5.429839113704189
-5.3434490261820295,-5.3434490261820295
-5.2571047469739,-5.2571047469739
-5.1708504834984454,-5.1708504834984454
-5.084726516809797,-5.084726516809797
-4.998769667812876,-4.998769667812876
-4.9130136915378895,-4.9130136915378895
-4.82748961280674,-4.82748961280674
-4.742226013763171,-4.742226013763171
-4.657249281569041,-4.657249281569041
-4.57258382290655,-4.57258382290655
-4.488252250639654,-4.488252250639654
-4.40427554698297,-4.40427554698297
-4.320673206734969,-4.320673206734969
-4.237463363503903,-4.237463363503903
-4.154662901352244,-4.154662901352244
-4.072287553880622,-4.072287553880622
-3.9903519924441393,-3.9903519924441393
-3.90886990492615,-3.90886990492615
-3.8278540662750764,-3.8278540662750764
-3.7473164018286114,-3.7473164018286114
-3.6672680442994547,-3.6672680442994547
-3.5877193851715217,-3.5877193851715217
-3.508680121150776,-3.508680121150776
-3.430159296226681,-3.430159296226681
-3.352165339825841,-3.352165339825841
-3.2747061014762733,-3.2747061014762733
-3.197788882347041,-3.197788882347041
-3.1214204639820595,-3.1214204639820595
-3.0456071345075375,-3.0456071345075375
-2.9703547125586525,-2.9703547125586525
-2.8956685691418196,-2.8956685691418196
-2.821553647623627,-2.821553647623627
-2.7480144820154817,-2.7480144820154817
-2.675055213703917,-2.675055213703917
-2.602679606759708,-2.602679606759708
-2.530891061944347,-2.530891061944347
-2.4596926295194934,-2.4596926295194934
-2.389087020953695,-2.389087020953695
-2.3190766196106316,-2.3190766196106316
-2.2496634904942674,-2.2496634904942674
-2.1808493891183933,-2.1808493891183933
-2.1126357695610287,-2.1126357695610287
-2.0450237917579397,-2.0450237917579397
-1.9780143280834503,-1.9780143280834503
-1.9116079692630792,-1.9116079692630792
-1.8458050296556778,-1.8458050296556778
-1.7806055519409425,-1.7806055519409425
-1.716009311243098,-1.716009311243098
-1.6520158187186094,-1.6520158187186094
-1.5886243246326566,-1.5886243246326566
-1.5258338209462756,-1.5258338209462756
-1.4636430434334786,-1.4636430434334786
-1.4020504733452914,-1.4020504733452914
-1.3410543386354112,-1.3410543386354112
-1.2806526147601585,-1.2806526147601585
-1.2208430250634374,-1.2208430250634374
-1.1616230407556314,-1.1616230407556314
-1.1029898804936442,-1.1029898804936442
-1.0449405095676612,-1.0449405095676612
-0.9874716386986577,-0.9874716386986577
-0.9305797224491862,-0.9305797224491862
-0.8742609572485077,-0.8742609572485077
-0.8185112790317388,-0.8185112790317388
-0.7633263604912902,-0.7633263604912902
-0.7087016079374889,-0.7087016079374889
-0.6546321577639437,-0.6546321577639437
-0.6011128725118076,-0.6011128725118076
-0.5481383365257654,-0.5481383365257654
-0.49570285119312374,-0.49570285119312374
-0.443800429756026,-0.443800429756026
-0.3924247916852886,-0.3924247916852886
-0.3415693566029177,-0.3415693566029177
-0.2912272377387557,-0.2912272377387557
-0.24139123490513045,-0.24139123490513045
-0.19205382697164852,-0.19205382697164852
-0.1432071638205354,-0.1432071638205354
-0.09484305776101558,-0.09484305776101558
-0.04695297437927389,-0.04695297437927389
0.00047197720157362335,0.00047197720157362335
0.04744105467930116,0.04744105467930116
0.09396389357836765,0.09396389357836765
0.14005051893641246,0.14005051893641246
0.18571135770690425,0.18571135770690425
0.23095725191632846,0.23095725191632846
0.2757994726174439,0.2757994726174439
0.32024973468353435,0.32024973468353435
0.3643202124922458,0.3643202124922458
0.4080235565515687,0.4080235565515687
0.451372911124809,0.451372911124809
0.4943819329160495,0.4943819329160495
0.5370648108826659,0.5370648108826659
0.5794362872469576,0.5794362872469576
0.6215116797849423,0.6215116797849423
0.6633069054769104,0.6633069054769104
0.7048385056114344,0.7048385056114344
0.7461236724424083,0.7461236724424083
0.7871802775071167,0.7871802775071167
0.8280269017228205,0.8280269017228205
0.8686828673895247,0.8686828673895247
0.9091682722379528,0.9091682722379528
0.9495040256741394,0.9495040256741394
0.9897118873857732,0.9897118873857732
1.029814508490511,1.029814508490511
1.0698354754231902,1.0698354754231902
1.1097993567773103,1.1097993567773103
1.1497317533366287,1.1497317533366287
1.1896593515553837,1.1896593515553837
1.2296099807708671,1.2296099807708671
1.2696126744601217,1.2696126744601217
1.309697735883747,1.309697735883747
1.3498968084947014,1.3498968084947014
1.3902429515289059,1.3902429515289059
1.430770721238109,1.430770721238109
1.4715162582743493,1.4715162582743493
1.5125173817903121,1.5125173817903121
1.5538136908816569,1.5538136908816569
1.5954466740671114,1.5954466740671114
1.637459827580714,1.637459827580714
1.6798987833397785,1.6798987833397785
1.7228114475528418,1.7228114475528418
1.766248151046785,1.766248151046785
1.8102618125225498,1.8102618125225498
1.8549081160980119,1.8549081160980119
1.9002457046666512,1.9002457046666512
1.946336390795867,1.946336390795867
1.9932453871128806,1.9932453871128806
2.0410415583843253,2.0410415583843253
2.089797697793653,2.089797697793653
2.139590830265525,2.139590830265525
2.190502546086936,2.190502546086936
2.2426193685410754,2.2426193685410754
2.2960331598145554,2.2960331598145554
2.3508415700763865,2.3508415700763865
2.4071485353766158,2.4071485353766158
2.4650648308962593,2.4650648308962593
2.5247086871257594,2.5247086871257594
2.586206477790882,2.586206477790882
2.649693489825138,2.649693489825138
2.7153147874593015,2.7153147874593015
2.7832261846277735,2.7832261846277735
2.8535953424612894,2.8535953424612894
2.9266030117523125,2.9266030117523125
3.0024444440765405,3.0024444440765405
3.081330999905007,3.081330999905007
3.163491987766912,3.163491987766912
3.2491767756133885,3.2491767756133885
3.338657224362379,3.338657224362379
3.4322305046726354,3.4322305046726354
3.5302223719580303,3.5302223719580303
3.632990992395964,3.632990992395964
3.7409314353953755,3.7409314353953755
3.85448097729723,3.85448097729723
3.974125399219243,3.974125399219243
4.100406512042552,4.100406512042552
4.233931207955922,4.233931207955922
4.375382426974713,4.375382426974713
4.525532547467525,4.525532547467525
4.685259875185241,4.685259875185241
4.855569135285594,4.855569135285594
5.03761719617786,5.03761719617786
5.232745718597225,5.232745718597225
5.442523100354373,5.442523100354373
5.668799092724151,5.668799092724151
5.913776989490304,5.913776989490304
6.180110657412971,6.180110657412971
6.471037450637097,6.471037450637097
6.790564247007709,6.790564247007709
7.143734364427729,7.143734364427729
7.537021686004519,7.537021686004519
7.978932618512105,7.978932618512105
8.48096331105838,8.48096331105838
9.059198268421904,9.059198268421904
9.737147963205024,9.737147963205024
10.551194920850051,10.551194920850051
11.562193446425493,11.562193446425493
12.884092030485442,12.884092030485442
14.772648208344567,14.772648208344567
18.046078703884504,18.046078703884504
