-7.000382688761164,-7.000382688761164
-6.95536454110968,-6.95536454110968
-6.887497229608983,-6.887497229608983
-6.81148018423397,-6.81148018423397
-6.730583751559661,-6.730583751559661
-6.646365254635625,-6.646365254635625
-6.559742699918966,-6.559742699918966
-6.471322708926427,-6.471322708926427
-6.3815362492374845,-6.3815362492374845
-6.290705301325065,-6.290705301325065
-6.199079511890298,-6.199079511890298
-6.106858040497772,-6.106858040497772
-6.014203399753724,-6.014203399753724
-5.921250652823597,-5.921250652823597
-5.82811376609664,-5.82811376609664
-5.734890138781538,-5.734890138781538
-5.641663920033639,-5.641663920033639
-5.548508494059689,-5.548508494059689
-5.455488378775056,-5.455488378775056
-5.362660701413887,-5.362660701413887
-5.2700763627178375,-5.2700763627178375
-5.177780967740999,-5.177780967740999
-5.085815578952898,-5.085815578952898
-4.994217332099227,-4.994217332099227
-4.903019944702682,-4.903019944702682
-4.812254139601157,-4.812254139601157
-4.721948000535698,-4.721948000535698
-4.632127272868322,-4.632127272868322
-4.542815619598789,-4.542815619598789
-4.454034840667242,-4.454034840667242
-4.365805061875097,-4.365805061875097
-4.278144898488439,-4.278144898488439
-4.191071597606896,-4.191071597606896
-4.1046011626145,-4.1046011626145
-4.018748462425335,-4.018748462425335
-3.933527327757562,-3.933527327757562
-3.8489506362859465,-3.8489506362859465
-3.7650303882143596,-3.7650303882143596
-3.681777773559405,-3.681777773559405
-3.5992032322321146,-3.5992032322321146
-3.5173165078372173,-3.5173165078372173
-3.4361266959712595,-3.4361266959712595
-3.3556422876862992,-3.3556422876862992
-3.275871208690409,-3.275871208690409
-3.1968208547762704,-3.1968208547762704
-3.1184981239019516,-3.1184981239019516
-3.0409094452911316,-3.0409094452911316
-2.964060805871961,-2.964060805871961
-2.8879577743327065,-2.8879577743327065
-2.812605523037373,-2.812605523037373
-2.738008848014424,-2.738008848014424
-2.6641721872059434,-2.6641721872059434
-2.5910996371422494,-2.5910996371422494
-2.5187949681876867,-2.5187949681876867
-2.447261638486551,-2.447261638486551
-2.3765028067234852,-2.3765028067234852
-2.3065213437999277,-2.3065213437999277
-2.2373198435170174,-2.2373198435170174
-2.168900632345512,-2.168900632345512
-2.1012657783546405,-2.1012657783546405
-2.0344170993641604,-2.0344170993641604
-1.9683561703770962,-1.9683561703770962
-1.9030843303446427,-1.9030843303446427
-1.8386026883093578,-1.8386026883093578
-1.774912128967961,-1.774912128967961
-1.7120133176907981,-1.7120133176907981
-1.6499067050311833,-1.6499067050311833
-1.5885925307543418,-1.5885925307543418
-1.528070827412668,-1.528070827412668
-1.4683414234905783,-1.4683414234905783
-1.4094039461413865,-1.4094039461413865
-1.3512578235334516,-1.3512578235334516
-1.2939022868234953,-1.2939022868234953
-1.2373363717713577,-1.2373363717713577
-1.1815589200091765,-1.1815589200091765
-1.1265685799762128,-1.1265685799762128
-1.0723638075289823,-1.0723638075289823
-1.018942866234869,-1.018942866234869
-0.9663038273560303,-0.9663038273560303
-0.9144445695290874,-0.9144445695290874
-0.8633627781448593,-0.8633627781448593
-0.8130559444312095,-0.8130559444312095
-0.7635213642409316,-0.7635213642409316
-0.714756136545496,-0.714756136545496
-0.6667571616343981,-0.6667571616343981
-0.6195211390187992,-0.6195211390187992
-0.573044565037084,-0.573044565037084
-0.5273237301589541,-0.5273237301589541
-0.48235471598359403,-0.48235471598359403
-0.43813339192644124,-0.43813339192644124
-0.39465541158798406,-0.39465541158798406
-0.3519162087969757,-0.3519162087969757
-0.30991099331929317,-0.30991099331929317
-0.2686347462225684,-0.2686347462225684
-0.22808221488549463,-0.22808221488549463
-0.18824790763950836,-0.18824790763950836
-0.1491260880292248,-0.1491260880292248
-0.11071076867668027,-0.11071076867668027
-0.07299570473297831,-0.07299570473297831
-0.03597438689944627,-0.03597438689944627
0.0003599660012002212,0.0003599660012002212
0.03601441492489063,0.03601441492489063
0.07099630900044958,0.07099630900044958
0.10531329444302572,0.10531329444302572
0.1389733240137392,0.1389733240137392
0.17198466705482474,0.17198466705482474
0.20435592013194576,0.20435592013194576
0.23609601831794585,0.23609601831794585
0.26721424715509734,0.26721424715509734
0.2977202553359355,0.2977202553359355
0.32762406814603245,0.32762406814603245
0.3569361017156209,0.3569361017156209
0.3856671781308349,0.3856671781308349
0.41382854145952996,0.41382854145952996
0.44143187475121093,0.44143187475121093
0.46848931807559097,0.46848931807559097
0.49501348766971687,0.49501348766971687
0.5210174962696094,0.5210174962696094
0.5465149747087911,0.5465149747087911
0.5715200948733077,0.5715200948733077
0.5960475941106212,0.5960475941106212
0.620112801198402,0.620112801198402
0.6437316639887104,0.6437316639887104
0.6669207788535121,0.6669207788535121
0.6896974220689863,0.6896974220689863
0.712079583288822,0.712079583288822
0.7340860012707738,0.7340860012707738
0.7557362020363511,0.7557362020363511
0.7770505396608207,0.7770505396608207
0.7980502399099136,0.7980502399099136
0.8187574469610353,0.8187574469610353
0.8391952734705747,0.8391952734705747
0.8593878542755348,0.8593878542755348
0.8793604040473801,0.8793604040473801
0.8991392792493093,0.8991392792493093
0.9187520447854189,0.9187520447854189
0.9382275457721648,0.9382275457721648
0.9575959849096253,0.9575959849096253
0.9768890059832703,0.9768890059832703
0.9961397840868592,0.9961397840868592
1.0153831232251225,1.0153831232251225
1.0346555620316893,1.0346555620316893
1.0539954884253677,1.0539954884253677
1.0734432641272158,1.0734432641272158
1.0930413600745943,1.0930413600745943
1.1128345038981255,1.1128345038981255
1.132869840776333,1.132869840776333
1.1531971091537094,1.1531971091537094
1.173868833004803,1.173868833004803
1.1949405325542823,1.1949405325542823
1.216470955626041,1.216470955626041
1.2385223320999903,1.2385223320999903
1.2611606543107656,1.2611606543107656
1.2844559866379879,1.2844559866379879
1.3084828080241204,1.3084828080241204
1.3333203917276761,1.3333203917276761
1.3590532272934968,1.3590532272934968
1.3857714905193783,1.3857714905193783
1.4135715681453094,1.4135715681453094
1.44255664512058,1.44255664512058
1.4728373636551009,1.4728373636551009
1.5045325648852814,1.5045325648852814
1.5377701259447323,1.5377701259447323
1.5726879076073677,1.5726879076073677
1.6094348305665127,1.6094348305665127
1.648172101961096,1.648172101961096
1.6890746181269451,1.6890746181269451
1.7323325749589926,1.7323325749589926
1.7781533240048213,1.7781533240048213
1.8267635208516158,1.8267635208516158
1.8784116230184311,1.8784116230184311
1.9333708080981995,1.9333708080981995
1.9919424002163821,1.9919424002163821
2.054459915226259,2.054459915226259
2.1212938641498162,2.1212938641498162
2.1928574925743622,2.1928574925743622
2.2696136843726826,2.2696136843726826
2.3520833259971705,2.3520833259971705
2.44085551959337,2.44085551959337
2.5366001593780574,2.5366001593780574
2.6400835611495,2.6400835611495
2.7521880821690106,2.7521880821690106
2.873937022997327,2.873937022997327
3.006526619252765,3.006526619252765
3.1513676981788534,3.1513676981788534
3.310140738085225,3.310140738085225
3.484869874636398,3.484869874636398
3.6780242762480078,3.6780242762480078
3.892660036191678,3.892660036191678
4.132623752867953,4.132623752867953
4.40285313373159,4.40285313373159
4.7098361161526165,4.7098361161526165
5.062340949450605,5.062340949450605
5.472635476253277,5.472635476253277
5.9586514129522525,5.9586514129522525
6.548138143359463,6.548138143359463
7.287509967950884,7.287509967950884
8.26367675240337,8.26367675240337
9.671707803312854,9.671707803312854
12.135666723639913,12.135666723639913
