-7.291441144000632,-7.291441144000632
-7.288418916323322,-7.288418916323322
-7.283631857227239,-7.283631857227239
-7.278069067348725,-7.278069067348725
-7.271997075554463,-7.271997075554463
-7.265546327125819,-7.265546327125819
-7.258794771443988,-7.258794771443988
-7.251794365137008,-7.251794365137008
-7.244582252964466,-7.244582252964466
-7.237186325723832,-7.237186325723832
-7.229628301571087,-7.229628301571087
-7.2219255739788775,-7.2219255739788775
-7.2140923880597585,-7.2140923880597585
-7.206140625288903,-7.206140625288903
-7.198080347208774,-7.198080347208774
-7.189920184121909,-7.189920184121909
-7.181667620377097,-7.181667620377097
-7.173329208512746,-7.173329208512746
-7.164910733144375,-7.164910733144375
-7.156417338529067,-7.156417338529067
-7.1478536293459625,-7.1478536293459625
-7.139223751374558,-7.139223751374558
-7.130531456846662,-7.130531456846662
-7.121780157947556,-7.121780157947556
-7.1129729710369585,-7.1129729710369585
-7.1041127535188435,-7.1041127535188435
-7.09520213482709,-7.09520213482709
-7.086243542656062,-7.086243542656062
-7.077239225314741,-7.077239225314741
-7.068191270895134,-7.068191270895134
-7.05910162380308,-7.05910162380308
-7.049972099090061,-7.049972099090061
-7.04080439494002,-7.04080439494002
-7.031600103598829,-7.031600103598829
-7.0223607209819034,-7.0223607209819034
-7.013087655153964,-7.013087655153964
-7.003782233841742,-7.003782233841742
-6.9944457111137055,-6.9944457111137055
-6.9850792733391085,-6.9850792733391085
-6.975684044521067,-6.975684044521067
-6.966261091083712,-6.966261091083712
-6.9568114261815825,-6.9568114261815825
-6.947336013589373,-6.947336013589373
-6.937835771221942,-6.937835771221942
-6.928311574327479,-6.928311574327479
-6.9187642583909,-6.9187642583909
-6.909194621779646,-6.909194621779646
-6.899603428159801,-6.899603428159801
-6.8899914087069405,-6.8899914087069405
-6.880359264133058,-6.880359264133058
-6.870707666548309,-6.870707666548309
-6.861037261174055,-6.861037261174055
-6.851348667921774,-6.851348667921774
-6.841642482850701,-6.841642482850701
-6.8319192795156525,-6.8319192795156525
-6.822179610215136,-6.822179610215136
-6.812424007148856,-6.812424007148856
-6.802652983492647,-6.802652983492647
-6.792867034398088,-6.792867034398088
-6.783066637923288,-6.783066637923288
-6.773252255900646,-6.773252255900646
-6.763424334746848,-6.763424334746848
-6.7535833062198245,-6.7535833062198245
-6.743729588126944,-6.743729588126944
-6.733863584988286,-6.733863584988286
-6.723985688658545,-6.723985688658545
-6.714096278910676,-6.714096278910676
-6.704195723984251,-6.704195723984251
-6.694284381101095,-6.694284381101095
-6.684362596950642,-6.684362596950642
-6.674430708147179,-6.674430708147179
-6.664489041661011,-6.664489041661011
-6.6545379152253465,-6.6545379152253465
-6.644577637720618,-6.644577637720618
-6.634608509537758,-6.634608509537758
-6.624630822921886,-6.624630822921886
-6.614644862297645,-6.614644862297645
-6.604650904577481,-6.604650904577481
-6.594649219453893,-6.594649219453893
-6.584640069676728,-6.584640069676728
-6.574623711316447,-6.574623711316447
-6.564600394014244,-6.564600394014244
-6.554570361219825,-6.554570361219825
-6.5445338504176,-6.5445338504176
-6.534491093341993,-6.534491093341993
-6.524442316182493,-6.524442316182493
-6.514387739779091,-6.514387739779091
-6.504327579808611,-6.504327579808611
-6.494262046962493,-6.494262046962493
-6.4841913471165125,-6.4841913471165125
-6.474115681492868,-6.474115681492868
-6.464035246815065,-6.464035246815065
-6.453950235456021,-6.453950235456021
-6.443860835579719,-6.443860835579719
-6.433767231276779,-6.433767231276779
-6.423669602694265,-6.423669602694265
-6.413568126160037,-6.413568126160037
-6.403462974301923,-6.403462974301923
-6.393354316161973,-6.393354316161973
-6.38324231730607,-6.38324231730607
-6.373127139929103,-6.373127139929103
-6.363008942955944,-6.363008942955944
-6.352887882138419,-6.352887882138419
-6.342764110148501,-6.342764110148501
-6.332637776667859,-6.332637776667859
-6.322509028473988,-6.322509028473988
-6.312378009523049,-6.312378009523049
-6.30224486102959,-6.30224486102959
-6.292109721543287,-6.292109721543287
-6.281972727022852,-6.281972727022852
-6.271834010907212,-6.271834010907212
-6.261693704184127,-6.261693704184127
-6.25155193545632,-6.25155193545632
-6.241408831005247,-6.241408831005247
-6.231264514852629,-6.231264514852629
-6.221119108819798,-6.221119108819798
-6.210972732585013,-6.210972732585013
-6.2008255037387645,-6.2008255037387645
-6.190677537837226,-6.190677537837226
-6.180528948453873,-6.180528948453873
-6.1703798472293645,-6.1703798472293645
-6.160230343919785,-6.160230343919785
-6.150080546443275,-6.150080546443275
-6.139930560925129,-6.139930560925129
-6.1297804917414505,-6.1297804917414505
-6.119630441561377,-6.119630441561377
-6.109480511387966,-6.109480511387966
-6.0993308005977855,-6.0993308005977855
-6.0891814069792485,-6.0891814069792485
-6.07903242676976,-6.07903242676976
-6.068883954691705,-6.068883954691705
-6.058736083987341,-6.058736083987341
-6.048588906452615,-6.048588906452615
-6.0384425124699534,-6.0384425124699534
-6.028296991040086,-6.028296991040086
-6.018152429812896,-6.018152429812896
-6.008008915117375,-6.008008915117375
-5.997866531990685,-5.997866531990685
-5.987725364206381,-5.987725364206381
-5.977585494301812,-5.977585494301812
-5.967447003604736,-5.967447003604736
-5.957309972259167,-5.957309972259167
-5.947174479250506,-5.947174479250506
-5.937040602429943,-5.937040602429943
-5.926908418538194,-5.926908418538194
-5.916778003228575,-5.916778003228575
-5.906649431089429,-5.906649431089429
-5.896522775665957,-5.896522775665957
-5.886398109481434,-5.886398109481434
-5.876275504057876,-5.876275504057876
-5.866155029936131,-5.866155029936131
-5.856036756695447,-5.856036756695447
-5.845920752972514,-5.845920752972514
-5.8358070864800125,-5.8358070864800125
-5.825695824024675,-5.825695824024675
-5.815587031524874,-5.815587031524874
-5.80548077402776,-5.80548077402776
-5.795377115725963,-5.795377115725963
-5.785276119973862,-5.785276119973862
-5.775177849303446,-5.775177849303446
-5.7650823654397785,-5.7650823654397785
-5.754989729316075,-5.754989729316075
-5.744900001088397,-5.744900001088397
-5.73481324015,-5.73481324015
-5.724729505145311,-5.724729505145311
-5.714648853983582,-5.714648853983582
-5.704571343852198,-5.704571343852198
-5.694497031229677,-5.694497031229677
-5.684425971898346,-5.684425971898346
-5.674358220956732,-5.674358220956732
-5.664293832831638,-5.664293832831638
-5.654232861289961,-5.654232861289961
-5.644175359450201,-5.644175359450201
-5.634121379793738,-5.634121379793738
-5.6240709741758215,-5.6240709741758215
-5.614024193836318,-5.614024193836318
-5.603981089410218,-5.603981089410218
-5.5939417109378855,-5.5939417109378855
-5.583906107875099,-5.583906107875099
-5.573874329102856,-5.573874329102856
-5.563846422936951,-5.563846422936951
-5.553822437137356,-5.553822437137356
-5.543802418917381,-5.543802418917381
-5.533786414952639,-5.533786414952639
-5.523774471389818,-5.523774471389818
-5.513766633855252,-5.513766633855252
-5.50376294746332,-5.50376294746332
-5.493763456824651,-5.493763456824651
-5.483768206054164,-5.483768206054164
-5.473777238778933,-5.473777238778933
-5.4637905981458825,-5.4637905981458825
-5.453808326829324,-5.453808326829324
-5.44383046703834,-5.44383046703834
-5.433857060523998,-5.433857060523998
-5.42388814858644,-5.42388814858644
-5.413923772081796,-5.413923772081796
-5.403963971428982,-5.403963971428982
-5.394008786616339,-5.394008786616339
-5.384058257208162,-5.384058257208162
-5.374112422351058,-5.374112422351058
-5.364171320780225,-5.364171320780225
-5.354234990825557,-5.354234990825557
-5.344303470417664,-5.344303470417664
-5.334376797093755,-5.334376797093755
-5.324455008003418,-5.324455008003418
-5.314538139914254,-5.314538139914254
-5.304626229217453,-5.304626229217453
-5.294719311933215,-5.294719311933215
-5.284817423716091,-5.284817423716091
-5.274920599860215,-5.274920599860215
-5.26502887530443,-5.26502887530443
-5.255142284637334,-5.255142284637334
-5.245260862102206,-5.245260862102206
-5.235384641601854,-5.235384641601854
-5.2255136567033755,-5.2255136567033755
-5.215647940642811,-5.215647940642811
-5.205787526329736,-5.205787526329736
-5.195932446351744,-5.195932446351744
-5.18608273297886,-5.18608273297886
-5.176238418167872,-5.176238418167872
-5.166399533566577,-5.166399533566577
-5.156566110517959,-5.156566110517959
-5.146738180064282,-5.146738180064282
-5.136915772951119,-5.136915772951119
-5.127098919631294,-5.127098919631294
-5.117287650268772,-5.117287650268772
-5.107481994742468,-5.107481994742468
-5.097681982649984,-5.097681982649984
-5.087887643311298,-5.087887643311298
-5.078099005772371,-5.078099005772371
-5.068316098808693,-5.068316098808693
-5.058538950928783,-5.058538950928783
-5.048767590377608,-5.048767590377608
-5.0390020451399495,-5.0390020451399495
-5.029242342943724,-5.029242342943724
-5.019488511263232,-5.019488511263232
-5.009740577322348,-5.009740577322348
-4.999998568097683,-4.999998568097683
-4.990262510321657,-4.990262510321657
-4.980532430485552,-4.980532430485552
-4.970808354842493,-4.970808354842493
-4.961090309410388,-4.961090309410388
-4.951378319974814,-4.951378319974814
-4.941672412091868,-4.941672412091868
-4.931972611090949,-4.931972611090949
-4.92227894207752,-4.92227894207752
-4.912591429935799,-4.912591429935799
-4.902910099331427,-4.902910099331427
-4.893234974714082,-4.893234974714082
-4.883566080320058,-4.883566080320058
-4.873903440174787,-4.873903440174787
-4.864247078095341,-4.864247078095341
-4.85459701769288,-4.85459701769288
-4.844953282375071,-4.844953282375071
-4.835315895348453,-4.835315895348453
-4.825684879620783,-4.825684879620783
-4.816060258003337,-4.816060258003337
-4.806442053113166,-4.806442053113166
-4.796830287375338,-4.796830287375338
-4.787224983025124,-4.787224983025124
-4.7776261621101614,-4.7776261621101614
-4.768033846492582,-4.768033846492582
-4.758448057851109,-4.758448057851109
-4.748868817683111,-4.748868817683111
-4.739296147306648,-4.739296147306648
-4.729730067862457,-4.729730067862457
-4.720170600315932,-4.720170600315932
-4.710617765459058,-4.710617765459058
-4.70107158391233,-4.70107158391233
-4.6915320761266255,-4.6915320761266255
-4.681999262385069,-4.681999262385069
-4.672473162804851,-4.672473162804851
-4.662953797339034,-4.662953797339034
-4.6534411857783216,-4.6534411857783216
-4.643935347752808,-4.643935347752808
-4.6344363027337,-4.6344363027337
-4.624944070035011,-4.624944070035011
-4.6154586688152355,-4.6154586688152355
-4.605980118078993,-4.605980118078993
-4.59650843667866,-4.59650843667866
-4.587043643315959,-4.587043643315959
-4.577585756543546,-4.577585756543546
-4.568134794766561,-4.568134794766561
-4.558690776244156,-4.558690776244156
-4.549253719091017,-4.549253719091017
-4.539823641278848,-4.539823641278848
-4.5304005606378315,-4.5304005606378315
-4.520984494858096,-4.520984494858096
-4.5115754614911205,-4.5115754614911205
-4.50217347795116,-4.50217347795116
-4.492778561516629,-4.492778561516629
-4.4833907293314645,-4.4833907293314645
-4.474009998406482,-4.474009998406482
-4.464636385620706,-4.464636385620706
-4.455269907722681,-4.455269907722681
-4.445910581331772,-4.445910581331772
-4.436558422939434,-4.436558422939434
-4.427213448910479,-4.427213448910479
-4.417875675484315,-4.417875675484315
-4.408545118776176,-4.408545118776176
-4.3992217947783265,-4.3992217947783265
-4.389905719361264,-4.389905719361264
-4.380596908274883,-4.380596908274883
-4.371295377149652,-4.371295377149652
-4.362001141497749,-4.362001141497749
-4.352714216714197,-4.352714216714197
-4.34343461807798,-4.34343461807798
-4.334162360753148,-4.334162360753148
-4.324897459789897,-4.324897459789897
-4.315639930125645,-4.315639930125645
-4.306389786586098,-4.306389786586098
-4.297147043886281,-4.297147043886281
-4.287911716631585,-4.287911716631585
-4.2786838193187755,-4.2786838193187755
-4.269463366336999,-4.269463366336999
-4.2602503719687785,-4.2602503719687785
-4.251044850390992,-4.251044850390992
-4.241846815675836,-4.241846815675836
-4.2326562817917885,-4.2326562817917885
-4.223473262604543,-4.223473262604543
-4.214297771877943,-4.214297771877943
-4.205129823274903,-4.205129823274903
-4.195969430358314,-4.195969430358314
-4.186816606591937,-4.186816606591937
-4.177671365341293,-4.177671365341293
-4.168533719874539,-4.168533719874539
-4.159403683363313,-4.159403683363313
-4.150281268883615,-4.150281268883615
-4.141166489416625,-4.141166489416625
-4.132059357849546,-4.132059357849546
-4.122959886976423,-4.122959886976423
-4.113868089498953,-4.113868089498953
-4.104783978027288,-4.104783978027288
-4.095707565080823,-4.095707565080823
-4.086638863088981,-4.086638863088981
-4.0775778843919905,-4.0775778843919905
-4.068524641241635,-4.068524641241635
-4.059479145802018,-4.059479145802018
-4.050441410150307,-4.050441410150307
-4.0414114462774675,-4.0414114462774675
-4.032389266088984,-4.032389266088984
-4.02337488140559,-4.02337488140559
-4.014368303963974,-4.014368303963974
-4.005369545417474,-4.005369545417474
-3.9963786173367795,-3.9963786173367795
-3.987395531210614,-3.987395531210614
-3.9784202984464097,-3.9784202984464097
-3.96945293037098,-3.96945293037098
-3.9604934382311794,-3.9604934382311794
-3.9515418331945558,-3.9515418331945558
-3.942598126349998,-3.942598126349998
-3.933662328708375,-3.933662328708375
-3.9247344512031668,-3.9247344512031668
-3.9158145046910855,-3.9158145046910855
-3.906902499952694,-3.906902499952694
-3.8979984476930203,-3.8979984476930203
-3.889102358542148,-3.889102358542148
-3.880214243055827,-3.880214243055827
-3.8713341117160507,-3.8713341117160507
-3.862461974931645,-3.862461974931645
-3.8535978430388407,-3.8535978430388407
-3.844741726301844,-3.844741726301844
-3.8358936349133987,-3.8358936349133987
-3.827053578995345,-3.827053578995345
-3.818221568599165,-3.818221568599165
-3.809397613706532,-3.809397613706532
-3.800581724229845,-3.800581724229845
-3.7917739100127608,-3.7917739100127608
-3.7829741808307236,-3.7829741808307236
-3.7741825463914807,-3.7741825463914807
-3.7653990163355995,-3.7653990163355995
-3.7566236002369773,-3.7566236002369773
-3.7478563076033415,-3.7478563076033415
-3.73909714787675,-3.73909714787675
-3.7303461304340835,-3.7303461304340835
-3.7216032645875305,-3.7216032645875305
-3.7128685595850697,-3.7128685595850697
-3.704142024610948,-3.704142024610948
-3.69542366878615,-3.69542366878615
-3.686713501168862,-3.686713501168862
-3.678011530754942,-3.678011530754942
-3.6693177664783625,-3.6693177664783625
-3.660632217211673,-3.660632217211673
-3.651954891766442,-3.651954891766442
-3.6432857988936984,-3.6432857988936984
-3.634624947284368,-3.634624947284368
-3.625972345569708,-3.625972345569708
-3.6173280023217314,-3.6173280023217314
-3.608691926053635,-3.608691926053635
-3.600064125220214,-3.600064125220214
-3.591444608218277,-3.591444608218277
-3.5828333833870576,-3.5828333833870576
-3.5742304590086174,-3.5742304590086174
-3.5656358433082507,-3.5656358433082507
-3.557049544454879,-3.557049544454879
-3.548471570561444,-3.548471570561444
-3.539901929685298,-3.539901929685298
-3.531340629828588,-3.531340629828588
-3.5227876789386396,-3.5227876789386396
-3.514243084908326,-3.514243084908326
-3.5057068555764506,-3.5057068555764506
-3.4971789987281094,-3.4971789987281094
-3.4886595220950594,-3.4886595220950594
-3.4801484333560815,-3.4801484333560815
-3.4716457401373337,-3.4716457401373337
-3.4631514500127114,-3.4631514500127114
-3.4546655705041935,-3.4546655705041935
-3.446188109082191,-3.446188109082191
-3.4377190731658933,-3.4377190731658933
-3.4292584701236035,-3.4292584701236035
-3.4208063072730783,-3.4208063072730783
-3.4123625918818603,-3.4123625918818603
-3.4039273311676097,-3.4039273311676097
-3.395500532298427,-3.395500532298427
-3.3870822023931804,-3.3870822023931804
-3.3786723485218237,-3.3786723485218237
-3.370270977705714,-3.370270977705714
-3.361878096917925,-3.361878096917925
-3.353493713083559,-3.353493713083559
-3.3451178330800513,-3.3451178330800513
-3.3367504637374776,-3.3367504637374776
-3.328391611838855,-3.328391611838855
-3.320041284120441,-3.320041284120441
-3.311699487272025,-3.311699487272025
-3.3033662279372265,-3.3033662279372265
-3.2950415127137833,-3.2950415127137833
-3.286725348153833,-3.286725348153833
-3.2784177407642074,-3.2784177407642074
-3.2701186970067044,-3.2701186970067044
-3.2618282232983713,-3.2618282232983713
-3.2535463260117785,-3.2535463260117785
-3.2452730114752963,-3.2452730114752963
-3.2370082859733604,-3.2370082859733604
-3.228752155746744,-3.228752155746744
-3.22050462699282,-3.22050462699282
-3.212265705865826,-3.212265705865826
-3.2040353984771257,-3.2040353984771257
-3.1958137108954605,-3.1958137108954605
-3.1876006491472113,-3.1876006491472113
-3.1793962192166494,-3.1793962192166494
-3.1712004270461853,-3.1712004270461853
-3.1630132785366185,-3.1630132785366185
-3.1548347795473806,-3.1548347795473806
-3.146664935896783,-3.146664935896783
-3.138503753362252,-3.138503753362252
-3.1303512376805736,-3.1303512376805736
-3.1222073945481257,-3.1222073945481257
-3.1140722296211116,-3.1140722296211116
-3.1059457485157957,-3.1059457485157957
-3.0978279568087324,-3.0978279568087324
-3.0897188600369905,-3.0897188600369905
-3.08161846369838,-3.08161846369838
-3.073526773251678,-3.073526773251678
-3.065443794116848,-3.065443794116848
-3.0573695316752576,-3.0573695316752576
-3.0493039912698987,-3.0493039912698987
-3.0412471782055994,-3.0412471782055994
-3.0331990977492405,-3.0331990977492405
-3.0251597551299625,-3.0251597551299625
-3.0171291555393775,-3.0171291555393775
-3.009107304131776,-3.009107304131776
-3.0010942060243315,-3.0010942060243315
-2.993089866297305,-2.993089866297305
-2.9850942899942434,-2.9850942899942434
-2.9771074821221837,-2.9771074821221837
-2.969129447651846,-2.969129447651846
-2.9611601915178336,-2.9611601915178336
-2.9531997186188232,-2.9531997186188232
-2.9452480338177613,-2.9452480338177613
-2.937305141942051,-2.937305141942051
-2.9293710477837416,-2.9293710477837416
-2.9214457560997196,-2.9214457560997196
-2.913529271611888,-2.913529271611888
-2.905621599007353,-2.905621599007353
-2.897722742938608,-2.897722742938608
-2.8898327080237087,-2.8898327080237087
-2.8819514988464574,-2.8819514988464574
-2.8740791199565754,-2.8740791199565754
-2.866215575869883,-2.866215575869883
-2.858360871068466,-2.858360871068466
-2.850515010000859,-2.850515010000859
-2.842677997082204,-2.842677997082204
-2.8348498366944304,-2.8348498366944304
-2.827030533186413,-2.827030533186413
-2.8192200908741447,-2.8192200908741447
-2.8114185140409,-2.8114185140409
-2.8036258069373954,-2.8036258069373954
-2.7958419737819535,-2.7958419737819535
-2.788067018760662,-2.788067018760662
-2.780300946027534,-2.780300946027534
-2.772543759704663,-2.772543759704663
-2.7647954638823795,-2.7647954638823795
-2.757056062619408,-2.757056062619408
-2.749325559943015,-2.749325559943015
-2.7416039598491677,-2.7416039598491677
-2.7338912663026766,-2.7338912663026766
-2.7261874832373505,-2.7261874832373505
-2.7184926145561414,-2.7184926145561414
-2.7108066641312925,-2.7108066641312925
-2.7031296358044816,-2.7031296358044816
-2.695461533386964,-2.695461533386964
-2.6878023606597186,-2.6878023606597186
-2.6801521213735864,-2.6801521213735864
-2.672510819249412,-2.672510819249412
-2.6648784579781783,-2.6648784579781783
-2.657255041221152,-2.657255041221152
-2.6496405726100103,-2.6496405726100103
-2.642035055746983,-2.642035055746983
-2.6344384942049834,-2.6344384942049834
-2.6268508915277415,-2.6268508915277415
-2.619272251229936,-2.619272251229936
-2.611702576797322,-2.611702576797322
-2.6041418716868647,-2.6041418716868647
-2.5965901393268624,-2.5965901393268624
-2.589047383117079,-2.589047383117079
-2.5815136064288646,-2.5815136064288646
-2.5739888126052803,-2.5739888126052803
-2.5664730049612277,-2.5664730049612277
-2.5589661867835645,-2.5589661867835645
-2.5514683613312292,-2.5514683613312292
-2.5439795318353595,-2.5439795318353595
-2.5364997014994164,-2.5364997014994164
-2.5290288734992945,-2.5290288734992945
-2.521567050983445,-2.521567050983445
-2.514114237072991,-2.514114237072991
-2.50667043486184,-2.50667043486184
-2.499235647416801,-2.499235647416801
-2.4918098777776967,-2.4918098777776967
-2.484393128957471,-2.484393128957471
-2.4769854039423103,-2.4769854039423103
-2.4695867056917415,-2.4695867056917415
-2.46219703713875,-2.46219703713875
-2.454816401189883,-2.454816401189883
-2.44744480072536,-2.44744480072536
-2.440082238599178,-2.440082238599178
-2.4327287176392134,-2.4327287176392134
-2.4253842406473307,-2.4253842406473307
-2.4180488103994837,-2.4180488103994837
-2.410722429645822,-2.410722429645822
-2.403405101110784,-2.403405101110784
-2.3960968274932064,-2.3960968274932064
-2.3887976114664204,-2.3887976114664204
-2.3815074556783498,-2.3815074556783498
-2.3742263627516094,-2.3742263627516094
-2.3669543352836055,-2.3669543352836055
-2.359691375846627,-2.359691375846627
-2.3524374869879443,-2.3524374869879443
-2.3451926712299045,-2.3451926712299045
-2.3379569310700217,-2.3379569310700217
-2.3307302689810734,-2.3307302689810734
-2.3235126874111915,-2.3235126874111915
-2.316304188783952,-2.316304188783952
-2.3091047754984695,-2.3091047754984695
-2.3019144499294812,-2.3019144499294812
-2.2947332144274424,-2.2947332144274424
-2.287561071318608,-2.287561071318608
-2.2803980229051266,-2.2803980229051266
-2.27324407146512,-2.27324407146512
-2.2660992192527742,-2.2660992192527742
-2.2589634684984237,-2.2589634684984237
-2.251836821408632,-2.251836821408632
-2.244719280166281,-2.244719280166281
-2.237610846930649,-2.237610846930649
-2.230511523837494,-2.230511523837494
-2.223421312999137,-2.223421312999137
-2.216340216504539,-2.216340216504539
-2.2092682364193834,-2.2092682364193834
-2.202205374786156,-2.202205374786156
-2.195151633624219,-2.195151633624219
-2.1881070149298933,-2.1881070149298933
-2.181071520676535,-2.181071520676535
-2.1740451528146085,-2.1740451528146085
-2.167027913271763,-2.167027913271763
-2.1600198039529115,-2.1600198039529115
-2.153020826740299,-2.153020826740299
-2.146030983493582,-2.146030983493582
-2.139050276049895,-2.139050276049895
-2.132078706223931,-2.132078706223931
-2.1251162758080024,-2.1251162758080024
-2.1181629865721234,-2.1181629865721234
-2.1112188402640704,-2.1112188402640704
-2.104283838609458,-2.104283838609458
-2.0973579833118063,-2.0973579833118063
-2.0904412760526077,-2.0904412760526077
-2.083533718491396,-2.083533718491396
-2.0766353122658137,-2.0766353122658137
-2.0697460589916767,-2.0697460589916767
-2.062865960263044,-2.062865960263044
-2.05599501765228,-2.05599501765228
-2.0491332327101164,-2.0491332327101164
-2.0422806069657233,-2.0422806069657233
-2.035437141926767,-2.035437141926767
-2.028602839079476,-2.028602839079476
-2.0217776998887005,-2.0217776998887005
-2.014961725797976,-2.014961725797976
-2.008154918229585,-2.008154918229585
-2.0013572785846145,-2.0013572785846145
-1.9945688082430206,-1.9945688082430206
-1.9877895085636825,-1.9877895085636825
-1.9810193808844658,-1.9810193808844658
-1.974258426522279,-1.974258426522279
-1.9675066467731308,-1.9675066467731308
-1.9607640429121864,-1.9607640429121864
-1.9540306161938286,-1.9540306161938286
-1.9473063678517082,-1.9473063678517082
-1.9405912990988021,-1.9405912990988021
-1.9338854111274697,-1.9338854111274697
-1.927188705109504,-1.927188705109504
-1.9205011821961886,-1.9205011821961886
-1.9138228435183497,-1.9138228435183497
-1.9071536901864083,-1.9071536901864083
-1.9004937232904355,-1.9004937232904355
-1.8938429439001996,-1.8938429439001996
-1.8872013530652214,-1.8872013530652214
-1.8805689518148243,-1.8805689518148243
-1.8739457411581828,-1.8739457411581828
-1.8673317220843744,-1.8673317220843744
-1.8607268955624277,-1.8607268955624277
-1.8541312625413706,-1.8541312625413706
-1.8475448239502823,-1.8475448239502823
-1.8409675806983359,-1.8409675806983359
-1.8343995336748498,-1.8343995336748498
-1.8278406837493326,-1.8278406837493326
-1.821291031771529,-1.821291031771529
-1.8147505785714684,-1.8147505785714684
-1.8082193249595073,-1.8082193249595073
-1.8016972717263766,-1.8016972717263766
-1.7951844196432258,-1.7951844196432258
-1.7886807694616635,-1.7886807694616635
-1.7821863219138068,-1.7821863219138068
-1.7757010777123197,-1.7757010777123197
-1.7692250375504597,-1.7692250375504597
-1.7627582021021149,-1.7627582021021149
-1.7563005720218514,-1.7563005720218514
-1.7498521479449516,-1.7498521479449516
-1.743412930487453,-1.743412930487453
-1.7369829202461946,-1.7369829202461946
-1.7305621177988508,-1.7305621177988508
-1.7241505237039756,-1.7241505237039756
-1.7177481385010367,-1.7177481385010367
-1.7113549627104612,-1.7113549627104612
-1.7049709968336664,-1.7049709968336664
-1.6985962413531028,-1.6985962413531028
-1.6922306967322893,-1.6922306967322893
-1.6858743634158508,-1.6858743634158508
-1.6795272418295553,-1.6795272418295553
-1.6731893323803477,-1.6731893323803477
-1.6668606354563897,-1.6668606354563897
-1.6605411514270907,-1.6605411514270907
-1.654230880643145,-1.654230880643145
-1.6479298234365671,-1.6479298234365671
-1.641637980120725,-1.641637980120725
-1.6353553509903727,-1.6353553509903727
-1.629081936321683,-1.629081936321683
-1.6228177363722862,-1.6228177363722862
-1.6165627513812941,-1.6165627513812941
-1.6103169815693386,-1.6103169815693386
-1.6040804271386002,-1.6040804271386002
-1.5978530882728406,-1.5978530882728406
-1.5916349651374349,-1.5916349651374349
-1.5854260578793982,-1.5854260578793982
-1.57922636662742,-1.57922636662742
-1.5730358914918914,-1.5730358914918914
-1.5668546325649353,-1.5668546325649353
-1.560682589920436,-1.560682589920436
-1.5545197636140673,-1.5545197636140673
-1.5483661536833206,-1.5483661536833206
-1.5422217601475334,-1.5422217601475334
-1.5360865830079178,-1.5360865830079178
-1.5299606222475837,-1.5299606222475837
-1.5238438778315702,-1.5238438778315702
-1.5177363497068703,-1.5177363497068703
-1.5116380378024568,-1.5116380378024568
-1.5055489420293084,-1.5055489420293084
-1.4994690622804334,-1.4994690622804334
-1.493398398430898,-1.493398398430898
-1.4873369503378502,-1.4873369503378502
-1.4812847178405395,-1.4812847178405395
-1.4752417007603462,-1.4752417007603462
-1.4692078989008046,-1.4692078989008046
-1.4631833120476234,-1.4631833120476234
-1.4571679399687112,-1.4571679399687112
-1.4511617824141962,-1.4511617824141962
-1.445164839116452,-1.445164839116452
-1.4391771097901171,-1.4391771097901171
-1.4331985941321161,-1.4331985941321161
-1.4272292918216851,-1.4272292918216851
-1.4212692025203852,-1.4212692025203852
-1.4153183258721291,-1.4153183258721291
-1.4093766615031997,-1.4093766615031997
-1.4034442090222696,-1.4034442090222696
-1.3975209680204193,-1.3975209680204193
-1.3916069380711595,-1.3916069380711595
-1.3857021187304472,-1.3857021187304472
-1.379806509536705,-1.379806509536705
-1.3739201100108398,-1.3739201100108398
-1.3680429196562611,-1.3680429196562611
-1.362174937958897,-1.362174937958897
-1.3563161643872135,-1.3563161643872135
-1.350466598392229,-1.350466598392229
-1.3446262394075337,-1.3446262394075337
-1.338795086849301,-1.338795086849301
-1.3329731401163123,-1.3329731401163123
-1.3271603985899618,-1.3271603985899618
-1.3213568616342803,-1.3213568616342803
-1.3155625285959467,-1.3155625285959467
-1.3097773988043027,-1.3097773988043027
-1.3040014715713668,-1.3040014715713668
-1.2982347461918506,-1.2982347461918506
-1.2924772219431717,-1.2924772219431717
-1.2867288980854643,-1.2867288980854643
-1.2809897738615967,-1.2809897738615967
-1.2752598484971813,-1.2752598484971813
-1.2695391212005889,-1.2695391212005889
-1.263827591162959,-1.263827591162959
-1.258125257558213,-1.258125257558213
-1.2524321195430657,-1.2524321195430657
-1.2467481762570383,-1.2467481762570383
-1.241073426822466,-1.241073426822466
-1.2354078703445082,-1.2354078703445082
-1.2297515059111666,-1.2297515059111666
-1.224104332593286,-1.224104332593286
-1.2184663494445698,-1.2184663494445698
-1.2128375555015862,-1.2128375555015862
-1.207217949783782,-1.207217949783782
-1.201607531293485,-1.201607531293485
-1.19600629901592,-1.19600629901592
-1.1904142519192111,-1.1904142519192111
-1.1848313889543935,-1.1848313889543935
-1.1792577090554193,-1.1792577090554193
-1.1736932111391667,-1.1736932111391667
-1.1681378941054452,-1.1681378941054452
-1.1625917568370046,-1.1625917568370046
-1.1570547981995403,-1.1570547981995403
-1.1515270170416998,-1.1515270170416998
-1.1460084121950904,-1.1460084121950904
-1.140498982474281,-1.140498982474281
-1.1349987266768142,-1.1349987266768142
-1.1295076435832037,-1.1295076435832037
-1.1240257319569444,-1.1240257319569444
-1.1185529905445184,-1.1185529905445184
-1.113089418075393,-1.113089418075393
-1.1076350132620305,-1.1076350132620305
-1.10218977479989,-1.10218977479989
-1.0967537013674318,-1.0967537013674318
-1.0913267916261187,-1.0913267916261187
-1.085909044220421,-1.085909044220421
-1.0805004577778181,-1.0805004577778181
-1.0751010309088023,-1.0751010309088023
-1.0697107622068789,-1.0697107622068789
-1.0643296502485693,-1.0643296502485693
-1.0589576935934137,-1.0589576935934137
-1.0535948907839698,-1.0535948907839698
-1.0482412403458168,-1.0482412403458168
-1.0428967407875525,-1.0428967407875525
-1.0375613906007988,-1.0375613906007988
-1.0322351882601979,-1.0322351882601979
-1.0269181322234124,-1.0269181322234124
-1.021610220931129,-1.021610220931129
-1.016311452807052,-1.016311452807052
-1.0110218262579087,-1.0110218262579087
-1.0057413396734434,-1.0057413396734434
-1.0004699914264172,-1.0004699914264172
-0.9952077798726091,-0.9952077798726091
-0.9899547033508108,-0.9899547033508108
-0.9847107601828261,-0.9847107601828261
-0.9794759486734678,-0.9794759486734678
-0.9742502671105552,-0.9742502671105552
-0.9690337137649122,-0.9690337137649122
-0.9638262868903621,-0.9638262868903621
-0.9586279847237255,-0.9586279847237255
-0.9534388054848161,-0.9534388054848161
-0.9482587473764371,-0.9482587473764371
-0.943087808584376,-0.943087808584376
-0.9379259872774005,-0.9379259872774005
-0.9327732816072538,-0.9327732816072538
-0.9276296897086503,-0.9276296897086503
-0.9224952096992681,-0.9224952096992681
-0.9173698396797451,-0.9173698396797451
-0.9122535777336735,-0.9122535777336735
-0.907146421927592,-0.907146421927592
-0.9020483703109803,-0.9020483703109803
-0.8969594209162521,-0.8969594209162521
-0.8918795717587491,-0.8918795717587491
-0.8868088208367337,-0.8868088208367337
-0.8817471661313794,-0.8817471661313794
-0.8766946056067656,-0.8766946056067656
-0.8716511372098684,-0.8716511372098684
-0.8666167588705539,-0.8666167588705539
-0.8615914685015666,-0.8615914685015666
-0.8565752639985239,-0.8565752639985239
-0.8515681432399045,-0.8515681432399045
-0.8465701040870427,-0.8465701040870427
-0.8415811443841132,-0.8415811443841132
-0.836601261958127,-0.836601261958127
-0.8316304546189185,-0.8316304546189185
-0.826668720159135,-0.826668720159135
-0.8217160563542272,-0.8217160563542272
-0.8167724609624374,-0.8167724609624374
-0.8118379317247895,-0.8118379317247895
-0.8069124663650776,-0.8069124663650776
-0.8019960625898523,-0.8019960625898523
-0.797088718088411,-0.797088718088411
-0.792190430532786,-0.792190430532786
-0.7873011975777298,-0.7873011975777298
-0.7824210168607049,-0.7824210168607049
-0.777549886001869,-0.777549886001869
-0.7726878026040636,-0.7726878026040636
-0.7678347642527992,-0.7678347642527992
-0.7629907685162418,-0.7629907685162418
-0.7581558129451996,-0.7581558129451996
-0.7533298950731085,-0.7533298950731085
-0.7485130124160162,-0.7485130124160162
-0.7437051624725715,-0.7437051624725715
-0.7389063427240028,-0.7389063427240028
-0.7341165506341103,-0.7341165506341103
-0.7293357836492442,-0.7293357836492442
-0.7245640391982935,-0.7245640391982935
-0.7198013146926661,-0.7198013146926661
-0.7150476075262758,-0.7150476075262758
-0.710302915075524,-0.710302915075524
-0.7055672346992835,-0.7055672346992835
-0.7008405637388794,-0.7008405637388794
-0.6961228995180767,-0.6961228995180767
-0.6914142393430566,-0.6914142393430566
-0.6867145805024037,-0.6867145805024037
-0.6820239202670836,-0.6820239202670836
-0.6773422558904292,-0.6773422558904292
-0.6726695846081171,-0.6726695846081171
-0.668005903638153,-0.668005903638153
-0.6633512101808494,-0.6633512101808494
-0.6587055014188083,-0.6587055014188083
-0.6540687745168995,-0.6540687745168995
-0.6494410266222433,-0.6494410266222433
-0.6448222548641872,-0.6448222548641872
-0.6402124563542884,-0.6402124563542884
-0.6356116281862897,-0.6356116281862897
-0.631019767436103,-0.631019767436103
-0.626436871161783,-0.626436871161783
-0.62186293640351,-0.62186293640351
-0.6172979601835642,-0.6172979601835642
-0.6127419395063076,-0.6127419395063076
-0.6081948713581581,-0.6081948713581581
-0.6036567527075689,-0.6036567527075689
-0.599127580505006,-0.599127580505006
-0.5946073516829237,-0.5946073516829237
-0.5900960631557409,-0.5900960631557409
-0.5855937118198193,-0.5855937118198193
-0.5811002945534385,-0.5811002945534385
-0.5766158082167714,-0.5766158082167714
-0.57214024965186,-0.57214024965186
-0.5676736156825904,-0.5676736156825904
-0.5632159031146685,-0.5632159031146685
-0.558767108735595,-0.558767108735595
-0.5543272293146375,-0.5543272293146375
-0.5498962616028076,-0.5498962616028076
-0.5454742023328328,-0.5454742023328328
-0.5410610482191323,-0.5410610482191323
-0.5366567959577866,-0.5366567959577866
-0.5322614422265143,-0.5322614422265143
-0.5278749836846436,-0.5278749836846436
-0.5234974169730844,-0.5234974169730844
-0.5191287387143012,-0.5191287387143012
-0.5147689455122839,-0.5147689455122839
-0.5104180339525216,-0.5104180339525216
-0.506076000601972,-0.506076000601972
-0.5017428420090341,-0.5017428420090341
-0.4974185547035175,-0.4974185547035175
-0.4931031351966144,-0.4931031351966144
-0.4887965799808701,-0.4887965799808701
-0.4844988855301514,-0.4844988855301514
-0.48021004829961705,-0.48021004829961705
-0.4759300647256888,-0.4759300647256888
-0.47165893122601876,-0.47165893122601876
-0.46739664419945826,-0.46739664419945826
-0.4631432000260279,-0.4631432000260279
-0.4588985950668849,-0.4588985950668849
-0.4546628256642921,-0.4546628256642921
-0.4504358881415839,-0.4504358881415839
-0.4462177788031357,-0.4462177788031357
-0.44200849393433006,-0.44200849393433006
-0.4378080298015249,-0.4378080298015249
-0.43361638265201785,-0.43361638265201785
-0.42943354871401457,-0.42943354871401457
-0.4252595241965945,-0.4252595241965945
-0.42109430528967684,-0.42109430528967684
-0.4169378881639844,-0.4169378881639844
-0.4127902689710107,-0.4127902689710107
-0.408651443842984,-0.408651443842984
-0.40452140889283295,-0.40452140889283295
-0.40040016021414887,-0.40040016021414887
-0.39628769388115165,-0.39628769388115165
-0.3921840059486529,-0.3921840059486529
-0.38808909245201956,-0.38808909245201956
-0.3840029494071367,-0.3840029494071367
-0.37992557281037015,-0.37992557281037015
-0.37585695863852964,-0.37585695863852964
-0.37179710284883194,-0.37179710284883194
-0.36774600137886027,-0.36774600137886027
-0.3637036501465278,-0.3637036501465278
-0.35967004505003947,-0.35967004505003947
-0.355645181967852,-0.355645181967852
-0.35162905675863415,-0.35162905675863415
-0.34762166526122845,-0.34762166526122845
-0.3436230032946108,-0.3436230032946108
-0.3396330666578509,-0.3396330666578509
-0.33565185113007023,-0.33565185113007023
-0.33167935247040264,-0.33167935247040264
-0.32771556641795296,-0.32771556641795296
-0.323760488691756,-0.323760488691756
-0.3198141149907339,-0.3198141149907339
-0.31587644099365425,-0.31587644099365425
-0.31194746235908866,-0.31194746235908866
-0.30802717472536995,-0.30802717472536995
-0.30411557371054837,-0.30411557371054837
-0.30021265491234844,-0.30021265491234844
-0.2963184139081263,-0.2963184139081263
-0.2924328462548254,-0.2924328462548254
-0.2885559474889319,-0.2885559474889319
-0.28468771312642926,-0.28468771312642926
-0.2808281386627566,-0.2808281386627566
-0.2769772195727599,-0.2769772195727599
-0.27313495131064824,-0.27313495131064824
-0.26930132930994766,-0.26930132930994766
-0.2654763489834552,-0.2654763489834552
-0.2616600057231927,-0.2616600057231927
-0.2578522949003586,-0.2578522949003586
-0.2540532118652819,-0.2540532118652819
-0.2502627519473754,-0.2502627519473754
-0.24648091045508647,-0.24648091045508647
-0.24270768267584927,-0.24270768267584927
-0.23894306387603642,-0.23894306387603642
-0.23518704930091075,-0.23518704930091075
-0.23143963417457544,-0.23143963417457544
-0.22770081369992493,-0.22770081369992493
-0.22397058305859416,-0.22397058305859416
-0.22024893741091003,-0.22024893741091003
-0.21653587189584003,-0.21653587189584003
-0.21283138163094106,-0.21283138163094106
-0.209135461712308,-0.209135461712308
-0.20544810721452414,-0.20544810721452414
-0.20176931319060742,-0.20176931319060742
-0.19809907467195847,-0.19809907467195847
-0.19443738666830748,-0.19443738666830748
-0.19078424416766399,-0.19078424416766399
-0.18713964213626047,-0.18713964213626047
-0.1835035755184998,-0.1835035755184998
-0.17987603923690146,-0.17987603923690146
-0.17625702819204803,-0.17625702819204803
-0.17264653726252788,-0.17264653726252788
-0.1690445613048837,-0.1690445613048837
-0.1654510951535531,-0.1654510951535531
-0.16186613362081723,-0.16186613362081723
-0.15828967149673942,-0.15828967149673942
-0.1547217035491147,-0.1547217035491147
-0.15116222452340702,-0.15116222452340702
-0.14761122914269564,-0.14761122914269564
-0.14406871210761715,-0.14406871210761715
-0.14053466809630674,-0.14053466809630674
-0.13700909176433926,-0.13700909176433926
-0.13349197774467117,-0.13349197774467117
-0.12998332064758228,-0.12998332064758228
-0.12648311506061521,-0.12648311506061521
-0.12299135554851537,-0.12299135554851537
-0.11950803665317049,-0.11950803665317049
-0.11603315289355166,-0.11603315289355166
-0.11256669876565106,-0.11256669876565106
-0.10910866874241959,-0.10910866874241959
-0.10565905727370668,-0.10565905727370668
-0.10221785878619788,-0.10221785878619788
-0.09878506768335203,-0.09878506768335203
-0.09536067834533742,-0.09536067834533742
-0.09194468512896894,-0.09194468512896894
-0.0885370823676458,-0.0885370823676458
-0.08513786437128554,-0.08513786437128554
-0.08174702542625964,-0.08174702542625964
-0.07836455979532883,-0.07836455979532883
-0.07499046171757835,-0.07499046171757835
-0.07162472540835153,-0.07162472540835153
-0.06826734505918361,-0.06826734505918361
-0.06491831483773443,-0.06491831483773443
-0.061577628887723106,-0.061577628887723106
-0.05824528132885993,-0.05824528132885993
-0.05492126625677733,-0.05492126625677733
-0.05160557774296254,-0.05160557774296254
-0.04829820983468973,-0.04829820983468973
-0.04499915655495009,-0.04499915655495009
-0.04170841190238134,-0.04170841190238134
-0.038425969851199296,-0.038425969851199296
-0.035151824351127056,-0.035151824351127056
-0.03188596932732416,-0.03188596932732416
-0.028628398680314852,-0.028628398680314852
-0.025379106285916626,-0.025379106285916626
-0.02213808599516901,-0.02213808599516901
-0.018905331634259847,-0.018905331634259847
-0.015680837004452823,-0.015680837004452823
-0.012464595882013435,-0.012464595882013435
-0.00925660201813654,-0.00925660201813654
-0.006056849138870681,-0.006056849138870681
-0.0028653309450435444,-0.0028653309450435444
0.0003179588878133009,0.0003179588878133009
0.003493026709538909,0.003493026709538909
0.006659878895420401,0.006659878895420401
0.00981852184627071,0.00981852184627071
0.012968961988500914,0.012968961988500914
0.016111205774204548,0.016111205774204548
0.019245259681228997,0.019245259681228997
0.022371130213259906,0.022371130213259906
0.025488823899893803,0.025488823899893803
0.028598347296724617,0.028598347296724617
0.03169970698541563,0.03169970698541563
0.03479290957378782,0.03479290957378782
0.03787796169589384,0.03787796169589384
0.040954870012104946,0.040954870012104946
0.04402364120918737,0.04402364120918737
0.047084282000389784,0.047084282000389784
0.0501367991255231,0.0501367991255231
0.0531811993510428,0.0531811993510428
0.05621748947013664,0.05621748947013664
0.05924567630280363,0.05924567630280363
0.06226576669594459,0.06226576669594459
0.06527776752344187,0.06527776752344187
0.06828168568624965,0.06828168568624965
0.07127752811247638,0.07127752811247638
0.07426530175747546,0.07426530175747546
0.07724501360392831,0.07724501360392831
0.08021667066193633,0.08021667066193633
0.08318027996910528,0.08318027996910528
0.08613584859063862,0.08613584859063862
0.08908338361942104,0.08908338361942104
0.09202289217611481,0.09202289217611481
0.09495438140924463,0.09495438140924463
0.09787785849529373,0.09787785849529373
0.10079333063878879,0.10079333063878879
0.10370080507239995,0.10370080507239995
0.10660028905702654,0.10660028905702654
0.1094917898818942,0.1094917898818942
0.11237531486464607,0.11237531486464607
0.11525087135144059,0.11525087135144059
0.1181184667170409,0.1181184667170409
0.12097810836491582,0.12097810836491582
0.12382980372733093,0.12382980372733093
0.1266735602654493,0.1266735602654493
0.12950938546942456,0.12950938546942456
0.13233728685850196,0.13233728685850196
0.1351572719811133,0.1351572719811133
0.13796934841497888,0.13796934841497888
0.1407735237672034,0.1407735237672034
0.14356980567438013,0.14356980567438013
0.14635820180268586,0.14635820180268586
0.14913871984798818,0.14913871984798818
0.1519113675359412,0.1519113675359412
0.15467615262209325,0.15467615262209325
0.15743308289198432,0.15743308289198432
0.16018216616125566,0.16018216616125566
0.16292341027574644,0.16292341027574644
0.1656568231116064,0.1656568231116064
0.16838241257539419,0.16838241257539419
0.1711001866041887,0.1711001866041887
0.1738101531656905,0.1738101531656905
0.1765123202583346,0.1765123202583346
0.17920669591139296,0.17920669591139296
0.18189328818508663,0.18189328818508663
0.18457210517069206,0.18457210517069206
0.18724315499065391,0.18724315499065391
0.18990644579869112,0.18990644579869112
0.1925619857799129,0.1925619857799129
0.19520978315092527,0.19520978315092527
0.1978498461599482,0.1978498461599482
0.2004821830869234,0.2004821830869234
0.2031068022436337,0.2031068022436337
0.20572371197381084,0.20572371197381084
0.2083329206532568,0.2083329206532568
0.21093443668995376,0.21093443668995376
0.21352826852418574,0.21352826852418574
0.21611442462864908,0.21611442462864908
0.2186929135085773,0.2186929135085773
0.2212637437018531,0.2212637437018531
0.22382692377913282,0.22382692377913282
0.2263824623439599,0.2263824623439599
0.22893036803289254,0.22893036803289254
0.23147064951561747,0.23147064951561747
0.2340033154950787,0.2340033154950787
0.2365283747075937,0.2365283747075937
0.2390458359229826,0.2390458359229826
0.24155570794468595,0.24155570794468595
0.24405799960989655,0.24405799960989655
0.24655271978967677,0.24655271978967677
0.2490398773890932,0.2490398773890932
0.2515194813473355,0.2515194813473355
0.25399154063785073,0.25399154063785073
0.25645606426846673,0.25645606426846673
0.25891306128152614,0.25891306128152614
0.26136254075401005,0.26136254075401005
0.2638045117976757,0.2638045117976757
0.2662389835591815,0.2662389835591815
0.26866596522022473,0.26866596522022473
0.27108546599767,0.27108546599767
0.27349749514368676,0.27349749514368676
0.27590206194588,0.27590206194588
0.2782991757274302,0.2782991757274302
0.28068884584722475,0.28068884584722475
0.2830710816999994,0.2830710816999994
0.28544589271647075,0.28544589271647075
0.28781328836348186,0.28781328836348186
0.29017327814413285,0.29017327814413285
0.29252587159793103,0.29252587159793103
0.29487107830092235,0.29487107830092235
0.2972089078658408,0.2972089078658408
0.29953936994224567,0.29953936994224567
0.30186247421666995,0.30186247421666995
0.3041782304127594,0.3041782304127594
0.3064866482914237,0.3064866482914237
0.3087877376509765,0.3087877376509765
0.3110815083272882,0.3110815083272882
0.313367970193928,0.313367970193928
0.31564713316231985,0.31564713316231985
0.3179190071818821,0.3179190071818821
0.32018360224019005,0.32018360224019005
0.32244092836311533,0.32244092836311533
0.3246909956149885,0.3246909956149885
0.32693381409874345,0.32693381409874345
0.3291693939560799,0.3291693939560799
0.33139774536761013,0.33139774536761013
0.3336188785530223,0.3336188785530223
0.3358328037712311,0.3358328037712311
0.33803953132054176,0.33803953132054176
0.3402390715388016,0.3402390715388016
0.3424314348035662,0.3424314348035662
0.3446166315322578,0.3446166315322578
0.3467946721823246,0.3467946721823246
0.34896556725140526,0.34896556725140526
0.35112932727749385,0.35112932727749385
0.35328596283910374,0.35328596283910374
0.3554354845554297,0.3554354845554297
0.35757790308651727,0.35757790308651727
0.3597132291334317,0.3597132291334317
0.3618414734384247,0.3618414734384247
0.3639626467851027,0.3639626467851027
0.3660767599985974,0.3660767599985974
0.368183823945741,0.368183823945741
0.37028384953523685,0.37028384953523685
0.3723768477178296,0.3723768477178296
0.3744628294864833,0.3744628294864833
0.3765418058765587,0.3765418058765587
0.37861378796598744,0.37861378796598744
0.3806787868754484,0.3806787868754484
0.38273681376854907,0.38273681376854907
0.384787879852006,0.384787879852006
0.38683199637582594,0.38683199637582594
0.3888691746334843,0.3888691746334843
0.39089942596211136,0.39089942596211136
0.3929227617426782,0.3929227617426782
0.39493919340017997,0.39493919340017997
0.3969487324038211,0.3969487324038211
0.39895139026720766,0.39895139026720766
0.40094717854852974,0.40094717854852974
0.40293610885075987,0.40293610885075987
0.4049181928218347,0.4049181928218347
0.4068934421548567,0.4068934421548567
0.4088618685882793,0.4088618685882793
0.41082348390610923,0.41082348390610923
0.41277829993809545,0.41277829993809545
0.4147263285599326,0.4147263285599326
0.41666758169345286,0.41666758169345286
0.4186020713068327,0.4186020713068327
0.42052980941478557,0.42052980941478557
0.4224508080787726,0.4224508080787726
0.42436507940719753,0.42436507940719753
0.4262726355556175,0.4262726355556175
0.42817348872694433,0.42817348872694433
0.43006765117165513,0.43006765117165513
0.4319551351879971,0.4319551351879971
0.4338359531222009,0.4338359531222009
0.43571011736868615,0.43571011736868615
0.43757764037028113,0.43757764037028113
0.43943853461842713,0.43943853461842713
0.44129281265340253,0.44129281265340253
0.4431404870645293,0.4431404870645293
0.44498157049040105,0.44498157049040105
0.44681607561909054,0.44681607561909054
0.44864401518838015,0.44864401518838015
0.4504654019859752,0.4504654019859752
0.4522802488497329,0.4522802488497329
0.4540885686678805,0.4540885686678805
0.4558903743792497,0.4558903743792497
0.457685678973492,0.457685678973492
0.4594744954913197,0.4594744954913197
0.4612568370247249,0.4612568370247249
0.46303271671721885,0.46303271671721885
0.4648021477640588,0.4648021477640588
0.46656514341248795,0.46656514341248795
0.46832171696196445,0.46832171696196445
0.4700718817644064,0.4700718817644064
0.47181565122442165,0.47181565122442165
0.47355303879955796,0.47355303879955796
0.47528405800053397,0.47528405800053397
0.47700872239149256,0.47700872239149256
0.47872704559023704,0.47872704559023704
0.4804390412684846,0.4804390412684846
0.4821447231521073,0.4821447231521073
0.48384410502138825,0.48384410502138825
0.48553720071126627,0.48553720071126627
0.48722402411159416,0.48722402411159416
0.48890458916738705,0.48890458916738705
0.4905789098790848,0.4905789098790848
0.4922470003028024,0.4922470003028024
0.493908874550595,0.493908874550595
0.49556454679071427,0.49556454679071427
0.4972140312478745,0.4972140312478745
0.4988573422035111,0.4988573422035111
0.5004944939960543,0.5004944939960543
0.502125501021188,0.502125501021188
0.503750377732126,0.503750377732126
0.505369138639877,0.505369138639877
0.5069817983135231,0.5069817983135231
0.5085883713804864,0.5085883713804864
0.5101888725268151,0.5101888725268151
0.5117833164974499,0.5117833164974499
0.5133717180965156,0.5133717180965156
0.5149540921875903,0.5149540921875903
0.516530453694001,0.516530453694001
0.518100817599097,0.518100817599097
0.5196651989465462,0.5196651989465462
0.5212236128406172,0.5212236128406172
0.522776074446476,0.522776074446476
0.5243225989904707,0.5243225989904707
0.5258632017604359,0.5258632017604359
0.5273978981059784,0.5273978981059784
0.528926703438785,0.528926703438785
0.5304496332329148,0.5304496332329148
0.5319667030251085,0.5319667030251085
0.5334779284150855,0.5334779284150855
0.5349833250658569,0.5349833250658569
0.5364829087040269,0.5364829087040269
0.5379766951201098,0.5379766951201098
0.5394647001688351,0.5394647001688351
0.5409469397694688,0.5409469397694688
0.5424234299061231,0.5424234299061231
0.5438941866280809,0.5438941866280809
0.5453592260501096,0.5453592260501096
0.5468185643527915,0.5468185643527915
0.5482722177828404,0.5482722177828404
0.5497202026534362,0.5497202026534362
0.5511625353445458,0.5511625353445458
0.5525992323032636,0.5525992323032636
0.5540303100441347,0.5540303100441347
0.555455785149501,0.555455785149501
0.5568756742698276,0.5568756742698276
0.5582899941240548,0.5582899941240548
0.559698761499933,0.559698761499933
0.5611019932543669,0.5611019932543669
0.562499706313765,0.562499706313765
0.5638919176743911,0.5638919176743911
0.5652786444027116,0.5652786444027116
0.5666599036357505,0.5666599036357505
0.5680357125814453,0.5680357125814453
0.5694060885190088,0.5694060885190088
0.5707710487992892,0.5707710487992892
0.572130610845129,0.572130610845129
0.5734847921517349,0.5734847921517349
0.5748336102870484,0.5748336102870484
0.576177082892115,0.576177082892115
0.5775152276814536,0.5775152276814536
0.5788480624434362,0.5788480624434362
0.580175605040669,0.580175605040669
0.5814978734103698,0.5814978734103698
0.5828148855647508,0.5828148855647508
0.5841266595914069,0.5841266595914069
0.5854332136537069,0.5854332136537069
0.586734565991182,0.586734565991182
0.5880307349199193,0.5880307349199193
0.5893217388329606,0.5893217388329606
0.5906075962007024,0.5906075962007024
0.5918883255712992,0.5918883255712992
0.5931639455710656,0.5931639455710656
0.5944344749048845,0.5944344749048845
0.5956999323566229,0.5956999323566229
0.5969603367895417,0.5969603367895417
0.5982157071467099,0.5982157071467099
0.5994660624514272,0.5994660624514272
0.6007114218076475,0.6007114218076475
0.6019518044004034,0.6019518044004034
0.60318722949623,0.60318722949623
0.6044177164435992,0.6044177164435992
0.6056432846733579,0.6056432846733579
0.6068639536991596,0.6068639536991596
0.6080797431179046,0.6080797431179046
0.6092906726101841,0.6092906726101841
0.6104967619407311,0.6104967619407311
0.6116980309588653,0.6116980309588653
0.6128944995989447,0.6128944995989447
0.6140861878808233,0.6140861878808233
0.615273115910312,0.615273115910312
0.6164553038796398,0.6164553038796398
0.6176327720679147,0.6176327720679147
0.6188055408416017,0.6188055408416017
0.6199736306549836,0.6199736306549836
0.6211370620506492,0.6211370620506492
0.6222958556599584,0.6222958556599584
0.6234500322035381,0.6234500322035381
0.6245996124917554,0.6245996124917554
0.6257446174252177,0.6257446174252177
0.6268850679952553,0.6268850679952553
0.628020985284427,0.628020985284427
0.6291523904670094,0.6291523904670094
0.6302793048095124,0.6302793048095124
0.6314017496711728,0.6314017496711728
0.6325197465044771,0.6325197465044771
0.6336333168556649,0.6336333168556649
0.6347424823652565,0.6347424823652565
0.635847264768565,0.635847264768565
0.6369476858962297,0.6369476858962297
0.6380437676747398,0.6380437676747398
0.6391355321269709,0.6391355321269709
0.6402230013727177,0.6402230013727177
0.6413061976292406,0.6413061976292406
0.6423851432118026,0.6423851432118026
0.6434598605342274,0.6434598605342274
0.6445303721094406,0.6445303721094406
0.6455967005500389,0.6455967005500389
0.6466588685688375,0.6466588685688375
0.647716898979448,0.647716898979448
0.6487708146968355,0.6487708146968355
0.6498206387379016,0.6498206387379016
0.6508663942220524,0.6508663942220524
0.6519081043717897,0.6519081043717897
0.6529457925132874,0.6529457925132874
0.6539794820769899,0.6539794820769899
0.6550091965981986,0.6550091965981986
0.6560349597176796,0.6560349597176796
0.6570567951822576,0.6570567951822576
0.6580747268454321,0.6580747268454321
0.659088778667983,0.659088778667983
0.6600989747185942,0.6600989747185942
0.661105339174466,0.661105339174466
0.662107896321952,0.662107896321952
0.6631066705571791,0.6631066705571791
0.6641016863866938,0.6641016863866938
0.6650929684280906,0.6650929684280906
0.6660805414106701,0.6660805414106701
0.6670644301760745,0.6670644301760745
0.6680446596789574,0.6680446596789574
0.6690212549876301,0.6690212549876301
0.6699942412847367,0.6699942412847367
0.6709636438679146,0.6709636438679146
0.6719294881504801,0.6719294881504801
0.6728917996620963,0.6728917996620963
0.6738506040494686,0.6738506040494686
0.674805927077027,0.674805927077027
0.6757577946276296,0.6757577946276296
0.6767062327032533,0.6767062327032533
0.6776512674257118,0.6776512674257118
0.6785929250373548,0.6785929250373548
0.6795312319017972,0.6795312319017972
0.6804662145046312,0.6804662145046312
0.6813978994541624,0.6813978994541624
0.6823263134821367,0.6823263134821367
0.6832514834444859,0.6832514834444859
0.6841734363220704,0.6841734363220704
0.6850921992214274,0.6850921992214274
0.6860077993755271,0.6860077993755271
0.6869202641445437,0.6869202641445437
0.6878296210166166,0.6878296210166166
0.6887358976086231,0.6887358976086231
0.6896391216669621,0.6896391216669621
0.6905393210683433,0.6905393210683433
0.691436523820577,0.691436523820577
0.6923307580633701,0.6923307580633701
0.6932220520691338,0.6932220520691338
0.6941104342437985,0.6941104342437985
0.6949959331276282,0.6949959331276282
0.6958785773960433,0.6958785773960433
0.6967583958604522,0.6967583958604522
0.6976354174690914,0.6976354174690914
0.6985096713078707,0.6985096713078707
0.6993811866012153,0.6993811866012153
0.7002499927129299,0.7002499927129299
0.7011161191470656,0.7011161191470656
0.7019795955487854,0.7019795955487854
0.7028404517052431,0.7028404517052431
0.7036987175464677,0.7036987175464677
0.704554423146261,0.704554423146261
0.705407598723094,0.705407598723094
0.7062582746410083,0.7062582746410083
0.7071064814105342,0.7071064814105342
0.7079522496896162,0.7079522496896162
0.7087956102845371,0.7087956102845371
0.7096365941508499,0.7096365941508499
0.7104752323943268,0.7104752323943268
0.7113115562719132,0.7113115562719132
0.7121455971926828,0.7121455971926828
0.7129773867188008,0.7129773867188008
0.7138069565665041,0.7138069565665041
0.7146343386070855,0.7146343386070855
0.7154595648678795,0.7154595648678795
0.7162826675332624,0.7162826675332624
0.7171036789456584,0.7171036789456584
0.7179226316065604,0.7179226316065604
0.7187395581775486,0.7187395581775486
0.7195544914813221,0.7195544914813221
0.7203674645027393,0.7203674645027393
0.7211785103898718,0.7211785103898718
0.7219876624550609,0.7219876624550609
0.722794954175977,0.722794954175977
0.7236004191967024,0.7236004191967024
0.7244040913288161,0.7244040913288161
0.7252060045524857,0.7252060045524857
0.7260061930175654,0.7260061930175654
0.7268046910447112,0.7268046910447112
0.7276015331265087,0.7276015331265087
0.728396753928593,0.728396753928593
0.7291903882907939,0.7291903882907939
0.7299824712282834,0.7299824712282834
0.7307730379327403,0.7307730379327403
0.7315621237735127,0.7315621237735127
0.7323497642988002,0.7323497642988002
0.733135995236842,0.733135995236842
0.7339208524971174,0.7339208524971174
0.7347043721715574,0.7347043721715574
0.7354865905357534,0.7354865905357534
0.736267544050203,0.736267544050203
0.7370472693615359,0.7370472693615359
0.7378258033037774,0.7378258033037774
0.7386031828995997,0.7386031828995997
0.7393794453616028,0.7393794453616028
0.7401546280935914,0.7401546280935914
0.7409287686918786,0.7409287686918786
0.7417019049465787,0.7417019049465787
0.7424740748429393,0.7424740748429393
0.7432453165626567,0.7432453165626567
0.7440156684852275,0.7440156684852275
0.7447851691892894,0.7447851691892894
0.7455538574539967,0.7455538574539967
0.7463217722603824,0.7463217722603824
0.7470889527927601,0.7470889527927601
0.7478554384401095,0.7478554384401095
0.7486212687975028,0.7486212687975028
0.749386483667513,0.749386483667513
0.7501511230616701,0.7501511230616701
0.750915227201889,0.750915227201889
0.7516788365219527,0.7516788365219527
0.7524419916689715,0.7524419916689715
0.7532047335048836,0.7532047335048836
0.7539671031079442,0.7539671031079442
0.754729141774256,0.754729141774256
0.7554908910192819,0.7554908910192819
0.7562523925794018,0.7562523925794018
0.7570136884134541,0.7570136884134541
0.7577748207043211,0.7577748207043211
0.758535831860498,0.758535831860498
0.7592967645177044,0.7592967645177044
0.7600576615404857,0.7600576615404857
0.7608185660238528,0.7608185660238528
0.7615795212949085,0.7615795212949085
0.7623405709145218,0.7623405709145218
0.7631017586789841,0.7631017586789841
0.7638631286217105,0.7638631286217105
0.7646247250149266,0.7646247250149266
0.765386592371405,0.765386592371405
0.7661487754461817,0.7661487754461817
0.7669113192383198,0.7669113192383198
0.7676742689926638,0.7676742689926638
0.7684376702016332,0.7684376702016332
0.769201568607007,0.769201568607007
0.7699660102017555,0.7699660102017555
0.7707310412318548,0.7707310412318548
0.7714967081981524,0.7714967081981524
0.7722630578582166,0.7722630578582166
0.7730301372282359,0.7730301372282359
0.7737979935849059,0.7737979935849059
0.7745666744673604,0.7745666744673604
0.7753362276790965,0.7753362276790965
0.7761067012899403,0.7761067012899403
0.7768781436380083,0.7768781436380083
0.7776506033317128,0.7776506033317128
0.7784241292517594,0.7784241292517594
0.779198770553186,0.779198770553186
0.7799745766674038,0.7799745766674038
0.780751597304276,0.780751597304276
0.7815298824541906,0.7815298824541906
0.7823094823901859,0.7823094823901859
0.7830904476700594,0.7830904476700594
0.7838728291385314,0.7838728291385314
0.7846566779294084,0.7846566779294084
0.785442045467769,0.785442045467769
0.7862289834721751,0.7862289834721751
0.7870175439569109,0.7870175439569109
0.787807779234232,0.787807779234232
0.7885997419166343,0.7885997419166343
0.7893934849191581,0.7893934849191581
0.7901890614617089,0.7901890614617089
0.7909865250713984,0.7909865250713984
0.7917859295849031,0.7917859295849031
0.7925873291508555,0.7925873291508555
0.7933907782322629,0.7933907782322629
0.7941963316089341,0.7941963316089341
0.7950040443799394,0.7950040443799394
0.7958139719660938,0.7958139719660938
0.7966261701124662,0.7966261701124662
0.7974406948909157,0.7974406948909157
0.7982576027026392,0.7982576027026392
0.7990769502807579,0.7990769502807579
0.7998987946929339,0.7998987946929339
0.8007231933439952,0.8007231933439952
0.8015502039785986,0.8015502039785986
0.8023798846839164,0.8023798846839164
0.8032122938923574,0.8032122938923574
0.8040474903843013,0.8040474903843013
0.8048855332908684,0.8048855332908684
0.8057264820967174,0.8057264820967174
0.8065703966428764,0.8065703966428764
0.807417337129591,0.807417337129591
0.8082673641192053,0.8082673641192053
0.8091205385390796,0.8091205385390796
0.8099769216845307,0.8099769216845307
0.8108365752218049,0.8108365752218049
0.8116995611910766,0.8116995611910766
0.8125659420094828,0.8125659420094828
0.8134357804741902,0.8134357804741902
0.8143091397654922,0.8143091397654922
0.8151860834499308,0.8151860834499308
0.8160666754834563,0.8160666754834563
0.8169509802146324,0.8169509802146324
0.8178390623878513,0.8178390623878513
0.8187309871465918,0.8187309871465918
0.8196268200367189,0.8196268200367189
0.8205266270098118,0.8205266270098118
0.8214304744265276,0.8214304744265276
0.8223384290599917,0.8223384290599917
0.8232505580992366,0.8232505580992366
0.8241669291526791,0.8241669291526791
0.8250876102516173,0.8250876102516173
0.8260126698537748,0.8260126698537748
0.826942176846889,0.826942176846889
0.8278762005523245,0.8278762005523245
0.8288148107287389,0.8288148107287389
0.8297580775757686,0.8297580775757686
0.830706071737773,0.830706071737773
0.8316588643076116,0.8316588643076116
0.8326165268304627,0.8326165268304627
0.8335791313076747,0.8335791313076747
0.8345467502006694,0.8345467502006694
0.835519456434891,0.835519456434891
0.8364973234037852,0.8364973234037852
0.8374804249728263,0.8374804249728263
0.8384688354835894,0.8384688354835894
0.839462629757874,0.839462629757874
0.840461883101862,0.840461883101862
0.8414666713103185,0.8414666713103185
0.8424770706708541,0.8424770706708541
0.8434931579682232,0.8434931579682232
0.8445150104886736,0.8445150104886736
2.2622200172446227,2.2622200172446227
2.244878998646909,2.244878998646909
2.227425811306672,2.227425811306672
2.209863804095354,2.209863804095354
2.1921960735381703,2.1921960735381703
2.174425495241074,2.174425495241074
2.1565547500984508,2.1565547500984508
2.1385863463464947,2.1385863463464947
2.12052263827351,2.12052263827351
2.102365842212217,2.102365842212217
2.084118050302271,2.084118050302271
2.065781242407784,2.065781242407784
2.047357296496691,2.047357296496691
2.028847997728451,2.028847997728451
2.010255046450042,2.010255046450042
1.9915800652633617,1.9915800652633617
1.9728246052988103,1.9728246052988103
1.9539901518060088,1.9539901518060088
1.9350781291548316,1.9350781291548316
1.9160899053242995,1.9160899053242995
1.8970267959452531,1.8970267959452531
1.8778900679521993,1.8778900679521993
1.8586809428919588,1.8586809428919588
1.8394005999293217,1.8394005999293217
1.8200501785850776,1.8200501785850776
1.8006307812357871,1.8006307812357871
1.7811434754020006,1.7811434754020006
1.761589295847096,1.761589295847096
1.741969246506745,1.741969246506745
1.72228430226607,1.72228430226607
1.702535410599971,1.702535410599971
1.6827234930896395,1.6827234930896395
1.6628494468273818,1.6628494468273818
1.6429141457199492,1.6429141457199492
1.6229184416998663,1.6229184416998663
1.602863165852904,1.602863165852904
1.582749129469133,1.582749129469133
1.5625771250240907,1.5625771250240907
1.5423479270960847,1.5423479270960847
1.5220622932248293,1.5220622932248293
1.5017209647163412,1.5017209647163412
1.4813246673982183,1.4813246673982183
1.4608741123294369,1.4608741123294369
1.4403699964680081,1.4403699964680081
1.4198130032997698,1.4198130032997698
1.3992038034312664,1.3992038034312664
1.3785430551492954,1.3785430551492954
1.3578314049496285,1.3578314049496285
1.3370694880369127,1.3370694880369127
1.3162579287980893,1.3162579287980893
1.29539734125086,1.29539734125086
1.2744883294690998,1.2744883294690998
1.253531487986697,1.253531487986697
1.2325274021812058,1.2325274021812058
1.2114766486387563,1.2114766486387563
1.1903797955012791,1.1903797955012791
1.1692374027972958,1.1692374027972958
1.148050022757241,1.148050022757241
1.1268182001142728,1.1268182001142728
1.1055424723914928,1.1055424723914928
1.0842233701763497,1.0842233701763497
1.0628614173830613,1.0628614173830613
1.0414571315036838,1.0414571315036838
1.0200110238485003,1.0200110238485003
0.9985235997764637,0.9985235997764637
0.9769953589159766,0.9769953589159766
0.9554267953769813,0.9554267953769813
0.9338183979543553,0.9338183979543553
0.9121706503235183,0.9121706503235183
0.8904840312283451,0.8904840312283451
0.8687590146620519,0.8687590146620519
0.8469960700413068,0.8469960700413068
0.8251956623738277,0.8251956623738277
0.80335825242007,0.80335825242007
0.781484296849035,0.781484296849035
0.7595742483887395,0.7595742483887395
0.7376285559713924,0.7376285559713924
0.7156476648736945,0.7156476648736945
0.6936320168525043,0.6936320168525043
0.671582050276081,0.671582050276081
0.64949820025093,0.64949820025093
0.6273808987448977,0.6273808987448977
0.6052305747062618,0.6052305747062618
0.5830476541792446,0.5830476541792446
0.5608325604160616,0.5608325604160616
0.5385857139856896,0.5385857139856896
0.5163075328794697,0.5163075328794697
0.49399843261377363,0.49399843261377363
0.47165882632970835,0.47165882632970835
0.44928912489025663,0.44928912489025663
0.42688973697466004,0.42688973697466004
0.40446106917053015,0.40446106917053015
0.3820035260633663,0.3820035260633663
0.35951751032403045,0.35951751032403045
0.33700342279397866,0.33700342279397866
0.31446166256844243,0.31446166256844243
0.29189262707774155,0.29189262707774155
0.26929671216658946,0.26929671216658946
0.24667431217176095,0.24667431217176095
0.2240258199980012,0.2240258199980012
0.20135162719232547,0.20135162719232547
0.17865212401672892,0.17865212401672892
0.15592769951954288,0.15592769951954288
0.13317874160527232,0.13317874160527232
0.11040563710313123,0.11040563710313123
0.08760877183429194,0.08760877183429194
0.06478853067798163,0.06478853067798163
0.0419452976363246,0.0419452976363246
0.019079455898156183,0.019079455898156183
-0.003808612098303854,-0.003808612098303854
-0.026718524603612792,-0.026718524603612792
-0.0496499004964317,-0.0496499004964317
-0.07260235922358405,-0.07260235922358405
-0.0955755207410558,-0.0955755207410558
-0.11856900545576643,-0.11856900545576643
-0.14158243416816418,-0.14158243416816418
-0.1646154280154999,-0.1646154280154999
-0.18766760841579178,-0.18766760841579178
-0.2107385970125275,-0.2107385970125275
-0.2338280156198742,-0.2338280156198742
-0.25693548616844986,-0.25693548616844986
-0.28006063065188336,-0.28006063065188336
-0.30320307107348654,-0.30320307107348654
-0.3263624293937699,-0.3263624293937699
-0.34953832747821245,-0.34953832747821245
-0.37273038704551276,-0.37273038704551276
-0.3959382296161742,-0.3959382296161742
-0.41916147646151103,-0.41916147646151103
-0.4423997485529352,-0.4423997485529352
-0.46565266651157167,-0.46565266651157167
-0.48891985055815823,-0.48891985055815823
-0.5122009204631084,-0.5122009204631084
-0.5354954954969369,-0.5354954954969369
-0.5588031943807401,-0.5588031943807401
-0.582123635236961,-0.582123635236961
-0.6054564355401784,-0.6054564355401784
-0.6288012120681632,-0.6288012120681632
-0.6521575808529274,-0.6521575808529274
-0.6755251571318404,-0.6755251571318404
-0.6989035552989353,-0.6989035552989353
-0.7222923888560455,-0.7222923888560455
-0.7456912703640892,-0.7456912703640892
-0.7690998113943319,-0.7690998113943319
-0.7925176224795347,-0.7925176224795347
-0.8159443130650885,-0.8159443130650885
-0.8393794914601305,-0.8393794914601305
-0.8628227647884827,-0.8628227647884827
-0.8862737389394155,-0.8862737389394155
-0.9097320185184632,-0.9097320185184632
-0.9331972067978871,-0.9331972067978871
-0.956668905667037,-0.956668905667037
-0.9801467155825083,-0.9801467155825083
-1.0036302355180826,-1.0036302355180826
-1.0271190629143643,-1.0271190629143643
-1.0506127936282557,-1.0506127936282557
-1.074111021882059,-1.074111021882059
-1.0976133402122858,-1.0976133402122858
-1.1211193394181915,-1.1211193394181915
-1.1446286085099242,-1.1446286085099242
-1.1681407346562818,-1.1681407346562818
-1.1916553031321566,-1.1916553031321566
-1.2151718972655043,-1.2151718972655043
-1.238690098383902,-1.238690098383902
-1.2622094857607031,-1.2622094857607031
-1.2857296365606086,-1.2857296365606086
-1.3092501257848834,-1.3092501257848834
-1.3327705262159597,-1.3327705262159597
-1.3562904083615521,-1.3562904083615521
-1.3798093403981841,-1.3798093403981841
-1.4033268881141758,-1.4033268881141758
-1.4268426148519584,-1.4268426148519584
-1.450356081449872,-1.450356081449872
-1.4738668461832098,-1.4738668461832098
-1.4973744647046239,-1.4973744647046239
-1.5208784899839127,-1.5208784899839127
-1.544378472246919,-1.544378472246919
-1.567873958913884,-1.567873958913884
-1.591364494536867,-1.591364494536867
-1.6148496207364875,-1.6148496207364875
-1.6383288761377734,-1.6383288761377734
-1.661801796305184,-1.661801796305184
-1.6852679136768263,-1.6852679136768263
-1.7087267574975922,-1.7087267574975922
-1.7321778537516597,-1.7321778537516597
-1.7556207250936868,-1.7556207250936868
-1.7790548907793688,-1.7790548907793688
-1.8024798665946928,-1.8024798665946928
-1.8258951647843755,-1.8258951647843755
-1.8493002939790255,-1.8493002939790255
-1.8726947591214262,-1.8726947591214262
-1.8960780613914352,-1.8960780613914352
-1.919449698129938,-1.919449698129938
-1.9428091627614492,-1.9428091627614492
-1.9661559447155366,-1.9661559447155366
-1.989489529347031,-1.989489529347031
-2.012809397854764,-2.012809397854764
-2.0361150271991297,-2.0361150271991297
-2.0594058900181995,-2.0594058900181995
-2.0826814545424392,-2.0826814545424392
-2.1059411845079152,-2.1059411845079152
-2.129184539068068,-2.129184539068068
-2.152410972703863,-2.152410972703863
-2.17561993513256,-2.17561993513256
-2.1988108712145182,-2.1988108712145182
-2.2219832208587107,-2.2219832208587107
-2.245136418926199,-2.245136418926199
-2.2682698951320965,-2.2682698951320965
-2.2913830739455534,-2.2913830739455534
-2.314475374487973,-2.314475374487973
-2.337546210429301,-2.337546210429301
-2.360594989882273,-2.360594989882273
-2.3836211152948437,-2.3836211152948437
-2.406623983340295,-2.406623983340295
-2.429602984805414,-2.429602984805414
-2.4525575044763803,-2.4525575044763803
-2.4754869210224824,-2.4754869210224824
-2.498390606877421,-2.498390606877421
-2.5212679281183465,-2.5212679281183465
-2.5441182443424406,-2.5441182443424406
-2.5669409085409685,-2.5669409085409685
-2.5897352669706883,-2.5897352669706883
-2.612500659022845,-2.612500659022845
-2.635236417089188,-2.635236417089188
-2.6579418664253085,-2.6579418664253085
-2.6806163250111865,-2.6806163250111865
-2.703259103408655,-2.703259103408655
-2.725869504615896,-2.725869504615896
-2.748446823918804,-2.748446823918804
-2.7709903487391765,-2.7709903487391765
-2.793499358479556,-2.793499358479556
-2.81597312436471,-2.81597312436471
-2.838410909279661,-2.838410909279661
-2.860811967604028,-2.860811967604028
-2.883175545042832,-2.883175545042832
-2.905500878453333,-2.905500878453333
-2.927787195668113,-2.927787195668113
-2.950033715314076,-2.950033715314076
-2.972239646627309,-2.972239646627309
-2.994404189263678,-2.994404189263678
-3.0165265331051527,-3.0165265331051527
-3.038605858061441,-3.038605858061441
-3.060641333867176,-3.060641333867176
-3.0826321198741624,-3.0826321198741624
-3.104577364838857,-3.104577364838857
-3.1264762067046394,-3.1264762067046394
-3.1483277723789245,-3.1483277723789245
-3.1701311775050405,-3.1701311775050405
-3.191885526228252,-3.191885526228252
-3.213589910956375,-3.213589910956375
-3.2352434121144027,-3.2352434121144027
-3.256845097893013,-3.256845097893013
-3.278394023991005,-3.278394023991005
-3.2998892333509904,-3.2998892333509904
-3.321329755888831,-3.321329755888831
-3.3427146082159522,-3.3427146082159522
-3.3640427933546597,-3.3640427933546597
-3.3853133004462395,-3.3853133004462395
-3.406525104451452,-3.406525104451452
-3.4276771658433667,-3.4276771658433667
-3.448768430292141,-3.448768430292141
-3.469797828341516,-3.469797828341516
-3.4907642750768497,-3.4907642750768497
-3.5116666697843026,-3.5116666697843026
-3.5325038956010175,-3.5325038956010175
-3.5532748191557317,-3.5532748191557317
-3.573978290199908,-3.573978290199908
-3.5946131412286944,-3.5946131412286944
-3.6151781870916704,-3.6151781870916704
-3.635672224592688,-3.635672224592688
-3.6560940320788555,-3.6560940320788555
-3.6764423690180585,-3.6764423690180585
-3.696715975564519,-3.696715975564519
-3.7169135721122686,-3.7169135721122686
-3.737033858835918,-3.737033858835918
-3.757075515218463,-3.757075515218463
-3.7770371995651875,-3.7770371995651875
-3.7969175485040427,-3.7969175485040427
-3.8167151764712104,-3.8167151764712104
-3.8364286751816437,-3.8364286751816437
-3.8560566130842275,-3.8560566130842275
-3.8755975348006455,-3.8755975348006455
-3.8950499605476168,-3.8950499605476168
-3.9144123855419135,-3.9144123855419135
-3.9336832793872984,-3.9336832793872984
-3.9528610854430157,-3.9528610854430157
-3.971944220172845,-3.971944220172845
-3.990931072474371,-3.990931072474371
-4.009820002987295,-4.009820002987295
-4.0286093433804435,-4.0286093433804435
-4.047297395616225,-4.047297395616225
-4.065882431192104,-4.065882431192104
-4.084362690357873,-4.084362690357873
-4.102736381307961,-4.102736381307961
-4.121001679347834,-4.121001679347834
-4.13915672603329,-4.13915672603329
-4.157199628281804,-4.157199628281804
-4.17512845745473,-4.17512845745473
-4.192941248409124,-4.192941248409124
-4.210635998518026,-4.210635998518026
-4.228210666658094,-4.228210666658094
-4.245663172162821,-4.245663172162821
-4.26299139374057,-4.26299139374057
-4.2801931683552485,-4.2801931683552485
-4.297266290068759,-4.297266290068759
-4.31420850884317,-4.31420850884317
-4.331017529300993,-4.331017529300993
-4.3476910094419585,-4.3476910094419585
-4.364226559314434,-4.364226559314434
-4.380621739639087,-4.380621739639087
-4.396874060383544,-4.396874060383544
-4.412980979284942,-4.412980979284942
-4.428939900319022,-4.428939900319022
-4.444748172112718,-4.444748172112718
-4.460403086297949,-4.460403086297949
-4.475901875804152,-4.475901875804152
-4.4912417130864695,-4.4912417130864695
-4.506419708286946,-4.506419708286946
-4.521432907325355,-4.521432907325355
-4.536278289916745,-4.536278289916745
-4.550952767512019,-4.550952767512019
-4.5654531811581025,-4.5654531811581025
-4.5797762992735676,-4.5797762992735676
-4.593918815336315,-4.593918815336315
-4.607877345478316,-4.607877345478316
-4.621648425983534,-4.621648425983534
-4.635228510683806,-4.635228510683806
-4.648613968248072,-4.648613968248072
-4.661801079359214,-4.661801079359214
-4.674786033773471,-4.674786033773471
-4.687564927255683,-4.687564927255683
-4.700133758384706,-4.700133758384706
-4.71248842522211,-4.71248842522211
-4.724624721836911,-4.724624721836911
-4.736538334678986,-4.736538334678986
-4.748224838793067,-4.748224838793067
-4.759679693864981,-4.759679693864981
-4.770898240090841,-4.770898240090841
-4.781875693859859,-4.781875693859859
-4.792607143240493,-4.792607143240493
-4.803087543258831,-4.803087543258831
-4.81331171095814,-4.81331171095814
-4.823274320226625,-4.823274320226625
-4.832969896380799,-4.832969896380799
-4.842392810490037,-4.842392810490037
-4.851537273427617,-4.851537273427617
-4.860397329631867,-4.860397329631867
-4.868966850560855,-4.868966850560855
-4.877239527821763,-4.877239527821763
-4.885208865955755,-4.885208865955755
-4.892868174857038,-4.892868174857038
-4.900210561803987,-4.900210561803987
-4.907228923077873,-4.907228923077873
-4.913915935143563,-4.913915935143563
-4.920264045364145,-4.920264045364145
-4.926265462219898,-4.926265462219898
-4.931912144999109,-4.931912144999109
-4.93719579292656,-4.93719579292656
-4.942107833691794,-4.942107833691794
-4.946639411337734,-4.946639411337734
-4.950781373465497,-4.950781373465497
-4.954524257709209,-4.954524257709209
-4.9578582774296285,-4.9578582774296285
-4.960773306572295,-4.960773306572295
-4.96325886363048,-4.96325886363048
-4.9653040946487845,-4.9653040946487845
-4.966897755197761,-4.966897755197761
-4.968028191243448,-4.968028191243448
-4.968683318829991,-4.968683318829991
-4.968850602485174,-4.968850602485174
-4.968517032251746,-4.968517032251746
-4.967669099237908,-4.967669099237908
-4.966292769570807,-4.966292769570807
-4.964373456626311,-4.964373456626311
-4.961895991395859,-4.961895991395859
-4.958844590838666,-4.958844590838666
-4.955202824052449,-4.955202824052449
-4.950953576079201,-4.950953576079201
-4.94607900914528,-4.94607900914528
-4.940560521113647,-4.940560521113647
-4.934378700904578,-4.934378700904578
-4.927513280614756,-4.927513280614756
-4.919943084036872,-4.919943084036872
-4.911645971250139,-4.911645971250139
-4.902598778915596,-4.902598778915596
-4.892777255870559,-4.892777255870559
-4.882155993570113,-4.882155993570113
-4.870708350873281,-4.870708350873281
-4.858406372611829,-4.858406372611829
-4.8452207013152,-4.8452207013152
-4.831120481388016,-4.831120481388016
-4.8160732549528324,-4.8160732549528324
-4.800044848471768,-4.800044848471768
-4.782999249149195,-4.782999249149195
-4.76489846998937,-4.76489846998937
-4.745702402235337,-4.745702402235337
-4.725368653745463,-4.725368653745463
-4.703852371666727,-4.703852371666727
-4.681106047537371,-4.681106047537371
-4.657079302685952,-4.657079302685952
-4.631718651485775,-4.631718651485775
-4.604967239663598,-4.604967239663598
-4.576764554438782,-4.576764554438782
-4.547046102772041,-4.547046102772041
-4.515743053416893,-4.515743053416893
-4.482781837772347,-4.482781837772347
-4.448083703709369,-4.448083703709369
-4.411564215559127,-4.411564215559127
-4.373132692270818,-4.373132692270818
-4.332691574327058,-4.332691574327058
-4.2901357082891085,-4.2901357082891085
-4.245351535762173,-4.245351535762173
-4.198216171030358,-4.198216171030358
-4.148596348496881,-4.148596348496881
-4.096347217225423,-4.096347217225423
-4.04131095512143,-4.04131095512143
-3.9833151693570192,-3.9833151693570192
-3.922171042198089,-3.922171042198089
-3.8576711719848307,-3.8576711719848307
-3.7895870470514597,-3.7895870470514597
-3.7176660750298938,-3.7176660750298938
-3.6416280701623043,-3.6416280701623043
-3.5611610754160594,-3.5611610754160594
-3.4759163622223532,-3.4759163622223532
-3.3855024055404206,-3.3855024055404206
-3.2894775713892384,-3.2894775713892384
-3.187341171779744,-3.187341171779744
-3.0785224290042796,-3.0785224290042796
-2.9623667339026483,-2.9623667339026483
-2.8381183604131133,-2.8381183604131133
-2.7048984795937656,-2.7048984795937656
-2.561676850186556,-2.561676850186556
-2.4072348688450425,-2.4072348688450425
-2.2401166078530883,-2.2401166078530883
-2.058562825022747,-2.058562825022747
-1.8604203033042532,-1.8604203033042532
-1.6430145494499362,-1.6430145494499362
-1.4029665027337939,-1.4029665027337939
-1.1359208223065722,-1.1359208223065722
-0.8361290382045543,-0.8361290382045543
-0.49578326933458605,-0.49578326933458605
-0.10389671413798363,-0.10389671413798363
0.3556982344428179,0.3556982344428179
0.9082279488063039,0.9082279488063039
1.5963395316267284,1.5963395316267284
2.501099315872866,2.501099315872866
3.808951461748734,3.808951461748734
6.149114366111672,6.149114366111672
