-6.999669641257922,-6.999669641257922
-6.993524460050955,-6.993524460050955
-6.986184620231659,-6.986184620231659
-6.978321963741698,-6.978321963741698
-6.970117529056558,-6.970117529056558
-6.961659920518296,-6.961659920518296
-6.953002084876404,-6.953002084876404
-6.9441793134254,-6.9441793134254
-6.935216836568021,-6.935216836568021
-6.926133598996889,-6.926133598996889
-6.916944352667008,-6.916944352667008
-6.90766091201263,-6.90766091201263
-6.898292952959262,-6.898292952959262
-6.888848545942874,-6.888848545942874
-6.879334525218722,-6.879334525218722
-6.869756752879095,-6.869756752879095
-6.860120312632605,-6.860120312632605
-6.850429655260059,-6.850429655260059
-6.840688709934259,-6.840688709934259
-6.8309009708675665,-6.8309009708675665
-6.821069565766566,-6.821069565766566
-6.8111973106324255,-6.8111973106324255
-6.8012867541509,-6.8012867541509
-6.791340214032749,-6.791340214032749
-6.7813598070506105,-6.7813598070506105
-6.771347474082655,-6.771347474082655
-6.761305001159444,-6.761305001159444
-6.751234037280919,-6.751234037280919
-6.741136109600354,-6.741136109600354
-6.731012636444395,-6.731012636444395
-6.720864938541534,-6.720864938541534
-6.710694248756929,-6.710694248756929
-6.700501720574016,-6.700501720574016
-6.6902884355182906,-6.6902884355182906
-6.680055409683241,-6.680055409683241
-6.66980359949019,-6.66980359949019
-6.659533906791256,-6.659533906791256
-6.64924718340653,-6.64924718340653
-6.638944235171732,-6.638944235171732
-6.628625825560676,-6.628625825560676
-6.618292678936925,-6.618292678936925
-6.6079454834809175,-6.6079454834809175
-6.597584893832071,-6.597584893832071
-6.58721153347972,-6.58721153347972
-6.576825996932072,-6.576825996932072
-6.566428851688316,-6.566428851688316
-6.556020640035768,-6.556020640035768
-6.545601880691013,-6.545601880691013
-6.535173070301613,-6.535173070301613
-6.524734684822885,-6.524734684822885
-6.51428718078248,-6.51428718078248
-6.503830996443965,-6.503830996443965
-6.493366552879288,-6.493366552879288
-6.482894254958872,-6.482894254958872
-6.472414492267122,-6.472414492267122
-6.461927639950192,-6.461927639950192
-6.451434059502221,-6.451434059502221
-6.440934099495476,-6.440934099495476
-6.43042809625933,-6.43042809625933
-6.4199163745125,-6.4199163745125
-6.409399247952462,-6.409399247952462
-6.398877019805646,-6.398877019805646
-6.388349983341588,-6.388349983341588
-6.3778184223539744,-6.3778184223539744
-6.367282611611161,-6.367282611611161
-6.356742817278599,-6.356742817278599
-6.3461992973152785,-6.3461992973152785
-6.335652301846189,-6.335652301846189
-6.325102073512574,-6.325102073512574
-6.314548847801594,-6.314548847801594
-6.303992853356916,-6.303992853356916
-6.293434312271575,-6.293434312271575
-6.28287344036436,-6.28287344036436
-6.27231044744084,-6.27231044744084
-6.261745537540146,-6.261745537540146
-6.251178909168393,-6.251178909168393
-6.240610755519681,-6.240610755519681
-6.230041264685479,-6.230041264685479
-6.219470619853147,-6.219470619853147
-6.208898999494279,-6.208898999494279
-6.1983265775435274,-6.1983265775435274
-6.187753523568496,-6.187753523568496
-6.17718000293125,-6.17718000293125
-6.1666061769419525,-6.1666061769419525
-6.15603220300512,-6.15603220300512
-6.145458234758896,-6.145458234758896
-6.134884422207801,-6.134884422207801
-6.124310911849302,-6.124310911849302
-6.1137378467945656,-6.1137378467945656
-6.10316536688374,-6.10316536688374
-6.0925936087960535,-6.0925936087960535
-6.082022706155023,-6.082022706155023
-6.071452789629042,-6.071452789629042
-6.06088398702761,-6.06088398702761
-6.0503164233934115,-6.0503164233934115
-6.0397502210904905,-6.0397502210904905
-6.029185499888714,-6.029185499888714
-6.01862237704472,-6.01862237704472
-6.0080609673795236,-6.0080609673795236
-5.99750138335297,-5.99750138335297
-5.986943735135171,-5.986943735135171
-5.976388130675097,-5.976388130675097
-5.965834675766443,-5.965834675766443
-5.955283474110924,-5.955283474110924
-5.94473462737911,-5.94473462737911
-5.934188235268919,-5.934188235268919
-5.9236443955618965,-5.9236443955618965
-5.913103204177359,-5.913103204177359
-5.902564755224519,-5.902564755224519
-5.89202914105269,-5.89202914105269
-5.881496452299634,-5.881496452299634
-5.870966777938171,-5.870966777938171
-5.860440205321089,-5.860440205321089
-5.849916820224476,-5.849916820224476
-5.839396706889501,-5.839396706889501
-5.828879948062728,-5.828879948062728
-5.818366625035047,-5.818366625035047
-5.807856817679249,-5.807856817679249
-5.797350604486316,-5.797350604486316
-5.786848062600497,-5.786848062600497
-5.776349267853184,-5.776349267853184
-5.765854294795678,-5.765854294795678
-5.755363216730866,-5.755363216730866
-5.744876105743858,-5.744876105743858
-5.734393032731625,-5.734393032731625
-5.723914067431696,-5.723914067431696
-5.7134392784499255,-5.7134392784499255
-5.702968733287372,-5.702968733287372
-5.692502498366356,-5.692502498366356
-5.682040639055684,-5.682040639055684
-5.671583219695085,-5.671583219695085
-5.6611303036189256,-5.6611303036189256
-5.650681953179169,-5.650681953179169
-5.64023822976765,-5.64023822976765
-5.629799193837697,-5.629799193837697
-5.619364904925079,-5.619364904925079
-5.608935421668356,-5.608935421668356
-5.598510801828619,-5.598510801828619
-5.588091102308661,-5.588091102308661
-5.577676379171585,-5.577676379171585
-5.56726668765889,-5.56726668765889
-5.556862082208018,-5.556862082208018
-5.546462616469428,-5.546462616469428
-5.536068343323177,-5.536068343323177
-5.525679314895033,-5.525679314895033
-5.515295582572152,-5.515295582572152
-5.504917197018319,-5.504917197018319
-5.49454420818876,-5.49454420818876
-5.48417666534457,-5.48417666534457
-5.47381461706674,-5.47381461706674
-5.463458111269809,-5.463458111269809
-5.453107195215152,-5.453107195215152
-5.442761915523917,-5.442761915523917
-5.432422318189626,-5.432422318189626
-5.422088448590431,-5.422088448590431
-5.411760351501082,-5.411760351501082
-5.401438071104544,-5.401438071104544
-5.3911216510033615,-5.3911216510033615
-5.380811134230695,-5.380811134230695
-5.370506563261104,-5.370506563261104
-5.360207980021048,-5.360207980021048
-5.349915425899126,-5.349915425899126
-5.339628941756057,-5.339628941756057
-5.329348567934432,-5.329348567934432
-5.319074344268199,-5.319074344268199
-5.308806310091947,-5.308806310091947
-5.298544504249935,-5.298544504249935
-5.288288965104932,-5.288288965104932
-5.278039730546819,-5.278039730546819
-5.2677968380010105,-5.2677968380010105
-5.257560324436658,-5.257560324436658
-5.24733022637467,-5.24733022637467
-5.2371065798955385,-5.2371065798955385
-5.226889420646993,-5.226889420646993
-5.216678783851466,-5.216678783851466
-5.206474704313397,-5.206474704313397
-5.196277216426363,-5.196277216426363
-5.186086354180046,-5.186086354180046
-5.17590215116705,-5.17590215116705
-5.165724640589562,-5.165724640589562
-5.1555538552658575,-5.1555538552658575
-5.145389827636673,-5.145389827636673
-5.135232589771424,-5.135232589771424
-5.125082173374304,-5.125082173374304
-5.114938609790232,-5.114938609790232
-5.104801930010678,-5.104801930010678
-5.094672164679373,-5.094672164679373
-5.084549344097876,-5.084549344097876
-5.0744334982310395,-5.0744334982310395
-5.064324656712344,-5.064324656712344
-5.054222848849137,-5.054222848849137
-5.044128103627743,-5.044128103627743
-5.034040449718481,-5.034040449718481
-5.023959915480568,-5.023959915480568
-5.01388652896693,-5.01388652896693
-5.003820317928901,-5.003820317928901
-4.993761309820838,-4.993761309820838
-4.983709531804636,-4.983709531804636
-4.973665010754152,-4.973665010754152
-4.963627773259535,-4.963627773259535
-4.953597845631488,-4.953597845631488
-4.943575253905407,-4.943575253905407
-4.933560023845483,-4.933560023845483
-4.923552180948687,-4.923552180948687
-4.9135517504487,-4.9135517504487
-4.903558757319745,-4.903558757319745
-4.8935732262803615,-4.8935732262803615
-4.883595181797105,-4.883595181797105
-4.8736246480881595,-4.8736246480881595
-4.8636616491268985,-4.8636616491268985
-4.853706208645365,-4.853706208645365
-4.843758350137705,-4.843758350137705
-4.833818096863499,-4.833818096863499
-4.823885471851074,-4.823885471851074
-4.8139604979007204,-4.8139604979007204
-4.804043197587862,-4.804043197587862
-4.794133593266173,-4.794133593266173
-4.784231707070623,-4.784231707070623
-4.774337560920474,-4.774337560920474
-4.764451176522222,-4.764451176522222
-4.754572575372486,-4.754572575372486
-4.74470177876084,-4.74470177876084
-4.734838807772595,-4.734838807772595
-4.724983683291536,-4.724983683291536
-4.7151364260026,-4.7151364260026
-4.7052970563945165,-4.7052970563945165
-4.6954655947624,-4.6954655947624
-4.685642061210282,-4.685642061210282
-4.675826475653618,-4.675826475653618
-4.66601885782174,-4.66601885782174
-4.656219227260266,-4.656219227260266
-4.64642760333347,-4.64642760333347
-4.6366440052266125,-4.6366440052266125
-4.626868451948228,-4.626868451948228
-4.617100962332371,-4.617100962332371
-4.607341555040829,-4.607341555040829
-4.597590248565294,-4.597590248565294
-4.587847061229498,-4.587847061229498
-4.578112011191312,-4.578112011191312
-4.568385116444816,-4.568385116444816
-4.558666394822319,-4.558666394822319
-4.5489558639963645,-4.5489558639963645
-4.539253541481682,-4.539253541481682
-4.529559444637132,-4.529559444637132
-4.519873590667589,-4.519873590667589
-4.510195996625818,-4.510195996625818
-4.500526679414309,-4.500526679414309
-4.490865655787082,-4.490865655787082
-4.4812129423514655,-4.4812129423514655
-4.471568555569846,-4.471568555569846
-4.461932511761386,-4.461932511761386
-4.45230482710372,-4.45230482710372
-4.442685517634618,-4.442685517634618
-4.433074599253625,-4.433074599253625
-4.423472087723673,-4.423472087723673
-4.4138779986726755,-4.4138779986726755
-4.404292347595081,-4.404292347595081
-4.394715149853416,-4.394715149853416
-4.385146420679803,-4.385146420679803
-4.3755861751774425,-4.3755861751774425
-4.3660344283220915,-4.3660344283220915
-4.356491194963497,-4.356491194963497
-4.346956489826831,-4.346956489826831
-4.337430327514079,-4.337430327514079
-4.327912722505434,-4.327912722505434
-4.31840368916064,-4.31840368916064
-4.308903241720342,-4.308903241720342
-4.299411394307401,-4.299411394307401
-4.289928160928188,-4.289928160928188
-4.280453555473866,-4.280453555473866
-4.270987591721648,-4.270987591721648
-4.2615302833360476,-4.2615302833360476
-4.252081643870084,-4.252081643870084
-4.2426416867664996,-4.2426416867664996
-4.233210425358944,-4.233210425358944
-4.223787872873142,-4.223787872873142
-4.214374042428047,-4.214374042428047
-4.204968947036975,-4.204968947036975
-4.195572599608726,-4.195572599608726
-4.186185012948685,-4.186185012948685
-4.176806199759911,-4.176806199759911
-4.167436172644208,-4.167436172644208
-4.158074944103177,-4.158074944103177
-4.148722526539266,-4.148722526539266
-4.139378932256788,-4.139378932256788
-4.130044173462937,-4.130044173462937
-4.120718262268783,-4.120718262268783
-4.111401210690258,-4.111401210690258
-4.102093030649125,-4.102093030649125
-4.0927937339739335,-4.0927937339739335
-4.083503332400965,-4.083503332400965
-4.074221837575159,-4.074221837575159
-4.064949261051029,-4.064949261051029
-4.055685614293575,-4.055685614293575
-4.0464309086791665,-4.0464309086791665
-4.037185155496427,-4.037185155496427
-4.027948365947103,-4.027948365947103
-4.018720551146913,-4.018720551146913
-4.0095017221264,-4.0095017221264
-4.000291889831758,-4.000291889831758
-3.9910910651256613,-3.9910910651256613
-3.9818992587880664,-3.9818992587880664
-3.9727164815170175,-3.9727164815170175
-3.9635427439294357,-3.9635427439294357
-3.9543780565618936,-3.9543780565618936
-3.9452224298713903,-3.9452224298713903
-3.936075874236103,-3.936075874236103
-3.9269383999561396,-3.9269383999561396
-3.9178100172542756,-3.9178100172542756
-3.908690736276683,-3.908690736276683
-3.89958056709365,-3.89958056709365
-3.890479519700291,-3.890479519700291
-3.8813876040172475,-3.8813876040172475
-3.8723048298913776,-3.8723048298913776
-3.863231207096443,-3.863231207096443
-3.8541667453337793,-3.8541667453337793
-3.8451114542329643,-3.8451114542329643
-3.8360653433524727,-3.8360653433524727
-3.827028422180324,-3.827028422180324
-3.8180007001347276,-3.8180007001347276
-3.8089821865647084,-3.8089821865647084
-3.7999728907507375,-3.7999728907507375
-3.790972821905342,-3.790972821905342
-3.781981989173722,-3.781981989173722
-3.7730004016343424,-3.7730004016343424
-3.764028068299534,-3.764028068299534
-3.7550649981160746,-3.7550649981160746
-3.746111199965772,-3.746111199965772
-3.7371666826660324,-3.7371666826660324
-3.7282314549704285,-3.7282314549704285
-3.719305525569254,-3.719305525569254
-3.7103889030900774,-3.7103889030900774
-3.701481596098283,-3.701481596098283
-3.692583613097614,-3.692583613097614
-3.683694962530696,-3.683694962530696
-3.674815652779569,-3.674815652779569
-3.665945692166202,-3.665945692166202
-3.6570850889530035,-3.6570850889530035
-3.6482338513433334,-3.6482338513433334
-3.6393919874819964,-3.6393919874819964
-3.6305595054557394,-3.6305595054557394
-3.621736413293739,-3.621736413293739
-3.6129227189680844,-3.6129227189680844
-3.604118430394251,-3.604118430394251
-3.595323555431576,-3.595323555431576
-3.5865381018837192,-3.5865381018837192
-3.5777620774991266,-3.5777620774991266
-3.5689954899714813,-3.5689954899714813
-3.5602383469401575,-3.5602383469401575
-3.5514906559906585,-3.5514906559906585
-3.54275242465506,-3.54275242465506
-3.5340236604124433,-3.5340236604124433
-3.525304370689322,-3.525304370689322
-3.516594562860068,-3.516594562860068
-3.5078942442473267,-3.5078942442473267
-3.4992034221224375,-3.4992034221224375
-3.4905221037058367,-3.4905221037058367
-3.4818502961674653,-3.4818502961674653
-3.473188006627169,-3.473188006627169
-3.4645352421550935,-3.4645352421550935
-3.455892009772075,-3.455892009772075
-3.447258316450027,-3.447258316450027
-3.4386341691123223,-3.4386341691123223
-3.4300195746341733,-3.4300195746341733
-3.421414539843002,-3.421414539843002
-3.412819071518813,-3.412819071518813
-3.4042331763945564,-3.4042331763945564
-3.3956568611564895,-3.3956568611564895
-3.387090132444536,-3.387090132444536
-3.378532996852639,-3.378532996852639
-3.3699854609291076,-3.3699854609291076
-3.3614475311769665,-3.3614475311769665
-3.3529192140542947,-3.3529192140542947
-3.3444005159745656,-3.3444005159745656
-3.33589144330698,-3.33589144330698
-3.3273920023768,-3.3273920023768
-3.3189021994656707,-3.3189021994656707
-3.310422040811947,-3.310422040811947
-3.3019515326110174,-3.3019515326110174
-3.2934906810156104,-3.2934906810156104
-3.28503949213612,-3.28503949213612
-3.276597972040906,-3.276597972040906
-3.268166126756605,-3.268166126756605
-3.2597439622684337,-3.2597439622684337
-3.251331484520487,-3.251331484520487
-3.242928699416035,-3.242928699416035
-3.2345356128178193,-3.2345356128178193
-3.226152230548338,-3.226152230548338
-3.217778558390141,-3.217778558390141
-3.209414602086108,-3.209414602086108
-3.2010603673397307,-3.2010603673397307
-3.192715859815395,-3.192715859815395
-3.184381085138652,-3.184381085138652
-3.176056048896494,-3.176056048896494
-3.1677407566376226,-3.1677407566376226
-3.159435213872715,-3.159435213872715
-3.1511394260746894,-3.1511394260746894
-3.1428533986789673,-3.1428533986789673
-3.1345771370837303,-3.1345771370837303
-3.126310646650178,-3.126310646650178
-3.1180539327027783,-3.1180539327027783
-3.1098070005295217,-3.1098070005295217
-3.1015698553821682,-3.1015698553821682
-3.093342502476493,-3.093342502476493
-3.0851249469925284,-3.0851249469925284
-3.0769171940748063,-3.0769171940748063
-3.0687192488325965,-3.0687192488325965
-3.0605311163401385,-3.0605311163401385
-3.0523528016368844,-3.0523528016368844
-3.044184309727717,-3.044184309727717
-3.0360256455831887,-3.0360256455831887
-3.027876814139745,-3.027876814139745
-3.019737820299946,-3.019737820299946
-3.011608668932689,-3.011608668932689
-3.003489364873435,-3.003489364873435
-2.995379912924414,-2.995379912924414
-2.9872803178548515,-2.9872803178548515
-2.979190584401173,-2.979190584401173
-2.9711107172672224,-2.9711107172672224
-2.963040721124466,-2.963040721124466
-2.9549806006122,-2.9549806006122
-2.9469303603377557,-2.9469303603377557
-2.9388900048767055,-2.9388900048767055
-2.9308595387730576,-2.9308595387730576
-2.9228389665394583,-2.9228389665394583
-2.9148282926573894,-2.9148282926573894
-2.9068275215773607,-2.9068275215773607
-2.898836657719106,-2.898836657719106
-2.8908557054717723,-2.8908557054717723
-2.8828846691941075,-2.8828846691941075
-2.8749235532146513,-2.8749235532146513
-2.866972361831918,-2.866972361831918
-2.859031099314581,-2.859031099314581
-2.8510997699016567,-2.8510997699016567
-2.843178377802681,-2.843178377802681
-2.8352669271978916,-2.8352669271978916
-2.827365422238402,-2.827365422238402
-2.819473867046378,-2.819473867046378
-2.8115922657152086,-2.8115922657152086
-2.8037206223096827,-2.8037206223096827
-2.7958589408661547,-2.7958589408661547
-2.7880072253927146,-2.7880072253927146
-2.7801654798693543,-2.7801654798693543
-2.772333708248133,-2.772333708248133
-2.7645119144533417,-2.7645119144533417
-2.756700102381664,-2.756700102381664
-2.7488982759023384,-2.7488982759023384
-2.7411064388573143,-2.7411064388573143
-2.733324595061413,-2.733324595061413
-2.7255527483024826,-2.7255527483024826
-2.717790902341551,-2.717790902341551
-2.7100390609129796,-2.7100390609129796
-2.7022972277246167,-2.7022972277246167
-2.694565406457947,-2.694565406457947
-2.6868436007682397,-2.6868436007682397
-2.6791318142846965,-2.6791318142846965
-2.6714300506105966,-2.6714300506105966
-2.663738313323444,-2.663738313323444
-2.656056605975108,-2.656056605975108
-2.648384932091966,-2.648384932091966
-2.640723295175046,-2.640723295175046
-2.633071698700164,-2.633071698700164
-2.625430146118064,-2.625430146118064
-2.617798640854551,-2.617798640854551
-2.61017718631063,-2.61017718631063
-2.60256578586264,-2.60256578586264
-2.594964442862388,-2.594964442862388
-2.587373160637276,-2.587373160637276
-2.5797919424904374,-2.5797919424904374
-2.5722207917008633,-2.5722207917008633
-2.564659711523531,-2.564659711523531
-2.557108705189532,-2.557108705189532
-2.549567775906198,-2.549567775906198
-2.542036926857223,-2.542036926857223
-2.5345161612027916,-2.5345161612027916
-2.5270054820796957,-2.5270054820796957
-2.519504892601462,-2.519504892601462
-2.512014395858467,-2.512014395858467
-2.5045339949180607,-2.5045339949180607
-2.4970636928246788,-2.4970636928246788
-2.489603492599966,-2.489603492599966
-2.482153397242889,-2.482153397242889
-2.4747134097298504,-2.4747134097298504
-2.4672835330148044,-2.4672835330148044
-2.459863770029368,-2.459863770029368
-2.452454123682936,-2.452454123682936
-2.4450545968627866,-2.4450545968627866
-2.4376651924341965,-2.4376651924341965
-2.4302859132405454,-2.4302859132405454
-2.4229167621034273,-2.4229167621034273
-2.4155577418227536,-2.4155577418227536
-2.4082088551768646,-2.4082088551768646
-2.4008701049226273,-2.4008701049226273
-2.3935414937955453,-2.3935414937955453
-2.386223024509859,-2.386223024509859
-2.378914699758648,-2.378914699758648
-2.3716165222139325,-2.3716165222139325
-2.3643284945267764,-2.3643284945267764
-2.3570506193273806,-2.3570506193273806
-2.3497828992251866,-2.3497828992251866
-2.342525336808973,-2.342525336808973
-2.33527793464695,-2.33527793464695
-2.328040695286861,-2.328040695286861
-2.3208136212560704,-2.3208136212560704
-2.3135967150616614,-2.3135967150616614
-2.3063899791905316,-2.3063899791905316
-2.299193416109482,-2.299193416109482
-2.2920070282653087,-2.2920070282653087
-2.284830818084897,-2.284830818084897
-2.277664787975309,-2.277664787975309
-2.270508940323873,-2.270508940323873
-2.263363277498272,-2.263363277498272
-2.256227801846633,-2.256227801846633
-2.2491025156976123,-2.2491025156976123
-2.2419874213604825,-2.2419874213604825
-2.234882521125217,-2.234882521125217
-2.227787817262576,-2.227787817262576
-2.2207033120241895,-2.2207033120241895
-2.2136290076426404,-2.2136290076426404
-2.206564906331547,-2.206564906331547
-2.1995110102856454,-2.1995110102856454
-2.1924673216808688,-2.1924673216808688
-2.185433842674431,-2.185433842674431
-2.1784105754049023,-2.1784105754049023
-2.171397521992291,-2.171397521992291
-2.164394684538119,-2.164394684538119
-2.157402065125501,-2.157402065125501
-2.150419665819222,-2.150419665819222
-2.143447488665812,-2.143447488665812
-2.1364855356936214,-2.1364855356936214
-2.1295338089128966,-2.1295338089128966
-2.122592310315854,-2.122592310315854
-2.115661041876752,-2.115661041876752
-2.108740005551966,-2.108740005551966
-2.1018292032800594,-2.1018292032800594
-2.0949286369818543,-2.0949286369818543
-2.088038308560505,-2.088038308560505
-2.081158219901564,-2.081158219901564
-2.0742883728730566,-2.0742883728730566
-2.067428769325546,-2.067428769325546
-2.0605794110922044,-2.0605794110922044
-2.0537402999888785,-2.0537402999888785
-2.0469114378141584,-2.0469114378141584
-2.040092826349444,-2.040092826349444
-2.0332844673590085,-2.0332844673590085
-2.0264863625900698,-2.0264863625900698
-2.0196985137728487,-2.0196985137728487
-2.0129209226206366,-2.0129209226206366
-2.0061535908298587,-2.0061535908298587
-1.9993965200801371,-1.9993965200801371
-1.9926497120343547,-1.9926497120343547
-1.9859131683387132,-1.9859131683387132
-1.9791868906228,-1.9791868906228
-1.9724708804996454,-1.9724708804996454
-1.965765139565783,-1.965765139565783
-1.9590696694013123,-1.9590696694013123
-1.9523844715699552,-1.9523844715699552
-1.9457095476191164,-1.9457095476191164
-1.939044899079941,-1.939044899079941
-1.9323905274673723,-1.9323905274673723
-1.9257464342802095,-1.9257464342802095
-1.9191126210011644,-1.9191126210011644
-1.9124890890969155,-1.9124890890969155
-1.905875840018168,-1.905875840018168
-1.8992728751997041,-1.8992728751997041
-1.8926801960604425,-1.8926801960604425
-1.8860978040034884,-1.8860978040034884
-1.87952570041619,-1.87952570041619
-1.8729638866701899,-1.8729638866701899
-1.8664123641214807,-1.8664123641214807
-1.8598711341104537,-1.8598711341104537
-1.8533401979619524,-1.8533401979619524
-1.8468195569853247,-1.8468195569853247
-1.8403092124744733,-1.8403092124744733
-1.8338091657079048,-1.8338091657079048
-1.8273194179487808,-1.8273194179487808
-1.8208399704449674,-1.8208399704449674
-1.8143708244290857,-1.8143708244290857
-1.8079119811185553,-1.8079119811185553
-1.8014634417156505,-1.8014634417156505
-1.79502520740754,-1.79502520740754
-1.7885972793663398,-1.7885972793663398
-1.782179658749157,-1.782179658749157
-1.7757723466981377,-1.7757723466981377
-1.7693753443405127,-1.7693753443405127
-1.7629886527886423,-1.7629886527886423
-1.756612273140063,-1.756612273140063
-1.750246206477531,-1.750246206477531
-1.7438904538690667,-1.7438904538690667
-1.7375450163679986,-1.7375450163679986
-1.7312098950130081,-1.7312098950130081
-1.7248850908281703,-1.7248850908281703
-1.7185706048229983,-1.7185706048229983
-1.7122664379924848,-1.7122664379924848
-1.7059725913171455,-1.7059725913171455
-1.6996890657630581,-1.6996890657630581
-1.6934158622819049,-1.6934158622819049
-1.6871529818110136,-1.6871529818110136
-1.6809004252733981,-1.6809004252733981
-1.674658193577796,-1.674658193577796
-1.668426287618711,-1.668426287618711
-1.6622047082764517,-1.6622047082764517
-1.6559934564171683,-1.6559934564171683
-1.6497925328928937,-1.6497925328928937
-1.6436019385415794,-1.6436019385415794
-1.6374216741871344,-1.6374216741871344
-1.6312517406394635,-1.6312517406394635
-1.6250921386945012,-1.6250921386945012
-1.6189428691342516,-1.6189428691342516
-1.6128039327268224,-1.6128039327268224
-1.6066753302264634,-1.6066753302264634
-1.6005570623735985,-1.6005570623735985
-1.594449129894864,-1.594449129894864
-1.5883515335031413,-1.5883515335031413
-1.5822642738975934,-1.5822642738975934
-1.5761873517636982,-1.5761873517636982
-1.5701207677732807,-1.5701207677732807
-1.56406452258455,-1.56406452258455
-1.5580186168421286,-1.5580186168421286
-1.551983051177089,-1.551983051177089
-1.5459578262069829,-1.5459578262069829
-1.539942942535875,-1.539942942535875
-1.5339384007543753,-1.5339384007543753
-1.5279442014396691,-1.5279442014396691
-1.5219603451555501,-1.5219603451555501
-1.515986832452449,-1.515986832452449
-1.5100236638674658,-1.5100236638674658
-1.5040708399243996,-1.5040708399243996
-1.4981283611337783,-1.4981283611337783
-1.4921962279928882,-1.4921962279928882
-1.486274440985803,-1.486274440985803
-1.4803630005834147,-1.4803630005834147
-1.4744619072434593,-1.4744619072434593
-1.4685711614105466,-1.4685711614105466
-1.4626907635161888,-1.4626907635161888
-1.4568207139788285,-1.4568207139788285
-1.450961013203864,-1.450961013203864
-1.4451116615836783,-1.4451116615836783
-1.4392726594976661,-1.4392726594976661
-1.4334440073122605,-1.4334440073122605
-1.4276257053809567,-1.4276257053809567
-1.4218177540443409,-1.4218177540443409
-1.4160201536301151,-1.4160201536301151
-1.4102329044531232,-1.4102329044531232
-1.4044560068153737,-1.4044560068153737
-1.3986894610060674,-1.3986894610060674
-1.3929332673016204,-1.3929332673016204
-1.387187425965689,-1.387187425965689
-1.3814519372491934,-1.3814519372491934
-1.375726801390341,-1.375726801390341
-1.3700120186146507,-1.3700120186146507
-1.3643075891349763,-1.3643075891349763
-1.3586135131515278,-1.3586135131515278
-1.3529297908518954,-1.3529297908518954
-1.347256422411072,-1.347256422411072
-1.3415934079914735,-1.3415934079914735
-1.3359407477429637,-1.3359407477429637
-1.3302984418028723,-1.3302984418028723
-1.3246664902960184,-1.3246664902960184
-1.3190448933347325,-1.3190448933347325
-1.313433651018874,-1.313433651018874
-1.307832763435854,-1.307832763435854
-1.3022422306606558,-1.3022422306606558
-1.2966620527558532,-1.2966620527558532
-1.291092229771632,-1.291092229771632
-1.285532761745808,-1.285532761745808
-1.2799836487038472,-1.2799836487038472
-1.2744448906588852,-1.2744448906588852
-1.2689164876117436,-1.2689164876117436
-1.2633984395509517,-1.2633984395509517
-1.2578907464527618,-1.2578907464527618
-1.2523934082811687,-1.2523934082811687
-1.2469064249879278,-1.2469064249879278
-1.2414297965125718,-1.2414297965125718
-1.2359635227824275,-1.2359635227824275
-1.230507603712634,-1.230507603712634
-1.2250620392061589,-1.2250620392061589
-1.219626829153814,-1.219626829153814
-1.214201973434273,-1.214201973434273
-1.208787471914087,-1.208787471914087
-1.2033833244476997,-1.2033833244476997
-1.197989530877464,-1.197989530877464
-1.1926060910336558,-1.1926060910336558
-1.1872330047344912,-1.1872330047344912
-1.18187027178614,-1.18187027178614
-1.1765178919827397,-1.1765178919827397
-1.1711758651064117,-1.1711758651064117
-1.1658441909272743,-1.1658441909272743
-1.1605228692034568,-1.1605228692034568
-1.155211899681113,-1.155211899681113
-1.1499112820944355,-1.1499112820944355
-1.1446210161656685,-1.1446210161656685
-1.1393411016051205,-1.1393411016051205
-1.1340715381111772,-1.1340715381111772
-1.1288123253703153,-1.1288123253703153
-1.123563463057112,-1.123563463057112
-1.1183249508342616,-1.1183249508342616
-1.1130967883525824,-1.1130967883525824
-1.1078789752510327,-1.1078789752510327
-1.1026715111567191,-1.1026715111567191
-1.0974743956849105,-1.0974743956849105
-1.0922876284390461,-1.0922876284390461
-1.0871112090107495,-1.0871112090107495
-1.0819451369798374,-1.0819451369798374
-1.07678941191433,-1.07678941191433
-1.071644033370461,-1.071644033370461
-1.0665090008926905,-1.0665090008926905
-1.0613843140137096,-1.0613843140137096
-1.0562699722544546,-1.0562699722544546
-1.0511659751241145,-1.0511659751241145
-1.046072322120139,-1.046072322120139
-1.0409890127282504,-1.0409890127282504
-1.03591604642245,-1.03591604642245
-1.0308534226650254,-1.0308534226650254
-1.0258011409065642,-1.0258011409065642
-1.020759200585955,-1.020759200585955
-1.015727601130401,-1.015727601130401
-1.0107063419554256,-1.0107063419554256
-1.005695422464879,-1.005695422464879
-1.0006948420509458,-1.0006948420509458
-0.9957046000941551,-0.9957046000941551
-0.9907246959633819,-0.9907246959633819
-0.9857551290158595,-0.9857551290158595
-0.9807958985971813,-0.9807958985971813
-0.9758470040413105,-0.9758470040413105
-0.9709084446705837,-0.9709084446705837
-0.9659802197957192,-0.9659802197957192
-0.9610623287158204,-0.9610623287158204
-0.956154770718383,-0.956154770718383
-0.9512575450792985,-0.9512575450792985
-0.9463706510628621,-0.9463706510628621
-0.9414940879217745,-0.9414940879217745
-0.9366278548971487,-0.9366278548971487
-0.9317719512185136,-0.9317719512185136
-0.9269263761038181,-0.9269263761038181
-0.9220911287594372,-0.9220911287594372
-0.9172662083801733,-0.9172662083801733
-0.9124516141492611,-0.9124516141492611
-0.9076473452383717,-0.9076473452383717
-0.9028534008076148,-0.9028534008076148
-0.898069780005543,-0.898069780005543
-0.8932964819691542,-0.8932964819691542
-0.8885335058238946,-0.8885335058238946
-0.8837808506836603,-0.8837808506836603
-0.8790385156508018,-0.8790385156508018
-0.8743064998161242,-0.8743064998161242
-0.8695848022588901,-0.8695848022588901
-0.8648734220468216,-0.8648734220468216
-0.8601723582361022,-0.8601723582361022
-0.8554816098713768,-0.8554816098713768
-0.8508011759857542,-0.8508011759857542
-0.846131055600809,-0.846131055600809
-0.8414712477265808,-0.8414712477265808
-0.8368217513615753,-0.8368217513615753
-0.8321825654927657,-0.8321825654927657
-0.8275536890955921,-0.8275536890955921
-0.8229351211339633,-0.8229351211339633
-0.8183268605602539,-0.8183268605602539
-0.8137289063153069,-0.8137289063153069
-0.809141257328432,-0.809141257328432
-0.8045639125174052,-0.8045639125174052
-0.7999968707884684,-0.7999968707884684
-0.7954401310363272,-0.7954401310363272
-0.7908936921441524,-0.7908936921441524
-0.786357552983576,-0.786357552983576
-0.781831712414691,-0.781831712414691
-0.7773161692860493,-0.7773161692860493
-0.7728109224346609,-0.7728109224346609
-0.7683159706859906,-0.7683159706859906
-0.7638313128539562,-0.7638313128539562
-0.7593569477409263,-0.7593569477409263
-0.7548928741377179,-0.7548928741377179
-0.7504390908235936,-0.7504390908235936
-0.7459955965662581,-0.7459955965662581
-0.7415623901218554,-0.7415623901218554
-0.7371394702349658,-0.7371394702349658
-0.732726835638603,-0.732726835638603
-0.7283244850542083,-0.7283244850542083
-0.7239324171916498,-0.7239324171916498
-0.7195506307492807,-0.7195506307492807
-0.7151791244136774,-0.7151791244136774
-0.7108178968600226,-0.7108178968600226
-0.7064669467518426,-0.7064669467518426
-0.702126272741068,-0.702126272741068
-0.6977958734680273,-0.6977958734680273
-0.6934757475614426,-0.6934757475614426
-0.6891658936384238,-0.6891658936384238
-0.6848663103044651,-0.6848663103044651
-0.6805769961534369,-0.6805769961534369
-0.6762979497675815,-0.6762979497675815
-0.6720291697175064,-0.6720291697175064
-0.6677706545621785,-0.6677706545621785
-0.663522402848919,-0.663522402848919
-0.659284413113394,-0.659284413113394
-0.6550566838796108,-0.6550566838796108
-0.6508392136599097,-0.6508392136599097
-0.6466320009549572,-0.6466320009549572
-0.6424350442537381,-0.6424350442537381
-0.6382483420335493,-0.6382483420335493
-0.6340718927599923,-0.6340718927599923
-0.6299056948869645,-0.6299056948869645
-0.6257497468566512,-0.6257497468566512
-0.6216040470995189,-0.6216040470995189
-0.6174685940343061,-0.6174685940343061
-0.613343386068015,-0.613343386068015
-0.6092284215959027,-0.6092284215959027
-0.6051236990014729,-0.6051236990014729
-0.6010292166564667,-0.6010292166564667
-0.5969449729208537,-0.5969449729208537
-0.5928709661428222,-0.5928709661428222
-0.5888071946587699,-0.5888071946587699
-0.5847536567932949,-0.5847536567932949
-0.5807103508591845,-0.5807103508591845
-0.5766772751574073,-0.5766772751574073
-0.5726544279771,-0.5726544279771
-0.5686418075955607,-0.5686418075955607
-0.5646394122782348,-0.5646394122782348
-0.5606472402787073,-0.5606472402787073
-0.5566652898386889,-0.5566652898386889
-0.5526935591880088,-0.5526935591880088
-0.5487320465445986,-0.5487320465445986
-0.5447807501144862,-0.5447807501144862
-0.5408396680917791,-0.5408396680917791
-0.5369087986586568,-0.5369087986586568
-0.532988139985356,-0.532988139985356
-0.5290776902301605,-0.5290776902301605
-0.5251774475393864,-0.5251774475393864
-0.5212874100473732,-0.5212874100473732
-0.5174075758764672,-0.5174075758764672
-0.5135379431370121,-0.5135379431370121
-0.5096785099273329,-0.5096785099273329
-0.5058292743337256,-0.5058292743337256
-0.5019902344304414,-0.5019902344304414
-0.49816138827967527,-0.49816138827967527
-0.4943427339315499,-0.4943427339315499
-0.4905342694241042,-0.4905342694241042
-0.48673599278327684,-0.48673599278327684
-0.48294790202289445,-0.48294790202289445
-0.4791699951446547,-0.4791699951446547
-0.475402270138114,-0.475402270138114
-0.4716447249806702,-0.4716447249806702
-0.4678973576375505,-0.4678973576375505
-0.4641601660617935,-0.4641601660617935
-0.460433148194235,-0.460433148194235
-0.4567163019634935,-0.4567163019634935
-0.4530096252859532,-0.4530096252859532
-0.4493131160657478,-0.4493131160657478
-0.44562677219474545,-0.44562677219474545
-0.4419505915525322,-0.4419505915525322
-0.4382845720063955,-0.4382845720063955
-0.4346287114113071,-0.4346287114113071
-0.4309830076099068,-0.4309830076099068
-0.42734745843248517,-0.42734745843248517
-0.4237220616969675,-0.4237220616969675
-0.4201068152088939,-0.4201068152088939
-0.41650171676140424,-0.41650171676140424
-0.4129067641352193,-0.4129067641352193
-0.4093219550986235,-0.4093219550986235
-0.4057472874074453,-0.4057472874074453
-0.40218275880504084,-0.40218275880504084
-0.39862836702227433,-0.39862836702227433
-0.3950841097774999,-0.3950841097774999
-0.39154998477654235,-0.39154998477654235
-0.3880259897126778,-0.3880259897126778
-0.38451212226661574,-0.38451212226661574
-0.3810083801064788,-0.3810083801064788
-0.3775147608877828,-0.3775147608877828
-0.37403126225341754,-0.37403126225341754
-0.3705578818336268,-0.3705578818336268
-0.36709461724598846,-0.36709461724598846
-0.3636414660953931,-0.3636414660953931
-0.360198425974024,-0.360198425974024
-0.3567654944613376,-0.3567654944613376
-0.3533426691240409,-0.3533426691240409
-0.34992994751607076,-0.34992994751607076
-0.34652732717857304,-0.34652732717857304
-0.34313480563988114,-0.34313480563988114
-0.33975238041549427,-0.33975238041549427
-0.3363800490080546,-0.3363800490080546
-0.3330178089073266,-0.3330178089073266
-0.329665657590174,-0.329665657590174
-0.3263235925205379,-0.3263235925205379
-0.32299161114941305,-0.32299161114941305
-0.31966971091482577,-0.31966971091482577
-0.31635788924181124,-0.31635788924181124
-0.31305614354239003,-0.31305614354239003
-0.30976447121554357,-0.30976447121554357
-0.3064828696471922,-0.3064828696471922
-0.30321133621017016,-0.30321133621017016
-0.29994986826420245,-0.29994986826420245
-0.29669846315587955,-0.29669846315587955
-0.2934571182186336,-0.2934571182186336
-0.29022583077271424,-0.29022583077271424
-0.2870045981251631,-0.2870045981251631
-0.2837934175697888,-0.2837934175697888
-0.2805922863871418,-0.2805922863871418
-0.27740120184448913,-0.27740120184448913
-0.2742201611957893,-0.2742201611957893
-0.2710491616816649,-0.2710491616816649
-0.2678882005293776,-0.2678882005293776
-0.2647372749528027,-0.2647372749528027
-0.261596382152401,-0.261596382152401
-0.25846551931519307,-0.25846551931519307
-0.2553446836147322,-0.2553446836147322
-0.2522338722110777,-0.2522338722110777
-0.24913308225076725,-0.24913308225076725
-0.24604231086678904,-0.24604231086678904
-0.24296155517855483,-0.24296155517855483
-0.23989081229187165,-0.23989081229187165
-0.23683007929891414,-0.23683007929891414
-0.23377935327819532,-0.23377935327819532
-0.23073863129453856,-0.23073863129453856
-0.22770791039904908,-0.22770791039904908
-0.22468718762908504,-0.22468718762908504
-0.22167646000822774,-0.22167646000822774
-0.2186757245462522,-0.2186757245462522
-0.21568497823909857,-0.21568497823909857
-0.21270421806884168,-0.21270421806884168
-0.2097334410036607,-0.2097334410036607
-0.20677264399780867,-0.20677264399780867
-0.20382182399158374,-0.20382182399158374
-0.20088097791129647,-0.20088097791129647
-0.1979501026692397,-0.1979501026692397
-0.19502919516365763,-0.19502919516365763
-0.19211825227871435,-0.19211825227871435
-0.1892172708844623,-0.1892172708844623
-0.18632624783680993,-0.18632624783680993
-0.1834451799774901,-0.1834451799774901
-0.18057406413402854,-0.18057406413402854
-0.17771289711971028,-0.17771289711971028
-0.17486167573354705,-0.17486167573354705
-0.17202039676024494,-0.17202039676024494
-0.16918905697017103,-0.16918905697017103
-0.16636765311932006,-0.16636765311932006
-0.1635561819492806,-0.1635561819492806
-0.16075464018720095,-0.16075464018720095
-0.15796302454575603,-0.15796302454575603
-0.15518133172311238,-0.15518133172311238
-0.15240955840289352,-0.15240955840289352
-0.14964770125414517,-0.14964770125414517
-0.14689575693130116,-0.14689575693130116
-0.14415372207414723,-0.14415372207414723
-0.14142159330778573,-0.14142159330778573
-0.13869936724259951,-0.13869936724259951
-0.13598704047421756,-0.13598704047421756
-0.1332846095834771,-0.1332846095834771
-0.13059207113638763,-0.13059207113638763
-0.1279094216840944,-0.1279094216840944
-0.12523665776284232,-0.12523665776284232
-0.12257377589393656,-0.12257377589393656
-0.11992077258370806,-0.11992077258370806
-0.11727764432347297,-0.11727764432347297
-0.11464438758949763,-0.11464438758949763
-0.11202099884295724,-0.11202099884295724
-0.10940747452990117,-0.10940747452990117
-0.10680381108121062,-0.10680381108121062
-0.10421000491256209,-0.10421000491256209
-0.10162605242438796,-0.10162605242438796
-0.09905195000183666,-0.09905195000183666
-0.09648769401473263,-0.09648769401473263
-0.09393328081753681,-0.09393328081753681
-0.0913887067493073,-0.0913887067493073
-0.08885396813365791,-0.08885396813365791
-0.08632906127871748,-0.08632906127871748
-0.08381398247708914,-0.08381398247708914
-0.08130872800580981,-0.08130872800580981
-0.07881329412630811,-0.07881329412630811
-0.07632767708436206,-0.07632767708436206
-0.07385187311005803,-0.07385187311005803
-0.0713858784177485,-0.0713858784177485
-0.06892968920600927,-0.06892968920600927
-0.06648330165759611,-0.06648330165759611
-0.06404671193940224,-0.06404671193940224
-0.061619916202415755,-0.061619916202415755
-0.05920291058167498,-0.05920291058167498
-0.05679569119622472,-0.05679569119622472
-0.05439825414907223,-0.05439825414907223
-0.05201059552714335,-0.05201059552714335
-0.049632711401237366,-0.049632711401237366
-0.04726459782598189,-0.04726459782598189
-0.04490625083978748,-0.04490625083978748
-0.0425576664648029,-0.0425576664648029
-0.040218840706869124,-0.040218840706869124
-0.03788976955547236,-0.03788976955547236
-0.03557044898369823,-0.03557044898369823
-0.03326087494818582,-0.03326087494818582
-0.03096104338908008,-0.03096104338908008
-0.02867095022998399,-0.02867095022998399
-0.02639059137791207,-0.02639059137791207
-0.024119962723242284,-0.024119962723242284
-0.021859060139667878,-0.021859060139667878
-0.019607879484148737,-0.019607879484148737
-0.01736641659686277,-0.01736641659686277
-0.01513466730115759,-0.01513466730115759
-0.012912627403500403,-0.012912627403500403
-0.010700292693428813,-0.010700292693428813
-0.008497658943500514,-0.008497658943500514
-0.006304721909244087,-0.006304721909244087
-0.0041214773291076015,-0.0041214773291076015
-0.0019479209244079745,-0.0019479209244079745
0.00021595160072013274,0.00021595160072013274
0.0023701445593749663,0.0023701445593749663
0.004514662281940221,0.004514662281940221
0.006649509116137886,0.006649509116137886
0.008774689427077383,0.008774689427077383
0.010890207597312795,0.010890207597312795
0.012996068026891416,0.012996068026891416
0.015092275133411038,0.015092275133411038
0.0171788333520693,0.0171788333520693
0.01925574713572246,0.01925574713572246
0.021323020954934248,0.021323020954934248
0.023380659298035903,0.023380659298035903
0.0254286666711764,0.0254286666711764
0.027467047598381495,0.027467047598381495
0.029495806621605607,0.029495806621605607
0.03151494830079124,0.03151494830079124
0.03352447721392313,0.03352447721392313
0.035524397957084286,0.035524397957084286
0.037514715144515424,0.037514715144515424
0.03949543340866873,0.03949543340866873
0.04146655740026925,0.04146655740026925
0.04342809178836918,0.04342809178836918
0.045380041260409065,0.045380041260409065
0.04732241052227393,0.04732241052227393
0.04925520429835471,0.04925520429835471
0.05117842733160488,0.05117842733160488
0.05309208438360272,0.05309208438360272
0.05499618023460871,0.05499618023460871
0.05689071968362907,0.05689071968362907
0.05877570754847217,0.05877570754847217
0.06065114866581432,0.06065114866581432
0.0625170478912572,0.0625170478912572
0.06437341009939315,0.06437341009939315
0.066220240183863,0.066220240183863
0.06805754305742381,0.06805754305742381
0.06988532365200714,0.06988532365200714
0.07170358691878523,0.07170358691878523
0.07351233782823255,0.07351233782823255
0.07531158137019264,0.07531158137019264
0.07710132255393855,0.07710132255393855
0.0788815664082416,0.0788815664082416
0.08065231798143303,0.08065231798143303
0.08241358234147275,0.08241358234147275
0.08416536457601227,0.08416536457601227
0.08590766979246345,0.08590766979246345
0.08764050311806294,0.08764050311806294
0.08936386969994152,0.08936386969994152
0.09107777470518924,0.09107777470518924
0.09278222332092606,0.09278222332092606
0.09447722075436628,0.09447722075436628
0.09616277223289178,0.09616277223289178
0.09783888300411661,0.09783888300411661
0.09950555833596043,0.09950555833596043
0.1011628035167146,0.1011628035167146
0.10281062385511643,0.10281062385511643
0.10444902468041523,0.10444902468041523
0.10607801134244867,0.10607801134244867
0.10769758921170922,0.10769758921170922
0.10930776367942045,0.10930776367942045
0.11090854015760529,0.11090854015760529
0.11249992407916302,0.11249992407916302
0.11408192089793875,0.11408192089793875
0.11565453608879964,0.11565453608879964
0.11721777514770698,0.11721777514770698
0.11877164359179306,0.11877164359179306
0.12031614695943295,0.12031614695943295
0.12185129081032346,0.12185129081032346
0.1233770807255556,0.1233770807255556
0.12489352230769375,0.12489352230769375
0.12640062118084927,0.12640062118084927
0.1278983829907615,0.1278983829907615
0.12938681340487085,0.12938681340487085
0.13086591811240128,0.13086591811240128
0.13233570282443508,0.13233570282443508
0.1337961732739952,0.1337961732739952
0.13524733521612092,0.13524733521612092
0.13668919442795183,0.13668919442795183
0.13812175670880442,0.13812175670880442
0.13954502788025672,0.13954502788025672
0.14095901378622494,0.14095901378622494
0.14236372029305058,0.14236372029305058
0.14375915328957733,0.14375915328957733
0.14514531868723896,0.14514531868723896
0.14652222242013793,0.14652222242013793
0.14788987044513316,0.14788987044513316
0.14924826874192004,0.14924826874192004
0.15059742331312015,0.15059742331312015
0.15193734018436078,0.15193734018436078
0.15326802540436638,0.15326802540436638
0.1545894850450394,0.1545894850450394
0.1559017252015514,0.1559017252015514
0.15720475199242692,0.15720475199242692
0.1584985715596346,0.1584985715596346
0.15978319006867092,0.15978319006867092
0.16105861370865424,0.16105861370865424
0.16232484869240896,0.16232484869240896
0.1635819012565596,0.1635819012565596
0.16482977766161805,0.16482977766161805
0.16606848419207687,0.16606848419207687
0.16729802715649778,0.16729802715649778
0.1685184128876072,0.1685184128876072
0.16972964774238522,0.16972964774238522
0.17093173810216178,0.17093173810216178
0.17212469037270675,0.17212469037270675
0.17330851098432853,0.17330851098432853
0.17448320639196305,0.17448320639196305
0.17564878307527568,0.17564878307527568
0.17680524753875046,0.17680524753875046
0.17795260631179158,0.17795260631179158
0.17909086594881674,0.17909086594881674
0.1802200330293577,0.1802200330293577
0.18134011415815493,0.18134011415815493
0.18245111596526045,0.18245111596526045
0.1835530451061325,0.1835530451061325
0.1846459082617397,0.1846459082617397
0.1857297121386573,0.1857297121386573
0.18680446346917315,0.18680446346917315
0.1878701690113831,0.1878701690113831
0.18892683554930023,0.18892683554930023
0.18997446989295058,0.18997446989295058
0.19101307887848334,0.19101307887848334
0.19204266936826853,0.19204266936826853
0.19306324825100818,0.19306324825100818
0.19407482244183472,0.19407482244183472
0.19507739888242345,0.19507739888242345
0.19607098454109367,0.19607098454109367
0.19705558641292065,0.19705558641292065
0.19803121151983835,0.19803121151983835
0.1989978669107525,0.1989978669107525
0.19995555966164805,0.19995555966164805
0.20090429687569733,0.20090429687569733
0.20184408568337187,0.20184408568337187
0.2027749332425544,0.2027749332425544
0.20369684673865024,0.20369684673865024
0.20460983338469754,0.20460983338469754
0.2055139004214817,0.2055139004214817
0.20640905511765092,0.20640905511765092
0.20729530476982905,0.20729530476982905
0.20817265670272966,0.20817265670272966
0.20904111826927269,0.20904111826927269
0.20990069685070253,0.20990069685070253
0.21075139985670446,0.21075139985670446
0.21159323472552016,0.21159323472552016
0.21242620892406855,0.21242620892406855
0.21325032994806642,0.21325032994806642
0.2140656053221466,0.2140656053221466
0.21487204259997764,0.21487204259997764
0.21566964936438743,0.21566964936438743
0.21645843322748534,0.21645843322748534
0.21723840183078516,0.21723840183078516
0.21800956284532705,0.21800956284532705
0.2187719239718031,0.2187719239718031
0.21952549294068419,0.21952549294068419
0.22027027751234468,0.22027027751234468
0.22100628547718723,0.22100628547718723
0.2217335246557747,0.2217335246557747
0.22245200289895303,0.22245200289895303
0.22316172808798665,0.22316172808798665
0.22386270813468168,0.22386270813468168
0.2245549509815227,0.2245549509815227
0.22523846460179878,0.22523846460179878
0.2259132569997411,0.2259132569997411
0.2265793362106506,0.2265793362106506
0.22723671030103695,0.22723671030103695
0.22788538736874847,0.22788538736874847
0.2285253755431126,0.2285253755431126
0.22915668298506672,0.22915668298506672
0.2297793178873014,0.2297793178873014
0.2303932884743926,0.2303932884743926
0.2309986030029456,0.2309986030029456
0.23159526976173034,0.23159526976173034
0.2321832970718257,0.2321832970718257
0.23276269328675808,0.23276269328675808
0.2333334667926465,0.2333334667926465
0.23389562600834185,0.23389562600834185
0.23444917938557672,0.23444917938557672
0.23499413540910363,0.23499413540910363
0.23553050259684738,0.23553050259684738
0.23605828950004587,0.23605828950004587
0.2365775047034038,0.2365775047034038
0.23708815682523499,0.23708815682523499
0.23759025451761792,0.23759025451761792
0.23808380646654106,0.23808380646654106
0.2385688213920586,0.2385688213920586
0.23904530804843807,0.23904530804843807
0.23951327522431956,0.23951327522431956
0.23997273174286302,0.23997273174286302
0.24042368646191042,0.24042368646191042
0.2408661482741357,0.2408661482741357
0.24130012610720689,0.24130012610720689
0.24172562892394045,0.24172562892394045
0.24214266572246346,0.24214266572246346
0.24255124553637045,0.24255124553637045
0.24295137743488876,0.24295137743488876
0.24334307052303483,0.24334307052303483
0.2437263339417847,0.2437263339417847
0.24410117686823032,0.24410117686823032
0.2444676085157515,0.2444676085157515
0.2448256381341773,0.2448256381341773
0.2451752750099566,0.2451752750099566
0.2455165284663238,0.2455165284663238
0.245849407863471,0.245849407863471
0.2461739225987148,0.2461739225987148
0.2464900821066727,0.2464900821066727
0.24679789585943018,0.24679789585943018
0.24709737336671986,0.24709737336671986
0.24738852417609197,0.24738852417609197
0.24767135787309297,0.24767135787309297
0.24794588408144133,0.24794588408144133
0.24821211246320676,0.24821211246320676
0.24847005271898728,0.24847005271898728
0.2487197145880937,0.2487197145880937
0.2489611078487266,0.2489611078487266
0.24919424231816306,0.24919424231816306
0.24941912785293738,0.24941912785293738
0.24963577434902995,0.24963577434902995
0.24984419174204822,0.24984419174204822
0.250044390007421,0.250044390007421
0.2502363791605798,0.2502363791605798
0.25042016925715677,0.25042016925715677
0.25059577039316705,0.25059577039316705
0.2507631927052098,0.2507631927052098
0.2509224463706548,0.2509224463706548
0.2510735416078425,0.2510735416078425
0.2512164886762758,0.2512164886762758
0.2513512978768224,0.2513512978768224
0.2514779795519075,0.2514779795519075
0.2515965440857201,0.2515965440857201
0.251707001904409,0.251707001904409
0.2518093634762892,0.2518093634762892
0.2519036393120424,0.2519036393120424
0.25198983996492685,0.25198983996492685
0.2520679760309778,0.2520679760309778
0.2521380581492222,0.2521380581492222
0.2522000970018814,0.2522000970018814
0.25225410331458764,0.25225410331458764
0.2523000878565916,0.2523000878565916
0.2523380614409794,0.2523380614409794
0.25236803492488374,0.25236803492488374
0.2523900192097045,0.2523900192097045
0.2524040252413212,0.2524040252413212
0.2524100640103185,0.2524100640103185
0.25240814655219956,0.25240814655219956
0.2523982839476154,0.2523982839476154
0.2523804873225806,0.2523804873225806
0.2523547678487072,0.2523547678487072
0.25232113674342144,0.25232113674342144
0.2522796052702013,0.2522796052702013
0.25223018473879655,0.25223018473879655
0.2521728865054682,0.2521728865054682
0.2521077219732168,0.2521077219732168
0.25203470259201544,0.25203470259201544
0.2519538398590472,0.2519538398590472
0.2518651453189438,0.2518651453189438
0.25176863056402227,0.25176863056402227
0.2516643072345255,0.2516643072345255
0.25155218701886356,0.25155218701886356
0.2514322816538603,0.2514322816538603
0.2513046029249978,0.2513046029249978
0.2511691626666591,0.2511691626666591
0.25102597276238153,0.25102597276238153
0.2508750451451061,0.2508750451451061
0.2507163917974296,0.2507163917974296
0.25055002475185567,0.25055002475185567
0.25037595609105207,0.25037595609105207
0.2501941979481096,0.2501941979481096
0.2500047625067989,0.2500047625067989
0.24980766200183044,0.24980766200183044
0.24960290871911736,0.24960290871911736
0.2493905149960425,0.2493905149960425
0.24917049322172152,0.24917049322172152
0.24894285583726972,0.24894285583726972
0.24870761533607413,0.24870761533607413
0.24846478426406468,0.24846478426406468
0.24821437521998765,0.24821437521998765
0.2479564008556795,0.2479564008556795
0.24769087387634373,0.24769087387634373
0.2474178070408331,0.2474178070408331
0.24713721316192877,0.24713721316192877
0.24684910510662111,0.24684910510662111
0.24655349579639646,0.24655349579639646
0.24625039820752587,0.24625039820752587
0.24593982537135164,0.24593982537135164
0.24562179037457735,0.24562179037457735
0.24529630635956112,0.24529630635956112
0.24496338652461366,0.24496338652461366
0.24462304412429264,0.24462304412429264
0.24427529246969984,0.24427529246969984
0.243920144928784,0.243920144928784
0.2435576149266468,0.2435576149266468
0.24318771594584532,0.24318771594584532
0.24281046152669777,0.24281046152669777
0.24242586526759569,0.24242586526759569
0.2420339408253162,0.2420339408253162
0.2416347019153362,0.2416347019153362
0.24122816231214353,0.24122816231214353
0.2408143358495632,0.2408143358495632
0.2403932364210711,0.2403932364210711
0.23996487798012345,0.23996487798012345
0.23952927454047393,0.23952927454047393
0.23908644017651107,0.23908644017651107
0.23863638902357803,0.23863638902357803
0.23817913527831408,0.23817913527831408
0.23771469319898136,0.23771469319898136
0.23724307710580822,0.23724307710580822
0.23676430138132257,0.23676430138132257
0.23627838047070063,0.23627838047070063
0.23578532888210335,0.23578532888210335
0.235285161187031,0.235285161187031
0.23477789202066518,0.23477789202066518
0.2342635360822273,0.2342635360822273
0.23374210813532592,0.23374210813532592
0.23321362300832077,0.23321362300832077
0.2326780955946747,0.2326780955946747
0.2321355408533233,0.2321355408533233
0.23158597380903248,0.23158597380903248
0.23102940955277126,0.23102940955277126
0.23046586324207718,0.23046586324207718
0.22989535010143397,0.22989535010143397
0.22931788542264017,0.22931788542264017
0.2287334845651956,0.2287334845651956
0.2281421629566727,0.2281421629566727
0.2275439360931097,0.2275439360931097
0.22693881953938827,0.22693881953938827
0.22632682892963038,0.22632682892963038
0.22570797996758393,0.22570797996758393
0.22508228842702324,0.22508228842702324
0.22444977015214204,0.22444977015214204
0.2238104410579592,0.2238104410579592
0.22316431713071744,0.22316431713071744
0.22251141442829497,0.22251141442829497
0.2218517490806108,0.2218517490806108
0.2211853372900423,0.2211853372900423
0.22051219533183583,0.22051219533183583
0.21983233955453133,0.21983233955453133
0.2191457863803783,0.2191457863803783
0.2184525523057677,0.2184525523057677
0.21775265390165402,0.21775265390165402
0.21704610781399256,0.21704610781399256
0.21633293076416926,0.21633293076416926
0.2156131395494441,0.2156131395494441
0.21488675104338573,0.21488675104338573
0.2141537821963249,0.2141537821963249
0.21341425003579345,0.21341425003579345
0.21266817166698423,0.21266817166698423
0.2119155642731978,0.2119155642731978
0.21115644511630904,0.21115644511630904
0.21039083153722196,0.21039083153722196
0.20961874095633973,0.20961874095633973
0.20884019087402975,0.20884019087402975
0.20805519887110138,0.20805519887110138
0.20726378260927528,0.20726378260927528
0.2064659598316693,0.2064659598316693
0.20566174836327666,0.20566174836327666
0.204851166111458,0.204851166111458
0.20403423106642643,0.20403423106642643
0.20321096130174857,0.20321096130174857
0.20238137497483666,0.20238137497483666
0.20154549032745592,0.20154549032745592
0.20070332568622798,0.20070332568622798
0.19985489946314014,0.19985489946314014
0.19900023015606008,0.19900023015606008
0.19813933634925637,0.19813933634925637
0.19727223671391783,0.19727223671391783
0.19639895000867866,0.19639895000867866
0.19551949508014876,0.19551949508014876
0.1946338908634522,0.1946338908634522
0.193742156382762,0.193742156382762
0.19284431075184102,0.19284431075184102
0.19194037317459134,0.19194037317459134
0.1910303629456076,0.1910303629456076
0.1901142994507288,0.1901142994507288
0.1891922021675995,0.1891922021675995
0.18826409066623265,0.18826409066623265
0.18732998460958164,0.18732998460958164
0.18638990375411335,0.18638990375411335
0.18544386795038081,0.18544386795038081
0.18449189714360945,0.18449189714360945
0.18353401137428743,0.18353401137428743
0.1825702307787518,0.1825702307787518
0.1816005755897856,0.1816005755897856
0.1806250661372206,0.1806250661372206
0.1796437228485445,0.1796437228485445
0.1786565662495113,0.1786565662495113
0.17766361696475277,0.17766361696475277
0.1766648957184029,0.1766648957184029
0.17566042333472623,0.17566042333472623
0.17465022073874423,0.17465022073874423
0.17363430895687082,0.17363430895687082
0.17261270911755502,0.17261270911755502
0.17158544245192947,0.17158544245192947
0.17055253029445902,0.17055253029445902
0.16951399408359624,0.16951399408359624
0.16846985536244466,0.16846985536244466
0.16742013577942974,0.16742013577942974
0.16636485708896778,0.16636485708896778
0.1653040411521444,0.1653040411521444
0.16423770993739864,0.16423770993739864
0.16316588552121628,0.16316588552121628
0.16208859008882137,0.16208859008882137
0.16100584593487743,0.16100584593487743
0.15991767546419441,0.15991767546419441
0.15882410119244322,0.15882410119244322
0.1577251457468746,0.1577251457468746
0.15662083186703857,0.15662083186703857
0.1555111824055187,0.1555111824055187
0.15439622032867117,0.15439622032867117
0.15327596871736368,0.15327596871736368
0.15215045076772474,0.15215045076772474
0.15101968979189767,0.15101968979189767
0.14988370921880778,0.14988370921880778
0.14874253259492534,0.14874253259492534
0.14759618358503943,0.14759618358503943
0.14644468597304083,0.14644468597304083
0.14528806366271144,0.14528806366271144
0.14412634067851454,0.14412634067851454
0.14295954116639625,0.14295954116639625
0.1417876893945947,0.1417876893945947
0.1406108097544548,0.1406108097544548
0.13942892676125015,0.13942892676125015
0.138242065055005,0.138242065055005
0.13705024940134022,0.13705024940134022
0.13585350469230645,0.13585350469230645
0.13465185594724166,0.13465185594724166
0.13344532831362102,0.13344532831362102
0.13223394706792768,0.13223394706792768
0.13101773761652,0.13101773761652
0.1297967254965155,0.1297967254965155
0.12857093637667172,0.12857093637667172
0.12734039605828848,0.12734039605828848
0.1261051304761032,0.1261051304761032
0.12486516569920744,0.12486516569920744
0.12362052793195967,0.12362052793195967
0.12237124351491697,0.12237124351491697
0.12111733892576204,0.12111733892576204
0.11985884078025559,0.11985884078025559
0.11859577583317556,0.11859577583317556
0.11732817097928859,0.11732817097928859
0.11605605325430458,0.11605605325430458
0.1147794498358661,0.1147794498358661
0.11349838804451966,0.11349838804451966
0.11221289534472151,0.11221289534472151
0.11092299934582911,0.11092299934582911
0.10962872780312188,0.10962872780312188
0.10833010861881058,0.10833010861881058
0.1070271698430783,0.1070271698430783
0.1057199396751071,0.1057199396751071
0.10440844646413638,0.10440844646413638
0.10309271871050937,0.10309271871050937
0.10177278506674953,0.10177278506674953
0.1004486743386275,0.1004486743386275
0.09912041548625426,0.09912041548625426
0.09778803762517069,0.09778803762517069
0.0964515700274593,0.0964515700274593
0.09511104212285078,0.09511104212285078
0.09376648349985872,0.09376648349985872
0.09241792390690867,0.09241792390690867
0.09106539325348927,0.09106539325348927
0.08970892161130209,0.08970892161130209
0.0883485392154369,0.0883485392154369
0.08698427646554072,0.08698427646554072
0.08561616392701621,0.08561616392701621
0.08424423233220937,0.08424423233220937
0.08286851258163146,0.08286851258163146
0.08148903574517068,0.08148903574517068
0.08010583306333524,0.08010583306333524
0.07871893594848584,0.07871893594848584
0.07732837598610381,0.07732837598610381
0.07593418493604702,0.07593418493604702
0.07453639473384013,0.07453639473384013
0.07313503749195517,0.07313503749195517
0.07173014550112443,0.07173014550112443
0.07032175123164815,0.07032175123164815
0.06890988733472873,0.06890988733472873
0.06749458664380392,0.06749458664380392
0.06607588217590817,0.06607588217590817
0.06465380713303039,0.06465380713303039
0.06322839490349849,0.06322839490349849
0.06179967906336528,0.06179967906336528
0.06036769337782074,0.06036769337782074
0.058932471802599765,0.058932471802599765
0.05749404848542722,0.05749404848542722
0.05605245776744814,0.05605245776744814
0.054607734184699004,0.054607734184699004
0.05315991246957633,0.05315991246957633
0.05170902755232237,0.05170902755232237
0.050255114562526806,0.050255114562526806
0.04879820883064709,0.04879820883064709
0.04733834588953454,0.04733834588953454
0.045875561475980466,0.045875561475980466
0.04440989153227557,0.04440989153227557
0.04294137220778979,0.04294137220778979
0.04147003986056126,0.04147003986056126
0.03999593105889837,0.03999593105889837
0.03851908258300444,0.03851908258300444
0.037039531426620205,0.037039531426620205
0.03555731479867294,0.03555731479867294
0.03407247012494579,0.03407247012494579
0.032585035049765516,0.032585035049765516
0.031095047437707815,0.031095047437707815
0.02960254537531861,0.02960254537531861
0.02810756717284465,0.02810756717284465
0.026610151365990337,0.026610151365990337
0.025110336717696975,0.025110336717696975
0.023608162219922676,0.023608162219922676
0.022103667095452893,0.022103667095452893
0.020596890799725886,0.020596890799725886
0.019087873022679207,0.019087873022679207
0.01757665369060957,0.01757665369060957
0.016063272968050234,0.016063272968050234
0.01454777125967569,0.01454777125967569
0.01303018921222214,0.01303018921222214
0.011510567716421938,0.011510567716421938
0.00998894790896203,0.00998894790896203
0.00846537117446459,0.00846537117446459
0.0069398791474840895,0.0069398791474840895
0.005412513714527456,0.005412513714527456
0.0038833170160906725,0.0038833170160906725
0.002352331448719346,0.002352331448719346
0.000819599667093265,0.000819599667093265
-0.0007148354138712832,-0.0007148354138712832
-0.0022509306169012084,-0.0022509306169012084
-0.003788642500218336,-0.003788642500218336
-0.005327927355364258,-0.005327927355364258
-0.006868741205016523,-0.006868741205016523
-0.00841103980077419,-0.00841103980077419
-0.009954778620917168,-0.009954778620917168
-0.01149991286814692,-0.01149991286814692
-0.013046397467299846,-0.013046397467299846
-0.014594187063045787,-0.014594187063045787
-0.01614323601755145,-0.01614323601755145
-0.017693498408117864,-0.017693498408117864
-0.019244928024807595,-0.019244928024807595
-0.020797478368034233,-0.020797478368034233
-0.02235110264612725,-0.02235110264612725
-0.023905753772876594,-0.023905753772876594
-0.025461384365043385,-0.025461384365043385
-0.027017946739855445,-0.027017946739855445
-0.02857539291246534,-0.02857539291246534
-0.030133674593383564,-0.030133674593383564
-0.03169274318588435,-0.03169274318588435
-0.03325254978339247,-0.03325254978339247
-0.03481304516682844,-0.03481304516682844
-0.03637417980192847,-0.03637417980192847
-0.03793590383654036,-0.03793590383654036
-0.039498167097889746,-0.039498167097889746
-0.04106091908981247,-0.04106091908981247
-0.0426241089899529,-0.0426241089899529
-0.04418768564694387,-0.04418768564694387
-0.04575159757754772,-0.04575159757754772
-0.04731579296376434,-0.04731579296376434
-0.048880219649913056,-0.048880219649913056
-0.05044482513967325,-0.05044482513967325
-0.0520095565931085,-0.0520095565931085
-0.05357436082364143,-0.05357436082364143
-0.055139184294997964,-0.055139184294997964
-0.056703973118126666,-0.056703973118126666
-0.058268673048074995,-0.058268673048074995
-0.059833229480835866,-0.059833229480835866
-0.06139758745015062,-0.06139758745015062
-0.06296169162428583,-0.06296169162428583
-0.06452548630277108,-0.06452548630277108
-0.06608891541309835,-0.06608891541309835
-0.06765192250737728,-0.06765192250737728
-0.06921445075896585,-0.06921445075896585
-0.07077644295905966,-0.07077644295905966
-0.07233784151323217,-0.07233784151323217
-0.07389858843794274,-0.07389858843794274
-0.07545862535700748,-0.07545862535700748
-0.077017893498027,-0.077017893498027
-0.07857633368877064,-0.07857633368877064
-0.0801338863535189,-0.0801338863535189
-0.0816904915093665,-0.0816904915093665
-0.08324608876248751,-0.08324608876248751
-0.08480061730434413,-0.08480061730434413
-0.08635401590785831,-0.08635401590785831
-0.08790622292354676,-0.08790622292354676
-0.0894571762755912,-0.0894571762755912
-0.09100681345788557,-0.09100681345788557
-0.09255507153002143,-0.09255507153002143
-0.09410188711322588,-0.09410188711322588
-0.09564719638625775,-0.09564719638625775
-0.09719093508126021,-0.09719093508126021
-0.09873303847954996,-0.09873303847954996
-0.10027344140736284,-0.10027344140736284
-0.10181207823155239,-0.10181207823155239
-0.1033488828552364,-0.1033488828552364
-0.10488378871338629,-0.10488378871338629
-0.10641672876836437,-0.10641672876836437
-0.1079476355054111,-0.1079476355054111
-0.109476440928078,-0.109476440928078
-0.11100307655360384,-0.11100307655360384
-0.11252747340822768,-0.11252747340822768
-0.11404956202245715,-0.11404956202245715
-0.11556927242627447,-0.11556927242627447
-0.11708653414428256,-0.11708653414428256
-0.11860127619078634,-0.11860127619078634
-0.12011342706482285,-0.12011342706482285
-0.12162291474513426,-0.12162291474513426
-0.1231296666850599,-0.1231296666850599
-0.12463360980737948,-0.12463360980737948
-0.12613467049909466,-0.12613467049909466
-0.1276327746061354,-0.1276327746061354
-0.1291278474280088,-0.1291278474280088
-0.13061981371237325,-0.13061981371237325
-0.13210859764955146,-0.13210859764955146
-0.13359412286697608,-0.13359412286697608
-0.13507631242355583,-0.13507631242355583
-0.1365550888039779,-0.1365550888039779
-0.13803037391293513,-0.13803037391293513
-0.13950208906928685,-0.13950208906928685
-0.14097015500013324,-0.14097015500013324
-0.1424344918348251,-0.1424344918348251
-0.14389501909888822,-0.14389501909888822
-0.14535165570787945,-0.14535165570787945
-0.1468043199611579,-0.1468043199611579
-0.14825292953557168,-0.14825292953557168
-0.14969740147907068,-0.14969740147907068
-0.15113765220423836,-0.15113765220423836
-0.15257359748173033,-0.15257359748173033
-0.15400515243363078,-0.15400515243363078
-0.155432231526725,-0.155432231526725
-0.15685474856568565,-0.15685474856568565
-0.1582726166861659,-0.1582726166861659
-0.1596857483477948,-0.1596857483477948
-0.16109405532709228,-0.16109405532709228
-0.16249744871028865,-0.16249744871028865
-0.1638958388860447,-0.1638958388860447
-0.16528913553806684,-0.16528913553806684
-0.16667724763764208,-0.16667724763764208
-0.16806008343606532,-0.16806008343606532
-0.1694375504569558,-0.1694375504569558
-0.17080955548848062,-0.17080955548848062
-0.17217600457547164,-0.17217600457547164
-0.17353680301143604,-0.17353680301143604
-0.17489185533045729,-0.17489185533045729
-0.17624106529897962,-0.17624106529897962
-0.1775843359074919,-0.1775843359074919
-0.17892156936209538,-0.17892156936209538
-0.18025266707594742,-0.18025266707594742
-0.18157752966059318,-0.18157752966059318
-0.18289605691718078,-0.18289605691718078
-0.18420814782755016,-0.18420814782755016
-0.185513700545203,-0.185513700545203
-0.1868126123861366,-0.1868126123861366
-0.18810477981956222,-0.18810477981956222
-0.18939009845849186,-0.18939009845849186
-0.19066846305018523,-0.19066846305018523
-0.1919397674664663,-0.1919397674664663
-0.19320390469390405,-0.19320390469390405
-0.19446076682385963,-0.19446076682385963
-0.1957102450423809,-0.1957102450423809
-0.19695222961995976,-0.19695222961995976
-0.19818660990114026,-0.19818660990114026
-0.1994132742939885,-0.1994132742939885
-0.200632110259398,-0.200632110259398
-0.20184300430024066,-0.20184300430024066
-0.20304584195037276,-0.20304584195037276
-0.20424050776347868,-0.20424050776347868
-0.20542688530174394,-0.20542688530174394
-0.2066048571243661,-0.2066048571243661
-0.20777430477590642,-0.20777430477590642
-0.20893510877446356,-0.20893510877446356
-0.21008714859967456,-0.21008714859967456
-0.21123030268053503,-0.21123030268053503
-0.21236444838304555,-0.21236444838304555
-0.21348946199767865,-0.21348946199767865
-0.21460521872664307,-0.21460521872664307
-0.21571159267097514,-0.21571159267097514
-0.21680845681742428,-0.21680845681742428
-0.21789568302515386,-0.21789568302515386
-0.21897314201223517,-0.21897314201223517
-0.2200407033419259,-0.2200407033419259
-0.22109823540876403,-0.22109823540876403
-0.22214560542443845,-0.22214560542443845
-0.2231826794034399,-0.2231826794034399
-0.22420932214849493,-0.22420932214849493
-0.22522539723578158,-0.22522539723578158
-0.2262307669999176,-0.2262307669999176
-0.22722529251871149,-0.22722529251871149
-0.2282088335976734,-0.2282088335976734
-0.22918124875429727,-0.22918124875429727
-0.23014239520209684,-0.23014239520209684
-0.231092128834382,-0.231092128834382
-0.2320303042077825,-0.2320303042077825
-0.2329567745255254,-0.2329567745255254
-0.23387139162043524,-0.23387139162043524
-0.23477400593767067,-0.23477400593767067
-0.2356644665171823,-0.2356644665171823
-0.2365426209758956,-0.2365426209758956
-0.23740831548961353,-0.23740831548961353
-0.23826139477461783,-0.23826139477461783
-0.23910170206897657,-0.23910170206897657
-0.23992907911355602,-0.23992907911355602
-0.24074336613272743,-0.24074336613272743
-0.24154440181474768,-0.24154440181474768
-0.24233202329182643,-0.24233202329182643
-0.24310606611986849,-0.24310606611986849
-0.24386636425789107,-0.24386636425789107
-0.24461275004708602,-0.24461275004708602
-0.24534505418954075,-0.24534505418954075
-0.2460631057266218,-0.2460631057266218
-0.24676673201697197,-0.24676673201697197
-0.24745575871416994,-0.24745575871416994
-0.24813000974399382,-0.24813000974399382
-0.2487893072813055,-0.2487893072813055
-0.2494334717265515,-0.2494334717265515
-0.25006232168187464,-0.25006232168187464
-0.2506756739267965,-0.2506756739267965
-0.2512733433935015,-0.2512733433935015
-0.25185514314169694,-0.25185514314169694
-0.2524208843330463,-0.2524208843330463
-0.25297037620514956,-0.25297037620514956
-0.2535034260450788,-0.2535034260450788
-0.2540198391624623,-0.2540198391624623
-0.2545194188620962,-0.2545194188620962
-0.25500196641607814,-0.25500196641607814
-0.2554672810354407,-0.2554672810354407
-0.25591515984130764,-0.25591515984130764
-0.2563453978355311,-0.2563453978355311
-0.25675778787080467,-0.25675778787080467
-0.257152120620245,-0.257152120620245
-0.25752818454643694,-0.25752818454643694
-0.25788576586993167,-0.25788576586993167
-0.25822464853715904,-0.25822464853715904
-0.2585446141877693,-0.2585446141877693
-0.25884544212139415,-0.25884544212139415
-0.2591269092637941,-0.2591269092637941
-0.2593887901323904,-0.2593887901323904
-0.25963085680116044,-0.25963085680116044
-0.2598528788648965,-0.2598528788648965
-0.2600546234028123,-0.2600546234028123
-0.26023585494145873,-0.26023585494145873
-0.260396335416952,-0.260396335416952
-0.2605358241365171,-0.2605358241365171
-0.26065407773929544,-0.26065407773929544
-0.2607508501564155,-0.2607508501564155
-0.2608258925703157,-0.2608258925703157
-0.2608789533732937,-0.2608789533732937
-0.26090977812527794,-0.26090977812527794
-0.26091810951078026,-0.26091810951078026
-0.2609036872950253,-0.2609036872950253
-0.26086624827924304,-0.26086624827924304
-0.2608055262551052,-0.2608055262551052
-0.26072125195825935,-0.26072125195825935
-0.260613153020965,-0.260613153020965
-0.2604809539238193,-0.2604809539238193
-0.260324375946523,-0.260324375946523
-0.2601431371176793,-0.2601431371176793
-0.2599369521635931,-0.2599369521635931
-0.25970553245607114,-0.25970553245607114
-0.25944858595917275,-0.25944858595917275
-0.2591658171748935,-0.2591658171748935
-0.25885692708775493,-0.25885692708775493
-0.2585216131082835,-0.2585216131082835
-0.25815956901535203,-0.25815956901535203
-0.25777048489732995,-0.25777048489732995
-0.2573540470920429,-0.2573540470920429
-0.2569099381254962,-0.2569099381254962
-0.25643783664935255,-0.25643783664935255
-0.2559374173770973,-0.2559374173770973
-0.25540835101888043,-0.25540835101888043
-0.25485030421501326,-0.25485030421501326
-0.2542629394680612,-0.2542629394680612
-0.25364591507352063,-0.25364591507352063
-0.2529988850490091,-0.2529988850490091
-0.2523214990619766,-0.2523214990619766
-0.25161340235587365,-0.25161340235587365
-0.25087423567472816,-0.25087423567472816
-0.25010363518610795,-0.25010363518610795
-0.24930123240242277,-0.24930123240242277
-0.2484666541005345,-0.2484666541005345
-0.24759952223957832,-0.24759952223957832
-0.2466994538770325,-0.2466994538770325
-0.2457660610829071,-0.2457660610829071
-0.2447989508520764,-0.2447989508520764
-0.2437977250146362,-0.2437977250146362
-0.24276198014428083,-0.24276198014428083
-0.2416913074646251,-0.2416913074646251
-0.24058529275344406,-0.24058529275344406
-0.23944351624472238,-0.23944351624472238
-0.23826555252849288,-0.23826555252849288
-0.2370509704484031,-0.2370509704484031
-0.2357993329969402,-0.2357993329969402
-0.23451019720823668,-0.23451019720823668
-0.2331831140483989,-0.2331831140483989
-0.23181762830330266,-0.23181762830330266
-0.23041327846377754,-0.23041327846377754
-0.2289695966080884,-0.2289695966080884
-0.22748610828165297,-0.22748610828165297
-0.22596233237392963,-0.22596233237392963
-0.22439778099237065,-0.22439778099237065
-0.22279195933337262,-0.22279195933337262
-0.22114436555011455,-0.22114436555011455
-0.21945449061723413,-0.21945449061723413
-0.2177218181922213,-0.2177218181922213
-0.21594582447343041,-0.21594582447343041
-0.21412597805461273,-0.21412597805461273
-0.21226173977589324,-0.21226173977589324
-0.21035256257106985,-0.21035256257106985
-0.2083978913110834,-0.2083978913110834
-0.2063971626436224,-0.2063971626436224
-0.2043498048286893,-0.2043498048286893
-0.20225523757002417,-0.20225523757002417
-0.20011287184226073,-0.20011287184226073
-0.19792210971366553,-0.19792210971366553
-0.19568234416436067,-0.19568234416436067
-0.1933929588998702,-0.1933929588998702
-0.19105332815981912,-0.19105332815981912
-0.18866281652168213,-0.18866281652168213
-0.1862207786993973,-0.1862207786993973
-0.18372655933668694,-0.18372655933668694
-0.1811794927949224,-0.1811794927949224
-0.1785789029353445,-0.1785789029353445
-0.17592410289547963,-0.17592410289547963
-0.17321439485956178,-0.17321439485956178
-0.17044906982274496,-0.17044906982274496
-0.16762740734890424,-0.16762740734890424
-0.1647486753218621,-0.1647486753218621
-0.16181212968976824,-0.16181212968976824
-0.15881701420242594,-0.15881701420242594
-0.15576256014133036,-0.15576256014133036
-0.1526479860421749,-0.1526479860421749
-0.14947249740959315,-0.14947249740959315
-0.14623528642381228,-0.14623528642381228
-0.1429355316389992,-0.1429355316389992
-0.13957239767301438,-0.13957239767301438
-0.13614503488822383,-0.13614503488822383
-0.1326525790631225,-0.1326525790631225
-0.1290941510544127,-0.1290941510544127
-0.12546885644918357,-0.12546885644918357
-0.12177578520691039,-0.12177578520691039
-0.11801401129084722,-0.11801401129084722
-0.11418259228845228,-0.11418259228845228
-0.11028056902045354,-0.11028056902045354
-0.1063069651381629,-0.1063069651381629
-0.102260786708584,-0.102260786708584
-0.09814102178687603,-0.09814102178687603
-0.09394663997569733,-0.09394663997569733
-0.08967659197097047,-0.08967659197097047
-0.0853298090935503,-0.0853298090935503
-0.08090520280623686,-0.08090520280623686
-0.07640166421560864,-0.07640166421560864
-0.0718180635581109,-0.0718180635581109
-0.0671532496697742,-0.0671532496697742
-0.06240604943892228,-0.06240604943892228
-0.05757526724123203,-0.05757526724123203
-0.05265968435645606,-0.05265968435645606
-0.047658058366096524,-0.047658058366096524
-0.04256912253123343,-0.04256912253123343
-0.03739158514974908,-0.03739158514974908
-0.03212412889214997,-0.03212412889214997
-0.02676541011508219,-0.02676541011508219
-0.02131405815163156,-0.02131405815163156
-0.01576867457748039,-0.01576867457748039
-0.01012783245193863,-0.01012783245193863
-0.004390075532777261,-0.004390075532777261
0.0014460825362107256,0.0014460825362107256
0.007382159066098557,0.007382159066098557
0.013419703193292056,0.013419703193292056
0.019560296780935692,0.019560296780935692
0.025805555352488477,0.025805555352488477
0.03215712905897601,0.03215712905897601
0.03861670368125009,0.03861670368125009
0.04518600166888571,0.04518600166888571
0.051866783217327336,0.051866783217327336
0.05866084738496527,0.05866084738496527
0.06557003325192412,0.06557003325192412
0.0725962211224673,0.0725962211224673
0.07974133377301644,0.07974133377301644
0.08700733774787939,0.08700733774787939
0.09439624470483872,0.09439624470483872
0.10191011281299803,0.10191011281299803
0.10955104820530445,0.10955104820530445
0.117321206488357,0.117321206488357
0.12522279431220326,0.12522279431220326
0.133258071003036,0.133258071003036
0.1414293502618434,0.1414293502618434
0.14973900193224185,0.14973900193224185
0.15818945384088934,0.15818945384088934
0.16678319371405972,0.16678319371405972
0.1755227711742901,0.1755227711742901
0.18441079982106307,0.18441079982106307
0.19344995939983886,0.19344995939983886
0.20264299806398275,0.20264299806398275
0.21199273473440924,0.21199273473440924
0.2215020615620886,0.2215020615620886
0.23117394649876385,0.23117394649876385
0.24101143598173563,0.24101143598173563
0.2510176577387812,0.2510176577387812
0.2611958237198021,0.2611958237198021
0.27154923316201873,0.27154923316201873
0.28208127579619907,0.28208127579619907
0.2927954352017379,0.2927954352017379
0.30369529231899195,0.30369529231899195
0.31478452912774973,0.31478452912774973
0.3260669325014217,0.3260669325014217
0.3375463982471319,0.3375463982471319
0.34922693534254834,0.34922693534254834
0.36111267038109535,0.36111267038109535
0.3732078522379632,0.3732078522379632
0.38551685697024385,0.38551685697024385
0.39804419296546273,0.39804419296546273
0.4107945063536996,0.4107945063536996
0.42377258669976586,0.42377258669976586
0.43698337299297074,0.43698337299297074
0.4504319599534292,0.4504319599534292
0.46412360467510594,0.46412360467510594
0.4780637336274933,0.4780637336274933
0.4922579500394625,0.4922579500394625
0.5067120416905562,0.5067120416905562
0.5214319891370317,0.5214319891370317
0.5364239744021309,0.5364239744021309
0.5516943901624167,0.5516943901624167
0.5672498494645829,0.5672498494645829
0.5830971960098696,0.5830971960098696
0.5992435150464767,0.5992435150464767
0.6156961449136086,0.6156961449136086
0.6324626892845735,0.6324626892845735
0.6495510301603067,0.6495510301603067
0.6669693416693273,0.6669693416693273
0.6847261047349747,0.6847261047349747
0.7028301226761968,0.7028301226761968
0.7212905378141468,0.7212905378141468
0.7401168491634965,0.7401168491634965
0.7593189312946961,0.7593189312946961
0.7789070544614934,0.7789070544614934
0.7988919060969543,0.7988919060969543
0.8192846137913127,0.8192846137913127
0.8400967698760511,0.8400967698760511
0.8613404577509078,0.8613404577509078
0.8830282801043163,0.8830282801043163
0.9051733891931948,0.9051733891931948
0.9277895193652423,0.9277895193652423
0.9508910220261557,0.9508910220261557
0.9744929032757669,0.9744929032757669
0.99861086446154,0.99861086446154
1.023261345925313,1.023261345925313
1.0484615742499352,1.0484615742499352
1.0742296133474722,1.0742296133474722
1.1005844197702706,1.1005844197702706
1.1275459026710477,1.1275459026710477
1.1551349888892082,1.1551349888892082
1.1833736936986934,1.1833736936986934
1.2122851978192004,1.2122851978192004
1.2418939313685395,1.2418939313685395
1.2722256655211148,1.2722256655211148
1.3033076127375467,1.3033076127375467
1.3351685365462624,1.3351685365462624
1.367838871991218,1.367838871991218
1.4013508580145724,1.4013508580145724
1.4357386832228933,1.4357386832228933
1.4710386466949519,1.4710386466949519
1.5072893357338115,1.5072893357338115
1.5445318227530354,1.5445318227530354
1.5828098838242022,1.5828098838242022
1.6221702418112538,1.6221702418112538
1.6626628374890235,1.6626628374890235
1.7043411326040465,1.7043411326040465
1.7472624495047004,1.7472624495047004
1.7914883527694032,1.7914883527694032
1.837085079225928,1.837085079225928
1.8841240239201935,1.8841240239201935
1.9326822910073784,1.9326822910073784
1.9828433202635225,1.9828433202635225
2.034697602031467,2.034697602031467
2.0883434960223743,2.0883434960223743
2.143888172626245,2.143888172626245
2.2014486994152613,2.2014486994152613
2.2611533005816384,2.2611533005816384
2.3231428234408718,2.3231428234408718
2.3875724542595664,2.3875724542595664
2.4546137360864253,2.4546137360864253
2.5244569547282283,2.5244569547282283
2.597313976558165,2.597313976558165
2.6734216449193378,2.6734216449193378
2.7530458725336384,2.7530458725336384
2.8364866084609317,2.8364866084609317
2.924083913993718,2.924083913993718
3.0162254586111406,3.0162254586111406
3.1133558539865405,3.1133558539865405
3.21598839504674,3.21598839504674
3.324719993844039,3.324719993844039
3.440250408606545,3.440250408606545
3.5634073416964225,3.5634073416964225
3.6951796970080992,3.6951796970080992
3.836762403433485,3.836762403433485
3.9896179955038686,3.9896179955038686
4.155563082221642,4.155563082221642
4.336892846797546,4.336892846797546
4.53656560618275,4.53656560618275
4.758485953779509,4.758485953779509
5.007957328356607,5.007957328356607
5.292442435484854,5.292442435484854
5.622923018502842,5.622923018502842
6.016533944446948,6.016533944446948
6.502243029289805,6.502243029289805
7.135114170028234,7.135114170028234
8.041788655812384,8.041788655812384
9.649660087550048,9.649660087550048
