-7.000045971884689,-7.000045971884689
-6.937221674345141,-6.937221674345141
-6.856128610572341,-6.856128610572341
-6.768689651545929,-6.768689651545929
-6.6775574117100875,-6.6775574117100875
-6.583995053093913,-6.583995053093913
-6.488747180934833,-6.488747180934833
-6.3923058326853175,-6.3923058326853175
-6.2950205709376075,-6.2950205709376075
-6.197152557630857,-6.197152557630857
-6.0989042839782,-6.0989042839782
-6.000437290515363,-6.000437290515363
-5.901883393022956,-5.901883393022956
-5.803352142735175,-5.803352142735175
-5.704935979056632,-5.704935979056632
-5.606713903567706,-5.606713903567706
-5.508754170583288,-5.508754170583288
-5.411116302848851,-5.411116302848851
-5.313852631562416,-5.313852631562416
-5.217009493258346,-5.217009493258346
-5.120628174093762,-5.120628174093762
-5.024745664834762,-5.024745664834762
-4.929395271706626,-4.929395271706626
-4.834607115925304,-4.834607115925304
-4.740408546148096,-4.740408546148096
-4.646824482010183,-4.646824482010183
-4.553877702545968,-4.553877702545968
-4.461589090104643,-4.461589090104643
-4.369977838008234,-4.369977838008234
-4.279061628430415,-4.279061628430415
-4.188856785632332,-4.188856785632332
-4.099378408663145,-4.099378408663145
-4.010640486836996,-4.010640486836996
-3.922656000676488,-3.922656000676488
-3.835437010523046,-3.835437010523046
-3.7489947346258448,-3.7489947346258448
-3.66333961820997,-3.66333961820997
-3.5784813947741188,-3.5784813947741188
-3.494429140665092,-3.494429140665092
-3.4111913238107263,-3.4111913238107263
-3.3287758473570794,-3.3287758473570794
-3.2471900888435727,-3.2471900888435727
-3.166440935456875,-3.166440935456875
-3.0865348158268673,-3.0865348158268673
-3.0074777287631695,-3.0074777287631695
-2.9292752692762156,-2.9292752692762156
-2.8519326521807655,-2.8519326521807655
-2.775454733540764,-2.775454733540764
-2.69984603018114,-2.69984603018114
-2.6251107374638067,-2.6251107374638067
-2.5512527455007414,-2.5512527455007414
-2.4782756539560786,-2.4782756539560786
-2.406182785571075,-2.406182785571075
-2.334977198530146,-2.334977198530146
-2.264661697772552,-2.264661697772552
-2.1952388453425034,-2.1952388453425034
-2.1267109698600564,-2.1267109698600564
-2.0590801751861343,-2.0590801751861343
-1.9923483483470181,-1.9923483483470181
-1.9265171667766392,-1.9265171667766392
-1.8615881049287997,-1.8615881049287997
-1.797562440305953,-1.797562440305953
-1.7344412589462908,-1.7344412589462908
-1.6722254604065543,-1.6722254604065543
-1.6109157622740824,-1.6109157622740824
-1.5505127042381561,-1.5505127042381561
-1.4910166517475745,-1.4910166517475745
-1.4324277992785759,-1.4324277992785759
-1.374746173234701,-1.374746173234701
-1.3179716344978858,-1.3179716344978858
-1.2621038806480709,-1.2621038806480709
-1.2071424478660753,-1.2071424478660753
-1.1530867125346629,-1.1530867125346629
-1.0999358925479252,-1.0999358925479252
-1.0476890483408194,-1.0476890483408194
-0.9963450836474124,-0.9963450836474124
-0.9459027459957666,-0.9459027459957666
-0.8963606269460941,-0.8963606269460941
-0.8477171620776998,-0.8477171620776998
-0.7999706307291765,-0.7999706307291765
-0.7531191554953002,-0.7531191554953002
-0.7071607014831152,-0.7071607014831152
-0.6620930753287761,-0.6620930753287761
-0.6179139239758095,-0.6179139239758095
-0.5746207332145836,-0.5746207332145836
-0.5322108259819293,-0.5322108259819293
-0.4906813604189806,-0.4906813604189806
-0.45002932768449566,-0.45002932768449566
-0.4102515495200354,-0.4102515495200354
-0.3713446755625655,-0.3713446755625655
-0.3333051803991489,-0.3333051803991489
-0.2961293603575521,-0.2961293603575521
-0.25981333002565293,-0.25981333002565293
-0.22435301849164194,-0.22435301849164194
-0.1897441652960146,-0.1897441652960146
-0.15598231608538057,-0.15598231608538057
-0.12306281795703888,-0.12306281795703888
-0.09098081448219676,-0.09098081448219676
-0.05973124039452711,-0.05973124039452711
-0.02930881592955092,-0.02930881592955092
0.00029195920097351274,0.00029195920097351274
0.02907681221685566,0.02907681221685566
0.05705170407814218,0.05705170407814218
0.08422283671489805,0.08422283671489805
0.1105966607000319,0.1105966607000319
0.13617988338891182,0.13617988338891182
0.16097947755146483,0.16097947755146483
0.18500269052455295,0.18500269052455295
0.20825705391468602,0.20825705391468602
0.23075039388358695,0.23075039388358695
0.25249084205177547,0.25249084205177547
0.27348684705821813,0.27348684705821813
0.2937471868172236,0.2937471868172236
0.3132809815171636,0.3132809815171636
0.33209770740930306,0.33209770740930306
0.35020721143907607,0.35020721143907607
0.3676197267765317,0.3676197267765317
0.3843458893075537,0.3843458893075537
0.40039675515266543,0.40039675515266543
0.4157838192861043,0.4157838192861043
0.43051903533414515,0.43051903533414515
0.44461483663867585,0.44461483663867585
0.4580841586797009,0.4580841586797009
0.470940462958926,0.470940462958926
0.4831977624559188,0.4831977624559188
0.4948706487786715,0.4948706487786715
0.5059743211418068,0.5059743211418068
0.5165246173183273,0.5165246173183273
0.5265380467248382,0.5265380467248382
0.5360318258157654,0.5360318258157654
0.5450239159794491,0.5450239159794491
0.553533064148294,0.553533064148294
0.5615788463567575,0.5615788463567575
0.5691817145050281,0.5691817145050281
0.5763630466132552,0.5763630466132552
0.5831452008814286,0.5831452008814286
0.5895515739040067,0.5895515739040067
0.5956066634266091,0.5956066634266091
0.6013361360752274,0.6013361360752274
0.6067669005370225,0.6067669005370225
0.6119271867269416,0.6119271867269416
0.6168466315367076,0.6168466315367076
0.6215563718337974,0.6215563718337974
0.6260891454586237,0.6260891454586237
0.630479401060381,0.630479401060381
0.6347634177172395,0.6347634177172395
0.6389794354073353,0.6389794354073353
0.6431677975356457,0.6431677975356457
0.6473711068815274,0.6473711068815274
0.6516343965160982,0.6516343965160982
0.6560053174520741,0.6560053174520741
0.6605343450364932,0.6605343450364932
0.665275006385227,0.665275006385227
0.6702841314950778,0.6702841314950778
0.6756221310638237,0.6756221310638237
0.6813533045122561,0.6813533045122561
0.68754618224897,0.68754618224897
0.6942739068655116,0.6942739068655116
0.7016146587176482,0.7016146587176482
0.7096521322642491,0.7096521322642491
0.7184760706311311,0.7184760706311311
0.7281828671844917,0.7281828671844917
0.7388762444882605,0.7388762444882605
0.7506680229479449,0.7506680229479449
0.7636789937925775,0.7636789937925775
0.7780399139237314,0.7780399139237314
0.7938926437026897,0.7938926437026897
0.8113914531331193,0.8113914531331193
0.8307045273591721,0.8307045273591721
0.8520157092460069,0.8520157092460069
0.875526525447971,0.875526525447971
0.9014585533459968,0.9014585533459968
0.9300562002862919,0.9300562002862919
0.961589984683182,0.961589984683182
0.9963604321433919,0.9963604321433919
1.0347027307544026,1.0347027307544026
1.076992330768586,1.076992330768586
1.1236517289751062,1.1236517289751062
1.1751587526697902,1.1751587526697902
1.232056760495138,1.232056760495138
1.2949673197097435,1.2949673197097435
1.3646061200922242,1.3646061200922242
1.4418031720974043,1.4418031720974043
1.5275287557268051,1.5275287557268051
1.62292720863351,1.62292720863351
1.729361585446445,1.729361585446445
1.8484736850934982,1.8484736850934982
1.9822662775117927,1.9822662775117927
2.133218193910536,2.133218193910536
2.304449452992391,2.304449452992391
2.4999650841373295,2.4999650841373295
2.725027525434373,2.725027525434373
2.9867488013316197,2.9867488013316197
3.2950794952937748,3.2950794952937748
3.6645642217273764,3.6645642217273764
4.117710814168768,4.117710814168768
4.6921664274484645,4.6921664274484645
5.458424619282137,5.458424619282137
6.574708271686485,6.574708271686485
8.54720230706286,8.54720230706286
