-7.1127172299357015,-7.1127172299357015
-7.12233384546845,-7.12233384546845
-7.128293941812434,-7.128293941812434
-7.132637927827536,-7.132637927827536
-7.1359156240689225,-7.1359156240689225
-7.138396125205075,-7.138396125205075
-7.1402402324751835,-7.1402402324751835
-7.141555126847784,-7.141555126847784
-7.142417433990448,-7.142417433990448
-7.142884689636325,-7.142884689636325
-7.143001696019135,-7.143001696019135
-7.142804334013266,-7.142804334013266
-7.142321989762859,-7.142321989762859
-7.14157917348085,-7.14157917348085
-7.140596641053579,-7.140596641053579
-7.139392195872441,-7.139392195872441
-7.137981277348774,-7.137981277348774
-7.13637740266873,-7.13637740266873
-7.134592504875644,-7.134592504875644
-7.132637196021862,-7.132637196021862
-7.1305209750681255,-7.1305209750681255
-7.1282523943142815,-7.1282523943142815
-7.125839194213363,-7.125839194213363
-7.123288413738782,-7.123288413738782
-7.120606481607448,-7.120606481607448
-7.1177992923382405,-7.1177992923382405
-7.114872270172126,-7.114872270172126
-7.11183042318301,-7.11183042318301
-7.108678389391932,-7.108678389391932
-7.105420476309457,-7.105420476309457
-7.102060695036929,-7.102060695036929
-7.098602789831496,-7.098602789831496
-7.095050263865069,-7.095050263865069
-7.091406401770638,-7.091406401770638
-7.0876742894617655,-7.0876742894617655
-7.08385683162542,-7.08385683162542
-7.079956767219896,-7.079956767219896
-7.075976683254353,-7.075976683254353
-7.071919027081726,-7.071919027081726
-7.067786117400257,-7.067786117400257
-7.063580154128919,-7.063580154128919
-7.0593032272971925,-7.0593032272971925
-7.054957325069231,-7.054957325069231
-7.050544341005244,-7.050544341005244
-7.046066080648664,-7.046066080648664
-7.041524267515553,-7.041524267515553
-7.036920548552576,-7.036920548552576
-7.032256499121214,-7.032256499121214
-7.027533627558502,-7.027533627558502
-7.022753379358367,-7.022753379358367
-7.017917141012198,-7.017917141012198
-7.013026243542678,-7.013026243542678
-7.008081965760901,-7.008081965760901
-7.003085537273349,-7.003085537273349
-6.998038141262277,-6.998038141262277
-6.9929409170604595,-6.9929409170604595
-6.987794962538984,-6.987794962538984
-6.982601336324727,-6.982601336324727
-6.97736105986246,-6.97736105986246
-6.972075119334945,-6.972075119334945
-6.966744467453042,-6.966744467453042
-6.961370025126645,-6.961370025126645
-6.955952683026204,-6.955952683026204
-6.950493303043647,-6.950493303043647
-6.944992719660651,-6.944992719660651
-6.939451741231548,-6.939451741231548
-6.933871151187343,-6.933871151187343
-6.928251709166903,-6.928251709166903
-6.922594152080658,-6.922594152080658
-6.91689919511184,-6.91689919511184
-6.911167532659738,-6.911167532659738
-6.90539983922913,-6.90539983922913
-6.899596770269652,-6.899596770269652
-6.893758962968611,-6.893758962968611
-6.8878870370003895,-6.8878870370003895
-6.8819815952354135,-6.8819815952354135
-6.87604322441132,-6.87604322441132
-6.870072495768873,-6.870072495768873
-6.864069965654863,-6.864069965654863
-6.858036176094133,-6.858036176094133
-6.851971655332667,-6.851971655332667
-6.845876918353555,-6.845876918353555
-6.83975246736751,-6.83975246736751
-6.833598792279482,-6.833598792279482
-6.8274163711328075,-6.8274163711328075
-6.821205670532223,-6.821205670532223
-6.814967146047012,-6.814967146047012
-6.808701242595404,-6.808701242595404
-6.802408394811319,-6.802408394811319
-6.796089027394466,-6.796089027394466
-6.789743555444721,-6.789743555444721
-6.783372384781651,-6.783372384781651
-6.7769759122500135,-6.7769759122500135
-6.770554526011986,-6.770554526011986
-6.764108605826833,-6.764108605826833
-6.7576385233186915,-6.7576385233186915
-6.751144642233083,-6.751144642233083
-6.744627318682757,-6.744627318682757
-6.73808690138339,-6.73808690138339
-6.731523731879699,-6.731523731879699
-6.724938144762396,-6.724938144762396
-6.7183304678764975,-6.7183304678764975
-6.711701022521373,-6.711701022521373
-6.705050123642977,-6.705050123642977
-6.698378080018587,-6.698378080018587
-6.691685194434484,-6.691685194434484
-6.684971763856837,-6.684971763856837
-6.67823807959616,-6.67823807959616
-6.671484427465627,-6.671484427465627
-6.664711087933511,-6.664711087933511
-6.657918336270059,-6.657918336270059
-6.6511064426890165,-6.6511064426890165
-6.644275672484045,-6.644275672484045
-6.637426286160295,-6.637426286160295
-6.630558539561312,-6.630558539561312
-6.623672683991482,-6.623672683991482
-6.616768966334247,-6.616768966334247
-6.60984762916623,-6.60984762916623
-6.602908910867454,-6.602908910867454
-6.595953045727855,-6.595953045727855
-6.588980264050181,-6.588980264050181
-6.5819907922495,-6.5819907922495
-6.57498485294939,-6.57498485294939
-6.567962665074995,-6.567962665074995
-6.560924443943051,-6.560924443943051
-6.553870401349013,-6.553870401349013
-6.546800745651396,-6.546800745651396
-6.5397156818534254,-6.5397156818534254
-6.532615411682143,-6.532615411682143
-6.52550013366503,-6.52550013366503
-6.518370043204238,-6.518370043204238
-6.511225332648577,-6.511225332648577
-6.504066191363262,-6.504066191363262
-6.496892805797587,-6.496892805797587
-6.489705359550533,-6.489705359550533
-6.482504033434442,-6.482504033434442
-6.475289005536792,-6.475289005536792
-6.468060451280156,-6.468060451280156
-6.460818543480422,-6.460818543480422
-6.453563452403318,-6.453563452403318
-6.4462953458193075,-6.4462953458193075
-6.439014389056929,-6.439014389056929
-6.431720745054616,-6.431720745054616
-6.424414574411048,-6.424414574411048
-6.417096035434125,-6.417096035434125
-6.40976528418854,-6.40976528418854
-6.4024224745420755,-6.4024224745420755
-6.395067758210614,-6.395067758210614
-6.387701284801924,-6.387701284801924
-6.380323201858271,-6.380323201858271
-6.372933654897885,-6.372933654897885
-6.365532787455314,-6.365532787455314
-6.358120741120711,-6.358120741120711
-6.3506976555781,-6.3506976555781
-6.343263668642623,-6.343263668642623
-6.335818916296837,-6.335818916296837
-6.3283635327260574,-6.3283635327260574
-6.3208976503528165,-6.3208976503528165
-6.313421399870423,-6.313421399870423
-6.305934910275687,-6.305934910275687
-6.298438308900819,-6.298438308900819
-6.290931721444518,-6.290931721444518
-6.2834152720023155,-6.2834152720023155
-6.275889083096141,-6.275889083096141
-6.2683532757031815,-6.2683532757031815
-6.260807969284031,-6.260807969284031
-6.253253281810148,-6.253253281810148
-6.245689329790679,-6.245689329790679
-6.238116228298602,-6.238116228298602
-6.2305340909962865,-6.2305340909962865
-6.222943030160408,-6.222943030160408
-6.2153431567063215,-6.2153431567063215
-6.2077345802118185,-6.2077345802118185
-6.200117408940374,-6.200117408940374
-6.192491749863821,-6.192491749863821
-6.184857708684529,-6.184857708684529
-6.177215389857064,-6.177215389857064
-6.1695648966093515,-6.1695648966093515
-6.161906330963378,-6.161906330963378
-6.154239793755408,-6.154239793755408
-6.146565384655763,-6.146565384655763
-6.138883202188157,-6.138883202188157
-6.131193343748601,-6.131193343748601
-6.123495905623899,-6.123495905623899
-6.115790983009727,-6.115790983009727
-6.10807867002834,-6.10807867002834
-6.100359059745872,-6.100359059745872
-6.09263224418929,-6.09263224418929
-6.084898314362947,-6.084898314362947
-6.077157360264834,-6.077157360264834
-6.069409470902443,-6.069409470902443
-6.06165473430832,-6.06165473430832
-6.0538932375552825,-6.0538932375552825
-6.046125066771327,-6.046125066771327
-6.038350307154222,-6.038350307154222
-6.030569042985801,-6.030569042985801
-6.022781357645965,-6.022781357645965
-6.014987333626389,-6.014987333626389
-6.007187052543975,-6.007187052543975
-5.999380595153998,-5.999380595153998
-5.991568041363021,-5.991568041363021
-5.983749470241519,-5.983749470241519
-5.9759249600362905,-5.9759249600362905
-5.968094588182584,-5.968094588182584
-5.960258431316016,-5.960258431316016
-5.952416565284232,-5.952416565284232
-5.9445690651583565,-5.9445690651583565
-5.936716005244212,-5.936716005244212
-5.928857459093328,-5.928857459093328
-5.920993499513726,-5.920993499513726
-5.913124198580507,-5.913124198580507
-5.90524962764625,-5.90524962764625
-5.8973698573511735,-5.8973698573511735
-5.88948495763315,-5.88948495763315
-5.881594997737509,-5.881594997737509
-5.873700046226656,-5.873700046226656
-5.86580017098952,-5.86580017098952
-5.857895439250824,-5.857895439250824
-5.849985917580179,-5.849985917580179
-5.842071671901022,-5.842071671901022
-5.834152767499376,-5.834152767499376
-5.826229269032463,-5.826229269032463
-5.818301240537159,-5.818301240537159
-5.8103687454382875,-5.8103687454382875
-5.802431846556774,-5.802431846556774
-5.794490606117652,-5.794490606117652
-5.7865450857579255,-5.7865450857579255
-5.778595346534287,-5.778595346534287
-5.770641448930713,-5.770641448930713
-5.762683452865916,-5.762683452865916
-5.754721417700659,-5.754721417700659
-5.746755402244966,-5.746755402244966
-5.738785464765179,-5.738785464765179
-5.730811662990922,-5.730811662990922
-5.722834054121912,-5.722834054121912
-5.714852694834694,-5.714852694834694
-5.706867641289218,-5.706867641289218
-5.698878949135339,-5.698878949135339
-5.690886673519187,-5.690886673519187
-5.682890869089442,-5.682890869089442
-5.674891590003495,-5.674891590003495
-5.6668888899335075,-5.6668888899335075
-5.65888282207237,-5.65888282207237
-5.650873439139575,-5.650873439139575
-5.642860793386969,-5.642860793386969
-5.634844936604431,-5.634844936604431
-5.626825920125447,-5.626825920125447
-5.618803794832598,-5.618803794832598
-5.6107786111629565,-5.6107786111629565
-5.6027504191133986,-5.6027504191133986
-5.594719268245828,-5.594719268245828
-5.586685207692316,-5.586685207692316
-5.578648286160163,-5.578648286160163
-5.57060855193688,-5.57060855193688
-5.562566052895078,-5.562566052895078
-5.5545208364973,-5.5545208364973
-5.546472949800764,-5.546472949800764
-5.538422439462039,-5.538422439462039
-5.530369351741634,-5.530369351741634
-5.522313732508535,-5.522313732508535
-5.514255627244668,-5.514255627244668
-5.506195081049269,-5.506195081049269
-5.498132138643221,-5.498132138643221
-5.49006684437331,-5.49006684437331
-5.481999242216402,-5.481999242216402
-5.473929375783581,-5.473929375783581
-5.465857288324216,-5.465857288324216
-5.457783022729948,-5.457783022729948
-5.449706621538648,-5.449706621538648
-5.4416281269383,-5.4416281269383
-5.43354758077081,-5.43354758077081
-5.425465024535801,-5.425465024535801
-5.417380499394301,-5.417380499394301
-5.409294046172419,-5.409294046172419
-5.401205705364938,-5.401205705364938
-5.393115517138877,-5.393115517138877
-5.38502352133698,-5.38502352133698
-5.376929757481173,-5.376929757481173
-5.368834264775957,-5.368834264775957
-5.360737082111765,-5.360737082111765
-5.352638248068254,-5.352638248068254
-5.344537800917568,-5.344537800917568
-5.336435778627537,-5.336435778627537
-5.328332218864853,-5.328332218864853
-5.320227158998168,-5.320227158998168
-5.312120636101183,-5.312120636101183
-5.304012686955667,-5.304012686955667
-5.295903348054453,-5.295903348054453
-5.287792655604374,-5.287792655604374
-5.279680645529175,-5.279680645529175
-5.271567353472373,-5.271567353472373
-5.263452814800082,-5.263452814800082
-5.255337064603793,-5.255337064603793
-5.2472201377031285,-5.2472201377031285
-5.23910206864855,-5.23910206864855
-5.2309828917240235,-5.2309828917240235
-5.222862640949662,-5.222862640949662
-5.214741350084322,-5.214741350084322
-5.206619052628166,-5.206619052628166
-5.198495781825197,-5.198495781825197
-5.19037157066575,-5.19037157066575
-5.182246451888958,-5.182246451888958
-5.17412045798518,-5.17412045798518
-5.165993621198392,-5.165993621198392
-5.157865973528561,-5.157865973528561
-5.149737546733975,-5.149737546733975
-5.141608372333548,-5.141608372333548
-5.133478481609085,-5.133478481609085
-5.125347905607536,-5.125347905607536
-5.117216675143201,-5.117216675143201
-5.109084820799918,-5.109084820799918
-5.100952372933218,-5.100952372933218
-5.092819361672459,-5.092819361672459
-5.084685816922913,-5.084685816922913
-5.076551768367856,-5.076551768367856
-5.068417245470605,-5.068417245470605
-5.060282277476542,-5.060282277476542
-5.052146893415109,-5.052146893415109
-5.044011122101775,-5.044011122101775
-5.035874992139989,-5.035874992139989
-5.0277385319230845,-5.0277385319230845
-5.0196017696362,-5.0196017696362
-5.011464733258118,-5.011464733258118
-5.003327450563151,-5.003327450563151
-4.995189949122931,-4.995189949122931
-4.987052256308244,-4.987052256308244
-4.978914399290785,-4.978914399290785
-4.970776405044931,-4.970776405044931
-4.962638300349473,-4.962638300349473
-4.9545001117893355,-4.9545001117893355
-4.946361865757262,-4.946361865757262
-4.9382235884554975,-4.9382235884554975
-4.930085305897431,-4.930085305897431
-4.9219470439092445,-4.9219470439092445
-4.913808828131507,-4.913808828131507
-4.905670684020784,-4.905670684020784
-4.897532636851202,-4.897532636851202
-4.8893947117160055,-4.8893947117160055
-4.881256933529096,-4.881256933529096
-4.8731193270265525,-4.8731193270265525
-4.864981916768121,-4.864981916768121
-4.8568447271387125,-4.8568447271387125
-4.848707782349852,-4.848707782349852
-4.840571106441136,-4.840571106441136
-4.83243472328166,-4.83243472328166
-4.824298656571429,-4.824298656571429
-4.8161629298427595,-4.8161629298427595
-4.8080275664616545,-4.8080275664616545
-4.799892589629172,-4.799892589629172
-4.79175802238277,-4.79175802238277
-4.783623887597642,-4.783623887597642
-4.775490207988032,-4.775490207988032
-4.767357006108538,-4.767357006108538
-4.759224304355399,-4.759224304355399
-4.751092124967767,-4.751092124967767
-4.74296049002896,-4.74296049002896
-4.734829421467715,-4.734829421467715
-4.726698941059408,-4.726698941059408
-4.718569070427275,-4.718569070427275
-4.710439831043608,-4.710439831043608
-4.702311244230948,-4.702311244230948
-4.694183331163255,-4.694183331163255
-4.686056112867069,-4.686056112867069
-4.677929610222662,-4.677929610222662
-4.669803843965171,-4.669803843965171
-4.661678834685718,-4.661678834685718
-4.653554602832523,-4.653554602832523
-4.645431168711998,-4.645431168711998
-4.637308552489838,-4.637308552489838
-4.629186774192089,-4.629186774192089
-4.62106585370621,-4.62106585370621
-4.6129458107821275,-4.6129458107821275
-4.604826665033268,-4.604826665033268
-4.596708435937587,-4.596708435937587
-4.588591142838585,-4.588591142838585
-4.58047480494631,-4.58047480494631
-4.572359441338359,-4.572359441338359
-4.564245070960846,-4.564245070960846
-4.556131712629389,-4.556131712629389
-4.548019385030061,-4.548019385030061
-4.539908106720349,-4.539908106720349
-4.531797896130087,-4.531797896130087
-4.523688771562397,-4.523688771562397
-4.515580751194598,-4.515580751194598
-4.507473853079132,-4.507473853079132
-4.499368095144447,-4.499368095144447
-4.491263495195903,-4.491263495195903
-4.483160070916649,-4.483160070916649
-4.4750578398685,-4.4750578398685
-4.466956819492791,-4.466956819492791
-4.458857027111241,-4.458857027111241
-4.450758479926802,-4.450758479926802
-4.442661195024475,-4.442661195024475
-4.434565189372169,-4.434565189372169
-4.426470479821491,-4.426470479821491
-4.418377083108573,-4.418377083108573
-4.410285015854873,-4.410285015854873
-4.402194294567966,-4.402194294567966
-4.394104935642329,-4.394104935642329
-4.386016955360123,-4.386016955360123
-4.377930369891955,-4.377930369891955
-4.369845195297649,-4.369845195297649
-4.361761447526994,-4.361761447526994
-4.35367914242049,-4.35367914242049
-4.345598295710088,-4.345598295710088
-4.3375189230199265,-4.3375189230199265
-4.32944103986704,-4.32944103986704
-4.321364661662091,-4.321364661662091
-4.313289803710072,-4.313289803710072
-4.305216481211003,-4.305216481211003
-4.297144709260636,-4.297144709260636
-4.289074502851136,-4.289074502851136
-4.281005876871759,-4.281005876871759
-4.272938846109535,-4.272938846109535
-4.264873425249926,-4.264873425249926
-4.25680962887749,-4.25680962887749
-4.248747471476538,-4.248747471476538
-4.240686967431774,-4.240686967431774
-4.2326281310289415,-4.2326281310289415
-4.224570976455459,-4.224570976455459
-4.216515517801039,-4.216515517801039
-4.208461769058323,-4.208461769058323
-4.200409744123486,-4.200409744123486
-4.1923594567968525,-4.1923594567968525
-4.1843109207834965,-4.1843109207834965
-4.176264149693846,-4.176264149693846
-4.168219157044263,-4.168219157044263
-4.160175956257644,-4.160175956257644
-4.152134560663986,-4.152134560663986
-4.144094983500971,-4.144094983500971
-4.136057237914535,-4.136057237914535
-4.128021336959424,-4.128021336959424
-4.11998729359976,-4.11998729359976
-4.111955120709588,-4.111955120709588
-4.103924831073431,-4.103924831073431
-4.095896437386817,-4.095896437386817
-4.08786995225684,-4.08786995225684
-4.0798453882026635,-4.0798453882026635
-4.071822757656066,-4.071822757656066
-4.06380207296196,-4.06380207296196
-4.055783346378905,-4.055783346378905
-4.047766590079616,-4.047766590079616
-4.039751816151476,-4.039751816151476
-4.031739036597038,-4.031739036597038
-4.023728263334518,-4.023728263334518
-4.015719508198288,-4.015719508198288
-4.007712782939367,-4.007712782939367
-3.999708099225901,-3.999708099225901
-3.9917054686436413,-3.9917054686436413
-3.983704902696422,-3.983704902696422
-3.975706412806624,-3.975706412806624
-3.9677100103156446,-3.9677100103156446
-3.959715706484355,-3.959715706484355
-3.95172351249356,-3.95172351249356
-3.9437334394444474,-3.9437334394444474
-3.935745498359037,-3.935745498359037
-3.927759700180623,-3.927759700180623
-3.919776055774214,-3.919776055774214
-3.9117945759269714,-3.9117945759269714
-3.903815271348636,-3.903815271348636
-3.895838152671955,-3.895838152671955
-3.887863230453113,-3.887863230453113
-3.8798905151721432,-3.8798905151721432
-3.8719200172333466,-3.8719200172333466
-3.863951746965702,-3.863951746965702
-3.8559857146232743,-3.8559857146232743
-3.8480219303856233,-3.8480219303856233
-3.840060404358195,-3.840060404358195
-3.832101146572729,-3.832101146572729
-3.8241441669876384,-3.8241441669876384
-3.816189475488414,-3.816189475488414
-3.8082370818879987,-3.8082370818879987
-3.800286995927177,-3.800286995927177
-3.7923392272749465,-3.7923392272749465
-3.784393785528902,-3.784393785528902
-3.776450680215603,-3.776450680215603
-3.7685099207909394,-3.7685099207909394
-3.760571516640503,-3.760571516640503
-3.752635477079944,-3.752635477079944
-3.7447018113553328,-3.7447018113553328
-3.7367705286435133,-3.7367705286435133
-3.728841638052457,-3.728841638052457
-3.720915148621611,-3.720915148621611
-3.712991069322243,-3.712991069322243
-3.7050694090577845,-3.7050694090577845
-3.6971501766641706,-3.6971501766641706
-3.6892333809101765,-3.6892333809101765
-3.6813190304977508,-3.6813190304977508
-3.6734071340623444,-3.6734071340623444
-3.6654977001732414,-3.6654977001732414
-3.65759073733388,-3.65759073733388
-3.649686253982177,-3.649686253982177
-3.6417842584908446,-3.6417842584908446
-3.6338847591677053,-3.6338847591677053
-3.62598776425601,-3.62598776425601
-3.6180932819347396,-3.6180932819347396
-3.6102013203189216,-3.6102013203189216
-3.6023118874599294,-3.6023118874599294
-3.5944249913457837,-3.5944249913457837
-3.5865406399014566,-3.5865406399014566
-3.578658840989161,-3.578658840989161
-3.570779602408652,-3.570779602408652
-3.5629029318975136,-3.5629029318975136
-3.555028837131449,-3.555028837131449
-3.5471573257245645,-3.5471573257245645
-3.5392884052296574,-3.5392884052296574
-3.531422083138493,-3.531422083138493
-3.523558366882085,-3.523558366882085
-3.5156972638309716,-3.5156972638309716
-3.5078387812954883,-3.5078387812954883
-3.499982926526042,-3.499982926526042
-3.492129706713373,-3.492129706713373
-3.4842791289888297,-3.4842791289888297
-3.476431200424628,-3.476431200424628
-3.468585928034114,-3.468585928034114
-3.460743318772022,-3.460743318772022
-3.4529033795347344,-3.4529033795347344
-3.445066117160534,-3.445066117160534
-3.437231538429859,-3.437231538429859
-3.4293996500655504,-3.4293996500655504
-3.4215704587331013,-3.4215704587331013
-3.4137439710409057,-3.4137439710409057
-3.4059201935404984,-3.4059201935404984
-3.3980991327267955,-3.3980991327267955
-3.3902807950383407,-3.3902807950383407
-3.382465186857536,-3.382465186857536
-3.374652314510879,-3.374652314510879
-3.3668421842691956,-3.3668421842691956
-3.3590348023478738,-3.3590348023478738
-3.3512301749070903,-3.3512301749070903
-3.343428308052036,-3.343428308052036
-3.335629207833147,-3.335629207833147
-3.3278328802463193,-3.3278328802463193
-3.3200393312331364,-3.3200393312331364
-3.3122485666810877,-3.3122485666810877
-3.3044605924237818,-3.3044605924237818
-3.296675414241166,-3.296675414241166
-3.288893037859737,-3.288893037859737
-3.2811134689527544,-3.2811134689527544
-3.273336713140449,-3.273336713140449
-3.2655627759902295,-3.2655627759902295
-3.257791663016892,-3.257791663016892
-3.2500233796828213,-3.2500233796828213
-3.242257931398193,-3.242257931398193
-3.234495323521174,-3.234495323521174
-3.2267355613581263,-3.2267355613581263
-3.2189786501637934,-3.2189786501637934
-3.2112245951415086,-3.2112245951415086
-3.2034734014433757,-3.2034734014433757
-3.1957250741704706,-3.1957250741704706
-3.1879796183730282,-3.1879796183730282
-3.180237039050628,-3.180237039050628
-3.172497341152383,-3.172497341152383
-3.1647605295771264,-3.1647605295771264
-3.1570266091735926,-3.1570266091735926
-3.1492955847406,-3.1492955847406
-3.1415674610272313,-3.1415674610272313
-3.133842242733011,-3.133842242733011
-3.1261199345080826,-3.1261199345080826
-3.118400540953388,-3.118400540953388
-3.1106840666208346,-3.1106840666208346
-3.1029705160134693,-3.1029705160134693
-3.095259893585655,-3.095259893585655
-3.087552203743233,-3.087552203743233
-3.079847450843692,-3.079847450843692
-3.0721456391963398,-3.0721456391963398
-3.0644467730624587,-3.0644467730624587
-3.0567508566554773,-3.0567508566554773
-3.049057894141125,-3.049057894141125
-3.0413678896375997,-3.0413678896375997
-3.0336808472157206,-3.0336808472157206
-3.0259967708990887,-3.0259967708990887
-3.0183156646642395,-3.0183156646642395
-3.010637532440803,-3.010637532440803
-3.0029623781116523,-3.0029623781116523
-2.995290205513056,-2.995290205513056
-2.9876210184348304,-2.9876210184348304
-2.9799548206204887,-2.9799548206204887
-2.972291615767383,-2.972291615767383
-2.964631407526862,-2.964631407526862
-2.956974199504402,-2.956974199504402
-2.9493199952597617,-2.9493199952597617
-2.94166879830712,-2.94166879830712
-2.9340206121152166,-2.9340206121152166
-2.9263754401074915,-2.9263754401074915
-2.918733285662227,-2.918733285662227
-2.9110941521126787,-2.9110941521126787
-2.9034580427472196,-2.9034580427472196
-2.895824960809467,-2.895824960809467
-2.8881949094984183,-2.8881949094984183
-2.8805678919685866,-2.8805678919685866
-2.8729439113301263,-2.8729439113301263
-2.8653229706489665,-2.8653229706489665
-2.8577050729469384,-2.8577050729469384
-2.8500902212019,-2.8500902212019
-2.84247841834787,-2.84247841834787
-2.8348696672751394,-2.8348696672751394
-2.8272639708304097,-2.8272639708304097
-2.819661331816905,-2.819661331816905
-2.8120617529944987,-2.8120617529944987
-2.80446523707983,-2.80446523707983
-2.7968717867464283,-2.7968717867464283
-2.789281404624824,-2.789281404624824
-2.7816940933026735,-2.7816940933026735
-2.7741098553248653,-2.7741098553248653
-2.766528693193643,-2.766528693193643
-2.758950609368715,-2.758950609368715
-2.7513756062673664,-2.7513756062673664
-2.743803686264572,-2.743803686264572
-2.736234851693103,-2.736234851693103
-2.7286691048436436,-2.7286691048436436
-2.721106447964889,-2.721106447964889
-2.7135468832636604,-2.7135468832636604
-2.705990412905005,-2.705990412905005
-2.6984370390123082,-2.6984370390123082
-2.6908867636673888,-2.6908867636673888
-2.6833395889106075,-2.6833395889106075
-2.675795516740967,-2.675795516740967
-2.668254549116211,-2.668254549116211
-2.66071668795293,-2.66071668795293
-2.653181935126651,-2.653181935126651
-2.645650292471941,-2.645650292471941
-2.638121761782505,-2.638121761782505
-2.6305963448112766,-2.6305963448112766
-2.6230740432705155,-2.6230740432705155
-2.615554858831902,-2.615554858831902
-2.608038793126629,-2.608038793126629
-2.6005258477454936,-2.6005258477454936
-2.5930160242389877,-2.5930160242389877
-2.5855093241173868,-2.5855093241173868
-2.578005748850844,-2.578005748850844
-2.570505299869473,-2.570505299869473
-2.5630079785634345,-2.5630079785634345
-2.555513786283027,-2.555513786283027
-2.548022724338769,-2.548022724338769
-2.5405347940014837,-2.5405347940014837
-2.533049996502384,-2.533049996502384
-2.52556833303315,-2.52556833303315
-2.5180898047460185,-2.5180898047460185
-2.5106144127538563,-2.5106144127538563
-2.503142158130246,-2.503142158130246
-2.49567304190956,-2.49567304190956
-2.48820706508704,-2.48820706508704
-2.4807442286188777,-2.4807442286188777
-2.4732845334222864,-2.4732845334222864
-2.4658279803755785,-2.4658279803755785
-2.4583745703182407,-2.4583745703182407
-2.450924304051006,-2.450924304051006
-2.443477182335927,-2.443477182335927
-2.4360332058964524,-2.4360332058964524
-2.4285923754174883,-2.4285923754174883
-2.4211546915454805,-2.4211546915454805
-2.4137201548884746,-2.4137201548884746
-2.4062887660161874,-2.4062887660161874
-2.3988605254600794,-2.3988605254600794
-2.391435433713416,-2.391435433713416
-2.3840134912313355,-2.3840134912313355
-2.376594698430916,-2.376594698430916
-2.3691790556912373,-2.3691790556912373
-2.3617665633534504,-2.3617665633534504
-2.3543572217208317,-2.3543572217208317
-2.346951031058854,-2.346951031058854
-2.3395479915952415,-2.3395479915952415
-2.332148103520035,-2.332148103520035
-2.3247513669856503,-2.3247513669856503
-2.3173577821069364,-2.3173577821069364
-2.3099673489612327,-2.3099673489612327
-2.302580067588433,-2.302580067588433
-2.295195937991032,-2.295195937991032
-2.287814960134195,-2.287814960134195
-2.2804371339457976,-2.2804371339457976
-2.2730624593164905,-2.2730624593164905
-2.2656909360997535,-2.2656909360997535
-2.2583225641119467,-2.2583225641119467
-2.250957343132356,-2.250957343132356
-2.243595272903257,-2.243595272903257
-2.23623635312996,-2.23623635312996
-2.228880583480854,-2.228880583480854
-2.221527963587469,-2.221527963587469
-2.2141784930445136,-2.2141784930445136
-2.2068321714099293,-2.2068321714099293
-2.199488998204935,-2.199488998204935
-2.1921489729140737,-2.1921489729140737
-2.18481209498526,-2.18481209498526
-2.1774783638298234,-2.1774783638298234
-2.170147778822553,-2.170147778822553
-2.162820339301745,-2.162820339301745
-2.155496044569237,-2.155496044569237
-2.148174893890461,-2.148174893890461
-2.140856886494475,-2.140856886494475
-2.1335420215740144,-2.1335420215740144
-2.1262302982855235,-2.1262302982855235
-2.118921715749197,-2.118921715749197
-2.111616273049024,-2.111616273049024
-2.104313969232819,-2.104313969232819
-2.0970148033122635,-2.0970148033122635
-2.0897187742629466,-2.0897187742629466
-2.0824258810243923,-2.0824258810243923
-2.0751361225001013,-2.0751361225001013
-2.067849497557584,-2.067849497557584
-2.0605660050283943,-2.0605660050283943
-2.053285643708169,-2.053285643708169
-2.0460084123566498,-2.0460084123566498
-2.0387343096977215,-2.0387343096977215
-2.031463334419451,-2.031463334419451
-2.0241954851741015,-2.0241954851741015
-2.0169307605781803,-2.0169307605781803
-2.0096691592124554,-2.0096691592124554
-2.0024106796219905,-2.0024106796219905
-1.995155320316174,-1.995155320316174
-1.9879030797687447,-1.9879030797687447
-1.9806539564178196,-1.9806539564178196
-1.9734079486659215,-1.9734079486659215
-1.96616505488,-1.96616505488
-1.9589252733914664,-1.9589252733914664
-1.9516886024962072,-1.9516886024962072
-1.9444550404546166,-1.9444550404546166
-1.937224585491616,-1.937224585491616
-1.9299972357966777,-1.9299972357966777
-1.9227729895238435,-1.9227729895238435
-1.9155518447917574,-1.9155518447917574
-1.9083337996836693,-1.9083337996836693
-1.9011188522474731,-1.9011188522474731
-1.8939070004957115,-1.8939070004957115
-1.8866982424056058,-1.8866982424056058
-1.8794925759190688,-1.8794925759190688
-1.8722899989427249,-1.8722899989427249
-1.8650905093479246,-1.8650905093479246
-1.857894104970767,-1.857894104970767
-1.8507007836121085,-1.8507007836121085
-1.843510543037585,-1.843510543037585
-1.8363233809776207,-1.8363233809776207
-1.829139295127449,-1.829139295127449
-1.8219582831471195,-1.8219582831471195
-1.8147803426615152,-1.8147803426615152
-1.807605471260366,-1.807605471260366
-1.800433666498258,-1.800433666498258
-1.7932649258946447,-1.7932649258946447
-1.7860992469338606,-1.7860992469338606
-1.7789366270651272,-1.7789366270651272
-1.7717770637025683,-1.7717770637025683
-1.764620554225214,-1.764620554225214
-1.75746709597701,-1.75746709597701
-1.7503166862668293,-1.7503166862668293
-1.7431693223684754,-1.7431693223684754
-1.7360250015206895,-1.7360250015206895
-1.728883720927159,-1.728883720927159
-1.7217454777565209,-1.7217454777565209
-1.7146102691423686,-1.7146102691423686
-1.7074780921832544,-1.7074780921832544
-1.7003489439426944,-1.7003489439426944
-1.693222821449173,-1.693222821449173
-1.6860997216961437,-1.6860997216961437
-1.6789796416420337,-1.6789796416420337
-1.67186257821024,-1.67186257821024
-1.6647485282891392,-1.6647485282891392
-1.657637488732081,-1.657637488732081
-1.65052945635739,-1.65052945635739
-1.643424427948367,-1.643424427948367
-1.6363224002532855,-1.6363224002532855
-1.6292233699853915,-1.6292233699853915
-1.6221273338229003,-1.6221273338229003
-1.6150342884089937,-1.6150342884089937
-1.6079442303518172,-1.6079442303518172
-1.6008571562244787,-1.6008571562244787
-1.5937730625650364,-1.5937730625650364
-1.5866919458764994,-1.5866919458764994
-1.5796138026268258,-1.5796138026268258
-1.5725386292489074,-1.5725386292489074
-1.5654664221405685,-1.5654664221405685
-1.5583971776645589,-1.5583971776645589
-1.5513308921485447,-1.5513308921485447
-1.5442675618851016,-1.5442675618851016
-1.5372071831317022,-1.5372071831317022
-1.5301497521107101,-1.5301497521107101
-1.5230952650093703,-1.5230952650093703
-1.516043717979797,-1.516043717979797
-1.5089951071389613,-1.5089951071389613
-1.5019494285686832,-1.5019494285686832
-1.494906678315617,-1.494906678315617
-1.4878668523912397,-1.4878668523912397
-1.480829946771836,-1.480829946771836
-1.473795957398486,-1.473795957398486
-1.4667648801770528,-1.4667648801770528
-1.4597367109781632,-1.4597367109781632
-1.4527114456371966,-1.4527114456371966
-1.4456890799542648,-1.4456890799542648
-1.4386696096941998,-1.4386696096941998
-1.4316530305865363,-1.4316530305865363
-1.42463933832549,-1.42463933832549
-1.4176285285699433,-1.4176285285699433
-1.4106205969434267,-1.4106205969434267
-1.403615539034099,-1.403615539034099
-1.3966133503947253,-1.3966133503947253
-1.3896140265426604,-1.3896140265426604
-1.3826175629598263,-1.3826175629598263
-1.3756239550926923,-1.3756239550926923
-1.3686331983522493,-1.3686331983522493
-1.361645288113992,-1.361645288113992
-1.3546602197178936,-1.3546602197178936
-1.347677988468385,-1.347677988468385
-1.3406985896343246,-1.3406985896343246
-1.3337220184489809,-1.3337220184489809
-1.3267482701100046,-1.3267482701100046
-1.3197773397794015,-1.3197773397794015
-1.3128092225835095,-1.3128092225835095
-1.3058439136129678,-1.3058439136129678
-1.2988814079226947,-1.2988814079226947
-1.291921700531857,-1.291921700531857
-1.2849647864238416,-1.2849647864238416
-1.2780106605462263,-1.2780106605462263
-1.2710593178107537,-1.2710593178107537
-1.2641107530932967,-1.2641107530932967
-1.257164961233833,-1.257164961233833
-1.2502219370364078,-1.2502219370364078
-1.2432816752691127,-1.2432816752691127
-1.2363441706640395,-1.2363441706640395
-1.2294094179172623,-1.2294094179172623
-1.2224774116887915,-1.2224774116887915
-1.215548146602551,-1.215548146602551
-1.2086216172463358,-1.2086216172463358
-1.2016978181717843,-1.2016978181717843
-1.194776743894334,-1.194776743894334
-1.1878583888931982,-1.1878583888931982
-1.1809427476113168,-1.1809427476113168
-1.1740298144553292,-1.1740298144553292
-1.1671195837955302,-1.1671195837955302
-1.1602120499658377,-1.1602120499658377
-1.15330720726375,-1.15330720726375
-1.1464050499503098,-1.1464050499503098
-1.1395055722500593,-1.1395055722500593
-1.1326087683510098,-1.1326087683510098
-1.1257146324045901,-1.1257146324045901
-1.1188231585256145,-1.1188231585256145
-1.1119343407922333,-1.1119343407922333
-1.1050481732458985,-1.1050481732458985
-1.098164649891313,-1.098164649891313
-1.0912837646963935,-1.0912837646963935
-1.0844055115922224,-1.0844055115922224
-1.0775298844730088,-1.0775298844730088
-1.070656877196034,-1.070656877196034
-1.0637864835816182,-1.0637864835816182
-1.0569186974130633,-1.0569186974130633
-1.0500535124366122,-1.0500535124366122
-1.043190922361402,-1.043190922361402
-1.0363309208594145,-1.0363309208594145
-1.0294735015654262,-1.0294735015654262
-1.0226186580769623,-1.0226186580769623
-1.0157663839542472,-1.0157663839542472
-1.008916672720154,-1.008916672720154
-1.0020695178601524,-1.0020695178601524
-0.9952249128222598,-0.9952249128222598
-0.9883828510169881,-0.9883828510169881
-0.9815433258172951,-0.9815433258172951
-0.9747063305585257,-0.9747063305585257
-0.9678718585383634,-0.9678718585383634
-0.9610399030167754,-0.9610399030167754
-0.9542104572159587,-0.9542104572159587
-0.9473835143202811,-0.9473835143202811
-0.9405590674762315,-0.9405590674762315
-0.9337371097923607,-0.9337371097923607
-0.9269176343392254,-0.9269176343392254
-0.9201006341493306,-0.9201006341493306
-0.9132861022170707,-0.9132861022170707
-0.9064740314986748,-0.9064740314986748
-0.8996644149121443,-0.8996644149121443
-0.8928572453371942,-0.8928572453371942
-0.8860525156151936,-0.8860525156151936
-0.8792502185491048,-0.8792502185491048
-0.8724503469034238,-0.8724503469034238
-0.8656528934041147,-0.8656528934041147
-0.8588578507385489,-0.8588578507385489
-0.8520652115554456,-0.8520652115554456
-0.8452749684648041,-0.8452749684648041
-0.83848711403784,-0.83848711403784
-0.8317016408069227,-0.8317016408069227
-0.8249185412655086,-0.8249185412655086
-0.8181378078680765,-0.8181378078680765
-0.8113594330300592,-0.8113594330300592
-0.8045834091277775,-0.8045834091277775
-0.7978097284983733,-0.7978097284983733
-0.7910383834397421,-0.7910383834397421
-0.7842693662104604,-0.7842693662104604
-0.7775026690297192,-0.7775026690297192
-0.770738284077255,-0.770738284077255
-0.7639762034932783,-0.7639762034932783
-0.7572164193783998,-0.7572164193783998
-0.7504589237935622,-0.7504589237935622
-0.7437037087599658,-0.7437037087599658
-0.7369507662589982,-0.7369507662589982
-0.7302000882321559,-0.7302000882321559
-0.7234516665809738,-0.7234516665809738
-0.7167054931669508,-0.7167054931669508
-0.7099615598114724,-0.7099615598114724
-0.7032198582957353,-0.7032198582957353
-0.6964803803606703,-0.6964803803606703
-0.6897431177068666,-0.6897431177068666
-0.6830080619944942,-0.6830080619944942
-0.6762752048432213,-0.6762752048432213
-0.66954453783214,-0.66954453783214
-0.6628160524996856,-0.6628160524996856
-0.6560897403435537,-0.6560897403435537
-0.6493655928206222,-0.6493655928206222
-0.6426436013468675,-0.6426436013468675
-0.6359237572972842,-0.6359237572972842
-0.6292060520058019,-0.6292060520058019
-0.6224904767651996,-0.6224904767651996
-0.6157770228270238,-0.6157770228270238
-0.6090656814015036,-0.6090656814015036
-0.6023564436574655,-0.6023564436574655
-0.5956493007222458,-0.5956493007222458
-0.5889442436816034,-0.5889442436816034
-0.5822412635796363,-0.5822412635796363
-0.5755403514186915,-0.5755403514186915
-0.5688414981592752,-0.5688414981592752
-0.5621446947199631,-0.5621446947199631
-0.5554499319773144,-0.5554499319773144
-0.5487572007657783,-0.5487572007657783
-0.5420664918776034,-0.5420664918776034
-0.5353777960627423,-0.5353777960627423
-0.5286911040287678,-0.5286911040287678
-0.5220064064407712,-0.5220064064407712
-0.5153236939212715,-0.5153236939212715
-0.5086429570501214,-0.5086429570501214
-0.5019641863644116,-0.5019641863644116
-0.49528737235837583,-0.49528737235837583
-0.4886125054832914,-0.4886125054832914
-0.481939576147384,-0.481939576147384
-0.4752685747157318,-0.4752685747157318
-0.4685994915101635,-0.4685994915101635
-0.4619323168091592,-0.4619323168091592
-0.4552670408477521,-0.4552670408477521
-0.44860365381742745,-0.44860365381742745
-0.44194214586602104,-0.44194214586602104
-0.4352825070976166,-0.4352825070976166
-0.42862472757244274,-0.42862472757244274
-0.4219687973067709,-0.4219687973067709
-0.4153147062728109,-0.4153147062728109
-0.4086624443986046,-0.4086624443986046
-0.4020120015679203,-0.4020120015679203
-0.3953633676201495,-0.3953633676201495
-0.3887165323501974,-0.3887165323501974
-0.38207148550837455,-0.38207148550837455
-0.37542821680028815,-0.37542821680028815
-0.3687867158867375,-0.3687867158867375
-0.3621469723835985,-0.3621469723835985
-0.3555089758617149,-0.3555089758617149
-0.3488727158467871,-0.3488727158467871
-0.3422381818192624,-0.3422381818192624
-0.3356053632142161,-0.3356053632142161
-0.3289742494212456,-0.3289742494212456
-0.32234482978434803,-0.32234482978434803
-0.315717093601814,-0.315717093601814
-0.3090910301261013,-0.3090910301261013
-0.30246662856373047,-0.30246662856373047
-0.29584387807515544,-0.29584387807515544
-0.28922276777465294,-0.28922276777465294
-0.28260328673020285,-0.28260328673020285
-0.275985423963367,-0.275985423963367
-0.26936916844916775,-0.26936916844916775
-0.2627545091159681,-0.2627545091159681
-0.2561414348453516,-0.2561414348453516
-0.24952993447199762,-0.24952993447199762
-0.24291999678355652,-0.24291999678355652
-0.23631161052052668,-0.23631161052052668
-0.22970476437613135,-0.22970476437613135
-0.22309944699619072,-0.22309944699619072
-0.2164956469789938,-0.2164956469789938
-0.20989335287517308,-0.20989335287517308
-0.20329255318757683,-0.20329255318757683
-0.19669323637113897,-0.19669323637113897
-0.19009539083274768,-0.19009539083274768
-0.1834990049311153,-0.1834990049311153
-0.17690406697665034,-0.17690406697665034
-0.170310565231321,-0.170310565231321
-0.1637184879085225,-0.1637184879085225
-0.1571278231729437,-0.1571278231729437
-0.15053855914043338,-0.15053855914043338
-0.14395068387786347,-0.14395068387786347
-0.13736418540299195,-0.13736418540299195
-0.13077905168432477,-0.13077905168432477
-0.12419527064098064,-0.12419527064098064
-0.11761283014255053,-0.11761283014255053
-0.11103171800895549,-0.11103171800895549
-0.10445192201030751,-0.10445192201030751
-0.09787342986676967,-0.09787342986676967
-0.09129622924841183,-0.09129622924841183
-0.08472030777506531,-0.08472030777506531
-0.07814565301618154,-0.07814565301618154
-0.07157225249068622,-0.07157225249068622
-0.0650000936668329,-0.0650000936668329
-0.058429163962055344,-0.058429163962055344
-0.051859450742819765,-0.051859450742819765
-0.04529094132447818,-0.04529094132447818
-0.03872362297111618,-0.03872362297111618
-0.03215748289540352,-0.03215748289540352
-0.02559250825844134,-0.02559250825844134
-0.019028686169612747,-0.019028686169612747
-0.012466003686426688,-0.012466003686426688
-0.005904447814364171,-0.005904447814364171
0.0006559944932769746,0.0006559944932769746
0.007215336335535803,0.007215336335535803
0.013773590863948013,0.013773590863948013
0.02033077128270631,0.02033077128270631
0.026886890848809675,0.026886890848809675
0.033441962872237205,0.033441962872237205
0.03999600071609544,0.03999600071609544
0.04654901779679255,0.04654901779679255
0.05310102758418798,0.05310102758418798
0.059652043601771135,0.059652043601771135
0.06620207942680964,0.06620207942680964
0.07275114869053166,0.07275114869053166
0.0792992650782786,0.0792992650782786
0.08584644232968418,0.08584644232968418
0.09239269423883222,0.09239269423883222
0.09893803465443694,0.09893803465443694
0.10548247748000766,0.10548247748000766
0.11202603667401854,0.11202603667401854
0.1185687262500897,0.1185687262500897
0.12511056027714987,0.12511056027714987
0.13165155287962335,0.13165155287962335
0.1381917182375945,0.1381917182375945
0.14473107058699392,0.14473107058699392
0.15126962421976864,0.15126962421976864
0.15780739348406914,0.15780739348406914
0.1643443927844205,0.1643443927844205
0.17088063658191247,0.17088063658191247
0.1774161393943732,0.1774161393943732
0.1839509157965622,0.1839509157965622
0.19048498042034206,0.19048498042034206
0.19701834795487774,0.19701834795487774
0.20355103314681147,0.20355103314681147
0.21008305080046075,0.21008305080046075
0.21661441577799384,0.21661441577799384
0.2231451429996362,0.2231451429996362
0.22967524744384632,0.22967524744384632
0.23620474414751783,0.23620474414751783
0.24273364820616578,0.24273364820616578
0.24926197477412987,0.24926197477412987
0.25578973906475777,0.25578973906475777
0.26231695635061414,0.26231695635061414
0.26884364196366833,0.26884364196366833
0.2753698112955018,0.2753698112955018
0.28189547979750096,0.28189547979750096
0.28842066298106456,0.28842066298106456
0.2949453764178005,0.2949453764178005
0.3014696357397353,0.3014696357397353
0.30799345663951283,0.30799345663951283
0.31451685487060865,0.31451685487060865
0.3210398462475255,0.3210398462475255
0.3275624466460157,0.3275624466460157
0.3340846720032774,0.3340846720032774
0.3406065383181777,0.3406065383181777
0.34712806165145343,0.34712806165145343
0.35364925812593634,0.35364925812593634
0.36017014392675417,0.36017014392675417
0.36669073530156165,0.36669073530156165
0.3732110485607438,0.3732110485607438
0.37973110007764593,0.37973110007764593
0.38625090628878217,0.38625090628878217
0.39277048369406914,0.39277048369406914
0.39928984885703594,0.39928984885703594
0.40580901840505723,0.40580901840505723
0.4123280090295711,0.4123280090295711
0.4188468374863124,0.4188468374863124
0.4253655205955315,0.4253655205955315
0.4318840752422336,0.4318840752422336
0.4384025183763984,0.4384025183763984
0.4449208670132218,0.4449208670132218
0.45143913823333826,0.45143913823333826
0.4579573491830672,0.4579573491830672
0.46447551707463514,0.46447551707463514
0.4709936591864256,0.4709936591864256
0.4775117928632074,0.4775117928632074
0.4840299355163837,0.4840299355163837
0.4905481046242212,0.4905481046242212
0.49706631773210763,0.49706631773210763
0.503584592452782,0.503584592452782
0.5101029464665914,0.5101029464665914
0.5166213975217265,0.5166213975217265
0.523139963434484,0.523139963434484
0.5296586620894997,0.5296586620894997
0.5361775114400174,0.5361775114400174
0.5426965295081254,0.5426965295081254
0.5492157343850255,0.5492157343850255
0.5557351442312737,0.5557351442312737
0.5622547772770543,0.5622547772770543
0.5687746518224205,0.5687746518224205
0.5752947862375721,0.5752947862375721
0.5818151989631023,0.5818151989631023
0.5883359085102725,0.5883359085102725
0.5948569334612687,0.5948569334612687
0.6013782924694765,0.6013782924694765
0.6079000042597378,0.6079000042597378
0.6144220876286337,0.6144220876286337
0.6209445614447423,0.6209445614447423
0.6274674446489235,0.6274674446489235
0.6339907562545831,0.6339907562545831
0.6405145153479582,0.6405145153479582
0.6470387410883846,0.6470387410883846
0.6535634527085865,0.6535634527085865
0.660088669514948,0.660088669514948
0.6666144108878048,0.6666144108878048
0.673140696281717,0.673140696281717
0.6796675452257692,0.6796675452257692
0.6861949773238415,0.6861949773238415
0.6927230122549168,0.6927230122549168
0.6992516697733546,0.6992516697733546
0.7057809697091971,0.7057809697091971
0.7123109319684534,0.7123109319684534
0.7188415765334055,0.7188415765334055
0.7253729234628947,0.7253729234628947
0.7319049928926344,0.7319049928926344
0.7384378050354979,0.7384378050354979
0.7449713801818344,0.7449713801818344
0.7515057386997613,0.7515057386997613
0.7580409010354863,0.7580409010354863
0.764576887713596,0.764576887713596
0.7711137193373903,0.7711137193373903
0.7776514165891703,0.7776514165891703
0.784190000230574,0.784190000230574
0.7907294911028737,0.7907294911028737
0.7972699101273121,0.7972699101273121
0.803811278305403,0.803811278305403
0.8103536167192712,0.8103536167192712
0.8168969465319601,0.8168969465319601
0.823441288987773,0.823441288987773
0.8299866654125833,0.8299866654125833
0.8365330972141783,0.8365330972141783
0.8430806058825868,0.8430806058825868
0.8496292129904063,0.8496292129904063
0.8561789401931427,0.8561789401931427
0.862729809229551,0.862729809229551
0.8692818419219733,0.8692818419219733
0.8758350601766737,0.8758350601766737
0.8823894859841855,0.8823894859841855
0.8889451414196623,0.8889451414196623
0.8955020486432215,0.8955020486432215
0.9020602299002892,0.9020602299002892
0.9086197075219554,0.9086197075219554
0.9151805039253333,0.9151805039253333
0.9217426416139107,0.9217426416139107
0.9283061431779038,0.9283061431779038
0.9348710312946215,0.9348710312946215
0.9414373287288335,0.9414373287288335
0.9480050583331282,0.9480050583331282
0.954574243048277,0.954574243048277
0.9611449059036089,0.9611449059036089
0.967717070017382,0.967717070017382
0.9742907585971567,0.9742907585971567
0.980865994940166,0.980865994940166
0.9874428024336971,0.9874428024336971
0.9940212045554766,0.9940212045554766
1.0006012248740481,1.0006012248740481
1.0071828870491537,1.0071828870491537
1.013766214832133,1.013766214832133
1.0203512320662944,1.0203512320662944
1.0269379626873305,1.0269379626873305
1.0335264307236898,1.0335264307236898
1.040116660296992,1.040116660296992
1.0467086756224113,1.0467086756224113
1.0533025010090944,1.0533025010090944
1.0598981608605478,1.0598981608605478
1.0664956796750598,1.0664956796750598
1.073095082046096,1.073095082046096
1.0796963926627245,1.0796963926627245
1.0862996363100155,1.0862996363100155
1.0929048378694721,1.0929048378694721
1.0995120223194375,1.0995120223194375
1.1061212147355268,1.1061212147355268
1.1127324402910415,1.1127324402910415
1.119345724257407,1.119345724257407
1.1259610920045915,1.1259610920045915
1.132578569001549,1.132578569001549
1.1391981808166425,1.1391981808166425
1.1458199531180957,1.1458199531180957
1.1524439116744172,1.1524439116744172
1.1590700823548603,1.1590700823548603
1.1656984911298496,1.1656984911298496
1.1723291640714528,1.1723291640714528
1.1789621273538073,1.1789621273538073
1.1855974072535966,1.1855974072535966
1.1922350301504892,1.1922350301504892
1.198875022527612,1.198875022527612
1.205517410972,1.205517410972
1.2121622221750794,1.2121622221750794
1.2188094829331126,1.2188094829331126
1.2254592201476946,1.2254592201476946
1.2321114608262054,1.2321114608262054
1.238766232082303,1.238766232082303
1.2454235611363935,1.2454235611363935
1.2520834753161214,1.2520834753161214
1.2587460020568488,1.2587460020568488
1.2654111689021539,1.2654111689021539
1.2720790035043104,1.2720790035043104
1.2787495336247996,1.2787495336247996
1.2854227871347905,1.2854227871347905
1.2920987920156581,1.2920987920156581
1.2987775763594764,1.2987775763594764
1.305459168369535,1.305459168369535
1.312143596360841,1.312143596360841
1.3188308887606446,1.3188308887606446
1.3255210741089458,1.3255210741089458
1.3322141810590262,1.3322141810590262
1.3389102383779596,1.3389102383779596
1.345609274947158,1.345609274947158
1.352311319762883,1.352311319762883
1.3590164019367963,1.3590164019367963
1.3657245506964855,1.3657245506964855
1.3724357953860151,1.3724357953860151
1.3791501654664604,1.3791501654664604
1.3858676905164695,1.3858676905164695
1.3925884002327988,1.3925884002327988
1.3993123244308832,1.3993123244308832
1.4060394930453814,1.4060394930453814
1.4127699361307533,1.4127699361307533
1.419503683861807,1.419503683861807
1.4262407665342882,1.4262407665342882
1.4329812145654344,1.4329812145654344
1.4397250584945722,1.4397250584945722
1.4464723289836732,1.4464723289836732
1.4532230568179652,1.4532230568179652
1.4599772729064966,1.4599772729064966
1.4667350082827462,1.4667350082827462
1.4734962941052048,1.4734962941052048
1.4802611616579882,1.4802611616579882
1.4870296423514238,1.4870296423514238
1.4938017677226814,1.4938017677226814
1.5005775694363575,1.5005775694363575
1.5073570792851152,1.5073570792851152
1.5141403291902829,1.5141403291902829
1.5209273512024957,1.5209273512024957
1.5277181775023077,1.5277181775023077
1.5345128404008355,1.5345128404008355
1.5413113723403822,1.5413113723403822
1.5481138058950903,1.5481138058950903
1.5549201737715712,1.5549201737715712
1.56173050880957,1.56173050880957
1.5685448439826002,1.5685448439826002
1.5753632123986163,1.5753632123986163
1.5821856473006606,1.5821856473006606
1.5890121820675456,1.5890121820675456
1.5958428502145028,1.5958428502145028
1.6026776853938796,1.6026776853938796
1.6095167213957962,1.6095167213957962
1.616359992148849,1.616359992148849
1.623207531720779,1.623207531720779
1.6300593743191858,1.6300593743191858
1.6369155542921978,1.6369155542921978
1.6437761061292009,1.6437761061292009
1.6506410644615293,1.6506410644615293
1.6575104640631768,1.6575104640631768
1.6643843398515121,1.6643843398515121
1.6712627268880114,1.6712627268880114
1.6781456603789702,1.6781456603789702
1.6850331756762364,1.6850331756762364
1.6919253082779444,1.6919253082779444
1.698822093829265,1.698822093829265
1.7057235681231409,1.7057235681231409
1.7126297671010338,1.7126297671010338
1.7195407268536855,1.7195407268536855
1.72645648362188,1.72645648362188
1.7333770737972087,1.7333770737972087
1.740302533922829,1.740302533922829
1.7472329006942515,1.7472329006942515
1.7541682109601222,1.7541682109601222
1.761108501723004,1.761108501723004
1.7680538101401662,1.7680538101401662
1.7750041735243798,1.7750041735243798
1.7819596293447353,1.7819596293447353
1.788920215227436,1.788920215227436
1.7958859689566087,1.7958859689566087
1.8028569284751328,1.8028569284751328
1.809833131885463,1.809833131885463
1.816814617450458,1.816814617450458
1.823801423594213,1.823801423594213
1.8307935889029028,1.8307935889029028
1.8377911521256347,1.8377911521256347
1.8447941521753004,1.8447941521753004
1.851802628129425,1.851802628129425
1.858816619231043,1.858816619231043
1.8658361648895685,1.8658361648895685
1.8728613046816718,1.8728613046816718
1.8798920783521555,1.8798920783521555
1.8869285258148483,1.8869285258148483
1.8939706871535091,1.8939706871535091
1.90101860262272,1.90101860262272
1.9080723126487897,1.9080723126487897
1.9151318578306749,1.9151318578306749
1.9221972789409059,1.9221972789409059
1.9292686169265072,1.9292686169265072
1.9363459129099274,1.9363459129099274
1.9434292081899849,1.9434292081899849
1.950518544242819,1.950518544242819
1.9576139627228384,1.9576139627228384
1.9647155054636753,1.9647155054636753
1.9718232144791683,1.9718232144791683
1.9789371319643172,1.9789371319643172
1.9860573002962851,1.9860573002962851
1.993183762035363,1.993183762035363
2.000316559925988,2.000316559925988
2.007455736897721,2.007455736897721
2.014601336066284,2.014601336066284
2.021753400734542,2.021753400734542
2.028911974393563,2.028911974393563
2.0360771007236176,2.0360771007236176
2.0432488235952375,2.0432488235952375
2.0504271870702473,2.0504271870702473
2.057612235402832,2.057612235402832
2.064804013040581,2.064804013040581
2.0720025646255724,2.0720025646255724
2.0792079349954347,2.0792079349954347
2.086420169184444,2.086420169184444
2.0936393124245987,2.0936393124245987
2.1008654101467408,2.1008654101467408
2.1080985079816403,2.1080985079816403
2.115338651761129,2.115338651761129
2.12258588751921,2.12258588751921
2.1298402614932046,2.1298402614932046
2.1371018201248706,2.1371018201248706
2.144370610061578,2.144370610061578
2.1516466781574373,2.1516466781574373
2.1589300714744875,2.1589300714744875
2.166220837283853,2.166220837283853
2.1735190230669406,2.1735190230669406
2.180824676516615,2.180824676516615
2.1881378455384115,2.1881378455384115
2.1954585782517335,2.1954585782517335
2.2027869229910855,2.2027869229910855
2.210122928307274,2.210122928307274
2.2174666429686734,2.2174666429686734
2.224818115962445,2.224818115962445
2.232177396495808,2.232177396495808
2.2395445339972877,2.2395445339972877
2.2469195781180065,2.2469195781180065
2.254302578732945,2.254302578732945
2.261693585942251,2.261693585942251
2.26909265007253,2.26909265007253
2.276499821678163,2.276499821678163
2.283915151542618,2.283915151542618
2.291338690679797,2.291338690679797
2.298770490335353,2.298770490335353
2.3062106019880675,2.3062106019880675
2.313659077351186,2.313659077351186
2.3211159683738107,2.3211159683738107
2.328581327242265,2.328581327242265
2.336055206381499,2.336055206381499
2.343537658456483,2.343537658456483
2.351028736373626,2.351028736373626
2.358528493282191,2.358528493282191
2.366036982575748,2.366036982575748
2.3735542578935966,2.3735542578935966
2.3810803731222436,2.3810803731222436
2.388615382396851,2.388615382396851
2.3961593401027397,2.3961593401027397
2.403712300876851,2.403712300876851
2.4112743196092774,2.4112743196092774
2.4188454514447515,2.4188454514447515
2.426425751784189,2.426425751784189
2.4340152762862206,2.4340152762862206
2.4416140808687343,2.4416140808687343
2.449222221710436,2.449222221710436
2.4568397552524397,2.4568397552524397
2.464466738199839,2.464466738199839
2.4721032275232955,2.4721032275232955
2.4797492804606667,2.4797492804606667
2.487404954518624,2.487404954518624
2.4950703074742844,2.4950703074742844
2.5027453973768545,2.5027453973768545
2.5104302825492977,2.5104302825492977
2.5181250215900097,2.5181250215900097
2.525829673374504,2.525829673374504
2.5335442970571065,2.5335442970571065
2.5412689520726723,2.5412689520726723
2.5490036981383195,2.5490036981383195
2.556748595255168,2.556748595255168
2.564503703710085,2.564503703710085
2.572269084077459,2.572269084077459
2.5800447972209914,2.5800447972209914
2.587830904295486,2.587830904295486
2.595627466748654,2.595627466748654
2.6034345463229482,2.6034345463229482
2.611252205057404,2.611252205057404
2.6190805052894963,2.6190805052894963
2.6269195096569966,2.6269195096569966
2.6347692810998686,2.6347692810998686
2.6426298828621717,2.6426298828621717
2.6505013784939737,2.6505013784939737
2.6583838318532718,2.6583838318532718
2.6662773071079484,2.6662773071079484
2.6741818687377386,2.6741818687377386
2.6820975815362034,2.6820975815362034
2.690024510612716,2.690024510612716
2.6979627213944823,2.6979627213944823
2.7059122796285697,2.7059122796285697
2.713873251383948,2.713873251383948
2.7218457030535417,2.7218457030535417
2.7298297013563158,2.7298297013563158
2.737825313339372,2.737825313339372
2.7458326063800635,2.7458326063800635
2.753851648188105,2.753851648188105
2.7618825068077326,2.7618825068077326
2.7699252506198775,2.7699252506198775
2.777979948344335,2.777979948344335
2.7860466690419594,2.7860466690419594
2.7941254821168977,2.7941254821168977
2.8022164573188206,2.8022164573188206
2.8103196647451805,2.8103196647451805
2.8184351748434766,2.8184351748434766
2.826563058413553,2.826563058413553
2.8347033866099234,2.8347033866099234
2.84285623094409,2.84285623094409
2.8510216632868945,2.8510216632868945
2.8591997558708924,2.8591997558708924
2.867390581292755,2.867390581292755
2.875594212515669,2.875594212515669
2.883810722871765,2.883810722871765
2.8920401860645817,2.8920401860645817
2.9002826761715377,2.9002826761715377
2.9085382676464238,2.9085382676464238
2.91680703532191,2.91680703532191
2.925089054412104,2.925089054412104
2.9333844005150835,2.9333844005150835
2.9416931496155048,2.9416931496155048
2.9500153780871825,2.9500153780871825
2.9583511626957324,2.9583511626957324
2.966700580601204,2.966700580601204
2.9750637093607692,2.9750637093607692
2.9834406269313964,2.9834406269313964
2.991831411672589,2.991831411672589
3.000236142349104,3.000236142349104
3.00865489813374,3.00865489813374
3.017087758610101,3.017087758610101
3.025534803775437,3.025534803775437
3.0339961140434495,3.0339961140434495
3.0424717702471904,3.0424717702471904
3.0509618536419127,3.0509618536419127
3.0594664459080145,3.0594664459080145
3.0679856291539527,3.0679856291539527
3.076519485919232,3.076519485919232
3.085068099177364,3.085068099177364
3.0936315523389193,3.0936315523389193
3.1022099292545415,3.1022099292545415
3.1108033142180394,3.1108033142180394
3.119411791969462,3.119411791969462
3.128035447698252,3.128035447698252
3.136674367046372,3.136674367046372
3.145328636111514,3.145328636111514
3.1539983414502704,3.1539983414502704
3.162683570081421,3.162683570081421
3.1713844094891552,3.1713844094891552
3.1801009476264044,3.1801009476264044
3.1888332729181434,3.1888332729181434
3.1975814742647715,3.1975814742647715
3.206345641045471,3.206345641045471
3.215125863121655,3.215125863121655
3.2239222308403894,3.2239222308403894
3.2327348350379044,3.2327348350379044
3.2415637670430657,3.2415637670430657
3.2504091186809645,3.2504091186809645
3.259270982276455,3.259270982276455
3.268149450657794,3.268149450657794
3.2770446171602576,3.2770446171602576
3.2859565756298434,3.2859565756298434
3.29488542042695,3.29488542042695
3.3038312464301582,3.3038312464301582
3.312794149039973,3.312794149039973
3.3217742241826698,3.3217742241826698
3.3307715683141117,3.3307715683141117
3.3397862784236714,3.3397862784236714
3.348818452038116,3.348818452038116
3.357868187225596,3.357868187225596
3.3669355825996146,3.3669355825996146
3.3760207373230826,3.3760207373230826
3.3851237511123666,3.3851237511123666
3.394244724241425,3.394244724241425
3.403383757545926,3.403383757545926
3.4125409524274586,3.4125409524274586
3.4217164108577376,3.4217164108577376
3.4309102353828966,3.4309102353828966
3.4401225291277613,3.4401225291277613
3.449353395800234,3.449353395800234
3.458602939695646,3.458602939695646
3.467871265701219,3.467871265701219
3.477158479300528,3.477158479300528
3.4864646865780107,3.4864646865780107
3.495789994223535,3.495789994223535
3.5051345095370054,3.5051345095370054
3.51449834043301,3.51449834043301
3.5238815954455065,3.5238815954455065
3.5332843837325614,3.5332843837325614
3.542706815081153,3.542706815081153
3.552148999911988,3.552148999911988
3.5616110492843736,3.5616110492843736
3.5710930749011487,3.5710930749011487
3.580595189113677,3.580595189113677
3.590117504926847,3.590117504926847
3.599660136004146,3.599660136004146
3.60922319667279,3.60922319667279
3.6188068019289013,3.6188068019289013
3.628411067442726,3.628411067442726
3.6380361095639024,3.6380361095639024
3.6476820453267966,3.6476820453267966
3.657348992455891,3.657348992455891
3.6670370693712107,3.6670370693712107
3.6767463951938084,3.6767463951938084
3.6864770897513077,3.6864770897513077
3.6962292735835214,3.6962292735835214
3.70600306794809,3.70600306794809
3.7157985948261896,3.7157985948261896
3.725615976928313,3.725615976928313
3.7354553377001043,3.7354553377001043
3.7453168013282294,3.7453168013282294
3.755200492746334,3.755200492746334
3.765106537641044,3.765106537641044
3.7750350624580475,3.7750350624580475
3.7849861944082157,3.7849861944082157
3.7949600614737946,3.7949600614737946
3.804956792414665,3.804956792414665
3.814976516774667,3.814976516774667
3.8250193648879938,3.8250193648879938
3.835085467885623,3.835085467885623
3.84517495770184,3.84517495770184
3.855287967080855,3.855287967080855
3.865424629583426,3.865424629583426
3.875585079593581,3.875585079593581
3.885769452325437,3.885769452325437
3.895977883830048,3.895977883830048
3.9062105110023544,3.9062105110023544
3.916467471588173,3.916467471588173
3.9267489041912964,3.9267489041912964
3.9370549482806605,3.9370549482806605
3.9473857441975566,3.9473857441975566
3.9577414331629517,3.9577414331629517
3.968122157284882,3.968122157284882
3.97852805956591,3.97852805956591
3.988959283910688,3.988959283910688
3.9994159751335614,3.9994159751335614
4.009898278966292,4.009898278966292
4.020406342065843,4.020406342065843
4.0309403120222695,4.0309403120222695
4.041500337366659,4.041500337366659
4.052086567579172,4.052086567579172
4.062699153097207,4.062699153097207
4.073338245323592,4.073338245323592
4.084003996634904,4.084003996634904
4.094696560389865,4.094696560389865
4.1054160909378465,4.1054160909378465
4.11616274362745,4.11616274362745
4.126936674815173,4.126936674815173
4.137738041874201,4.137738041874201
4.148567003203269,4.148567003203269
4.159423718235644,4.159423718235644
4.170308347448174,4.170308347448174
4.18122105237046,4.18122105237046
4.192161995594153,4.192161995594153
4.203131340782297,4.203131340782297
4.214129252678823,4.214129252678823
4.225155897118121,4.225155897118121
4.236211441034753,4.236211441034753
4.247296052473246,4.247296052473246
4.2584099005979885,4.2584099005979885
4.269553155703267,4.269553155703267
4.2807259892234155,4.2807259892234155
4.291928573743047,4.291928573743047
4.3031610830074225,4.3031610830074225
4.314423691932947,4.314423691932947
4.325716576617782,4.325716576617782
4.337039914352556,4.337039914352556
4.348393883631231,4.348393883631231
4.3597786641620555,4.3597786641620555
4.3711944368786995,4.3711944368786995
4.382641383951467,4.382641383951467
4.394119688798646,4.394119688798646
4.405629536098013,4.405629536098013
4.417171111798474,4.417171111798474
4.428744603131798,4.428744603131798
4.4403501986245395,4.4403501986245395
4.451988088110057,4.451988088110057
4.463658462740707,4.463658462740707
4.475361515000164,4.475361515000164
4.487097438715904,4.487097438715904
4.4988664290717875,4.4988664290717875
4.510668682620858,4.510668682620858
4.522504397298242,4.522504397298242
4.534373772434243,4.534373772434243
4.546277008767539,4.546277008767539
4.5582143084585836,4.5582143084585836
4.570185875103168,4.570185875103168
4.5821919137461204,4.5821919137461204
4.594232630895167,4.594232630895167
4.606308234534996,4.606308234534996
4.61841893414147,4.61841893414147
4.630564940696011,4.630564940696011
4.642746466700156,4.642746466700156
4.654963726190297,4.654963726190297
4.667216934752616,4.667216934752616
4.679506309538184,4.679506309538184
4.691832069278235,4.691832069278235
4.7041944342996596,4.7041944342996596
4.716593626540681,4.716593626540681
4.729029869566707,4.729029869566707
4.741503388586395,4.741503388586395
4.7540144104679,4.7540144104679
4.766563163755379,4.766563163755379
4.779149878685627,4.779149878685627
4.79177478720496,4.79177478720496
4.804438122986319,4.804438122986319
4.817140121446583,4.817140121446583
4.829881019764091,4.829881019764091
4.842661056896385,4.842661056896385
4.855480473598192,4.855480473598192
4.868339512439634,4.868339512439634
4.881238417824673,4.881238417824673
4.894177436009761,4.894177436009761
4.907156815122773,4.907156815122773
4.9201768051821695,4.9201768051821695
4.933237658116399,4.933237658116399
4.946339627783543,4.946339627783543
4.959482969991238,4.959482969991238
4.972667942516858,4.972667942516858
4.985894805127946,4.985894805127946
4.9991638196029005,4.9991638196029005
5.012475249751962,5.012475249751962
5.02582936143848,5.02582936143848
5.0392264226004295,5.0392264226004295
5.052666703272222,5.052666703272222
5.066150475606816,5.066150475606816
5.0796780138981354,5.0796780138981354
5.093249594603756,5.093249594603756
5.106865496367897,5.106865496367897
5.1205260000447455,5.1205260000447455
5.134231388722094,5.134231388722094
5.147981947745267,5.147981947745267
5.16177796474139,5.16177796474139
5.175619729643987,5.175619729643987
5.189507534717935,5.189507534717935
5.203441674584707,5.203441674584707
5.217422446248,5.217422446248
5.231450149119701,5.231450149119701
5.245525085046232,5.245525085046232
5.259647558335217,5.259647558335217
5.273817875782553,5.273817875782553
5.288036346699821,5.288036346699821
5.3023032829421455,5.3023032829421455
5.316618998936361,5.316618998936361
5.33098381170962,5.33098381170962
5.345398040918395,5.345398040918395
5.35986200887788,5.35986200887788
5.374376040591837,5.374376040591837
5.388940463782795,5.388940463782795
5.403555608922755,5.403555608922755
5.4182218092643,5.4182218092643
5.432939400872148,5.432939400872148
5.447708722655131,5.447708722655131
5.462530116398687,5.462530116398687
5.477403926797801,5.477403926797801
5.492330501490384,5.492330501490384
5.507310191091176,5.507310191091176
5.522343349226131,5.522343349226131
5.537430332567321,5.537430332567321
5.552571500868291,5.552571500868291
5.567767217000008,5.567767217000008
5.583017846987277,5.583017846987277
5.598323760045737,5.598323760045737
5.613685328619387,5.613685328619387
5.629102928418653,5.629102928418653
5.6445769384590365,5.6445769384590365
5.660107741100359,5.660107741100359
5.675695722086568,5.675695722086568
5.6913412705861255,5.6913412705861255
5.707044779233044,5.707044779233044
5.722806644168536,5.722806644168536
5.738627265083262,5.738627265083262
5.754507045260248,5.754507045260248
5.7704463916184405,5.7704463916184405
5.7864457147569714,5.7864457147569714
5.80250542900004,5.80250542900004
5.818625952442507,5.818625952442507
5.83480770699622,5.83480770699622
5.8510511184370335,5.8510511184370335
5.867356616452554,5.867356616452554
5.883724634690635,5.883724634690635
5.900155610808634,5.900155610808634
5.91664998652344,5.91664998652344
5.933208207662306,5.933208207662306
5.949830724214423,5.949830724214423
5.966517990383381,5.966517990383381
5.983270464640446,5.983270464640446
6.000088609778656,6.000088609778656
6.0169728929677975,6.0169728929677975
6.03392378581027,6.03392378581027
6.050941764397872,6.050941764397872
6.068027309369448,6.068027309369448
6.085180905969507,6.085180905969507
6.102403044107782,6.102403044107782
6.119694218419788,6.119694218419788
6.137054928328326,6.137054928328326
6.1544856781060195,6.1544856781060195
6.171986976938876,6.171986976938876
6.189559338990918,6.189559338990918
6.207203283469859,6.207203283469859
6.2249193346938885,6.2249193346938885
6.242708022159545,6.242708022159545
6.260569880610763,6.260569880610763
6.278505450109077,6.278505450109077
6.296515276104974,6.296515276104974
6.314599909510472,6.314599909510472
6.3327599067729485,6.3327599067729485
6.350995829950211,6.350995829950211
6.369308246786853,6.369308246786853
6.3876977307919,6.3876977307919
6.406164861317825,6.406164861317825
6.424710223640922,6.424710223640922
6.443334409043067,6.443334409043067
6.462038014894875,6.462038014894875
6.480821644740351,6.480821644740351
6.499685908383018,6.499685908383018
6.518631421973544,6.518631421973544
6.537658808098895,6.537658808098895
6.556768695873111,6.556768695873111
6.5759617210296915,6.5759617210296915
6.595238526015599,6.595238526015599
6.614599760086936,6.614599760086936
6.634046079406406,6.634046079406406
6.653578147142462,6.653578147142462
6.6731966335703135,6.6731966335703135
6.69290221617468,6.69290221617468
6.712695579754503,6.712695579754503
6.732577416529561,6.732577416529561
6.752548426248996,6.752548426248996
6.7726093163018675,6.7726093163018675
6.792760801829761,6.792760801829761
6.813003605841507,6.813003605841507
6.833338459329978,6.833338459329978
6.853766101391118,6.853766101391118
6.874287279345197,6.874287279345197
6.894902748860374,6.894902748860374
6.915613274078552,6.915613274078552
6.936419627743656,6.936419627743656
6.957322591332355,6.957322591332355
6.978322955187294,6.978322955187294
6.999421518652889,6.999421518652889
7.020619090213695,7.020619090213695
7.041916487635524,7.041916487635524
7.0633145381092834,7.0633145381092834
7.084814078397614,7.084814078397614
7.10641595498438,7.10641595498438
7.128121024227163,7.128121024227163
7.149930152512733,7.149930152512733
7.171844216415612,7.171844216415612
7.193864102859758,7.193864102859758
7.215990709283561,7.215990709283561
7.238224943808108,7.238224943808108
7.260567725408829,7.260567725408829
7.283019984090631,7.283019984090631
7.305582661066616,7.305582661066616
7.328256708940425,7.328256708940425
7.351043091892336,7.351043091892336
7.37394278586915,7.37394278586915
7.396956778778066,7.396956778778066
7.420086070684547,7.420086070684547
7.443331674014319,7.443331674014319
7.4666946137595875,7.4666946137595875
7.490175927689585,7.490175927689585
7.513776666565626,7.513776666565626
7.537497894360642,7.537497894360642
7.561340688483403,7.561340688483403
7.585306140007609,7.585306140007609
7.609395353905833,7.609395353905833
7.633609449288525,7.633609449288525
7.65794955964819,7.65794955964819
7.682416833108929,7.682416833108929
7.707012432681369,7.707012432681369
7.731737536523251,7.731737536523251
7.7565933382056995,7.7565933382056995
7.781581046985463,7.781581046985463
7.806701888083173,7.806701888083173
7.831957102967849,7.831957102967849
7.857347949647734,7.857347949647734
7.882875702967755,7.882875702967755
7.908541654913747,7.908541654913747
7.93434711492352,7.93434711492352
7.960293410205069,7.960293410205069
7.986381886062145,7.986381886062145
8.01261390622732,8.01261390622732
8.038990853202739,8.038990853202739
8.065514128608848,8.065514128608848
8.092185153541285,8.092185153541285
8.119005368936197,8.119005368936197
8.145976235944108,8.145976235944108
8.173099236312762,8.173099236312762
8.200375872779025,8.200375872779025
8.227807669470286,8.227807669470286
8.255396172315415,8.255396172315415
8.283142949465741,8.283142949465741
8.311049591726263,8.311049591726263
8.33911771299744,8.33911771299744
8.367348950727783,8.367348950727783
8.395744966377606,8.395744966377606
8.424307445894424,8.424307445894424
9.57636523554793,9.57636523554793
9.588486908637591,9.588486908637591
9.600684666125778,9.600684666125778
9.612962452762542,9.612962452762542
9.625324104868582,9.625324104868582
9.637773364746392,9.637773364746392
9.65031389319358,9.65031389319358
9.662949280445563,9.662949280445563
9.675683055808864,9.675683055808864
9.688518696195782,9.688518696195782
9.701459633731568,9.701459633731568
9.714509262574806,9.714509262574806
9.72767094506645,9.72767094506645
9.740948017304039,9.740948017304039
9.754343794221313,9.754343794221313
9.76786157424123,9.76786157424123
9.781504643559426,9.781504643559426
9.795276280106984,9.795276280106984
9.809179757234133,9.809179757234133
9.82321834715071,9.82321834715071
9.837395324154429,9.837395324154429
9.851713967673582,9.851713967673582
9.866177565147837,9.866177565147837
9.88078941476748,9.88078941476748
9.895552828089167,9.895552828089167
9.910471132544144,9.910471132544144
9.925547673853089,9.925547673853089
9.94078581836012,9.94078581836012
9.956188955297389,9.956188955297389
9.971760498990314,9.971760498990314
9.987503891012674,9.987503891012674
10.003422602299892,10.003422602299892
10.019520135228227,10.019520135228227
10.035800025666704,10.035800025666704
10.052265845008282,10.052265845008282
10.068921202186287,10.068921202186287
10.085769745681603,10.085769745681603
10.10281516552587,10.10281516552587
10.120061195305553,10.120061195305553
10.137511614171514,10.137511614171514
10.15517024885862,10.15517024885862
10.17304097571961,10.17304097571961
10.191127722777107,10.191127722777107
10.209434471797964,10.209434471797964
10.227965260393823,10.227965260393823
10.246724184151418,10.246724184151418
10.265715398796644,10.265715398796644
10.284943122395708,10.284943122395708
10.304411637597482,10.304411637597482
10.324125293920394,10.324125293920394
10.34408851008746,10.34408851008746
10.36430577641353,10.36430577641353
10.384781657248027,10.384781657248027
10.4055207934774,10.4055207934774
10.426527905090838,10.426527905090838
10.447807793813316,10.447807793813316
10.469365345810026,10.469365345810026
10.49120553446638,10.49120553446638
10.513333423247813,10.513333423247813
10.535754168643681,10.535754168643681
10.558473023200117,10.558473023200117
10.581495338646413,10.581495338646413
10.604826569119723,10.604826569119723
10.628472274493442,10.628472274493442
10.652438123814429,10.652438123814429
10.67672989885478,10.67672989885478
10.701353497783636,10.701353497783636
10.726314938965558,10.726314938965558
10.751620364891341,10.751620364891341
10.777276046248401,10.777276046248401
10.803288386137192,10.803288386137192
10.829663924441427,10.829663924441427
10.85640934235959,10.85640934235959
10.883531467105815,10.883531467105815
10.911037276788843,10.911037276788843
10.938933905477707,10.938933905477707
10.96722864846395,10.96722864846395
10.995928967730162,10.995928967730162
11.025042497635432,11.025042497635432
11.054577050828696,11.054577050828696
11.084540624402052,11.084540624402052
11.114941406296182,11.114941406296182
11.145787781971109,11.145787781971109
11.177088341356347,11.177088341356347
11.208851886095006,11.208851886095006
11.241087437097782,11.241087437097782
11.273804242423111,11.273804242423111
11.307011785501281,11.307011785501281
11.340719793721293,11.340719793721293
11.374938247400184,11.374938247400184
11.40967738915614,11.40967738915614
11.444947733707634,11.444947733707634
11.480760078122916,11.480760078122916
11.51712551254515,11.51712551254515
11.554055431420338,11.554055431420338
11.591561545257248,11.591561545257248
11.629655892950229,11.629655892950229
11.66835085469802,11.66835085469802
11.707659165553846,11.707659165553846
11.747593929644651,11.747593929644651
11.788168635100043,11.788168635100043
11.829397169734051,11.829397169734051
11.871293837526466,11.871293837526466
11.913873375953056,11.913873375953056
11.957150974218772,11.957150974218772
12.001142292450794,12.001142292450794
12.045863481913313,12.045863481913313
12.091331206310441,12.091331206310441
12.137562664248552,12.137562664248552
12.184575612935273,12.184575612935273
12.232388393197697,12.232388393197697
12.28101995590954,12.28101995590954
12.330489889924062,12.330489889924062
12.38081845161704,12.38081845161704
12.432026596152799,12.432026596152799
12.484136010595973,12.484136010595973
12.537169149001475,12.537169149001475
12.591149269626609,12.591149269626609
12.6461004744218,12.6461004744218
12.702047750969491,12.702047750969491
12.75901701705648,12.75901701705648
12.817035168080716,12.817035168080716
12.876130127512187,12.876130127512187
12.93633090064747,12.93633090064747
12.997667631919827,12.997667631919827
13.060171666051499,13.060171666051499
13.123875613361447,13.123875613361447
13.18881341957296,13.18881341957296
13.25502044049897,13.25502044049897
13.322533522020086,13.322533522020086
13.391391085812613,13.391391085812613
13.461633221330338,13.461633221330338
13.533301784596476,13.533301784596476
13.60644050442039,13.60644050442039
13.681095096719552,13.681095096719552
13.757313387701137,13.757313387701137
13.835145446741231,13.835145446741231
13.914643729892887,13.914643729892887
13.995863235060856,13.995863235060856
14.078861670000787,14.078861670000787
14.16369963443738,14.16369963443738
14.250440817750762,14.250440817750762
14.339152213856671,14.339152213856671
14.429904355108414,14.429904355108414
14.522771567279083,14.522771567279083
14.617832247947087,14.617832247947087
14.715169170912286,14.715169170912286
14.814869819621514,14.814869819621514
14.917026752987207,14.917026752987207
15.0217380074527,15.0217380074527
15.129107539703348,15.129107539703348
15.239245715059416,15.239245715059416
15.35226984732906,15.35226984732906
15.468304796772038,15.468304796772038
15.587483633849429,15.587483633849429
15.709948377644144,15.709948377644144
15.835850819270265,15.835850819270265
15.96535344229196,15.96535344229196
16.098630454204628,16.098630454204628
16.23586894546547,16.23586894546547
16.37727019548935,16.37727019548935
16.523051148565276,16.523051148565276
16.67344608694394,16.67344608694394
16.828708533587445,16.828708533587445
16.98911342349708,16.98911342349708
17.154959590454276,17.154959590454276
17.3265726258255,17.3265726258255
17.50430817832321,17.50430817832321
17.688555778974994,17.688555778974994
17.8797432949578,17.8797432949578
18.078342140640046,18.078342140640046
18.28487340581829,18.28487340581829
18.499915102023746,18.499915102023746
18.724110781060133,18.724110781060133
18.95817985001579,18.95817985001579
19.20293000006947,19.20293000006947
19.459272291337868,19.459272291337868
19.728239605601022,19.728239605601022
20.011009411800373,20.011009411800373
20.30893211377353,20.30893211377353
20.623566708293936,20.623566708293936
20.95672613980102,20.95672613980102
21.31053569974581,21.31053569974581
21.687509250027215,21.687509250027215
22.090650226949435,22.090650226949435
22.523587771753217,22.523587771753217
22.990763753313146,22.990763753313146
23.49769537718915,23.49769537718915
24.051353295946484,24.051353295946484
24.660722123296928,24.660722123296928
25.33766034900451,25.33766034900451
26.098274807449982,26.098274807449982
26.9652301057007,26.9652301057007
27.971878298301846,27.971878298301846
29.17025870381068,29.17025870381068
30.648347744415936,30.648347744415936
32.573376606359034,32.573376606359034
35.32995966633217,35.32995966633217
40.21610721028243,40.21610721028243
