-7.095679995876658,-7.095679995876658
-7.10707479604016,-7.10707479604016
-7.11454445165541,-7.11454445165541
-7.120278669791556,-7.120278669791556
-7.124867501776091,-7.124867501776091
-7.1285997321312875,-7.1285997321312875
-7.131647928040667,-7.131647928040667
-7.134127112982659,-7.134127112982659
-7.136119519380996,-7.136119519380996
-7.137686892900525,-7.137686892900525
-7.1388773139871855,-7.1388773139871855
-7.139729288945204,-7.139729288945204
-7.1402743541243865,-7.1402743541243865
-7.140538813167884,-7.140538813167884
-7.140544940685428,-7.140544940685428
-7.140311842755589,-7.140311842755589
-7.139856088502731,-7.139856088502731
-7.139192184175403,-7.139192184175403
-7.138332935966457,-7.138332935966457
-7.137289732419872,-7.137289732419872
-7.136072767542298,-7.136072767542298
-7.134691219411619,-7.134691219411619
-7.133153394855479,-7.133153394855479
-7.13146684789413,-7.13146684789413
-7.129638477638393,-7.129638477638393
-7.127674609913415,-7.127674609913415
-7.12558106585584,-7.12558106585584
-7.123363219984006,-7.123363219984006
-7.1210260496863445,-7.1210260496863445
-7.1185741776571225,-7.1185741776571225
-7.116011908492901,-7.116011908492901
-7.113343260420866,-7.113343260420866
-7.11057199294258,-7.11057199294258
-7.107701631030032,-7.107701631030032
-7.104735486395337,-7.104735486395337
-7.101676676263537,-7.101676676263537
-7.098528140004507,-7.098528140004507
-7.095292653920759,-7.095292653920759
-7.091972844439832,-7.091972844439832
-7.08857119992082,-7.08857119992082
-7.085090081252372,-7.085090081252372
-7.081531731392958,-7.081531731392958
-7.0778982839821545,-7.0778982839821545
-7.07419177113336,-7.07419177113336
-7.0704141305029395,-7.0704141305029395
-7.066567211717885,-7.066567211717885
-7.062652782233158,-7.062652782233158
-7.058672532680588,-7.058672532680588
-7.054628081763337,-7.054628081763337
-7.050520980743177,-7.050520980743177
-7.0463527175620895,-7.0463527175620895
-7.04212472063466,-7.04212472063466
-7.037838362343529,-7.037838362343529
-7.033494962266379,-7.033494962266379
-7.02909579015978,-7.02909579015978
-7.0246420687223186,-7.0246420687223186
-7.020134976157111,-7.020134976157111
-7.015575648551542,-7.015575648551542
-7.010965182090239,-7.010965182090239
-7.00630463511568,-7.00630463511568
-7.001595030049276,-7.001595030049276
-6.9968373551845735,-6.9968373551845735
-6.992032566363029,-6.992032566363029
-6.987181588541834,-6.987181588541834
-6.9822853172623,-6.9822853172623
-6.977344620026638,-6.977344620026638
-6.9723603375900725,-6.9723603375900725
-6.9673332851748,-6.9673332851748
-6.9622642536115285,-6.9622642536115285
-6.957154010413971,-6.957154010413971
-6.9520033007911195,-6.9520033007911195
-6.946812848601758,-6.946812848601758
-6.941583357255255,-6.941583357255255
-6.936315510562378,-6.936315510562378
-6.931009973539537,-6.931009973539537
-6.92566739316963,-6.92566739316963
-6.920288399122313,-6.920288399122313
-6.9148736044364565,-6.9148736044364565
-6.909423606167154,-6.909423606167154
-6.903938985999602,-6.903938985999602
-6.898420310831928,-6.898420310831928
-6.8928681333289115,-6.8928681333289115
-6.8872829924483945,-6.8872829924483945
-6.881665413942027,-6.881665413942027
-6.876015910831929,-6.876015910831929
-6.870334983864644,-6.870334983864644
-6.864623121943796,-6.864623121943796
-6.858880802542606,-6.858880802542606
-6.853108492097473,-6.853108492097473
-6.847306646383699,-6.847306646383699
-6.84147571087432,-6.84147571087432
-6.835616121083016,-6.835616121083016
-6.829728302891968,-6.829728302891968
-6.823812672865463,-6.823812672865463
-6.817869638550031,-6.817869638550031
-6.811899598761815,-6.811899598761815
-6.805902943861865,-6.805902943861865
-6.799880056019959,-6.799880056019959
-6.793831309467559,-6.793831309467559
-6.787757070740454,-6.787757070740454
-6.781657698911606,-6.781657698911606
-6.77553354581469,-6.77553354581469
-6.769384956258787,-6.769384956258787
-6.763212268234675,-6.763212268234675
-6.757015813113094,-6.757015813113094
-6.750795915835416,-6.750795915835416
-6.744552895097042,-6.744552895097042
-6.7382870635238925,-6.7382870635238925
-6.731998727842294,-6.731998727842294
-6.725688189042596,-6.725688189042596
-6.719355742536767,-6.719355742536767
-6.713001678310291,-6.713001678310291
-6.70662628106856,-6.70662628106856
-6.700229830378078,-6.700229830378078
-6.693812600802647,-6.693812600802647
-6.687374862034782,-6.687374862034782
-6.680916879022567,-6.680916879022567
-6.674438912092132,-6.674438912092132
-6.667941217065942,-6.667941217065942
-6.6614240453771,-6.6614240453771
-6.654887644179774,-6.654887644179774
-6.648332256455985,-6.648332256455985
-6.641758121118845,-6.641758121118845
-6.6351654731124095,-6.6351654731124095
-6.628554543508299,-6.628554543508299
-6.621925559599196,-6.621925559599196
-6.615278744989358,-6.615278744989358
-6.60861431968225,-6.60861431968225
-6.601932500165428,-6.601932500165428
-6.595233499492773,-6.595233499492773
-6.588517527364158,-6.588517527364158
-6.58178479020269,-6.58178479020269
-6.575035491229585,-6.575035491229585
-6.5682698305367575,-6.5682698305367575
-6.561488005157269,-6.561488005157269
-6.554690209133629,-6.554690209133629
-6.5478766335841065,-6.5478766335841065
-6.541047466767073,-6.541047466767073
-6.534202894143482,-6.534202894143482
-6.527343098437527,-6.527343098437527
-6.520468259695564,-6.520468259695564
-6.5135785553433365,-6.5135785553433365
-6.506674160241604,-6.506674160241604
-6.499755246740172,-6.499755246740172
-6.4928219847304405,-6.4928219847304405
-6.485874541696473,-6.485874541696473
-6.478913082764671,-6.478913082764671
-6.471937770752077,-6.471937770752077
-6.464948766213369,-6.464948766213369
-6.45794622748659,-6.45794622748659
-6.450930310737646,-6.450930310737646
-6.443901170003611,-6.443901170003611
-6.436858957234895,-6.436858957234895
-6.429803822336301,-6.429803822336301
-6.422735913207008,-6.422735913207008
-6.415655375779516,-6.415655375779516
-6.408562354057578,-6.408562354057578
-6.40145699015318,-6.40145699015318
-6.394339424322557,-6.394339424322557
-6.387209795001308,-6.387209795001308
-6.380068238838633,-6.380068238838633
-6.372914890730701,-6.372914890730701
-6.365749883853202,-6.365749883853202
-6.358573349693086,-6.358573349693086
-6.351385418079527,-6.351385418079527
-6.344186217214139,-6.344186217214139
-6.336975873700442,-6.336975873700442
-6.329754512572636,-6.329754512572636
-6.322522257323677,-6.322522257323677
-6.315279229932691,-6.315279229932691
-6.308025550891724,-6.308025550891724
-6.300761339231882,-6.300761339231882
-6.293486712548851,-6.293486712548851
-6.286201787027818,-6.286201787027818
-6.278906677467826,-6.278906677467826
-6.271601497305564,-6.271601497305564
-6.264286358638615,-6.264286358638615
-6.256961372248168,-6.256961372248168
-6.249626647621229,-6.249626647621229
-6.2422822929723285,-6.2422822929723285
-6.234928415264743,-6.234928415264743
-6.22756512023123,-6.22756512023123
-6.220192512394345,-6.220192512394345
-6.2128106950862625,-6.2128106950862625
-6.205419770468202,-6.205419770468202
-6.198019839549406,-6.198019839549406
-6.190611002205732,-6.190611002205732
-6.18319335719782,-6.18319335719782
-6.175767002188886,-6.175767002188886
-6.168332033762134,-6.168332033762134
-6.160888547437803,-6.160888547437803
-6.1534366376898415,-6.1534366376898415
-6.145976397962253,-6.145976397962253
-6.138507920685077,-6.138507920685077
-6.131031297290071,-6.131031297290071
-6.123546618226029,-6.123546618226029
-6.116053972973819,-6.116053972973819
-6.108553450061095,-6.108553450061095
-6.101045137076725,-6.101045137076725
-6.093529120684909,-6.093529120684909
-6.086005486639029,-6.086005486639029
-6.078474319795208,-6.078474319795208
-6.070935704125616,-6.070935704125616
-6.0633897227314995,-6.0633897227314995
-6.055836457855955,-6.055836457855955
-6.048275990896457,-6.048275990896457
-6.04070840241714,-6.04070840241714
-6.033133772160839,-6.033133772160839
-6.0255521790609,-6.0255521790609
-6.017963701252762,-6.017963701252762
-6.010368416085316,-6.010368416085316
-6.002766400132057,-6.002766400132057
-5.995157729202002,-5.995157729202002
-5.987542478350431,-5.987542478350431
-5.9799207218894015,-5.9799207218894015
-5.9722925333980825,-5.9722925333980825
-5.9646579857328845,-5.9646579857328845
-5.957017151037414,-5.957017151037414
-5.949370100752228,-5.949370100752228
-5.941716905624429,-5.941716905624429
-5.9340576357170685,-5.9340576357170685
-5.926392360418384,-5.926392360418384
-5.918721148450874,-5.918721148450874
-5.911044067880206,-5.911044067880206
-5.903361186123956,-5.903361186123956
-5.89567256996021,-5.89567256996021
-5.887978285535996,-5.887978285535996
-5.88027839837557,-5.88027839837557
-5.872572973388568,-5.872572973388568
-5.864862074877992,-5.864862074877992
-5.857145766548083,-5.857145766548083
-5.849424111512031,-5.849424111512031
-5.841697172299573,-5.841697172299573
-5.833965010864448,-5.833965010864448
-5.826227688591724,-5.826227688591724
-5.818485266305005,-5.818485266305005
-5.810737804273508,-5.810737804273508
-5.802985362219028,-5.802985362219028
-5.795227999322778,-5.795227999322778
-5.787465774232121,-5.787465774232121
-5.779698745067187,-5.779698745067187
-5.771926969427363,-5.771926969427363
-5.764150504397708,-5.764150504397708
-5.756369406555235,-5.756369406555235
-5.748583731975098,-5.748583731975098
-5.740793536236678,-5.740793536236678
-5.732998874429572,-5.732998874429572
-5.725199801159473,-5.725199801159473
-5.717396370553973,-5.717396370553973
-5.709588636268259,-5.709588636268259
-5.701776651490709,-5.701776651490709
-5.69396046894843,-5.69396046894843
-5.686140140912669,-5.686140140912669
-5.6783157192041696,-5.6783157192041696
-5.670487255198415,-5.670487255198415
-5.662654799830818,-5.662654799830818
-5.654818403601812,-5.654818403601812
-5.646978116581853,-5.646978116581853
-5.639133988416373,-5.639133988416373
-5.631286068330623,-5.631286068330623
-5.62343440513447,-5.62343440513447
-5.615579047227101,-5.615579047227101
-5.607720042601657,-5.607720042601657
-5.5998574388498055,-5.5998574388498055
-5.59199128316624,-5.59199128316624
-5.584121622353096,-5.584121622353096
-5.576248502824326,-5.576248502824326
-5.56837197060999,-5.56837197060999
-5.5604920713604855,-5.5604920713604855
-5.552608850350717,-5.552608850350717
-5.544722352484199,-5.544722352484199
-5.53683262229711,-5.53683262229711
-5.52893970396226,-5.52893970396226
-5.521043641293036,-5.521043641293036
-5.513144477747254,-5.513144477747254
-5.50524225643098,-5.50524225643098
-5.497337020102284,-5.497337020102284
-5.489428811174939,-5.489428811174939
-5.4815176717220675,-5.4815176717220675
-5.473603643479744,-5.473603643479744
-5.46568676785053,-5.46568676785053
-5.457767085906965,-5.457767085906965
-5.449844638395019,-5.449844638395019
-5.441919465737477,-5.441919465737477
-5.433991608037289,-5.433991608037289
-5.426061105080861,-5.426061105080861
-5.4181279963413145,-5.4181279963413145
-5.410192320981687,-5.410192320981687
-5.402254117858093,-5.402254117858093
-5.394313425522845,-5.394313425522845
-5.386370282227521,-5.386370282227521
-5.378424725925998,-5.378424725925998
-5.37047679427744,-5.37047679427744
-5.3625265246492475,-5.3625265246492475
-5.354573954119961,-5.354573954119961
-5.346619119482132,-5.346619119482132
-5.338662057245148,-5.338662057245148
-5.330702803638028,-5.330702803638028
-5.322741394612164,-5.322741394612164
-5.314777865844048,-5.314777865844048
-5.306812252737944,-5.306812252737944
-5.298844590428528,-5.298844590428528
-5.290874913783501,-5.290874913783501
-5.282903257406159,-5.282903257406159
-5.274929655637926,-5.274929655637926
-5.266954142560873,-5.266954142560873
-5.258976752000168,-5.258976752000168
-5.2509975175265335,-5.2509975175265335
-5.243016472458647,-5.243016472458647
-5.235033649865512,-5.235033649865512
-5.22704908256881,-5.22704908256881
-5.219062803145209,-5.219062803145209
-5.2110748439286505,-5.2110748439286505
-5.2030852370126,-5.2030852370126
-5.195094014252281,-5.195094014252281
-5.187101207266861,-5.187101207266861
-5.17910684744163,-5.17910684744163
-5.171110965930133,-5.171110965930133
-5.16311359365629,-5.16311359365629
-5.155114761316485,-5.155114761316485
-5.147114499381614,-5.147114499381614
-5.139112838099137,-5.139112838099137
-5.131109807495072,-5.131109807495072
-5.12310543737599,-5.12310543737599
-5.11509975733097,-5.11509975733097
-5.107092796733529,-5.107092796733529
-5.099084584743538,-5.099084584743538
-5.09107515030911,-5.09107515030911
-5.08306452216846,-5.08306452216846
-5.075052728851749,-5.075052728851749
-5.0670397986829,-5.0670397986829
-5.059025759781389,-5.059025759781389
-5.051010640064032,-5.051010640064032
-5.042994467246725,-5.042994467246725
-5.0349772688461805,-5.0349772688461805
-5.026959072181636,-5.026959072181636
-5.018939904376546,-5.018939904376546
-5.010919792360247,-5.010919792360247
-5.002898762869608,-5.002898762869608
-4.994876842450664,-4.994876842450664
-4.986854057460218,-4.986854057460218
-4.978830434067441,-4.978830434067441
-4.970805998255433,-4.970805998255433
-4.962780775822787,-4.962780775822787
-4.954754792385115,-4.954754792385115
-4.946728073376572,-4.946728073376572
-4.938700644051347,-4.938700644051347
-4.930672529485155,-4.930672529485155
-4.92264375457669,-4.92264375457669
-4.914614344049078,-4.914614344049078
-4.906584322451307,-4.906584322451307
-4.898553714159639,-4.898553714159639
-4.890522543379009,-4.890522543379009
-4.882490834144404,-4.882490834144404
-4.874458610322231,-4.874458610322231
-4.8664258956116635,-4.8664258956116635
-4.858392713545976,-4.858392713545976
-4.850359087493868,-4.850359087493868
-4.842325040660762,-4.842325040660762
-4.834290596090093,-4.834290596090093
-4.826255776664588,-4.826255776664588
-4.8182206051075225,-4.8182206051075225
-4.8101851039839625,-4.8101851039839625
-4.802149295702006,-4.802149295702006
-4.794113202513993,-4.794113202513993
-4.786076846517715,-4.786076846517715
-4.778040249657603,-4.778040249657603
-4.770003433725902,-4.770003433725902
-4.761966420363849,-4.761966420363849
-4.753929231062807,-4.753929231062807
-4.745891887165418,-4.745891887165418
-4.7378544098667215,-4.7378544098667215
-4.7298168202152775,-4.7298168202152775
-4.721779139114252,-4.721779139114252
-4.71374138732253,-4.71374138732253
-4.70570358545577,-4.70570358545577
-4.697665753987487,-4.697665753987487
-4.689627913250101,-4.689627913250101
-4.681590083435981,-4.681590083435981
-4.673552284598473,-4.673552284598473
-4.665514536652928,-4.665514536652928
-4.6574768593777085,-4.6574768593777085
-4.649439272415185,-4.649439272415185
-4.641401795272727,-4.641401795272727
-4.633364447323683,-4.633364447323683
-4.625327247808344,-4.625327247808344
-4.617290215834897,-4.617290215834897
-4.609253370380384,-4.609253370380384
-4.6012167302916245,-4.6012167302916245
-4.593180314286156,-4.593180314286156
-4.585144140953137,-4.585144140953137
-4.577108228754269,-4.577108228754269
-4.569072596024682,-4.569072596024682
-4.5610372609738326,-4.5610372609738326
-4.553002241686376,-4.553002241686376
-4.544967556123038,-4.544967556123038
-4.536933222121482,-4.536933222121482
-4.5288992573971525,-4.5288992573971525
-4.520865679544125,-4.520865679544125
-4.5128325060359336,-4.5128325060359336
-4.504799754226405,-4.504799754226405
-4.496767441350471,-4.496767441350471
-4.488735584524976,-4.488735584524976
-4.480704200749486,-4.480704200749486
-4.472673306907066,-4.472673306907066
-4.464642919765084,-4.464642919765084
-4.4566130559759705,-4.4566130559759705
-4.448583732077995,-4.448583732077995
-4.440554964496026,-4.440554964496026
-4.432526769542285,-4.432526769542285
-4.424499163417089,-4.424499163417089
-4.416472162209588,-4.416472162209588
-4.408445781898499,-4.408445781898499
-4.400420038352827,-4.400420038352827
-4.3923949473325825,-4.3923949473325825
-4.384370524489486,-4.384370524489486
-4.376346785367676,-4.376346785367676
-4.368323745404394,-4.368323745404394
-4.360301419930685,-4.360301419930685
-4.352279824172068,-4.352279824172068
-4.344258973249213,-4.344258973249213
-4.33623888217861,-4.33623888217861
-4.328219565873231,-4.328219565873231
-4.3202010391431775,-4.3202010391431775
-4.312183316696336,-4.312183316696336
-4.304166413139018,-4.304166413139018
-4.2961503429765875,-4.2961503429765875
-4.288135120614103,-4.288135120614103
-4.28012076035693,-4.28012076035693
-4.2721072764113615,-4.2721072764113615
-4.2640946828852275,-4.2640946828852275
-4.256082993788503,-4.256082993788503
-4.248072223033902,-4.248072223033902
-4.240062384437476,-4.240062384437476
-4.232053491719195,-4.232053491719195
-4.224045558503535,-4.224045558503535
-4.216038598320054,-4.216038598320054
-4.208032624603956,-4.208032624603956
-4.200027650696662,-4.200027650696662
-4.192023689846369,-4.192023689846369
-4.1840207552086035,-4.1840207552086035
-4.176018859846769,-4.176018859846769
-4.168018016732692,-4.168018016732692
-4.160018238747157,-4.160018238747157
-4.152019538680447,-4.152019538680447
-4.144021929232865,-4.144021929232865
-4.13602542301526,-4.13602542301526
-4.1280300325495425,-4.1280300325495425
-4.120035770269204,-4.120035770269204
-4.112042648519821,-4.112042648519821
-4.104050679559561,-4.104050679559561
-4.096059875559676,-4.096059875559676
-4.088070248605005,-4.088070248605005
-4.080081810694463,-4.080081810694463
-4.072094573741517,-4.072094573741517
-4.064108549574675,-4.064108549574675
-4.056123749937963,-4.056123749937963
-4.048140186491389,-4.048140186491389
-4.0401578708114165,-4.0401578708114165
-4.0321768143914305,-4.0321768143914305
-4.024197028642182,-4.024197028642182
-4.016218524892259,-4.016218524892259
-4.008241314388526,-4.008241314388526
-4.000265408296574,-4.000265408296574
-3.992290817701161,-3.992290817701161
-3.9843175536066524,-3.9843175536066524
-3.9763456269374498,-3.9763456269374498
-3.968375048538425,-3.968375048538425
-3.9604058291753432,-3.9604058291753432
-3.952437979535287,-3.952437979535287
-3.9444715102270727,-3.9444715102270727
-3.9365064317816643,-3.9365064317816643
-3.9285427546525855,-3.9285427546525855
-3.920580489216323,-3.920580489216323
-3.912619645772736,-3.912619645772736
-3.9046602345454446,-3.9046602345454446
-3.896702265682237,-3.896702265682237
-3.8887457492554542,-3.8887457492554542
-3.8807906952623803,-3.8807906952623803
-3.8728371136256263,-3.8728371136256263
-3.8648850141935136,-3.8648850141935136
-3.8569344067404496,-3.8569344067404496
-3.8489853009673047,-3.8489853009673047
-3.8410377065017816,-3.8410377065017816
-3.833091632898781,-3.833091632898781
-3.825147089640771,-3.825147089640771
-3.8172040861381435,-3.8172040861381435
-3.8092626317295757,-3.8092626317295757
-3.8013227356823807,-3.8013227356823807
-3.7933844071928635,-3.7933844071928635
-3.7854476553866654,-3.7854476553866654
-3.777512489319111,-3.777512489319111
-3.76957891797555,-3.76957891797555
-3.7616469502716945,-3.7616469502716945
-3.75371659505396,-3.75371659505396
-3.7457878610997906,-3.7457878610997906
-3.737860757117995,-3.737860757117995
-3.7299352917490713,-3.7299352917490713
-3.7220114735655305,-3.7220114735655305
-3.71408931107222,-3.71408931107222
-3.706168812706637,-3.706168812706637
-3.69824998683925,-3.69824998683925
-3.6903328417738086,-3.6903328417738086
-3.6824173857476517,-3.6824173857476517
-3.6745036269320157,-3.6745036269320157
-3.666591573432341,-3.666591573432341
-3.6586812332885716,-3.6586812332885716
-3.650772614475454,-3.650772614475454
-3.6428657249028347,-3.6428657249028347
-3.63496057241595,-3.63496057241595
-3.6270571647957253,-3.6270571647957253
-3.619155509759053,-3.619155509759053
-3.611255614959088,-3.611255614959088
-3.603357487985523,-3.603357487985523
-3.595461136364878,-3.595461136364878
-3.58756656756077,-3.58756656756077
-3.5796737889741945,-3.5796737889741945
-3.5717828079437957,-3.5717828079437957
-3.5638936317461423,-3.5638936317461423
-3.55600626759599,-3.55600626759599
-3.5481207226465514,-3.5481207226465514
-3.5402370039897613,-3.5402370039897613
-3.5323551186565347,-3.5323551186565347
-3.524475073617027,-3.524475073617027
-3.5165968757808925,-3.5165968757808925
-3.5087205319975396,-3.5087205319975396
-3.50084604905638,-3.50084604905638
-3.492973433687082,-3.492973433687082
-3.4851026925598156,-3.4851026925598156
-3.477233832285503,-3.477233832285503
-3.4693668594160583,-3.4693668594160583
-3.4615017804446295,-3.4615017804446295
-3.453638601805838,-3.453638601805838
-3.445777329876018,-3.445777329876018
-3.4379179709734498,-3.4379179709734498
-3.4300605313585915,-3.4300605313585915
-3.422205017234314,-3.422205017234314
-3.414351434746126,-3.414351434746126
-3.406499789982403,-3.406499789982403
-3.398650088974612,-3.398650088974612
-3.3908023376975343,-3.3908023376975343
-3.3829565420694863,-3.3829565420694863
-3.3751127079525403,-3.3751127079525403
-3.3672708411527377,-3.3672708411527377
-3.3594309474203086,-3.3594309474203086
-3.3515930324498813,-3.3515930324498813
-3.343757101880697,-3.343757101880697
-3.3359231612968165,-3.3359231612968165
-3.3280912162273313,-3.3280912162273313
-3.3202612721465643,-3.3202612721465643
-3.31243333447428,-3.31243333447428
-3.3046074085758796,-3.3046074085758796
-3.296783499762608,-3.296783499762608
-3.28896161329175,-3.28896161329175
-3.2811417543668244,-3.2811417543668244
-3.273323928137782,-3.273323928137782
-3.265508139701201,-3.265508139701201
-3.2576943941004726,-3.2576943941004726
-3.249882696325996,-3.249882696325996
-3.242073051315365,-3.242073051315365
-3.2342654639535535,-3.2342654639535535
-3.226459939073103,-3.226459939073103
-3.218656481454302,-3.218656481454302
-3.2108550958253717,-3.2108550958253717
-3.2030557868626417,-3.2030557868626417
-3.195258559190734,-3.195258559190734
-3.1874634173827334,-3.1874634173827334
-3.179670365960367,-3.179670365960367
-3.1718794093941742,-3.1718794093941742
-3.1640905521036853,-3.1640905521036853
-3.156303798457582,-3.156303798457582
-3.148519152773877,-3.148519152773877
-3.1407366193200716,-3.1407366193200716
-3.1329562023133293,-3.1329562023133293
-3.125177905920636,-3.125177905920636
-3.117401734258963,-3.117401734258963
-3.10962769139543,-3.10962769139543
-3.1018557813474654,-3.1018557813474654
-3.0940860080829613,-3.0940860080829613
-3.086318375520435,-3.086318375520435
-3.078552887529181,-3.078552887529181
-3.0707895479294267,-3.0707895479294267
-3.063028360492486,-3.063028360492486
-3.055269328940909,-3.055269328940909
-3.0475124569486325,-3.0475124569486325
-3.039757748141128,-3.039757748141128
-3.0320052060955507,-3.0320052060955507
-3.0242548343408835,-3.0242548343408835
-3.016506636358082,-3.016506636358082
-3.008760615580218,-3.008760615580218
-3.0010167753926216,-3.0010167753926216
-2.99327511913302,-2.99327511913302
-2.9855356500916783,-2.9855356500916783
-2.977798371511536,-2.977798371511536
-2.970063286588347,-2.970063286588347
-2.9623303984708094,-2.9623303984708094
-2.9545997102607022,-2.9545997102607022
-2.9468712250130213,-2.9468712250130213
-2.9391449457361043,-2.9391449457361043
-2.931420875391767,-2.931420875391767
-2.9236990168954278,-2.9236990168954278
-2.915979373116239,-2.915979373116239
-2.908261946877209,-2.908261946877209
-2.900546740955334,-2.900546740955334
-2.892833758081716,-2.892833758081716
-2.8851230009416886,-2.8851230009416886
-2.8774144721749386,-2.8774144721749386
-2.8697081743756265,-2.8697081743756265
-2.8620041100925038,-2.8620041100925038
-2.854302281829035,-2.854302281829035
-2.846602692043513,-2.846602692043513
-2.8389053431491726,-2.8389053431491726
-2.8312102375143104,-2.8312102375143104
-2.823517377462391,-2.823517377462391
-2.8158267652721687,-2.8158267652721687
-2.808138403177791,-2.808138403177791
-2.8004522933689144,-2.8004522933689144
-2.792768437990809,-2.792768437990809
-2.7850868391444688,-2.7850868391444688
-2.777407498886721,-2.777407498886721
-2.7697304192303283,-2.7697304192303283
-2.7620556021440934,-2.7620556021440934
-2.7543830495529678,-2.7543830495529678
-2.746712763338148,-2.746712763338148
-2.7390447453371825,-2.7390447453371825
-2.731378997344069,-2.731378997344069
-2.723715521109356,-2.723715521109356
-2.7160543183402397,-2.7160543183402397
-2.708395390700663,-2.708395390700663
-2.7007387398114107,-2.7007387398114107
-2.6930843672502065,-2.6930843672502065
-2.6854322745518053,-2.6854322745518053
-2.6777824632080907,-2.6777824632080907
-2.670134934668161,-2.670134934668161
-2.6624896903384263,-2.6624896903384263
-2.6548467315826985,-2.6548467315826985
-2.647206059722276,-2.647206059722276
-2.6395676760360383,-2.6395676760360383
-2.63193158176053,-2.63193158176053
-2.6242977780900496,-2.6242977780900496
-2.616666266176732,-2.616666266176732
-2.6090370471306357,-2.6090370471306357
-2.601410122019827,-2.601410122019827
-2.5937854918704613,-2.5937854918704613
-2.5861631576668653,-2.5861631576668653
-2.578543120351618,-2.578543120351618
-2.570925380825632,-2.570925380825632
-2.5633099399482306,-2.5633099399482306
-2.5556967985372276,-2.5556967985372276
-2.548085957369004,-2.548085957369004
-2.540477417178584,-2.540477417178584
-2.5328711786597125,-2.5328711786597125
-2.525267242464926,-2.525267242464926
-2.51766560920563,-2.51766560920563
-2.5100662794521704,-2.5100662794521704
-2.502469253733906,-2.502469253733906
-2.494874532539278,-2.494874532539278
-2.487282116315881,-2.487282116315881
-2.479692005470535,-2.479692005470535
-2.4721042003693507,-2.4721042003693507
-2.4645187013377976,-2.4645187013377976
-2.4569355086607705,-2.4569355086607705
-2.4493546225826597,-2.4493546225826597
-2.4417760433074096,-2.4417760433074096
-2.4341997709985885,-2.4341997709985885
-2.426625805779448,-2.426625805779448
-2.4190541477329877,-2.4190541477329877
-2.411484796902022,-2.411484796902022
-2.4039177532892264,-2.4039177532892264
-2.3963530168572156,-2.3963530168572156
-2.38879058752859,-2.38879058752859
-2.3812304651859995,-2.3812304651859995
-2.3736726496722027,-2.3736726496722027
-2.36611714079012,-2.36611714079012
-2.3585639383028902,-2.3585639383028902
-2.351013041933932,-2.351013041933932
-2.3434644513669896,-2.3434644513669896
-2.3359181662461896,-2.3359181662461896
-2.3283741861761027,-2.3283741861761027
-2.3208325107217784,-2.3208325107217784
-2.313293139408815,-2.313293139408815
-2.305756071723396,-2.305756071723396
-2.2982213071123523,-2.2982213071123523
-2.2906888449831984,-2.2906888449831984
-2.283158684704192,-2.283158684704192
-2.2756308256043734,-2.2756308256043734
-2.268105266973624,-2.268105266973624
-2.260582008062693,-2.260582008062693
-2.253061048083267,-2.253061048083267
-2.2455423862079926,-2.2455423862079926
-2.2380260215705365,-2.2380260215705365
-2.230511953265617,-2.230511953265617
-2.2230001803490578,-2.2230001803490578
-2.2154907018378185,-2.2154907018378185
-2.2079835167100446,-2.2079835167100446
-2.2004786239050995,-2.2004786239050995
-2.1929760223236174,-2.1929760223236174
-2.185475710827524,-2.185475710827524
-2.177977688240089,-2.177977688240089
-2.1704819533459587,-2.1704819533459587
-2.162988504891192,-2.162988504891192
-2.1554973415832985,-2.1554973415832985
-2.14800846209127,-2.14800846209127
-2.140521865045622,-2.140521865045622
-2.133037549038419,-2.133037549038419
-2.125555512623314,-2.125555512623314
-2.1180757543155804,-2.1180757543155804
-2.11059827259214,-2.11059827259214
-2.103123065891602,-2.103123065891602
-2.0956501326142805,-2.0956501326142805
-2.08817947112224,-2.08817947112224
-2.0807110797393116,-2.0807110797393116
-2.07324495675113,-2.07324495675113
-2.065781100405154,-2.065781100405154
-2.0583195089107016,-2.0583195089107016
-2.050860180438969,-2.050860180438969
-2.043403113123063,-2.043403113123063
-2.0359483050580183,-2.0359483050580183
-2.0284957543008333,-2.0284957543008333
-2.0210454588704785,-2.0210454588704785
-2.013597416747935,-2.013597416747935
-2.006151625876206,-2.006151625876206
-1.998708084160347,-1.998708084160347
-1.9912667894674771,-1.9912667894674771
-1.98382773962681,-1.98382773962681
-1.9763909324296653,-1.9763909324296653
-1.968956365629495,-1.968956365629495
-1.9615240369418951,-1.9615240369418951
-1.954093944044629,-1.954093944044629
-1.9466660845776405,-1.9466660845776405
-1.939240456143075,-1.939240456143075
-1.9318170563052925,-1.9318170563052925
-1.9243958825908827,-1.9243958825908827
-1.9169769324886796,-1.9169769324886796
-1.9095602034497776,-1.9095602034497776
-1.9021456928875464,-1.9021456928875464
-1.8947333981776375,-1.8947333981776375
-1.8873233166580026,-1.8873233166580026
-1.879915445628901,-1.879915445628901
-1.8725097823529135,-1.8725097823529135
-1.8651063240549528,-1.8651063240549528
-1.8577050679222717,-1.8577050679222717
-1.8503060111044702,-1.8503060111044702
-1.8429091507135087,-1.8429091507135087
-1.835514483823713,-1.835514483823713
-1.8281220074717819,-1.8281220074717819
-1.8207317186567933,-1.8207317186567933
-1.8133436143402126,-1.8133436143402126
-1.8059576914458955,-1.8059576914458955
-1.7985739468600932,-1.7985739468600932
-1.791192377431457,-1.791192377431457
-1.7838129799710443,-1.7838129799710443
-1.7764357512523163,-1.7764357512523163
-1.7690606880111452,-1.7690606880111452
-1.7616877869458134,-1.7616877869458134
-1.7543170447170153,-1.7543170447170153
-1.7469484579478596,-1.7469484579478596
-1.7395820232238646,-1.7395820232238646
-1.7322177370929628,-1.7322177370929628
-1.7248555960654957,-1.7248555960654957
-1.7174955966142167,-1.7174955966142167
-1.7101377351742841,-1.7101377351742841
-1.7027820081432565,-1.7027820081432565
-1.6954284118810972,-1.6954284118810972
-1.6880769427101634,-1.6880769427101634
-1.6807275969152022,-1.6807275969152022
-1.6733803707433466,-1.6733803707433466
-1.666035260404109,-1.666035260404109
-1.658692262069376,-1.658692262069376
-1.6513513718733988,-1.6513513718733988
-1.644012585912784,-1.644012585912784
-1.6366759002464932,-1.6366759002464932
-1.629341310895825,-1.629341310895825
-1.6220088138444093,-1.6220088138444093
-1.6146784050381982,-1.6146784050381982
-1.6073500803854528,-1.6073500803854528
-1.6000238357567358,-1.6000238357567358
-1.592699666984895,-1.592699666984895
-1.585377569865053,-1.585377569865053
-1.5780575401545953,-1.5780575401545953
-1.5707395735731555,-1.5707395735731555
-1.5634236658026006,-1.5634236658026006
-1.5561098124870165,-1.5561098124870165
-1.548798009232695,-1.548798009232695
-1.5414882516081139,-1.5414882516081139
-1.534180535143924,-1.534180535143924
-1.5268748553329283,-1.5268748553329283
-1.519571207630069,-1.519571207630069
-1.5122695874524064,-1.5122695874524064
-1.5049699901791005,-1.5049699901791005
-1.49767241115139,-1.49767241115139
-1.490376845672576,-1.490376845672576
-1.4830832890079995,-1.4830832890079995
-1.4757917363850184,-1.4757917363850184
-1.468502182992989,-1.468502182992989
-1.4612146239832424,-1.4612146239832424
-1.4539290544690624,-1.4539290544690624
-1.4466454695256592,-1.4466454695256592
-1.4393638641901483,-1.4393638641901483
-1.4320842334615267,-1.4320842334615267
-1.4248065723006453,-1.4248065723006453
-1.4175308756301828,-1.4175308756301828
-1.4102571383346216,-1.4102571383346216
-1.4029853552602218,-1.4029853552602218
-1.395715521214989,-1.395715521214989
-1.3884476309686518,-1.3884476309686518
-1.3811816792526281,-1.3811816792526281
-1.3739176607600008,-1.3739176607600008
-1.3666555701454854,-1.3666555701454854
-1.3593954020253993,-1.3593954020253993
-1.3521371509776317,-1.3521371509776317
-1.3448808115416129,-1.3448808115416129
-1.33762637821828,-1.33762637821828
-1.330373845470048,-1.330373845470048
-1.323123207720771,-1.323123207720771
-1.3158744593557166,-1.3158744593557166
-1.308627594721521,-1.308627594721521
-1.3013826081261657,-1.3013826081261657
-1.29413949383893,-1.29413949383893
-1.2868982460903675,-1.2868982460903675
-1.2796588590722566,-1.2796588590722566
-1.2724213269375761,-1.2724213269375761
-1.265185643800454,-1.265185643800454
-1.257951803736143,-1.257951803736143
-1.2507198007809694,-1.2507198007809694
-1.243489628932302,-1.243489628932302
-1.2362612821485064,-1.2362612821485064
-1.2290347543489095,-1.2290347543489095
-1.2218100394137517,-1.2218100394137517
-1.2145871311841532,-1.2145871311841532
-1.207366023462062,-1.207366023462062
-1.2001467100102212,-1.2001467100102212
-1.1929291845521155,-1.1929291845521155
-1.1857134407719363,-1.1857134407719363
-1.1784994723145277,-1.1784994723145277
-1.1712872727853496,-1.1712872727853496
-1.1640768357504252,-1.1640768357504252
-1.1568681547362998,-1.1568681547362998
-1.149661223229988,-1.149661223229988
-1.1424560346789336,-1.1424560346789336
-1.1352525824909514,-1.1352525824909514
-1.128050860034189,-1.128050860034189
-1.1208508606370686,-1.1208508606370686
-1.1136525775882409,-1.1136525775882409
-1.106456004136536,-1.106456004136536
-1.0992611334909101,-1.0992611334909101
-1.0920679588203912,-1.0920679588203912
-1.0848764732540308,-1.0848764732540308
-1.077686669880851,-1.077686669880851
-1.0704985417497876,-1.0704985417497876
-1.0633120818696387,-1.0633120818696387
-1.056127283209007,-1.056127283209007
-1.0489441386962475,-1.0489441386962475
-1.0417626412194125,-1.0417626412194125
-1.0345827836261887,-1.0345827836261887
-1.0274045587238467,-1.0274045587238467
-1.0202279592791805,-1.0202279592791805
-1.0130529780184496,-1.0130529780184496
-1.0058796076273182,-1.0058796076273182
-0.998707840750798,-0.998707840750798
-0.9915376699931875,-0.9915376699931875
-0.9843690879180113,-0.9843690879180113
-0.9772020870479572,-0.9772020870479572
-0.9700366598648146,-0.9700366598648146
-0.9628727988094147,-0.9628727988094147
-0.9557104962815638,-0.9557104962815638
-0.9485497446399805,-0.9485497446399805
-0.9413905362022317,-0.9413905362022317
-0.934232863244667,-0.934232863244667
-0.9270767180023556,-0.9270767180023556
-0.9199220926690146,-0.9199220926690146
-0.9127689793969456,-0.9127689793969456
-0.9056173702969686,-0.9056173702969686
-0.8984672574383517,-0.8984672574383517
-0.8913186328487406,-0.8913186328487406
-0.8841714885140924,-0.8841714885140924
-0.8770258163786047,-0.8770258163786047
-0.8698816083446451,-0.8698816083446451
-0.8627388562726775,-0.8627388562726775
-0.855597551981193,-0.855597551981193
-0.8484576872466367,-0.8484576872466367
-0.8413192538033347,-0.8413192538033347
-0.8341822433434186,-0.8341822433434186
-0.8270466475167515,-0.8270466475167515
-0.8199124579308558,-0.8199124579308558
-0.8127796661508353,-0.8127796661508353
-0.8056482636992965,-0.8056482636992965
-0.7985182420562758,-0.7985182420562758
-0.7913895926591586,-0.7913895926591586
-0.7842623069026047,-0.7842623069026047
-0.7771363761384644,-0.7771363761384644
-0.7700117916757013,-0.7700117916757013
-0.762888544780315,-0.762888544780315
-0.7557666266752553,-0.7557666266752553
-0.7486460285403433,-0.7486460285403433
-0.7415267415121877,-0.7415267415121877
-0.7344087566841032,-0.7344087566841032
-0.7272920651060288,-0.7272920651060288
-0.7201766577844382,-0.7201766577844382
-0.7130625256822583,-0.7130625256822583
-0.7059496597187859,-0.7059496597187859
-0.6988380507695977,-0.6988380507695977
-0.6917276896664639,-0.6917276896664639
-0.6846185671972626,-0.6846185671972626
-0.6775106741058893,-0.6775106741058893
-0.6704040010921724,-0.6704040010921724
-0.6632985388117757,-0.6632985388117757
-0.6561942778761158,-0.6561942778761158
-0.6490912088522677,-0.6490912088522677
-0.6419893222628743,-0.6419893222628743
-0.6348886085860524,-0.6348886085860524
-0.6277890582553001,-0.6277890582553001
-0.6206906616594049,-0.6206906616594049
-0.6135934091423488,-0.6135934091423488
-0.6064972910032124,-0.6064972910032124
-0.5994022974960761,-0.5994022974960761
-0.5923084188299307,-0.5923084188299307
-0.5852156451685755,-0.5852156451685755
-0.5781239666305203,-0.5781239666305203
-0.5710333732888865,-0.5710333732888865
-0.5639438551713117,-0.5639438551713117
-0.5568554022598459,-0.5568554022598459
-0.5497680044908507,-0.5497680044908507
-0.5426816517548998,-0.5426816517548998
-0.535596333896676,-0.535596333896676
-0.528512040714869,-0.528512040714869
-0.5214287619620691,-0.5214287619620691
-0.5143464873446653,-0.5143464873446653
-0.5072652065227405,-0.5072652065227405
-0.5001849091099653,-0.5001849091099653
-0.49310558467348875,-0.49310558467348875
-0.4860272227338347,-0.4860272227338347
-0.4789498127647918,-0.4789498127647918
-0.47187334419330584,-0.47187334419330584
-0.46479780639936935,-0.46479780639936935
-0.45772318871590995,-0.45772318871590995
-0.4506494804286832,-0.4506494804286832
-0.44357667077615776,-0.44357667077615776
-0.4365047489494029,-0.4365047489494029
-0.4294337040919748,-0.4294337040919748
-0.4223635252998061,-0.4223635252998061
-0.4152942016210874,-0.4152942016210874
-0.4082257220561522,-0.4082257220561522
-0.4011580755573594,-0.4011580755573594
-0.39409125102898157,-0.39409125102898157
-0.3870252373270802,-0.3870252373270802
-0.3799600232593906,-0.3799600232593906
-0.3728955975852004,-0.3728955975852004
-0.3658319490152342,-0.3658319490152342
-0.3587690662115234,-0.3587690662115234
-0.35170693778729484,-0.35170693778729484
-0.3446455523068382,-0.3446455523068382
-0.33758489828539195,-0.33758489828539195
-0.33052496418900845,-0.33052496418900845
-0.3234657384344415,-0.3234657384344415
-0.31640720938900735,-0.31640720938900735
-0.3093493653704666,-0.3093493653704666
-0.30229219464689494,-0.30229219464689494
-0.29523568543655415,-0.29523568543655415
-0.28817982590776087,-0.28817982590776087
-0.28112460417875806,-0.28112460417875806
-0.274070008317587,-0.274070008317587
-0.2670160263419518,-0.2670160263419518
-0.2599626462190876,-0.2599626462190876
-0.2529098558656265,-0.2529098558656265
-0.24585764314746666,-0.24585764314746666
-0.23880599587963472,-0.23880599587963472
-0.2317549018261479,-0.2317549018261479
-0.2247043486998804,-0.2247043486998804
-0.21765432416242536,-0.21765432416242536
-0.2106048158239558,-0.2106048158239558
-0.20355581124308322,-0.20355581124308322
-0.1965072979267187,-0.1965072979267187
-0.18945926332993465,-0.18945926332993465
-0.18241169485581887,-0.18241169485581887
-0.17536457985533224,-0.17536457985533224
-0.1683179056271651,-0.1683179056271651
-0.1612716594175942,-0.1612716594175942
-0.15422582842033575,-0.15422582842033575
-0.14718039977639844,-0.14718039977639844
-0.14013536057393491,-0.14013536057393491
-0.13309069784809688,-0.13309069784809688
-0.12604639858088448,-0.12604639858088448
-0.1190024497009935,-0.1190024497009935
-0.11195883808366601,-0.11195883808366601
-0.10491555055054048,-0.10491555055054048
-0.09787257386949678,-0.09787257386949678
-0.09082989475450017,-0.09082989475450017
-0.08378749986544981,-0.08378749986544981
-0.07674537580802199,-0.07674537580802199
-0.06970350913351327,-0.06970350913351327
-0.06266188633868179,-0.06266188633868179
-0.05562049386558885,-0.05562049386558885
-0.04857931810144153,-0.04857931810144153
-0.04153834537842923,-0.04153834537842923
-0.03449756197356337,-0.03449756197356337
-0.027456954108513502,-0.027456954108513502
-0.020416507949446834,-0.020416507949446834
-0.013376209606860787,-0.013376209606860787
-0.006336045135417909,-0.006336045135417909
0.0007039994662207248,0.0007039994662207248
0.007743938255560436,0.007743938255560436
0.014783785346444414,0.014783785346444414
0.021823554909225804,0.021823554909225804
0.02886326117092791,0.02886326117092791
0.03590291841543073,0.03590291841543073
0.042942540983629096,0.042942540983629096
0.04998214327361956,0.04998214327361956
0.05702173974086107,0.05702173974086107
0.06406134489836661,0.06406134489836661
0.07110097331686244,0.07110097331686244
0.07814063962498369,0.07814063962498369
0.08518035850943814,0.08518035850943814
0.0922201447151986,0.0922201447151986
0.0992600130456721,0.0992600130456721
0.10629997836289339,0.10629997836289339
0.11334005558770177,0.11334005558770177
0.12038025969992318,0.12038025969992318
0.1274206057385645,0.1274206057385645
0.13446110880198836,0.13446110880198836
0.14150178404811345,0.14150178404811345
0.14854264669459133,0.14854264669459133
0.1555837120190061,0.1555837120190061
0.16262499535905686,0.16262499535905686
0.16966651211275888,0.16966651211275888
0.17670827773862688,0.17670827773862688
0.18375030775587906,0.18375030775587906
0.19079261774462375,0.19079261774462375
0.19783522334606618,0.19783522334606618
0.2048781402626932,0.2048781402626932
0.21192138425848658,0.21192138425848658
0.21896497115911115,0.21896497115911115
0.2260089168521272,0.2260089168521272
0.23305323728717875,0.23305323728717875
0.24009794847621493,0.24009794847621493
0.2471430664936792,0.2471430664936792
0.2541886074767256,0.2541886074767256
0.26123458762541907,0.26123458762541907
0.26828102320295333,0.26828102320295333
0.275327930535848,0.275327930535848
0.28237532601417237,0.28237532601417237
0.2894232260917473,0.2894232260917473
0.2964716472863674,0.2964716472863674
0.30352060618000837,0.30352060618000837
0.31057011941904944,0.31057011941904944
0.3176202037144843,0.3176202037144843
0.32467087584214643,0.32467087584214643
0.33172215264292193,0.33172215264292193
0.33877405102297964,0.33877405102297964
0.345826587953981,0.345826587953981
0.3528797804733187,0.3528797804733187
0.35993364568432756,0.35993364568432756
0.3669882007565234,0.3669882007565234
0.37404346292581875,0.37404346292581875
0.38109944949476493,0.38109944949476493
0.3881561778327673,0.3881561778327673
0.3952136653763333,0.3952136653763333
0.4022719296292908,0.4022719296292908
0.4093309881630348,0.4093309881630348
0.41639085861675124,0.41639085861675124
0.4234515586976675,0.4234515586976675
0.4305131061812784,0.4305131061812784
0.4375755189115958,0.4375755189115958
0.4446388148013824,0.4446388148013824
0.45170301183240247,0.45170301183240247
0.45876812805565653,0.45876812805565653
0.46583418159163764,0.46583418159163764
0.47290119063056835,0.47290119063056835
0.4799691734326587,0.4799691734326587
0.48703814832834547,0.48703814832834547
0.49410813371855716,0.49410813371855716
0.5011791480749513,0.5011791480749513
0.5082512099401835,0.5082512099401835
0.5153243379281517,0.5153243379281517
0.5223985507242646,0.5223985507242646
0.5294738670856863,0.5294738670856863
0.5365503058416131,0.5365503058416131
0.5436278858935213,0.5436278858935213
0.550706626215442,0.550706626215442
0.5577865458542139,0.5577865458542139
0.5648676639297651,0.5648676639297651
0.5719499996353631,0.5719499996353631
0.5790335722379039,0.5790335722379039
0.5861184010781654,0.5861184010781654
0.5932045055710954,0.5932045055710954
0.6002919052060715,0.6002919052060715
0.6073806195471936,0.6073806195471936
0.6144706682335432,0.6144706682335432
0.6215620709794816,0.6215620709794816
0.628654847574913,0.628654847574913
0.6357490178855817,0.6357490178855817
0.6428446018533456,0.6428446018533456
0.6499416194964726,0.6499416194964726
0.6570400909099146,0.6570400909099146
0.6641400362656125,0.6641400362656125
0.6712414758127718,0.6712414758127718
0.6783444298781692,0.6783444298781692
0.6854489188664354,0.6854489188664354
0.6925549632603614,0.6925549632603614
0.6996625836211853,0.6996625836211853
0.706771800588904,0.706771800588904
0.7138826348825642,0.7138826348825642
0.7209951073005743,0.7209951073005743
0.7281092387209993,0.7281092387209993
0.735225050101881,0.735225050101881
0.7423425624815297,0.7423425624815297
0.7494617969788543,0.7494617969788543
0.7565827747936545,0.7565827747936545
0.7637055172069518,0.7637055172069518
0.7708300455812924,0.7708300455812924
0.7779563813610763,0.7779563813610763
0.785084546072865,0.785084546072865
0.7922145613257171,0.7922145613257171
0.7993464488114961,0.7993464488114961
0.8064802303052112,0.8064802303052112
0.8136159276653299,0.8136159276653299
0.8207535628341235,0.8207535628341235
0.8278931578379783,0.8278931578379783
0.8350347347877521,0.8350347347877521
0.8421783158790854,0.8421783158790854
0.8493239233927604,0.8493239233927604
0.8564715796950205,0.8564715796950205
0.8636213072379311,0.8636213072379311
0.8707731285597019,0.8707731285597019
0.8779270662850527,0.8779270662850527
0.8850831431255419,0.8850831431255419
0.8922413818799337,0.8922413818799337
0.8994018054345319,0.8994018054345319
0.9065644367635475,0.9065644367635475
0.9137292989294492,0.9137292989294492
0.9208964150833182,0.9208964150833182
0.9280658084652094,0.9280658084652094
0.9352375024045184,0.9352375024045184
0.9424115203203443,0.9424115203203443
0.9495878857218477,0.9495878857218477
0.9567666222086264,0.9567666222086264
0.9639477534710887,0.9639477534710887
0.9711313032908236,0.9711313032908236
0.9783172955409724,0.9783172955409724
0.9855057541866059,0.9855057541866059
0.9926967032851147,0.9926967032851147
0.9998901669865831,0.9998901669865831
1.0070861695341702,1.0070861695341702
1.0142847352644997,1.0142847352644997
1.0214858886080562,1.0214858886080562
1.028689654089569,1.028689654089569
1.0358960563284032,1.0358960563284032
1.0431051200389592,1.0431051200389592
1.0503168700310754,1.0503168700310754
1.0575313312104273,1.0575313312104273
1.0647485285789222,1.0647485285789222
1.0719684872351134,1.0719684872351134
1.079191232374609,1.079191232374609
1.0864167892904808,1.0864167892904808
1.0936451833736713,1.0936451833736713
1.1008764401134226,1.1008764401134226
1.1081105850976758,1.1081105850976758
1.1153476440135166,1.1153476440135166
1.1225876426475712,1.1225876426475712
1.129830606886456,1.129830606886456
1.1370765627171882,1.1370765627171882
1.1443255362276312,1.1443255362276312
1.151577553606915,1.151577553606915
1.1588326411458856,1.1588326411458856
1.16609082523753,1.16609082523753
1.1733521323774332,1.1733521323774332
1.1806165891642075,1.1806165891642075
1.1878842222999546,1.1878842222999546
1.1951550585906998,1.1951550585906998
1.2024291249468604,1.2024291249468604
1.2097064483836866,1.2097064483836866
1.2169870560217315,1.2169870560217315
1.2242709750873042,1.2242709750873042
1.23155823291294,1.23155823291294
1.2388488569378566,1.2388488569378566
1.2461428747084422,1.2461428747084422
1.2534403138787045,1.2534403138787045
1.2607412022107696,1.2607412022107696
1.2680455675753373,1.2680455675753373
1.2753534379521878,1.2753534379521878
1.282664841430638,1.282664841430638
1.2899798062100571,1.2899798062100571
1.297298360600332,1.297298360600332
1.3046205330223806,1.3046205330223806
1.31194635200863,1.31194635200863
1.3192758462035372,1.3192758462035372
1.3266090443640675,1.3266090443640675
1.3339459753602247,1.3339459753602247
1.341286668175539,1.341286668175539
1.3486311519075944,1.3486311519075944
1.3559794557685338,1.3559794557685338
1.3633316090855863,1.3633316090855863
1.370687641301578,1.370687641301578
1.3780475819754727,1.3780475819754727
1.3854114607828798,1.3854114607828798
1.3927793075166086,1.3927793075166086
1.4001511520871828,1.4001511520871828
1.4075270245233953,1.4075270245233953
1.4149069549728361,1.4149069549728361
1.422290973702451,1.422290973702451
1.4296791110990763,1.4296791110990763
1.4370713976700067,1.4370713976700067
1.444467864043533,1.444467864043533
1.4518685409695193,1.4518685409695193
1.4592734593199472,1.4592734593199472
1.4666826500895025,1.4666826500895025
1.4740961443961245,1.4740961443961245
1.4815139734815963,1.4815139734815963
1.48893616871211,1.48893616871211
1.4963627615788564,1.4963627615788564
1.5037937836985993,1.5037937836985993
1.5112292668142777,1.5112292668142777
1.5186692427955826,1.5186692427955826
1.526113743639565,1.526113743639565
1.5335628014712246,1.5335628014712246
1.5410164485441284,1.5410164485441284
1.5484747172409974,1.5484747172409974
1.5559376400743385,1.5559376400743385
1.563405249687042,1.563405249687042
1.5708775788530174,1.5708775788530174
1.5783546604777974,1.5783546604777974
1.5858365275991864,1.5858365275991864
1.5933232133878703,1.5933232133878703
1.6008147511480713,1.6008147511480713
1.6083111743181675,1.6083111743181675
1.6158125164713577,1.6158125164713577
1.6233188113162873,1.6233188113162873
1.630830092697722,1.630830092697722
1.6383463945971803,1.6383463945971803
1.6458677511336188,1.6458677511336188
1.6533941965640713,1.6533941965640713
1.660925765284343,1.660925765284343
1.6684624918296607,1.6684624918296607
1.676004410875371,1.676004410875371
1.683551557237603,1.683551557237603
1.691103965873973,1.691103965873973
1.6986616718842595,1.6986616718842595
1.7062247105111155,1.7062247105111155
1.713793117140751,1.713793117140751
1.7213669273036527,1.7213669273036527
1.7289461766752825,1.7289461766752825
1.7365309010768026,1.7365309010768026
1.7441211364757812,1.7441211364757812
1.7517169189869308,1.7517169189869308
1.7593182848728188,1.7593182848728188
1.7669252705446237,1.7669252705446237
1.7745379125628478,1.7745379125628478
1.7821562476380848,1.7821562476380848
1.7897803126317409,1.7897803126317409
1.7974101445568158,1.7974101445568158
1.8050457805786446,1.8050457805786446
1.8126872580156577,1.8126872580156577
1.8203346143401558,1.8203346143401558
1.8279878871790871,1.8279878871790871
1.835647114314817,1.835647114314817
1.843312333685916,1.843312333685916
1.8509835833879422,1.8509835833879422
1.8586609016742488,1.8586609016742488
1.8663443269567754,1.8663443269567754
1.8740338978068458,1.8740338978068458
1.8817296529559886,1.8817296529559886
1.889431631296752,1.889431631296752
1.8971398718835266,1.8971398718835266
1.90485441393336,1.90485441393336
1.9125752968267997,1.9125752968267997
1.920302560108734,1.920302560108734
1.928036243489231,1.928036243489231
1.9357763868443831,1.9357763868443831
1.9435230302171669,1.9435230302171669
1.9512762138183113,1.9512762138183113
1.9590359780271558,1.9590359780271558
1.966802363392522,1.966802363392522
1.9745754106335962,1.9745754106335962
1.982355160640817,1.982355160640817
1.9901416544767652,1.9901416544767652
1.9979349333770553,1.9979349333770553
2.00573503875124,2.00573503875124
2.013542012183728,2.013542012183728
2.0213558954346946,2.0213558954346946
2.0291767304409984,2.0291767304409984
2.0370045593171118,2.0370045593171118
2.0448394243560677,2.0448394243560677
2.052681368030388,2.052681368030388
2.0605304329930347,2.0605304329930347
2.0683866620783578,2.0683866620783578
2.076250098303075,2.076250098303075
2.0841207848672254,2.0841207848672254
2.0919987651551404,2.0919987651551404
2.0998840827364322,2.0998840827364322
2.107776781366987,2.107776781366987
2.1156769049899533,2.1156769049899533
2.123584497736739,2.123584497736739
2.1314996039280283,2.1314996039280283
2.1394222680747967,2.1394222680747967
2.1473525348793414,2.1473525348793414
2.1552904492362877,2.1552904492362877
2.163236056233659,2.163236056233659
2.1711894011538946,2.1711894011538946
2.179150529474926,2.179150529474926
2.187119486871211,2.187119486871211
2.1950963192148274,2.1950963192148274
2.203081072576527,2.203081072576527
2.211073793226835,2.211073793226835
2.2190745276371264,2.2190745276371264
2.2270833224807363,2.2270833224807363
2.235100224634054,2.235100224634054
2.2431252811776514,2.2431252811776514
2.251158539397389,2.251158539397389
2.259200046785562,2.259200046785562
2.267249851042022,2.267249851042022
2.2753080000753423,2.2753080000753423
2.2833745420039504,2.2833745420039504
2.291449525157317,2.291449525157317
2.2995329980770975,2.2995329980770975
2.3076250095183406,2.3076250095183406
2.315725608450655,2.315725608450655
2.3238348440594203,2.3238348440594203
2.3319527657469825,2.3319527657469825
2.3400794231338784,2.3400794231338784
2.3482148660600473,2.3482148660600473
2.356359144586078,2.356359144586078
2.3645123089944313,2.3645123089944313
2.372674409790711,2.372674409790711
2.3808454977049047,2.3808454977049047
2.389025623692668,2.389025623692668
2.397214838936585,2.397214838936585
2.4054131948474766,2.4054131948474766
2.41362074306568,2.41362074306568
2.4218375354623656,2.4218375354623656
2.430063624140842,2.430063624140842
2.4382990614379008,2.4382990614379008
2.4465438999251274,2.4465438999251274
2.4547981924102706,2.4547981924102706
2.463061991938579,2.463061991938579
2.4713353517941816,2.4713353517941816
2.4796183255014475,2.4796183255014475
2.4879109668263912,2.4879109668263912
2.4962133297780493,2.4962133297780493
2.5045254686099088,2.5045254686099088
2.5128474378212964,2.5128474378212964
2.521179292158842,2.521179292158842
2.5295210866178777,2.5295210866178777
2.5378728764439273,2.5378728764439273
2.5462347171341313,2.5462347171341313
2.554606664438747,2.554606664438747
2.5629887743626076,2.5629887743626076
2.5713811031666363,2.5713811031666363
2.5797837073693364,2.5797837073693364
2.5881966437483177,2.5881966437483177
2.5966199693418166,2.5966199693418166
2.6050537414502473,2.6050537414502473
2.6134980176377356,2.6134980176377356
2.621952855733704,2.621952855733704
2.6304183138344253,2.6304183138344253
2.638894450304632,2.638894450304632
2.647381323779093,2.647381323779093
2.655878993164246,2.655878993164246
2.664387517639805,2.664387517639805
2.6729069566604133,2.6729069566604133
2.6814373699572815,2.6814373699572815
2.689978817539852,2.689978817539852
2.698531359697466,2.698531359697466
2.7070950570010788,2.7070950570010788
2.7156699703049316,2.7156699703049316
2.724256160748278,2.724256160748278
2.732853689757106,2.732853689757106
2.741462619045894,2.741462619045894
2.7500830106193526,2.7500830106193526
2.758714926774193,2.758714926774193
2.767358430100909,2.767358430100909
2.776013583485586,2.776013583485586
2.7846804501117024,2.7846804501117024
2.793359093461948,2.793359093461948
2.8020495773200715,2.8020495773200715
2.8107519657727345,2.8107519657727345
2.8194663232113837,2.8194663232113837
2.8281927143341203,2.8281927143341203
2.8369312041476045,2.8369312041476045
2.84568185796898,2.84568185796898
2.8544447414277925,2.8544447414277925
2.8632199204679267,2.8632199204679267
2.8720074613495754,2.8720074613495754
2.8808074306512172,2.8808074306512172
2.889619895271604,2.889619895271604
2.8984449224317608,2.8984449224317608
2.9072825796770116,2.9072825796770116
2.9161329348790326,2.9161329348790326
2.9249960562378954,2.9249960562378954
2.9338720122841333,2.9338720122841333
2.9427608718808393,2.9427608718808393
2.9516627042257793,2.9516627042257793
2.960577578853506,2.960577578853506
2.9695055656374936,2.9695055656374936
2.9784467347923016,2.9784467347923016
2.9874011568757632,2.9874011568757632
2.9963689027911586,2.9963689027911586
3.0053500437894343,3.0053500437894343
3.014344651471429,3.014344651471429
3.0233527977901318,3.0233527977901318
3.032374555052943,3.032374555052943
3.0414099959239493,3.0414099959239493
3.0504591934262333,3.0504591934262333
3.0595222209442072,3.0595222209442072
3.068599152225944,3.068599152225944
3.0776900613855345,3.0776900613855345
3.086795022905475,3.086795022905475
3.0959141116390714,3.0959141116390714
3.1050474028128567,3.1050474028128567
3.114194972029028,3.114194972029028
3.123356895267902,3.123356895267902
3.132533248890425,3.132533248890425
3.141724109640643,3.141724109640643
3.1509295546482443,3.1509295546482443
3.1601496614310904,3.1601496614310904
3.1693845078978065,3.1693845078978065
3.1786341723503444,3.1786341723503444
3.1878987334866067,3.1878987334866067
3.1971782704030693,3.1971782704030693
3.206472862597452,3.206472862597452
3.215782589971385,3.215782589971385
3.225107532833095,3.225107532833095
3.2344477719001645,3.2344477719001645
3.2438033883022364,3.2438033883022364
3.253174463583823,3.253174463583823
3.262561079707062,3.262561079707062
3.2719633190545694,3.2719633190545694
3.2813812644322486,3.2813812644322486
3.2908149990721904,3.2908149990721904
3.3002646066355292,3.3002646066355292
3.3097301712153913,3.3097301712153913
3.3192117773398078,3.3192117773398078
3.328709509974709,3.328709509974709
3.338223454526891,3.338223454526891
3.347753696847059,3.347753696847059
3.3573003232328453,3.3573003232328453
3.366863420431914,3.366863420431914
3.3764430756450268,3.3764430756450268
3.386039376529194,3.386039376529194
3.39565241120081,3.39565241120081
3.405282268238852,3.405282268238852
3.4149290366880702,3.4149290366880702
3.424592806062243,3.424592806062243
3.434273666347427,3.434273666347427
3.443971708005272,3.443971708005272
3.4536870219763194,3.4536870219763194
3.463419699683386,3.463419699683386
3.473169833034917,3.473169833034917
3.482937514428435,3.482937514428435
3.492722836753945,3.492722836753945
3.5025258933974524,3.5025258933974524
3.512346778244428,3.512346778244428
3.522185585683387,3.522185585683387
3.5320424106094213,3.5320424106094213
3.541917348427838,3.541917348427838
3.5518104950577585,3.5518104950577585
3.561721946935824,3.561721946935824
3.5716518010198604,3.5716518010198604
3.5816001547926475,3.5816001547926475
3.5915671062656576,3.5915671062656576
3.601552753982886,3.601552753982886
3.6115571970246676,3.6115571970246676
3.621580535011566,3.621580535011566
3.6316228681082734,3.6316228681082734
3.641684297027561,3.641684297027561
3.6517649230342526,3.6517649230342526
3.6618648479492624,3.6618648479492624
3.6719841741536197,3.6719841741536197
3.6821230045925946,3.6821230045925946
3.6922814427798,3.6922814427798
3.7024595928013895,3.7024595928013895
3.7126575593202333,3.7126575593202333
3.722875447580203,3.722875447580203
3.7331133634104217,3.7331133634104217
3.7433714132296263,3.7433714132296263
3.7536497040505,3.7536497040505
3.763948343484122,3.763948343484122
3.7742674397443765,3.7742674397443765
3.7846071016524863,3.7846071016524863
3.7949674386415064,3.7949674386415064
3.8053485607609505,3.8053485607609505
3.8157505786813597,3.8157505786813597
3.8261736036990195,3.8261736036990195
3.836617747740629,3.836617747740629
3.847083123368083,3.847083123368083
3.857569843783269,3.857569843783269
3.868078022832898,3.868078022832898
3.8786077750134145,3.8786077750134145
3.8891592154759356,3.8891592154759356
3.899732460031241,3.899732460031241
3.910327625154792,3.910327625154792
3.920944827991837,3.920944827991837
3.931584186362545,3.931584186362545
3.9422458187671845,3.9422458187671845
3.952929844391355,3.952929844391355
3.9636363831112775,3.9636363831112775
3.9743655554991415,3.9743655554991415
3.985117482828489,3.985117482828489
3.995892287079649,3.995892287079649
4.0066900909452405,4.0066900909452405
4.017511017835736,4.017511017835736
4.028355191885062,4.028355191885062
4.039222737956242,4.039222737956242
4.0501137816471315,4.0501137816471315
4.061028449296204,4.061028449296204
4.07196686798836,4.07196686798836
4.0829291655608255,4.0829291655608255
4.093915470609106,4.093915470609106
4.104925912492993,4.104925912492993
4.115960621342642,4.115960621342642
4.12701972806468,4.12701972806468
4.138103364348416,4.138103364348416
4.149211662672099,4.149211662672099
4.160344756309231,4.160344756309231
4.171502779334937,4.171502779334937
4.182685866632432,4.182685866632432
4.19389415389952,4.19389415389952
4.205127777655191,4.205127777655191
4.2163868752462434,4.2163868752462434
4.227671584854012,4.227671584854012
4.2389820455011575,4.2389820455011575
4.250318397058517,4.250318397058517
4.261680780252019,4.261680780252019
4.273069336669679,4.273069336669679
4.284484208768698,4.284484208768698
4.295925539882568,4.295925539882568
4.307393474228301,4.307393474228301
4.318888156913726,4.318888156913726
4.330409733944854,4.330409733944854
4.341958352233325,4.341958352233325
4.353534159603923,4.353534159603923
4.365137304802181,4.365137304802181
4.376767937502072,4.376767937502072
4.38842620831377,4.38842620831377
4.40011226879148,4.40011226879148
4.411826271441386,4.411826271441386
4.423568369729657,4.423568369729657
4.435338718090552,4.435338718090552
4.447137471934589,4.447137471934589
4.458964787656822,4.458964787656822
4.470820822645222,4.470820822645222
4.482705735289113,4.482705735289113
4.494619684987706,4.494619684987706
4.506562832158742,4.506562832158742
4.5185353382472275,4.5185353382472275
4.530537365734249,4.530537365734249
4.54256907814589,4.54256907814589
4.55463064006224,4.55463064006224
4.56672221712653,4.56672221712653
4.578843976054329,4.578843976054329
4.590996084642857,4.590996084642857
4.603178711780406,4.603178711780406
4.615392027455868,4.615392027455868
4.627636202768355,4.627636202768355
4.639911409936924,4.639911409936924
4.652217822310417,4.652217822310417
4.664555614377435,4.664555614377435
4.676924961776365,4.676924961776365
4.689326041305569,4.689326041305569
4.701759030933667,4.701759030933667
4.714224109809941,4.714224109809941
4.726721458274859,4.726721458274859
4.739251257870695,4.739251257870695
4.751813691352293,4.751813691352293
4.764408942697956,4.764408942697956
4.777037197120446,4.777037197120446
4.789698641078088,4.789698641078088
4.8023934622860525,4.8023934622860525
4.815121849727728,4.815121849727728
4.827883993666233,4.827883993666233
4.840680085656055,4.840680085656055
4.853510318554833,4.853510318554833
4.866374886535288,4.866374886535288
4.879273985097251,4.879273985097251
4.892207811079866,4.892207811079866
4.905176562673921,4.905176562673921
4.91818043943433,4.91818043943433
4.931219642292752,4.931219642292752
4.944294373570369,4.944294373570369
4.957404836990782,4.957404836990782
4.970551237693107,4.970551237693107
4.983733782245192,4.983733782245192
4.996952678657008,4.996952678657008
5.010208136394166,5.010208136394166
5.0235003663916284,5.0235003663916284
5.036829581067593,5.036829581067593
5.050195994337501,5.050195994337501
5.063599821628226,5.063599821628226
5.077041279892452,5.077041279892452
5.090520587623224,5.090520587623224
5.104037964868645,5.104037964868645
5.11759363324677,5.11759363324677
5.131187815960673,5.131187815960673
5.144820737813723,5.144820737813723
5.158492625225003,5.158492625225003
5.172203706244946,5.172203706244946
5.185954210571141,5.185954210571141
5.199744369564369,5.199744369564369
5.21357441626481,5.21357441626481
5.227444585408413,5.227444585408413
5.2413551134435545,5.2413551134435545
5.255306238547838,5.255306238547838
5.269298200645117,5.269298200645117
5.283331241422726,5.283331241422726
5.2974056043489375,5.2974056043489375
5.311521534690644,5.311521534690644
5.325679279531237,5.325679279531237
5.339879087788718,5.339879087788718
5.354121210234045,5.354121210234045
5.368405899509725,5.368405899509725
5.382733410148606,5.382733410148606
5.397103998592929,5.397103998592929
5.411517923213621,5.411517923213621
5.425975444329839,5.425975444329839
5.440476824228757,5.440476824228757
5.4550223271856,5.4550223271856
5.469612219483932,5.469612219483932
5.484246769436255,5.484246769436255
5.4989262474048015,5.4989262474048015
5.513650925822633,5.513650925822633
5.528421079215023,5.528421079215023
5.543236984221102,5.543236984221102
5.558098919615799,5.558098919615799
5.573007166332018,5.573007166332018
5.587962007483198,5.587962007483198
5.6029637283861025,5.6029637283861025
5.618012616583922,5.618012616583922
5.633108961869682,5.633108961869682
5.648253056309979,5.648253056309979
5.663445194269018,5.663445194269018
5.678685672432978,5.678685672432978
5.693974789834682,5.693974789834682
5.709312847878623,5.709312847878623
5.724700150366332,5.724700150366332
5.740137003522062,5.740137003522062
5.755623716018827,5.755623716018827
5.771160599004797,5.771160599004797
5.786747966130081,5.786747966130081
5.802386133573828,5.802386133573828
5.818075420071707,5.818075420071707
5.8338161469437955,5.8338161469437955
5.849608638122835,5.849608638122835
5.865453220182868,5.865453220182868
5.881350222368263,5.881350222368263
5.8972999766231595,5.8972999766231595
5.91330281762135,5.91330281762135
5.929359082796512,5.929359082796512
5.945469112372907,5.945469112372907
5.9616332493965,5.9616332493965
5.977851839766529,5.977851839766529
5.994125232267516,5.994125232267516
6.010453778601689,6.010453778601689
6.0268378334219275,6.0268378334219275
6.0432777543651515,6.0432777543651515
6.059773902086172,6.059773902086172
6.076326640292038,6.076326640292038
6.092936335776876,6.092936335776876
6.109603358457249,6.109603358457249
6.126328081407994,6.126328081407994
6.14311088089859,6.14311088089859
6.159952136430057,6.159952136430057
6.17685223077242,6.17685223077242
6.193811550002662,6.193811550002662
6.210830483543279,6.210830483543279
6.227909424201379,6.227909424201379
6.245048768208384,6.245048768208384
6.26224891526029,6.26224891526029
6.279510268558525,6.279510268558525
6.296833234851439,6.296833234851439
6.3142182244764,6.3142182244764
6.331665651402519,6.331665651402519
6.349175933274002,6.349175933274002
6.366749491454182,6.366749491454182
6.384386751070204,6.384386751070204
6.402088141058402,6.402088141058402
6.419854094210298,6.419854094210298
6.437685047219414,6.437685047219414
6.455581440728707,6.455581440728707
6.473543719378787,6.473543719378787
6.491572331856821,6.491572331856821
6.509667730946252,6.509667730946252
6.52783037357727,6.52783037357727
6.546060720878039,6.546060720878039
6.564359238226741,6.564359238226741
6.582726395304432,6.582726395304432
6.6011626661487695,6.6011626661487695
6.619668529208497,6.619668529208497
6.638244467398851,6.638244467398851
6.6568909681578265,6.6568909681578265
6.675608523503373,6.675608523503373
6.6943976300914265,6.6943976300914265
6.713258789274935,6.713258789274935
6.732192507163791,6.732192507163791
6.75119929468577,6.75119929468577
6.770279667648424,6.770279667648424
6.789434146801945,6.789434146801945
6.808663257903129,6.808663257903129
6.827967531780329,6.827967531780329
6.847347504399485,6.847347504399485
6.866803716931207,6.866803716931207
6.88633671581902,6.88633671581902
6.905947052848706,6.905947052848706
6.925635285218788,6.925635285218788
6.945401975612195,6.945401975612195
6.965247692269118,6.965247692269118
6.985173009061097,6.985173009061097
7.005178505566362,7.005178505566362
7.025264767146415,7.025264767146415
7.045432385023908,7.045432385023908
7.065681956361877,7.065681956361877
7.086014084344313,7.086014084344313
7.106429378258099,7.106429378258099
7.1269284535763315,7.1269284535763315
7.147511932043129,7.147511932043129
7.168180441759885,7.168180441759885
7.188934617272997,7.188934617272997
7.209775099663126,7.209775099663126
7.230702536636035,7.230702536636035
7.251717582615019,7.251717582615019
7.272820898834935,7.272820898834935
7.294013153437898,7.294013153437898
7.315295021570681,7.315295021570681
7.33666718548387,7.33666718548387
7.358130334632738,7.358130334632738
7.3796851657799385,7.3796851657799385
7.401332383100068,7.401332383100068
7.42307269828612,7.42307269828612
7.4449068306578114,7.4449068306578114
7.466835507271927,7.466835507271927
7.488859463034643,7.488859463034643
7.510979440815965,7.510979440815965
7.533196191566194,7.533196191566194
7.555510474434564,7.555510474434564
7.577923056890095,7.577923056890095
7.600434714844697,7.600434714844697
7.623046232778535,7.623046232778535
7.6457584038677355,7.6457584038677355
7.668572030114545,7.668572030114545
7.691487922479908,7.691487922479908
7.714506901018559,7.714506901018559
7.7376297950166535,7.7376297950166535
7.760857443132084,7.760857443132084
7.7841906935374485,7.7841906935374485
7.807630404065769,7.807630404065769
7.831177442359019,7.831177442359019
7.854832686019519,7.854832686019519
7.878597022764356,7.878597022764356
7.902471350582692,7.902471350582692
7.926456577896244,7.926456577896244
7.950553623722897,7.950553623722897
7.974763417843585,7.974763417843585
7.999086900972417,7.999086900972417
8.02352502493024,8.02352502493024
8.048078752821658,8.048078752821658
8.072749059215637,8.072749059215637
8.097536930329728,8.097536930329728
8.122443364217963,8.122443364217963
8.147469370962703,8.147469370962703
8.172615972870291,8.172615972870291
8.197884204670787,8.197884204670787
8.223275113721725,8.223275113721725
8.248789760216196,8.248789760216196
8.274429217395197,8.274429217395197
8.30019457176438,8.30019457176438
8.32608692331537,8.32608692331537
8.352107385751747,8.352107385751747
8.378257086719795,8.378257086719795
8.404537168044115,8.404537168044115
8.430948785968283,8.430948785968283
8.457493111400643,8.457493111400643
8.484171330165427,8.484171330165427
8.510984643259215,8.510984643259215
8.537934267112995,8.537934267112995
8.565021433859933,8.565021433859933
8.592247391609005,8.592247391609005
8.619613404724612,8.619613404724612
8.64712075411236,8.64712075411236
8.674770737511185,8.674770737511185
8.702564669792018,8.702564669792018
8.730503883263072,8.730503883263072
8.75858972798197,8.75858972798197
8.786823572074987,8.786823572074987
8.815206802063491,8.815206802063491
8.843740823197825,8.843740823197825
8.872427059798763,8.872427059798763
8.901266955606916,8.901266955606916
8.930261974140157,8.930261974140157
8.959413599059339,8.959413599059339
8.988723334542492,8.988723334542492
9.01819270566787,9.01819270566787
9.047823258805959,9.047823258805959
9.077616562020745,9.077616562020745
9.107574205480544,9.107574205480544
9.137697801878568,9.137697801878568
9.167988986863723,9.167988986863723
9.19844941948163,9.19844941948163
9.229080782626394,9.229080782626394
9.259884783503383,9.259884783503383
9.290863154103336,9.290863154103336
9.322017651688057,9.322017651688057
9.353350059288148,9.353350059288148
9.384862186213123,9.384862186213123
9.416555868574218,9.416555868574218
9.448432969820322,9.448432969820322
9.480495381287385,9.480495381287385
9.51274502276179,9.51274502276179
9.545183843058078,9.545183843058078
9.577813820611404,9.577813820611404
9.610636964085245,9.610636964085245
9.643655312994893,9.643655312994893
9.676870938347099,9.676870938347099
9.710285943296451,9.710285943296451
9.743902463818943,9.743902463818943
9.777722669403449,9.777722669403449
9.811748763761482,9.811748763761482
9.845982985555912,9.845982985555912
9.880427609149244,9.880427609149244
9.915084945372083,9.915084945372083
9.949957342312535,9.949957342312535
9.985047186127037,9.985047186127037
10.020356901873473,10.020356901873473
10.055888954367289,10.055888954367289
10.091645849061404,10.091645849061404
10.12763013295058,10.12763013295058
10.163844395501211,10.163844395501211
10.200291269607362,10.200291269607362
10.23697343257397,10.23697343257397
11.358995839343446,11.358995839343446
11.379466330910354,11.379466330910354
11.400088198187646,11.400088198187646
11.42086629050847,11.42086629050847
11.441805388203122,11.441805388203122
11.462910215373336,11.462910215373336
11.484185451168443,11.484185451168443
11.50563573981554,11.50563573981554
11.5272656996075,11.5272656996075
11.549079931014827,11.549079931014827
11.571083024057792,11.571083024057792
11.593279565051608,11.593279565051608
11.6156741428189,11.6156741428189
11.638271354447944,11.638271354447944
11.66107581066376,11.66107581066376
11.684092140868405,11.684092140868405
11.707324997899102,11.707324997899102
11.730779062545672,11.730779062545672
11.75445904786347,11.75445904786347
11.778369703313258,11.778369703313258
11.802515818755456,11.802515818755456
11.826902228323057,11.826902228323057
11.851533814194655,11.851533814194655
11.876415510286895,11.876415510286895
11.901552305883584,11.901552305883584
11.926949249216836,11.926949249216836
11.952611451014652,11.952611451014652
11.978544088027965,11.978544088027965
12.004752406549022,12.004752406549022
12.031241725932224,12.031241725932224
12.05801744212816,12.05801744212816
12.085085031240375,12.085085031240375
12.11245005311455,12.11245005311455
12.14011815496881,12.14011815496881
12.16809507507405,12.16809507507405
12.196386646492634,12.196386646492634
12.224998800883672,12.224998800883672
12.253937572383085,12.253937572383085
12.28320910156641,12.28320910156641
12.312819639502454,12.312819639502454
12.34277555190594,12.34277555190594
12.373083323396992,12.373083323396992
12.403749561875937,12.403749561875937
12.434781003021794,12.434781003021794
12.466184514922888,12.466184514922888
12.497967102848442,12.497967102848442
12.530135914170152,12.530135914170152
12.562698243443219,12.562698243443219
12.59566153765633,12.59566153765633
12.629033401660838,12.629033401660838
12.662821603789329,12.662821603789329
12.69703408167482,12.69703408167482
12.731678948281761,12.731678948281761
12.766764498160915,12.766764498160915
12.8022992139405,12.8022992139405
12.838291773066954,12.838291773066954
12.874751054809053,12.874751054809053
12.911686147540031,12.911686147540031
12.949106356312944,12.949106356312944
12.987021210745677,12.987021210745677
13.025440473232841,13.025440473232841
13.064374147502395,13.064374147502395
13.103832487536522,13.103832487536522
13.143826006877037,13.143826006877037
13.18436548833694,13.18436548833694
13.225461994141106,13.225461994141106
13.267126876520386,13.267126876520386
13.309371788785246,13.309371788785246
13.352208696906477,13.352208696906477
13.395649891632175,13.395649891632175
13.439708001172557,13.439708001172557
13.484396004486044,13.484396004486044
13.52972724520205,13.52972724520205
13.575715446218762,13.575715446218762
13.622374725016499,13.622374725016499
13.669719609730308,13.669719609730308
13.717765056028542,13.717765056028542
13.766526464846928,13.766526464846928
13.816019701032198,13.816019701032198
13.866261112952408,13.866261112952408
13.917267553135847,13.917267553135847
13.969056400004645,13.969056400004645
14.021645580774436,14.021645580774436
14.075053595596936,14.075053595596936
14.129299543027962,14.129299543027962
14.184403146909972,14.184403146909972
14.240384784765311,14.240384784765311
14.29726551780402,14.29726551780402
14.35506712265838,14.35506712265838
14.413812124965549,14.413812124965549
14.47352383492962,14.47352383492962
14.534226385005839,14.534226385005839
14.595944769861172,14.595944769861172
14.658704888779162,14.658704888779162
14.722533590691395,14.722533590691395
14.787458722033966,14.787458722033966
14.85350917764521,14.85350917764521
14.920714954940015,14.920714954940015
14.989107211618187,14.989107211618187
15.058718327187707,15.058718327187707
15.129581968610617,15.129581968610617
15.20173316040781,15.20173316040781
15.27520835959227,15.27520835959227
15.35004553583628,15.35004553583628
15.426284257318132,15.426284257318132
15.50396578273884,15.50396578273884
15.583133160049844,15.583133160049844
15.663831332488511,15.663831332488511
15.746107252581334,15.746107252581334
15.830010004844786,15.830010004844786
15.915590937993825,15.915590937993825
16.00290380755692,16.00290380755692
16.09200492989744,16.09200492989744
16.182953348754832,16.182953348754832
16.27581101554834,16.27581101554834
16.370642984832305,16.370642984832305
16.467517626458527,16.467517626458527
16.566506856190173,16.566506856190173
16.667686386728953,16.667686386728953
16.77113600136466,16.77113600136466
16.87693985274017,16.87693985274017
16.985186789551474,16.985186789551474
17.095970714379376,17.095970714379376
17.209390976284308,17.209390976284308
17.32555280229961,17.32555280229961
17.444567772544715,17.444567772544715
17.566554344362174,17.566554344362174
17.69163843167999,17.69163843167999
17.819954046736534,17.819954046736534
17.95164401240471,17.95164401240471
18.08686075465059,18.08686075465059
18.22576718619915,18.22576718619915
18.36853769430785,18.36853769430785
18.515359247728632,18.515359247728632
18.666432640552067,18.666432640552067
18.821973893770178,18.821973893770178
18.982215839192932,18.982215839192932
19.147409914962772,19.147409914962772
19.317828207535644,19.317828207535644
19.493765781892154,19.493765781892154
19.675543350240506,19.675543350240506
19.86351034000772,19.86351034000772
20.058048435051546,20.058048435051546
20.25957568051051,20.25957568051051
20.468551262533357,20.468551262533357
20.685481100621676,20.685481100621676
20.91092442427877,20.91092442427877
21.145501549538288,21.145501549538288
21.389903128131213,21.389903128131213
21.644901217259168,21.644901217259168
21.91136261782934,21.91136261782934
22.190265063075284,22.190265063075284
22.482717021485858,22.482717021485858
22.78998212807518,22.78998212807518
23.113509606345755,23.113509606345755
23.45497253545659,23.45497253545659
23.816316523595837,23.816316523595837
24.19982238045265,24.19982238045265
24.608187917981564,24.608187917981564
25.044636344896645,25.044636344896645
25.513062357976633,25.513062357976633
26.018232849352945,26.018232849352945
26.566068730860795,26.566068730860795
27.164050710970884,27.164050710970884
27.821820822163463,27.821820822163463
28.552105256439795,28.552105256439795
29.37218940475999,29.37218940475999
30.306396267657256,30.306396267657256
31.390518301358036,31.390518301358036
32.680402586748336,32.680402586748336
34.270462852382245,34.270462852382245
36.340166719814604,36.340166719814604
39.30227108803065,39.30227108803065
44.54976261216509,44.54976261216509
