-7.1097086585291525,-7.1097086585291525
-7.119621976096564,-7.119621976096564
-7.125834003243829,-7.125834003243829
-7.130410031865712,-7.130410031865712
-7.133906587646097,-7.133906587646097
-7.136596046895764,-7.136596046895764
-7.1386411718446245,-7.1386411718446245
-7.1401504505462015,-7.1401504505462015
-7.14120144312742,-7.14120144312742
-7.141852386976717,-7.141852386976717
-7.142148630696513,-7.142148630696513
-7.142126492732838,-7.142126492732838
-7.141815717597444,-7.141815717597444
-7.141241114408301,-7.141241114408301
-7.140423692172314,-7.140423692172314
-7.139381471395409,-7.139381471395409
-7.138130079774428,-7.138130079774428
-7.136683199339255,-7.136683199339255
-7.135052908658146,-7.135052908658146
-7.133249949198717,-7.133249949198717
-7.131283935762695,-7.131283935762695
-7.129163524946266,-7.129163524946266
-7.126896551598234,-7.126896551598234
-7.12449014053315,-7.12449014053315
-7.121950798866905,-7.121950798866905
-7.119284493002763,-7.119284493002763
-7.116496713330965,-7.116496713330965
-7.113592528999489,-7.113592528999489
-7.110576634590611,-7.110576634590611
-7.1074533901455075,-7.1074533901455075
-7.104226855681394,-7.104226855681394
-7.100900821117092,-7.100900821117092
-7.09747883234612,-7.09747883234612
-7.09396421405797,-7.09396421405797
-7.090360089799294,-7.090360089799294
-7.086669399680074,-7.086669399680074
-7.082894916060535,-7.082894916060535
-7.079039257498728,-7.079039257498728
-7.075104901193354,-7.075104901193354
-7.071094194119469,-7.071094194119469
-7.067009363024318,-7.067009363024318
-7.0628525234255495,-7.0628525234255495
-7.0586256877332225,-7.0586256877332225
-7.0543307725997435,-7.0543307725997435
-7.049969605587367,-7.049969605587367
-7.045543931230641,-7.045543931230641
-7.041055416560952,-7.041055416560952
-7.036505656151501,-7.036505656151501
-7.031896176733679,-7.031896176733679
-7.027228441429388,-7.027228441429388
-7.022503853638447,-7.022503853638447
-7.0177237606155245,-7.0177237606155245
-7.012889456766974,-7.012889456766974
-7.0080021866944735,-7.0080021866944735
-7.003063148009333,-7.003063148009333
-6.998073493938628,-6.998073493938628
-6.993034335742117,-6.993034335742117
-6.987946744956764,-6.987946744956764
-6.982811755483981,-6.982811755483981
-6.977630365533148,-6.977630365533148
-6.972403539433552,-6.972403539433552
-6.967132209325697,-6.967132209325697
-6.961817276741866,-6.961817276741866
-6.956459614084862,-6.956459614084862
-6.951060066012972,-6.951060066012972
-6.945619450738504,-6.945619450738504
-6.940138561246504,-6.940138561246504
-6.934618166439722,-6.934618166439722
-6.929059012215303,-6.929059012215303
-6.923461822478228,-6.923461822478228
-6.91782730009607,-6.91782730009607
-6.9121561277992685,-6.9121561277992685
-6.906448969030757,-6.906448969030757
-6.900706468748412,-6.900706468748412
-6.894929254183626,-6.894929254183626
-6.8891179355588985,-6.8891179355588985
-6.8832731067672075,-6.8832731067672075
-6.877395346015665,-6.877395346015665
-6.871485216435781,-6.871485216435781
-6.865543266662455,-6.865543266662455
-6.859570031383699,-6.859570031383699
-6.853566031862878,-6.853566031862878
-6.8475317764352335,-6.8475317764352335
-6.841467760980161,-6.841467760980161
-6.835374469370795,-6.835374469370795
-6.829252373902174,-6.829252373902174
-6.823101935699307,-6.823101935699307
-6.816923605106251,-6.816923605106251
-6.810717822057341,-6.810717822057341
-6.804485016431553,-6.804485016431553
-6.798225608390954,-6.798225608390954
-6.791940008704131,-6.791940008704131
-6.785628619055411,-6.785628619055411
-6.779291832340659,-6.779291832340659
-6.77293003295035,-6.77293003295035
-6.766543597040618,-6.766543597040618
-6.760132892792911,-6.760132892792911
-6.753698280662813,-6.753698280662813
-6.747240113618634,-6.747240113618634
-6.7407587373702675,-6.7407587373702675
-6.734254490588801,-6.734254490588801
-6.727727705117362,-6.727727705117362
-6.721178706173605,-6.721178706173605
-6.714607812544285,-6.714607812544285
-6.708015336772262,-6.708015336772262
-6.7014015853363285,-6.7014015853363285
-6.694766858824194,-6.694766858824194
-6.68811145209894,-6.68811145209894
-6.681435654459262,-6.681435654459262
-6.674739749793786,-6.674739749793786
-6.668024016729709,-6.668024016729709
-6.661288728776065,-6.661288728776065
-6.654534154461807,-6.654534154461807
-6.647760557468974,-6.647760557468974
-6.640968196761157,-6.640968196761157
-6.63415732670743,-6.63415732670743
-6.627328197202007,-6.627328197202007
-6.620481053779764,-6.620481053779764
-6.613616137727796,-6.613616137727796
-6.606733686193235,-6.606733686193235
-6.5998339322874,-6.5998339322874
-6.5929171051865145,-6.5929171051865145
-6.5859834302290805,-6.5859834302290805
-6.579033129010059,-6.579033129010059
-6.572066419472006,-6.572066419472006
-6.5650835159932415,-6.5650835159932415
-6.558084629473238,-6.558084629473238
-6.5510699674152635,-6.5510699674152635
-6.5440397340064465,-6.5440397340064465
-6.53699413019533,-6.53699413019533
-6.5299333537670226,-6.5299333537670226
-6.5228575994160485,-6.5228575994160485
-6.5157670588169605,-6.5157670588169605
-6.508661920692818,-6.508661920692818
-6.5015423708816185,-6.5015423708816185
-6.494408592400728,-6.494408592400728
-6.4872607655094265,-6.4872607655094265
-6.480099067769586,-6.480099067769586
-6.472923674104607,-6.472923674104607
-6.465734756856623,-6.465734756856623
-6.458532485842086,-6.458532485842086
-6.4513170284057315,-6.4513170284057315
-6.444088549473047,-6.444088549473047
-6.436847211601235,-6.436847211601235
-6.42959317502878,-6.42959317502878
-6.4223265977235995,-6.4223265977235995
-6.415047635429917,-6.415047635429917
-6.407756441713804,-6.407756441713804
-6.400453168007515,-6.400453168007515
-6.393137963652615,-6.393137963652615
-6.385810975941942,-6.385810975941942
-6.378472350160468,-6.378472350160468
-6.371122229625056,-6.371122229625056
-6.363760755723191,-6.363760755723191
-6.356388067950689,-6.356388067950689
-6.349004303948429,-6.349004303948429
-6.341609599538136,-6.341609599538136
-6.334204088757249,-6.334204088757249
-6.326787903892899,-6.326787903892899
-6.319361175515026,-6.319361175515026
-6.311924032508672,-6.311924032508672
-6.304476602105449,-6.304476602105449
-6.297019009914249,-6.297019009914249
-6.28955137995117,-6.28955137995117
-6.282073834668731,-6.282073834668731
-6.274586494984361,-6.274586494984361
-6.267089480308197,-6.267089480308197
-6.259582908570227,-6.259582908570227
-6.252066896246762,-6.252066896246762
-6.244541558386292,-6.244541558386292
-6.237007008634723,-6.237007008634723
-6.229463359260037,-6.229463359260037
-6.22191072117634,-6.22191072117634
-6.214349203967392,-6.214349203967392
-6.206778915909562,-6.206778915909562
-6.199199963994272,-6.199199963994272
-6.191612453949925,-6.191612453949925
-6.184016490263321,-6.184016490263321
-6.1764121762006186,-6.1764121762006186
-6.168799613827794,-6.168799613827794
-6.16117890403066,-6.16117890403066
-6.153550146534437,-6.153550146534437
-6.1459134399228965,-6.1459134399228965
-6.138268881657067,-6.138268881657067
-6.130616568093554,-6.130616568093554
-6.122956594502438,-6.122956594502438
-6.11528905508481,-6.11528905508481
-6.107614042989913,-6.107614042989913
-6.099931650331913,-6.099931650331913
-6.092241968206336,-6.092241968206336
-6.084545086706133,-6.084545086706133
-6.0768410949374125,-6.0768410949374125
-6.069130081034864,-6.069130081034864
-6.061412132176817,-6.061412132176817
-6.053687334600044,-6.053687334600044
-6.0459557736142004,-6.0459557736142004
-6.0382175336160175,-6.0382175336160175
-6.030472698103168,-6.030472698103168
-6.022721349687878,-6.022721349687878
-6.014963570110248,-6.014963570110248
-6.007199440251305,-6.007199440251305
-5.999429040145805,-5.999429040145805
-5.9916524489947705,-5.9916524489947705
-5.983869745177785,-5.983869745177785
-5.976081006265043,-5.976081006265043
-5.968286309029164,-5.968286309029164
-5.960485729456773,-5.960485729456773
-5.952679342759862,-5.952679342759862
-5.944867223386929,-5.944867223386929
-5.937049445033899,-5.937049445033899
-5.929226080654837,-5.929226080654837
-5.921397202472477,-5.921397202472477
-5.913562881988501,-5.913562881988501
-5.905723189993684,-5.905723189993684
-5.897878196577811,-5.897878196577811
-5.890027971139413,-5.890027971139413
-5.882172582395335,-5.882172582395335
-5.874312098390111,-5.874312098390111
-5.8664465865051785,-5.8664465865051785
-5.858576113467918,-5.858576113467918
-5.850700745360523,-5.850700745360523
-5.842820547628722,-5.842820547628722
-5.834935585090323,-5.834935585090323
-5.8270459219436255,-5.8270459219436255
-5.819151621775665,-5.819151621775665
-5.811252747570315,-5.811252747570315
-5.80334936171625,-5.80334936171625
-5.7954415260147565,-5.7954415260147565
-5.787529301687424,-5.787529301687424
-5.779612749383676,-5.779612749383676
-5.771691929188191,-5.771691929188191
-5.763766900628185,-5.763766900628185
-5.755837722680571,-5.755837722680571
-5.747904453778984,-5.747904453778984
-5.739967151820707,-5.739967151820707
-5.732025874173456,-5.732025874173456
-5.724080677682062,-5.724080677682062
-5.716131618675036,-5.716131618675036
-5.708178752971023,-5.708178752971023
-5.700222135885149,-5.700222135885149
-5.69226182223526,-5.69226182223526
-5.684297866348056,-5.684297866348056
-5.676330322065125,-5.676330322065125
-5.668359242748875,-5.668359242748875
-5.660384681288374,-5.660384681288374
-5.652406690105082,-5.652406690105082
-5.644425321158507,-5.644425321158507
-5.636440625951744,-5.636440625951744
-5.6284526555369565,-5.6284526555369565
-5.620461460520738,-5.620461460520738
-5.612467091069402,-5.612467091069402
-5.604469596914196,-5.604469596914196
-5.5964690273564095,-5.5964690273564095
-5.588465431272425,-5.588465431272425
-5.580458857118666,-5.580458857118666
-5.572449352936488,-5.572449352936488
-5.564436966356978,-5.564436966356978
-5.556421744605686,-5.556421744605686
-5.548403734507274,-5.548403734507274
-5.540382982490109,-5.540382982490109
-5.532359534590768,-5.532359534590768
-5.524333436458481,-5.524333436458481
-5.5163047333595125,-5.5163047333595125
-5.508273470181454,-5.508273470181454
-5.50023969143748,-5.50023969143748
-5.49220344127052,-5.49220344127052
-5.484164763457366,-5.484164763457366
-5.476123701412734,-5.476123701412734
-5.46808029819325,-5.46808029819325
-5.460034596501379,-5.460034596501379
-5.451986638689303,-5.451986638689303
-5.443936466762731,-5.443936466762731
-5.435884122384659,-5.435884122384659
-5.427829646879072,-5.427829646879072
-5.419773081234595,-5.419773081234595
-5.411714466108088,-5.411714466108088
-5.403653841828179,-5.403653841828179
-5.395591248398773,-5.395591248398773
-5.387526725502473,-5.387526725502473
-5.3794603125039835,-5.3794603125039835
-5.371392048453448,-5.371392048453448
-5.363321972089742,-5.363321972089742
-5.355250121843722,-5.355250121843722
-5.347176535841422,-5.347176535841422
-5.339101251907216,-5.339101251907216
-5.3310243075669215,-5.3310243075669215
-5.322945740050867,-5.322945740050867
-5.314865586296916,-5.314865586296916
-5.306783882953451,-5.306783882953451
-5.298700666382313,-5.298700666382313
-5.290615972661692,-5.290615972661692
-5.2825298375889975,-5.2825298375889975
-5.274442296683668,-5.274442296683668
-5.266353385189954,-5.266353385189954
-5.258263138079663,-5.258263138079663
-5.250171590054859,-5.250171590054859
-5.242078775550535,-5.242078775550535
-5.23398472873724,-5.23398472873724
-5.225889483523675,-5.225889483523675
-5.217793073559259,-5.217793073559259
-5.209695532236648,-5.209695532236648
-5.201596892694232,-5.201596892694232
-5.19349718781859,-5.19349718781859
-5.185396450246922,-5.185396450246922
-5.1772947123694415,-5.1772947123694415
-5.169192006331727,-5.169192006331727
-5.161088364037069,-5.161088364037069
-5.152983817148763,-5.152983817148763
-5.144878397092375,-5.144878397092375
-5.136772135057993,-5.136772135057993
-5.128665062002426,-5.128665062002426
-5.120557208651399,-5.120557208651399
-5.112448605501695,-5.112448605501695
-5.104339282823288,-5.104339282823288
-5.0962292706614445,-5.0962292706614445
-5.08811859883879,-5.08811859883879
-5.080007296957358,-5.080007296957358
-5.071895394400609,-5.071895394400609
-5.063782920335417,-5.063782920335417
-5.055669903714056,-5.055669903714056
-5.047556373276121,-5.047556373276121
-5.039442357550468,-5.039442357550468
-5.031327884857088,-5.031327884857088
-5.023212983309,-5.023212983309
-5.01509768081408,-5.01509768081408
-5.0069820050769005,-5.0069820050769005
-4.998865983600521,-4.998865983600521
-4.990749643688274,-4.990749643688274
-4.982633012445522,-4.982633012445522
-4.974516116781393,-4.974516116781393
-4.966398983410495,-4.966398983410495
-4.958281638854612,-4.958281638854612
-4.950164109444372,-4.950164109444372
-4.9420464213209065,-4.9420464213209065
-4.933928600437477,-4.933928600437477
-4.925810672561094,-4.925810672561094
-4.917692663274103,-4.917692663274103
-4.909574597975769,-4.909574597975769
-4.901456501883818,-4.901456501883818
-4.893338400035987,-4.893338400035987
-4.885220317291536,-4.885220317291536
-4.877102278332747,-4.877102278332747
-4.86898430766641,-4.86898430766641
-4.860866429625291,-4.860866429625291
-4.852748668369567,-4.852748668369567
-4.84463104788827,-4.84463104788827
-4.836513592000695,-4.836513592000695
-4.828396324357796,-4.828396324357796
-4.820279268443572,-4.820279268443572
-4.812162447576425,-4.812162447576425
-4.804045884910513,-4.804045884910513
-4.795929603437085,-4.795929603437085
-4.787813625985793,-4.787813625985793
-4.7796979752260045,-4.7796979752260045
-4.771582673668075,-4.771582673668075
-4.763467743664636,-4.763467743664636
-4.755353207411846,-4.755353207411846
-4.7472390869506365,-4.7472390869506365
-4.73912540416794,-4.73912540416794
-4.7310121807979035,-4.7310121807979035
-4.722899438423102,-4.722899438423102
-4.7147871984757135,-4.7147871984757135
-4.7066754822387,-4.7066754822387
-4.698564310846971,-4.698564310846971
-4.69045370528853,-4.69045370528853
-4.68234368640561,-4.68234368640561
-4.6742342748958015,-4.6742342748958015
-4.666125491313153,-4.666125491313153
-4.6580173560692835,-4.6580173560692835
-4.6499098894344595,-4.6499098894344595
-4.641803111538672,-4.641803111538672
-4.633697042372697,-4.633697042372697
-4.625591701789149,-4.625591701789149
-4.617487109503523,-4.617487109503523
-4.609383285095212,-4.609383285095212
-4.601280248008538,-4.601280248008538
-4.593178017553746,-4.593178017553746
-4.585076612908001,-4.585076612908001
-4.5769760531163834,-4.5769760531163834
-4.568876357092841,-4.568876357092841
-4.5607775436211755,-4.5607775436211755
-4.552679631355974,-4.552679631355974
-4.544582638823565,-4.544582638823565
-4.536486584422944,-4.536486584422944
-4.5283914864267025,-4.5283914864267025
-4.52029736298193,-4.52029736298193
-4.512204232111126,-4.512204232111126
-4.504112111713087,-4.504112111713087
-4.496021019563794,-4.496021019563794
-4.487930973317284,-4.487930973317284
-4.479841990506518,-4.479841990506518
-4.471754088544234,-4.471754088544234
-4.463667284723794,-4.463667284723794
-4.455581596220026,-4.455581596220026
-4.447497040090049,-4.447497040090049
-4.439413633274092,-4.439413633274092
-4.431331392596315,-4.431331392596315
-4.423250334765606,-4.423250334765606
-4.415170476376371,-4.415170476376371
-4.407091833909336,-4.407091833909336
-4.399014423732311,-4.399014423732311
-4.390938262100971,-4.390938262100971
-4.382863365159614,-4.382863365159614
-4.374789748941917,-4.374789748941917
-4.366717429371687,-4.366717429371687
-4.358646422263595,-4.358646422263595
-4.350576743323912,-4.350576743323912
-4.342508408151235,-4.342508408151235
-4.334441432237202,-4.334441432237202
-4.326375830967199,-4.326375830967199
-4.318311619621072,-4.318311619621072
-4.310248813373818,-4.310248813373818
-4.30218742729627,-4.30218742729627
-4.2941274763557855,-4.2941274763557855
-4.286068975416919,-4.286068975416919
-4.2780119392420906,-4.2780119392420906
-4.269956382492246,-4.269956382492246
-4.261902319727514,-4.261902319727514
-4.253849765407854,-4.253849765407854
-4.245798733893703,-4.245798733893703
-4.2377492394465985,-4.2377492394465985
-4.229701296229823,-4.229701296229823
-4.221654918309019,-4.221654918309019
-4.213610119652806,-4.213610119652806
-4.205566914133396,-4.205566914133396
-4.1975253155271925,-4.1975253155271925
-4.189485337515395,-4.189485337515395
-4.181446993684591,-4.181446993684591
-4.173410297527343,-4.173410297527343
-4.165375262442766,-4.165375262442766
-4.1573419017371105,-4.1573419017371105
-4.149310228624327,-4.149310228624327
-4.141280256226639,-4.141280256226639
-4.133251997575094,-4.133251997575094
-4.125225465610116,-4.125225465610116
-4.117200673182063,-4.117200673182063
-4.109177633051769,-4.109177633051769
-4.1011563578910755,-4.1011563578910755
-4.0931368602833675,-4.0931368602833675
-4.085119152724103,-4.085119152724103
-4.077103247621335,-4.077103247621335
-4.069089157296229,-4.069089157296229
-4.061076893983575,-4.061076893983575
-4.053066469832296,-4.053066469832296
-4.045057896905954,-4.045057896905954
-4.037051187183244,-4.037051187183244
-4.029046352558487,-4.029046352558487
-4.021043404842125,-4.021043404842125
-4.013042355761199,-4.013042355761199
-4.005043216959833,-4.005043216959833
-3.9970459999997074,-3.9970459999997074
-3.989050716360526,-3.989050716360526
-3.9810573774404907,-3.9810573774404907
-3.973065994556756,-3.973065994556756
-3.96507657894589,-3.96507657894589
-3.9570891417643277,-3.9570891417643277
-3.949103694088818,-3.949103694088818
-3.9411202469168702,-3.9411202469168702
-3.9331388111671957,-3.9331388111671957
-3.9251593976801415,-3.9251593976801415
-3.917182017218124,-3.917182017218124
-3.9092066804660606,-3.9092066804660606
-3.9012333980317906,-3.9012333980317906
-3.893262180446495,-3.893262180446495
-3.8852930381651167,-3.8852930381651167
-3.8773259815667718,-3.8773259815667718
-3.8693610209551594,-3.8693610209551594
-3.8613981665589625,-3.8613981665589625
-3.8534374285322586,-3.8534374285322586
-3.845478816954907,-3.845478816954907
-3.837522341832951,-3.837522341832951
-3.8295680130990046,-3.8295680130990046
-3.8216158406126426,-3.8216158406126426
-3.8136658341607763,-3.8136658341607763
-3.805718003458046,-3.805718003458046
-3.7977723581471863,-3.7977723581471863
-3.7898289077994045,-3.7898289077994045
-3.7818876619147503,-3.7818876619147503
-3.7739486299224803,-3.7739486299224803
-3.7660118211814204,-3.7660118211814204
-3.758077244980328,-3.758077244980328
-3.750144910538248,-3.750144910538248
-3.742214827004864,-3.742214827004864
-3.7342870034608486,-3.7342870034608486
-3.726361448918213,-3.726361448918213
-3.718438172320647,-3.718438172320647
-3.710517182543863,-3.710517182543863
-3.702598488395929,-3.702598488395929
-3.694682098617608,-3.694682098617608
-3.6867680218826875,-3.6867680218826875
-3.678856266798305,-3.678856266798305
-3.6709468419052804,-3.6709468419052804
-3.66303975567843,-3.66303975567843
-3.6551350165268923,-3.6551350165268923
-3.6472326327944464,-3.6472326327944464
-3.6393326127598167,-3.6393326127598167
-3.631434964636993,-3.631434964636993
-3.6235396965755373,-3.6235396965755373
-3.6156468166608855,-3.6156468166608855
-3.6077563329146543,-3.6077563329146543
-3.5998682532949386,-3.5998682532949386
-3.5919825856966123,-3.5919825856966123
-3.58409933795162,-3.58409933795162
-3.5762185178292705,-3.5762185178292705
-3.568340133036526,-3.568340133036526
-3.5604641912182897,-3.5604641912182897
-3.5525906999576913,-3.5525906999576913
-3.5447196667763663,-3.5447196667763663
-3.5368510991347373,-3.5368510991347373
-3.5289850044322897,-3.5289850044322897
-3.52112139000785,-3.52112139000785
-3.513260263139852,-3.513260263139852
-3.505401631046611,-3.505401631046611
-3.4975455008865888,-3.4975455008865888
-3.48969187975866,-3.48969187975866
-3.481840774702374,-3.481840774702374
-3.4739921926982142,-3.4739921926982142
-3.4661461406678575,-3.4661461406678575
-3.4583026254744302,-3.4583026254744302
-3.4504616539227593,-3.4504616539227593
-3.4426232327596256,-3.4426232327596256
-3.434787368674011,-3.434787368674011
-3.426954068297348,-3.426954068297348
-3.4191233382037605,-3.4191233382037605
-3.4112951849103093,-3.4112951849103093
-3.4034696148772308,-3.4034696148772308
-3.3956466345081746,-3.3956466345081746
-3.3878262501504417,-3.3878262501504417
-3.380008468095216,-3.380008468095216
-3.372193294577799,-3.372193294577799
-3.3643807357778353,-3.3643807357778353
-3.3565707978195456,-3.3565707978195456
-3.348763486771947,-3.348763486771947
-3.340958808649084,-3.340958808649084
-3.3331567694102406,-3.3331567694102406
-3.325357374960169,-3.325357374960169
-3.3175606311493033,-3.3175606311493033
-3.309766543773977,-3.309766543773977
-3.301975118576634,-3.301975118576634
-3.294186361246044,-3.294186361246044
-3.286400277417513,-3.286400277417513
-3.2786168726730898,-3.2786168726730898
-3.2708361525417726,-3.2708361525417726
-3.2630581224997157,-3.2630581224997157
-3.25528278797043,-3.25528278797043
-3.247510154324988,-3.247510154324988
-3.239740226882217,-3.239740226882217
-3.2319730109089035,-3.2319730109089035
-3.2242085116199837,-3.2242085116199837
-3.2164467341787417,-3.2164467341787417
-3.2086876836969993,-3.2086876836969993
-3.200931365235306,-3.200931365235306
-3.1931777838031326,-3.1931777838031326
-3.1854269443590524,-3.1854269443590524
-3.177678851810931,-3.177678851810931
-3.1699335110161084,-3.1699335110161084
-3.1621909267815833,-3.1621909267815833
-3.154451103864192,-3.154451103864192
-3.1467140469707866,-3.1467140469707866
-3.1389797607584184,-3.1389797607584184
-3.1312482498345036,-3.1312482498345036
-3.123519518757009,-3.123519518757009
-3.115793572034615,-3.115793572034615
-3.108070414126893,-3.108070414126893
-3.1003500494444745,-3.1003500494444745
-3.092632482349217,-3.092632482349217
-3.0849177171543714,-3.0849177171543714
-3.077205758124748,-3.077205758124748
-3.069496609476879,-3.069496609476879
-3.0617902753791846,-3.0617902753791846
-3.054086759952127,-3.054086759952127
-3.046386067268376,-3.046386067268376
-3.038688201352961,-3.038688201352961
-3.030993166183435,-3.030993166183435
-3.023300965690023,-3.023300965690023
-3.015611603755777,-3.015611603755777
-3.007925084216731,-3.007925084216731
-3.000241410862051,-3.000241410862051
-2.9925605874341787,-2.9925605874341787
-2.98488261762899,-2.98488261762899
-2.9772075050959326,-2.9772075050959326
-2.9695352534381754,-2.9695352534381754
-2.961865866212753,-2.961865866212753
-2.954199346930708,-2.954199346930708
-2.946535699057229,-2.946535699057229
-2.9388749260117972,-2.9388749260117972
-2.931217031168318,-2.931217031168318
-2.923562017855265,-2.923562017855265
-2.9159098893558126,-2.9159098893558126
-2.908260648907971,-2.908260648907971
-2.9006142997047224,-2.9006142997047224
-2.8929708448941502,-2.8929708448941502
-2.8853302875795723,-2.8853302875795723
-2.8776926308196717,-2.8776926308196717
-2.8700578776286223,-2.8700578776286223
-2.862426030976222,-2.862426030976222
-2.8547970937880116,-2.8547970937880116
-2.847171068945407,-2.847171068945407
-2.839547959285818,-2.839547959285818
-2.831927767602775,-2.831927767602775
-2.8243104966460475,-2.8243104966460475
-2.8166961491217686,-2.8166961491217686
-2.8090847276925484,-2.8090847276925484
-2.8014762349775992,-2.8014762349775992
-2.7938706735528456,-2.7938706735528456
-2.786268045951046,-2.786268045951046
-2.7786683546619066,-2.7786683546619066
-2.7710716021321895,-2.7710716021321895
-2.763477790765834,-2.763477790765834
-2.7558869229240606,-2.7558869229240606
-2.7482990009254853,-2.7482990009254853
-2.7407140270462302,-2.7407140270462302
-2.733132003520026,-2.733132003520026
-2.725552932538325,-2.725552932538325
-2.7179768162504057,-2.7179768162504057
-2.7104036567634773,-2.7104036567634773
-2.702833456142781,-2.702833456142781
-2.695266216411698,-2.695266216411698
-2.6877019395518476,-2.6877019395518476
-2.6801406275031923,-2.6801406275031923
-2.672582282164132,-2.672582282164132
-2.665026905391607,-2.665026905391607
-2.657474499001196,-2.657474499001196
-2.6499250647672095,-2.6499250647672095
-2.6423786044227895,-2.6423786044227895
-2.6348351196600017,-2.6348351196600017
-2.627294612129932,-2.627294612129932
-2.6197570834427775,-2.6197570834427775
-2.612222535167938,-2.612222535167938
-2.6046909688341087,-2.6046909688341087
-2.5971623859293693,-2.5971623859293693
-2.5896367879012745,-2.5896367879012745
-2.5821141761569386,-2.5821141761569386
-2.5745945520631275,-2.5745945520631275
-2.5670779169463405,-2.5670779169463405
-2.5595642720929006,-2.5595642720929006
-2.5520536187490324,-2.5520536187490324
-2.5445459581209517,-2.5445459581209517
-2.5370412913749445,-2.5370412913749445
-2.5295396196374513,-2.5295396196374513
-2.5220409439951466,-2.5220409439951466
-2.5145452654950153,-2.5145452654950153
-2.5070525851444385,-2.5070525851444385
-2.4995629039112677,-2.4995629039112677
-2.492076222723903,-2.492076222723903
-2.4845925424713653,-2.4845925424713653
-2.4771118640033807,-2.4771118640033807
-2.469634188130448,-2.469634188130448
-2.462159515623913,-2.462159515623913
-2.4546878472160443,-2.4546878472160443
-2.4472191836001027,-2.4472191836001027
-2.439753525430417,-2.439753525430417
-2.4322908733224486,-2.4322908733224486
-2.424831227852862,-2.424831227852862
-2.4173745895595977,-2.4173745895595977
-2.409920958941938,-2.409920958941938
-2.4024703364605706,-2.4024703364605706
-2.395022722537659,-2.395022722537659
-2.3875781175569086,-2.3875781175569086
-2.380136521863629,-2.380136521863629
-2.3726979357647964,-2.3726979357647964
-2.365262359529119,-2.365262359529119
-2.3578297933870997,-2.3578297933870997
-2.350400237531097,-2.350400237531097
-2.3429736921153848,-2.3429736921153848
-2.335550157256211,-2.335550157256211
-2.328129633031862,-2.328129633031862
-2.3207121194827156,-2.3207121194827156
-2.3132976166112984,-2.3132976166112984
-2.305886124382347,-2.305886124382347
-2.2984776427228626,-2.2984776427228626
-2.2910721715221594,-2.2910721715221594
-2.283669710631932,-2.283669710631932
-2.276270259866297,-2.276270259866297
-2.2688738190018545,-2.2688738190018545
-2.261480387777735,-2.261480387777735
-2.254089965895653,-2.254089965895653
-2.246702553019955,-2.246702553019955
-2.2393181487776763,-2.2393181487776763
-2.2319367527585845,-2.2319367527585845
-2.2245583645152314,-2.2245583645152314
-2.217182983562993,-2.217182983562993
-2.20981060938013,-2.20981060938013
-2.2024412414078216,-2.2024412414078216
-2.1950748790502197,-2.1950748790502197
-2.1877115216744896,-2.1877115216744896
-2.180351168610855,-2.180351168610855
-2.1729938191526426,-2.1729938191526426
-2.1656394725563257,-2.1656394725563257
-2.1582881280415602,-2.1582881280415602
-2.1509397847912366,-2.1509397847912366
-2.1435944419515094,-2.1435944419515094
-2.1362520986318483,-2.1362520986318483
-2.128912753905068,-2.128912753905068
-2.1215764068073737,-2.1215764068073737
-2.1142430563383954,-2.1142430563383954
-2.1069127014612246,-2.1069127014612246
-2.099585341102455,-2.099585341102455
-2.0922609741522162,-2.0922609741522162
-2.0849395994642066,-2.0849395994642066
-2.0776212158557334,-2.0776212158557334
-2.07030582210774,-2.07030582210774
-2.062993416964849,-2.062993416964849
-2.0556839991353835,-2.0556839991353835
-2.0483775672914053,-2.0483775672914053
-2.041074120068746,-2.041074120068746
-2.033773656067039,-2.033773656067039
-2.026476173849745,-2.026476173849745
-2.019181671944187,-2.019181671944187
-2.011890148841573,-2.011890148841573
-2.004601602997029,-2.004601602997029
-1.9973160328296244,-1.9973160328296244
-1.9900334367224013,-1.9900334367224013
-1.9827538130223938,-1.9827538130223938
-1.9754771600406646,-1.9754771600406646
-1.968203476052318,-1.968203476052318
-1.9609327592965344,-1.9609327592965344
-1.9536650079765867,-1.9536650079765867
-1.946400220259868,-1.946400220259868
-1.9391383942779097,-1.9391383942779097
-1.9318795281264096,-1.9318795281264096
-1.9246236198652455,-1.9246236198652455
-1.9173706675185034,-1.9173706675185034
-1.9101206690744887,-1.9101206690744887
-1.902873622485757,-1.902873622485757
-1.8956295256691196,-1.8956295256691196
-1.8883883765056726,-1.8883883765056726
-1.8811501728408082,-1.8811501728408082
-1.8739149124842367,-1.8739149124842367
-1.8666825932099944,-1.8666825932099944
-1.8594532127564694,-1.8594532127564694
-1.8522267688264085,-1.8522267688264085
-1.8450032590869374,-1.8450032590869374
-1.8377826811695703,-1.8377826811695703
-1.8305650326702259,-1.8305650326702259
-1.8233503111492395,-1.8233503111492395
-1.8161385141313755,-1.8161385141313755
-1.8089296391058376,-1.8089296391058376
-1.8017236835262793,-1.8017236835262793
-1.7945206448108175,-1.7945206448108175
-1.7873205203420397,-1.7873205203420397
-1.7801233074670129,-1.7801233074670129
-1.7729290034972927,-1.7729290034972927
-1.7657376057089322,-1.7657376057089322
-1.7585491113424896,-1.7585491113424896
-1.7513635176030324,-1.7513635176030324
-1.744180821660145,-1.744180821660145
-1.7370010206479378,-1.7370010206479378
-1.7298241116650468,-1.7298241116650468
-1.7226500917746408,-1.7226500917746408
-1.715478958004425,-1.715478958004425
-1.7083107073466468,-1.7083107073466468
-1.7011453367580929,-1.7011453367580929
-1.693982843160099,-1.693982843160099
-1.686823223438543,-1.686823223438543
-1.6796664744438548,-1.6796664744438548
-1.672512592991009,-1.672512592991009
-1.6653615758595313,-1.6653615758595313
-1.658213419793493,-1.658213419793493
-1.6510681215015124,-1.6510681215015124
-1.643925677656754,-1.643925677656754
-1.6367860848969227,-1.6367860848969227
-1.6296493398242644,-1.6296493398242644
-1.6225154390055603,-1.6225154390055603
-1.6153843789721252,-1.6153843789721252
-1.6082561562198003,-1.6082561562198003
-1.6011307672089494,-1.6011307672089494
-1.5940082083644542,-1.5940082083644542
-1.586888476075707,-1.586888476075707
-1.5797715666966028,-1.5797715666966028
-1.5726574765455343,-1.5726574765455343
-1.5655462019053834,-1.5655462019053834
-1.5584377390235131,-1.5584377390235131
-1.5513320841117566,-1.5513320841117566
-1.5442292333464072,-1.5442292333464072
-1.5371291828682128,-1.5371291828682128
-1.5300319287823632,-1.5300319287823632
-1.5229374671584752,-1.5229374671584752
-1.5158457940305858,-1.5158457940305858
-1.5087569053971386,-1.5087569053971386
-1.5016707972209686,-1.5016707972209686
-1.4945874654292919,-1.4945874654292919
-1.4875069059136894,-1.4875069059136894
-1.4804291145300952,-1.4804291145300952
-1.473354087098779,-1.473354087098779
-1.4662818194043306,-1.4662818194043306
-1.4592123071956447,-1.4592123071956447
-1.4521455461859054,-1.4521455461859054
-1.4450815320525672,-1.4450815320525672
-1.4380202604373373,-1.4380202604373373
-1.430961726946157,-1.430961726946157
-1.4239059271491856,-1.4239059271491856
-1.4168528565807785,-1.4168528565807785
-1.4098025107394667,-1.4098025107394667
-1.4027548850879386,-1.4027548850879386
-1.3957099750530175,-1.3957099750530175
-1.3886677760256416,-1.3886677760256416
-1.3816282833608393,-1.3816282833608393
-1.3745914923777072,-1.3745914923777072
-1.3675573983593903,-1.3675573983593903
-1.3605259965530554,-1.3605259965530554
-1.3534972821698659,-1.3534972821698659
-1.346471250384957,-1.346471250384957
-1.3394478963374157,-1.3394478963374157
-1.3324272151302474,-1.3324272151302474
-1.3254092018303556,-1.3254092018303556
-1.3183938514685087,-1.3183938514685087
-1.3113811590393192,-1.3113811590393192
-1.3043711195012124,-1.3043711195012124
-1.297363727776396,-1.297363727776396
-1.290358978750834,-1.290358978750834
-1.2833568672742168,-1.2833568672742168
-1.2763573881599282,-1.2763573881599282
-1.2693605361850175,-1.2693605361850175
-1.2623663060901666,-1.2623663060901666
-1.2553746925796614,-1.2553746925796614
-1.2483856903213522,-1.2483856903213522
-1.2413992939466305,-1.2413992939466305
-1.2344154980503848,-1.2344154980503848
-1.227434297190978,-1.227434297190978
-1.2204556858902014,-1.2204556858902014
-1.2134796586332504,-1.2134796586332504
-1.2065062098686778,-1.2065062098686778
-1.19953533400837,-1.19953533400837
-1.1925670254274983,-1.1925670254274983
-1.18560127846449,-1.18560127846449
-1.1786380874209847,-1.1786380874209847
-1.171677446561803,-1.171677446561803
-1.1647193501148987,-1.1647193501148987
-1.1577637922713282,-1.1577637922713282
-1.1508107671852017,-1.1508107671852017
-1.1438602689736515,-1.1438602689736515
-1.136912291716783,-1.136912291716783
-1.12996682945764,-1.12996682945764
-1.123023876202155,-1.123023876202155
-1.1160834259191146,-1.1160834259191146
-1.1091454725401084,-1.1091454725401084
-1.1022100099594918,-1.1022100099594918
-1.095277032034335,-1.095277032034335
-1.0883465325843864,-1.0883465325843864
-1.081418505392017,-1.081418505392017
-1.0744929442021836,-1.0744929442021836
-1.0675698427223759,-1.0675698427223759
-1.0606491946225713,-1.0606491946225713
-1.0537309935351884,-1.0537309935351884
-1.0468152330550389,-1.0468152330550389
-1.0399019067392739,-1.0399019067392739
-1.03299100810734,-1.03299100810734
-1.0260825306409276,-1.0260825306409276
-1.0191764677839206,-1.0191764677839206
-1.0122728129423433,-1.0122728129423433
-1.0053715594843105,-1.0053715594843105
-0.9984727007399747,-0.9984727007399747
-0.9915762300014763,-0.9915762300014763
-0.9846821405228837,-0.9846821405228837
-0.9777904255201448,-0.9777904255201448
-0.9709010781710313,-0.9709010781710313
-0.964014091615084,-0.964014091615084
-0.9571294589535536,-0.9571294589535536
-0.9502471732493489,-0.9502471732493489
-0.9433672275269797,-0.9433672275269797
-0.9364896147724965,-0.9364896147724965
-0.9296143279334349,-0.9296143279334349
-0.9227413599187553,-0.9227413599187553
-0.915870703598787,-0.915870703598787
-0.9090023518051655,-0.9090023518051655
-0.9021362973307735,-0.9021362973307735
-0.8952725329296791,-0.8952725329296791
-0.8884110513170764,-0.8884110513170764
-0.8815518451692231,-0.8815518451692231
-0.8746949071233757,-0.8746949071233757
-0.8678402297777276,-0.8678402297777276
-0.8609878056913476,-0.8609878056913476
-0.8541376273841134,-0.8541376273841134
-0.8472896873366457,-0.8472896873366457
-0.8404439779902448,-0.8404439779902448
-0.8336004917468242,-0.8336004917468242
-0.8267592209688446,-0.8267592209688446
-0.8199201579792432,-0.8199201579792432
-0.8130832950613698,-0.8130832950613698
-0.8062486244589167,-0.8062486244589167
-0.7994161383758508,-0.7994161383758508
-0.7925858289763414,-0.7925858289763414
-0.7857576883846917,-0.7857576883846917
-0.7789317086852688,-0.7789317086852688
-0.7721078819224324,-0.7721078819224324
-0.765286200100459,-0.765286200100459
-0.7584666551834733,-0.7584666551834733
-0.751649239095374,-0.751649239095374
-0.7448339437197596,-0.7448339437197596
-0.7380207608998534,-0.7380207608998534
-0.7312096824384274,-0.7312096824384274
-0.724400700097731,-0.724400700097731
-0.7175938055994106,-0.7175938055994106
-0.7107889906244335,-0.7107889906244335
-0.7039862468130103,-0.7039862468130103
-0.6971855657645173,-0.6971855657645173
-0.6903869390374195,-0.6903869390374195
-0.6835903581491868,-0.6835903581491868
-0.6767958145762161,-0.6767958145762161
-0.6700032997537532,-0.6700032997537532
-0.6632128050758075,-0.6632128050758075
-0.656424321895072,-0.656424321895072
-0.6496378415228402,-0.6496378415228402
-0.6428533552289236,-0.6428533552289236
-0.6360708542415681,-0.6360708542415681
-0.6292903297473668,-0.6292903297473668
-0.622511772891178,-0.622511772891178
-0.6157351747760387,-0.6157351747760387
-0.6089605264630774,-0.6089605264630774
-0.6021878189714277,-0.6021878189714277
-0.5954170432781384,-0.5954170432781384
-0.588648190318089,-0.588648190318089
-0.5818812509838989,-0.5818812509838989
-0.5751162161258366,-0.5751162161258366
-0.5683530765517288,-0.5683530765517288
-0.5615918230268734,-0.5615918230268734
-0.5548324462739443,-0.5548324462739443
-0.5480749369729003,-0.5480749369729003
-0.5413192857608892,-0.5413192857608892
-0.534565483232161,-0.534565483232161
-0.5278135199379667,-0.5278135199379667
-0.5210633863864658,-0.5210633863864658
-0.5143150730426312,-0.5143150730426312
-0.5075685703281523,-0.5075685703281523
-0.5008238686213391,-0.5008238686213391
-0.49408095825702036,-0.49408095825702036
-0.48733982952644966,-0.48733982952644966
-0.48060047267720574,-0.48060047267720574
-0.4738628779130908,-0.4738628779130908
-0.4671270353940297,-0.4671270353940297
-0.46039293523597136,-0.46039293523597136
-0.45366056751078426,-0.45366056751078426
-0.446929922246156,-0.446929922246156
-0.4402009894254888,-0.4402009894254888
-0.43347375898779406,-0.43347375898779406
-0.4267482208275907,-0.4267482208275907
-0.4200243647947983,-0.4200243647947983
-0.4133021806946301,-0.4133021806946301
-0.40658165828748544,-0.40658165828748544
-0.39986278728884633,-0.39986278728884633
-0.3931455573691653,-0.3931455573691653
-0.38642995815375686,-0.38642995815375686
-0.37971597922268685,-0.37971597922268685
-0.3730036101106667,-0.3730036101106667
-0.36629284030693654,-0.36629284030693654
-0.35958365925515534,-0.35958365925515534
-0.35287605635328806,-0.35287605635328806
-0.34617002095349514,-0.34617002095349514
-0.3394655423620108,-0.3394655423620108
-0.3327626098390379,-0.3327626098390379
-0.32606121259862186,-0.32606121259862186
-0.3193613398085448,-0.3193613398085448
-0.3126629805901968,-0.3126629805901968
-0.30596612401847084,-0.30596612401847084
-0.2992707591216309,-0.2992707591216309
-0.2925768748812013,-0.2925768748812013
-0.28588446023184444,-0.28588446023184444
-0.279193504061239,-0.279193504061239
-0.27250399520995605,-0.27250399520995605
-0.2658159224713389,-0.2658159224713389
-0.2591292745913806,-0.2591292745913806
-0.2524440402685978,-0.2524440402685978
-0.24576020815390512,-0.24576020815390512
-0.23907776685049012,-0.23907776685049012
-0.23239670491368822,-0.23239670491368822
-0.22571701085085422,-0.22571701085085422
-0.21903867312123165,-0.21903867312123165
-0.21236168013582674,-0.21236168013582674
-0.2056860202572786,-0.2056860202572786
-0.19901168179972764,-0.19901168179972764
-0.19233865302868247,-0.19233865302868247
-0.18566692216088873,-0.18566692216088873
-0.17899647736419877,-0.17899647736419877
-0.17232730675743413,-0.17232730675743413
-0.165659398410251,-0.165659398410251
-0.15899274034300512,-0.15899274034300512
-0.1523273205266166,-0.1523273205266166
-0.1456631268824313,-0.1456631268824313
-0.1390001472820826,-0.1390001472820826
-0.13233836954735068,-0.13233836954735068
-0.12567778145002637,-0.12567778145002637
-0.11901837071176904,-0.11901837071176904
-0.11236012500396209,-0.11236012500396209
-0.10570303194757247,-0.10570303194757247
-0.09904707911300924,-0.09904707911300924
-0.09239225401997722,-0.09239225401997722
-0.08573854413733006,-0.08573854413733006
-0.07908593688292714,-0.07908593688292714
-0.07243441962348597,-0.07243441962348597
-0.06578397967443389,-0.06578397967443389
-0.059134604299758725,-0.059134604299758725
-0.05248628071185922,-0.05248628071185922
-0.045838996071396555,-0.045838996071396555
-0.039192737487140306,-0.039192737487140306
-0.032547492015817164,-0.032547492015817164
-0.02590324666195634,-0.02590324666195634
-0.019259988377738284,-0.019259988377738284
-0.012617704062836691,-0.012617704062836691
-0.005976380564262832,-0.005976380564262832
0.000663995323791595,0.000663995323791595
0.0073034368601100205,0.0073034368601100205
0.013941957356612725,0.013941957356612725
0.020579570178519153,0.020579570178519153
0.027216288744499013,0.027216288744499013
0.0338521265268482,0.0338521265268482
0.04048709705163799,0.04048709705163799
0.04712121389889127,0.04712121389889127
0.05375449070273409,0.05375449070273409
0.060386941151576425,0.060386941151576425
0.06701857898826234,0.06701857898826234
0.07364941801025453,0.07364941801025453
0.08027947206978873,0.08027947206978873
0.08690875507405525,0.08690875507405525
0.09353728098535839,0.09353728098535839
0.10016506382129917,0.10016506382129917
0.10679211765494186,0.10679211765494186
0.11341845661498595,0.11341845661498595
0.12004409488594932,0.12004409488594932
0.12666904670833304,0.12666904670833304
0.13329332637881047,0.13329332637881047
0.13991694825039386,0.13991694825039386
0.14653992673262273,0.14653992673262273
0.15316227629173604,0.15316227629173604
0.15978401145086185,0.15978401145086185
0.16640514679019008,0.16640514679019008
0.1730256969471653,0.1730256969471653
0.1796456766166623,0.1796456766166623
0.18626510055118156,0.18626510055118156
0.19288398356102301,0.19288398356102301
0.19950234051448787,0.19950234051448787
0.2061201863380554,0.2061201863380554
0.21273753601658346,0.21273753601658346
0.21935440459348649,0.21935440459348649
0.2259708071709436,0.2259708071709436
0.2325867589100777,0.2325867589100777
0.23920227503115904,0.23920227503115904
0.24581737081379437,0.24581737081379437
0.2524320615971324,0.2524320615971324
0.25904636278004933,0.25904636278004933
0.26566028982136075,0.26566028982136075
0.27227385824001116,0.27227385824001116
0.27888708361528425,0.27888708361528425
0.28549998158699796,0.28549998158699796
0.29211256785571454,0.29211256785571454
0.29872485818293937,0.29872485818293937
0.30533686839133367,0.30533686839133367
0.3119486143649148,0.3119486143649148
0.318560112049274,0.318560112049274
0.32517137745177366,0.32517137745177366
0.3317824266417729,0.3317824266417729
0.33839327575082606,0.33839327575082606
0.34500394097290843,0.34500394097290843
0.35161443856461916,0.35161443856461916
0.35822478484541015,0.35822478484541015
0.36483499619778864,0.36483499619778864
0.37144508906755164,0.37144508906755164
0.37805507996399096,0.37805507996399096
0.38466498546012734,0.38466498546012734
0.3912748221929199,0.3912748221929199
0.3978846068635037,0.3978846068635037
0.40449435623740226,0.40449435623740226
0.41110408714476326,0.41110408714476326
0.4177138164805785,0.4177138164805785
0.4243235612049212,0.4243235612049212
0.43093333834316705,0.43093333834316705
0.43754316498623524,0.43754316498623524
0.44415305829081336,0.44415305829081336
0.4507630354795993,0.4507630354795993
0.45737311384152796,0.45737311384152796
0.4639833107320202,0.4639833107320202
0.4705936435732077,0.4705936435732077
0.47720412985418637,0.47720412985418637
0.48381478713124587,0.48381478713124587
0.49042563302812414,0.49042563302812414
0.4970366852362374,0.4970366852362374
0.5036479615149412,0.5036479615149412
0.5102594796917642,0.5102594796917642
0.5168712576626677,0.5168712576626677
0.5234833133922837,0.5234833133922837
0.5300956649141804,0.5300956649141804
0.5367083303310993,0.5367083303310993
0.5433213278152259,0.5433213278152259
0.5499346756084303,0.5499346756084303
0.5565483920225389,0.5565483920225389
0.5631624954395774,0.5631624954395774
0.56977700431205,0.56977700431205
0.5763919371631805,0.5763919371631805
0.5830073125871964,0.5830073125871964
0.5896231492495756,0.5896231492495756
0.5962394658873267,0.5962394658873267
0.6028562813092476,0.6028562813092476
0.6094736143962048,0.6094736143962048
0.6160914841013913,0.6160914841013913
0.622709909450615,0.622709909450615
0.6293289095425588,0.6293289095425588
0.6359485035490683,0.6359485035490683
0.6425687107154204,0.6425687107154204
0.6491895503606112,0.6491895503606112
0.6558110418776268,0.6558110418776268
0.6624332047337368,0.6624332047337368
0.6690560584707693,0.6690560584707693
0.675679622705405,0.675679622705405
0.6823039171294553,0.6823039171294553
0.6889289615101643,0.6889289615101643
0.6955547756904833,0.6955547756904833
0.7021813795893834,0.7021813795893834
0.7088087932021305,0.7088087932021305
0.7154370366005968,0.7154370366005968
0.7220661299335477,0.7220661299335477
0.7286960934269512,0.7286960934269512
0.735326947384269,0.735326947384269
0.7419587121867718,0.7419587121867718
0.7485914082938312,0.7485914082938312
0.7552250562432401,0.7552250562432401
0.7618596766515071,0.7618596766515071
0.7684952902141841,0.7684952902141841
0.7751319177061579,0.7751319177061579
0.7817695799819876,0.7817695799819876
0.7884082979761976,0.7884082979761976
0.795048092703617,0.795048092703617
0.8016889852596796,0.8016889852596796
0.8083309968207651,0.8083309968207651
0.8149741486445037,0.8149741486445037
0.8216184620701188,0.8216184620701188
0.8282639585187405,0.8282639585187405
0.8349106594937479,0.8349106594937479
0.8415585865810866,0.8415585865810866
0.848207761449615,0.848207761449615
0.8548582058514343,0.8548582058514343
0.8615099416222233,0.8615099416222233
0.868162990681579,0.868162990681579
0.8748173750333637,0.8748173750333637
0.881473116766045,0.881473116766045
0.8881302380530365,0.8881302380530365
0.8947887611530495,0.8947887611530495
0.9014487084104461,0.9014487084104461
0.9081101022555894,0.9081101022555894
0.9147729652051914,0.9147729652051914
0.9214373198626716,0.9214373198626716
0.9281031889185232,0.9281031889185232
0.9347705951506671,0.9347705951506671
0.941439561424809,0.941439561424809
0.9481101106948115,0.9481101106948115
0.9547822660030626,0.9547822660030626
0.9614560504808412,0.9614560504808412
0.9681314873486838,0.9681314873486838
0.9748085999167655,0.9748085999167655
0.9814874115852736,0.9814874115852736
0.9881679458447884,0.9881679458447884
0.9948502262766549,0.9948502262766549
1.0015342765533712,1.0015342765533712
1.0082201204389776,1.0082201204389776
1.0149077817894394,1.0149077817894394
1.0215972845530314,1.0215972845530314
1.028288652770744,1.028288652770744
1.0349819105766582,1.0349819105766582
1.041677082198365,1.041677082198365
1.0483741919573422,1.0483741919573422
1.0550732642693763,1.0550732642693763
1.0617743236449484,1.0617743236449484
1.0684773946896573,1.0684773946896573
1.0751825021046142,1.0751825021046142
1.0818896706868673,1.0818896706868673
1.0885989253298014,1.0885989253298014
1.0953102910235715,1.0953102910235715
1.1020237928555043,1.1020237928555043
1.1087394560105368,1.1087394560105368
1.115457305771625,1.115457305771625
1.122177367520185,1.122177367520185
1.1288996667365094,1.1288996667365094
1.1356242290002116,1.1356242290002116
1.14235107999065,1.14235107999065
1.1490802454873759,1.1490802454873759
1.155811751370561,1.155811751370561
1.1625456236214564,1.1625456236214564
1.16928188832282,1.16928188832282
1.1760205716593846,1.1760205716593846
1.1827616999182877,1.1827616999182877
1.1895052994895483,1.1895052994895483
1.196251396866501,1.196251396866501
1.203000018646276,1.203000018646276
1.2097511915302457,1.2097511915302457
1.2165049423245022,1.2165049423245022
1.2232612979403124,1.2232612979403124
1.2300202853946067,1.2300202853946067
1.2367819318104327,1.2367819318104327
1.243546264417453,1.243546264417453
1.2503133105524056,1.2503133105524056
1.2570830976596037,1.2570830976596037
1.263855653291408,1.263855653291408
1.2706310051087288,1.2706310051087288
1.2774091808815045,1.2774091808815045
1.2841902084892118,1.2841902084892118
1.2909741159213455,1.2909741159213455
1.2977609312779428,1.2977609312779428
1.3045506827700648,1.3045506827700648
1.3113433987203231,1.3113433987203231
1.3181391075633775,1.3181391075633775
1.3249378378464598,1.3249378378464598
1.331739618229883,1.331739618229883
1.3385444774875705,1.3385444774875705
1.345352444507571,1.345352444507571
1.3521635482925967,1.3521635482925967
1.3589778179605392,1.3589778179605392
1.3657952827450226,1.3657952827450226
1.3726159719959221,1.3726159719959221
1.3794399151799188,1.3794399151799188
1.3862671418810353,1.3862671418810353
1.3930976818011898,1.3930976818011898
1.399931564760739,1.399931564760739
1.4067688206990465,1.4067688206990465
1.4136094796750247,1.4136094796750247
1.4204535718677103,1.4204535718677103
1.42730112757682,1.42730112757682
1.43415217722333,1.43415217722333
1.4410067513500353,1.4410067513500353
1.4478648806221415,1.4478648806221415
1.4547265958278282,1.4547265958278282
1.4615919278788514,1.4615919278788514
1.468460907811111,1.468460907811111
1.4753335667852636,1.4753335667852636
1.4822099360872976,1.4822099360872976
1.4890900471291477,1.4890900471291477
1.4959739314492877,1.4959739314492877
1.502861620713346,1.502861620713346
1.5097531467147043,1.5097531467147043
1.5166485413751303,1.5166485413751303
1.5235478367453745,1.5235478367453745
1.530451065005816,1.530451065005816
1.5373582584670675,1.5373582584670675
1.5442694495706257,1.5442694495706257
1.5511846708894894,1.5511846708894894
1.5581039551288143,1.5581039551288143
1.5650273351265407,1.5650273351265407
1.5719548438540576,1.5719548438540576
1.578886514416837,1.578886514416837
1.5858223800551088,1.5858223800551088
1.592762474144502,1.592762474144502
1.5997068301967265,1.5997068301967265
1.6066554818602288,1.6066554818602288
1.6136084629208787,1.6136084629208787
1.6205658073026319,1.6205658073026319
1.6275275490682282,1.6275275490682282
1.634493722419863,1.634493722419863
1.6414643616998967,1.6414643616998967
1.6484395013915312,1.6484395013915312
1.65541917611953,1.65541917611953
1.662403420650902,1.662403420650902
1.669392269895636,1.669392269895636
1.6763857589073992,1.6763857589073992
1.6833839228842573,1.6833839228842573
1.6903867971694029,1.6903867971694029
1.6973944172518889,1.6973944172518889
1.7044068187673573,1.7044068187673573
1.7114240374987755,1.7114240374987755
1.7184461093771826,1.7184461093771826
1.7254730704824452,1.7254730704824452
1.7325049570440068,1.7325049570440068
1.7395418054416385,1.7395418054416385
1.7465836522062144,1.7465836522062144
1.7536305340204785,1.7536305340204785
1.760682487719821,1.760682487719821
1.76773955029305,1.76773955029305
1.7748017588831804,1.7748017588831804
1.7818691507882323,1.7818691507882323
1.7889417634620197,1.7889417634620197
1.7960196345149486,1.7960196345149486
1.8031028017148254,1.8031028017148254
1.81019130298768,1.81019130298768
1.81728517641857,1.81728517641857
1.8243844602524075,1.8243844602524075
1.8314891928947876,1.8314891928947876
1.8385994129128296,1.8385994129128296
1.8457151590360126,1.8457151590360126
1.8528364701570181,1.8528364701570181
1.8599633853325843,1.8599633853325843
1.867095943784369,1.867095943784369
1.87423418489981,1.87423418489981
1.8813781482329892,1.8813781482329892
1.8885278735055135,1.8885278735055135
1.8956834006074006,1.8956834006074006
1.9028447695979618,1.9028447695979618
1.910012020706693,1.910012020706693
1.917185194334178,1.917185194334178
1.9243643310530005,1.9243643310530005
1.9315494716086525,1.9315494716086525
1.9387406569204475,1.9387406569204475
1.9459379280824505,1.9459379280824505
1.9531413263644166,1.9531413263644166
1.9603508932127272,1.9603508932127272
1.9675666702513217,1.9675666702513217
1.974788699282664,1.974788699282664
1.9820170222886988,1.9820170222886988
1.9892516814318164,1.9892516814318164
1.9964927190558153,1.9964927190558153
2.0037401776868973,2.0037401776868973
2.0109941000346345,2.0109941000346345
2.0182545289929865,2.0182545289929865
2.0255215076412725,2.0255215076412725
2.032795079245201,2.032795079245201
2.0400752872578662,2.0400752872578662
2.0473621753207896,2.0473621753207896
2.054655787264924,2.054655787264924
2.0619561671117115,2.0619561671117115
2.0692633590741094,2.0692633590741094
2.076577407557659,2.076577407557659
2.083898357161523,2.083898357161523
2.091226252679571,2.091226252679571
2.098561139101434,2.098561139101434
2.1059030616136103,2.1059030616136103
2.113252065600525,2.113252065600525
2.1206081966456556,2.1206081966456556
2.127971500532608,2.127971500532608
2.1353420232462588,2.1353420232462588
2.1427198109738526,2.1427198109738526
2.150104910106145,2.150104910106145
2.1574973672385283,2.1574973672385283
2.1648972291721953,2.1648972291721953
2.172304542915267,2.172304542915267
2.1797193556839813,2.1797193556839813
2.187141714903842,2.187141714903842
2.1945716682108163,2.1945716682108163
2.2020092634525046,2.2020092634525046
2.2094545486893544,2.2094545486893544
2.2169075721958516,2.2169075721958516
2.224368382461745,2.224368382461745
2.2318370281932616,2.2318370281932616
2.2393135583143478,2.2393135583143478
2.246798021967897,2.246798021967897
2.254290468517018,2.254290468517018
2.261790947546275,2.261790947546275
2.2692995088629773,2.2692995088629773
2.2768162024984373,2.2768162024984373
2.2843410787092777,2.2843410787092777
2.29187418797871,2.29187418797871
2.2994155810178616,2.2994155810178616
2.3069653087670745,2.3069653087670745
2.3145234223972495,2.3145234223972495
2.322089973311163,2.322089973311163
2.329665013144839,2.329665013144839
2.337248593768876,2.337248593768876
2.344840767289846,2.344840767289846
2.3524415860516448,2.3524415860516448
2.3600511026368998,2.3600511026368998
2.367669369868352,2.367669369868352
2.375296440810283,2.375296440810283
2.382932368769915,2.382932368769915
2.390577207298858,2.390577207298858
2.39823101019454,2.39823101019454
2.405893831501669,2.405893831501669
2.413565725513682,2.413565725513682
2.4212467467742407,2.4212467467742407
2.4289369500786906,2.4289369500786906
2.436636390475588,2.436636390475588
2.444345123268179,2.444345123268179
2.4520632040159476,2.4520632040159476
2.459790688536122,2.459790688536122
2.46752763290524,2.46752763290524
2.475274093460696,2.475274093460696
2.4830301268023027,2.4830301268023027
2.490795789793872,2.490795789793872
2.4985711395648265,2.4985711395648265
2.5063562335117804,2.5063562335117804
2.5141511293001657,2.5141511293001657
2.5219558848658594,2.5219558848658594
2.5297705584168324,2.5297705584168324
2.5375952084348037,2.5375952084348037
2.5454298936768955,2.5454298936768955
2.553274673177326,2.553274673177326
2.5611296062491062,2.5611296062491062
2.568994752485745,2.568994752485745
2.5768701717629607,2.5768701717629607
2.5847559242404246,2.5847559242404246
2.592652070363512,2.592652070363512
2.6005586708650634,2.6005586708650634
2.6084757867671535,2.6084757867671535
2.6164034793828796,2.6164034793828796
2.624341810318186,2.624341810318186
2.6322908414736665,2.6322908414736665
2.6402506350463946,2.6402506350463946
2.6482212535317786,2.6482212535317786
2.6562027597254283,2.6562027597254283
2.6641952167250333,2.6641952167250333
2.672198687932238,2.672198687932238
2.6802132370545673,2.6802132370545673
2.6882389281073493,2.6882389281073493
2.696275825415654,2.696275825415654
2.7043239936162338,2.7043239936162338
2.7123834976595043,2.7123834976595043
2.720454402811543,2.720454402811543
2.7285367746560736,2.7285367746560736
2.7366306790964865,2.7366306790964865
2.7447361823578804,2.7447361823578804
2.752853350989115,2.752853350989115
2.7609822518648808,2.7609822518648808
2.769122952187772,2.769122952187772
2.777275519490399,2.777275519490399
2.785440021637513,2.785440021637513
2.793616526828138,2.793616526828138
2.801805103597721,2.801805103597721
2.810005820820305,2.810005820820305
2.8182187477107328,2.8182187477107328
2.826443953826846,2.826443953826846
2.834681509071709,2.834681509071709
2.842931483695857,2.842931483695857
2.851193948299567,2.851193948299567
2.859468973835138,2.859468973835138
2.8677566316091863,2.8677566316091863
2.876056993284968,2.876056993284968
2.8843701308847356,2.8843701308847356
2.8926961167920813,2.8926961167920813
2.901035023754319,2.901035023754319
2.909386924884895,2.909386924884895
2.917751893665801,2.917751893665801
2.926130003950018,2.926130003950018
2.934521329963975,2.934521329963975
2.9429259463100306,2.9429259463100306
2.9513439279689875,2.9513439279689875
2.959775350302611,2.959775350302611
2.9682202890561635,2.9682202890561635
2.976678820360998,2.976678820360998
2.9851510207371184,2.9851510207371184
2.9936369670958283,2.9936369670958283
3.002136736742324,3.002136736742324
3.01065040737839,3.01065040737839
3.019178057105052,3.019178057105052
3.0277197644253033,3.0277197644253033
3.036275608246804,3.036275608246804
3.0448456678846614,3.0448456678846614
3.0534300230641795,3.0534300230641795
3.062028753923678,3.062028753923678
3.070641941017295,3.070641941017295
3.079269665317852,3.079269665317852
3.087912008219709,3.087912008219709
3.0965690515416866,3.0965690515416866
3.1052408775299543,3.1052408775299543
3.1139275688610137,3.1139275688610137
3.122629208644643,3.122629208644643
3.1313458804269274,3.1313458804269274
3.1400776681932503,3.1400776681932503
3.1488246563713855,3.1488246563713855
3.157586929834542,3.157586929834542
3.166364573904506,3.166364573904506
3.175157674354739,3.175157674354739
3.183966317413581,3.183966317413581
3.1927905897674087,3.1927905897674087
3.2016305785638823,3.2016305785638823
3.210486371415168,3.210486371415168
3.2193580564012465,3.2193580564012465
3.228245722073188,3.228245722073188
3.237149457456523,3.237149457456523
3.2460693520545782,3.2460693520545782
3.2550054958519032,3.2550054958519032
3.263957979317669,3.263957979317669
3.272926893409163,3.272926893409163
3.281912329575244,3.281912329575244
3.2909143797598985,3.2909143797598985
3.299933136405762,3.299933136405762
3.3089686924577424,3.3089686924577424
3.318021141366607,3.318021141366607
3.3270905770926635,3.3270905770926635
3.336177094109424,3.336177094109424
3.3452807874073494,3.3452807874073494
3.354401752497574,3.354401752497574
3.3635400854157376,3.3635400854157376
3.3726958827257625,3.3726958827257625
3.381869241523757,3.381869241523757
3.3910602594418786,3.3910602594418786
3.4002690346522937,3.4002690346522937
3.409495665871121,3.409495665871121
3.4187402523624635,3.4187402523624635
3.4280028939424305,3.4280028939424305
3.4372836909832336,3.4372836909832336
3.446582744417297,3.446582744417297
3.4559001557414275,3.4559001557414275
3.4652360270209974,3.4652360270209974
3.474590460894203,3.474590460894203
3.4839635605763144,3.4839635605763144
3.493355429864029,3.493355429864029
3.5027661731397908,3.5027661731397908
3.5121958953762347,3.5121958953762347
3.521644702140584,3.521644702140584
3.5311126995991744,3.5311126995991744
3.540599994521967,3.540599994521967
3.5501066942871105,3.5501066942871105
3.5596329068855677,3.5596329068855677
3.56917874092578,3.56917874092578
3.5787443056383674,3.5787443056383674
3.5883297108808714,3.5883297108808714
3.5979350671425565,3.5979350671425565
3.607560485549264,3.607560485549264
3.6172060778682957,3.6172060778682957
3.62687195651334,3.62687195651334
3.636558234549468,3.636558234549468
3.6462650256981783,3.6462650256981783
3.6559924443424703,3.6559924443424703
3.665740605531971,3.665740605531971
3.6755096249881305,3.6755096249881305
3.6852996191094607,3.6852996191094607
3.6951107049768255,3.6951107049768255
3.704943000358757,3.704943000358757
3.7147966237168695,3.7147966237168695
3.7246716942113136,3.7246716942113136
3.7345683317062575,3.7345683317062575
3.74448665677545,3.74448665677545
3.754426790707829,3.754426790707829
3.7643888555132046,3.7643888555132046
3.7743729739279672,3.7743729739279672
3.78437926942087,3.78437926942087
3.7944078661988754,3.7944078661988754
3.80445888921306,3.80445888921306
3.8145324641645644,3.8145324641645644
3.8246287175106124,3.8246287175106124
3.834747776470596,3.834747776470596
3.844889769032221,3.844889769032221
3.8550548239577145,3.8550548239577145
3.8652430707900796,3.8652430707900796
3.8754546398594374,3.8754546398594374
3.8856896622894346,3.8856896622894346
3.895948270003704,3.895948270003704
3.906230595732381,3.906230595732381
3.916536773018707,3.916536773018707
3.926866936225724,3.926866936225724
3.9372212205429764,3.9372212205429764
3.947599761993328,3.947599761993328
3.9580026974398437,3.9580026974398437
3.968430164592738,3.968430164592738
3.9788823020164013,3.9788823020164013
3.989359249136479,3.989359249136479
3.9998611462470524,3.9998611462470524
4.010388134517898,4.010388134517898
4.020940356001787,4.020940356001787
4.031517953641894,4.031517953641894
4.042121071279277,4.042121071279277
4.052749853660436,4.052749853660436
4.063404446444956,4.063404446444956
4.0740849962132115,4.0740849962132115
4.084791650474178,4.084791650474178
4.095524557673325,4.095524557673325
4.106283867200581,4.106283867200581
4.117069729398386,4.117069729398386
4.127882295569838,4.127882295569838
4.13872171798693,4.13872171798693
4.14958814989887,4.14958814989887
4.1604817455404834,4.1604817455404834
4.171402660140724,4.171402660140724
4.1823510499312695,4.1823510499312695
4.193327072155217,4.193327072155217
4.2043308850758505,4.2043308850758505
4.2153626479855415,4.2153626479855415
4.226422521214715,4.226422521214715
4.237510666140951,4.237510666140951
4.2486272451981275,4.2486272451981275
4.259772421885723,4.259772421885723
4.270946360778206,4.270946360778206
4.28214922753452,4.28214922753452
4.293381188907661,4.293381188907661
4.304642412754394,4.304642412754394
4.315933068045068,4.315933068045068
4.327253324873531,4.327253324873531
4.338603354467155,4.338603354467155
4.349983329196986,4.349983329196986
4.361393422588017,4.361393422588017
4.3728338093295545,4.3728338093295545
4.384304665285705,4.384304665285705
4.395806167505997,4.395806167505997
4.407338494236131,4.407338494236131
4.418901824928821,4.418901824928821
4.430496340254781,4.430496340254781
4.44212222211382,4.44212222211382
4.453779653646124,4.453779653646124
4.465468819243579,4.465468819243579
4.477189904561286,4.477189904561286
4.48894309652919,4.48894309652919
4.500728583363861,4.500728583363861
4.5125465545803864,4.5125465545803864
4.524397201004425,4.524397201004425
4.536280714784377,4.536280714784377
4.54819728940372,4.54819728940372
4.560147119693497,4.560147119693497
4.572130401844931,4.572130401844931
4.584147333422176,4.584147333422176
4.596198113375256,4.596198113375256
4.6082829420531475,4.6082829420531475
4.620402021217011,4.620402021217011
4.632555554053553,4.632555554053553
4.644743745188606,4.644743745188606
4.65696680070083,4.65696680070083
4.669224928135599,4.669224928135599
4.681518336519032,4.681518336519032
4.693847236372212,4.693847236372212
4.706211839725586,4.706211839725586
4.7186123601335215,4.7186123601335215
4.731049012689035,4.731049012689035
4.743522014038718,4.743522014038718
4.756031582397858,4.756031582397858
4.768577937565703,4.768577937565703
4.781161300940944,4.781161300940944
4.793781895537388,4.793781895537388
4.806439945999818,4.806439945999818
4.819135678620048,4.819135678620048
4.831869321353183,4.831869321353183
4.844641103834069,4.844641103834069
4.857451257393978,4.857451257393978
4.870300015077476,4.870300015077476
4.883187611659492,4.883187611659492
4.8961142836626355,4.8961142836626355
4.909080269374725,4.909080269374725
4.922085808866519,4.922085808866519
4.935131144009672,4.935131144009672
4.948216518494944,4.948216518494944
4.961342177850636,4.961342177850636
4.97450836946124,4.97450836946124
4.987715342586338,4.987715342586338
5.000963348379752,5.000963348379752
5.014252639908954,5.014252639908954
5.027583472174683,5.027583472174683
5.040956102130855,5.040956102130855
5.054370788704713,5.054370788704713
5.067827792817255,5.067827792817255
5.0813273774039205,5.0813273774039205
5.09486980743553,5.09486980743553
5.108455349939521,5.108455349939521
5.1220842740214785,5.1220842740214785
5.135756850886912,5.135756850886912
5.149473353863339,5.149473353863339
5.163234058422656,5.163234058422656
5.1770392422038345,5.1770392422038345
5.190889185035883,5.190889185035883
5.204784168961118,5.204784168961118
5.218724478258785,5.218724478258785
5.23271039946896,5.23271039946896
5.246742221416794,5.246742221416794
5.2608202352370546,5.2608202352370546
5.274944734399046,5.274944734399046
5.289116014731847,5.289116014731847
5.303334374449879,5.303334374449879
5.3176001141788305,5.3176001141788305
5.331913536981959,5.331913536981959
5.346274948386734,5.346274948386734
5.360684656411854,5.360684656411854
5.375142971594624,5.375142971594624
5.389650207018722,5.389650207018722
5.40420667834238,5.40420667834238
5.418812703826908,5.418812703826908
5.433468604365645,5.433468604365645
5.448174703513311,5.448174703513311
5.462931327515774,5.462931327515774
5.4777388053402545,5.4777388053402545
5.492597468705899,5.492597468705899
5.507507652114853,5.507507652114853
5.522469692883763,5.522469692883763
5.537483931175686,5.537483931175686
5.552550710032496,5.552550710032496
5.567670375407748,5.567670375407748
5.582843276200017,5.582843276200017
5.598069764286703,5.598069764286703
5.6133501945583415,5.6133501945583415
5.628684924953392,5.628684924953392
5.644074316493585,5.644074316493585
5.659518733319708,5.659518733319708
5.675018542727983,5.675018542727983
5.690574115206928,5.690574115206928
5.706185824474818,5.706185824474818
5.721854047517648,5.721854047517648
5.737579164627679,5.737579164627679
5.753361559442553,5.753361559442553
5.769201618985018,5.769201618985018
5.78509973370321,5.78509973370321
5.801056297511554,5.801056297511554
5.817071707832283,5.817071707832283
5.833146365637595,5.833146365637595
5.849280675492429,5.849280675492429
5.865475045597895,5.865475045597895
5.881729887835369,5.881729887835369
5.89804561781129,5.89804561781129
5.914422654902585,5.914422654902585
5.930861422302841,5.930861422302841
5.947362347069163,5.947362347069163
5.963925860169799,5.963925860169799
5.980552396532453,5.980552396532453
5.997242395093359,5.997242395093359
6.01399629884716,6.01399629884716
6.030814554897543,6.030814554897543
6.047697614508672,6.047697614508672
6.06464593315741,6.06464593315741
6.081659970586423,6.081659970586423
6.0987401908580825,6.0987401908580825
6.115887062409251,6.115887062409251
6.133101058106901,6.133101058106901
6.150382655304684,6.150382655304684
6.167732335900393,6.167732335900393
6.185150586394328,6.185150586394328
6.202637897948608,6.202637897948608
6.220194766447478,6.220194766447478
6.237821692558592,6.237821692558592
6.255519181795275,6.255519181795275
6.2732877445798145,6.2732877445798145
6.291127896307802,6.291127896307802
6.309040157413557,6.309040157413557
6.327025053436592,6.327025053436592
6.345083115089219,6.345083115089219
6.363214878325258,6.363214878325258
6.381420884409904,6.381420884409904
6.399701679990809,6.399701679990809
6.4180578171702996,6.4180578171702996
6.436489853578831,6.436489853578831
6.454998352449719,6.454998352449719
6.473583882695141,6.473583882695141
6.492247018983404,6.492247018983404
6.510988341817542,6.510988341817542
6.529808437615307,6.529808437615307
6.548707898790507,6.548707898790507
6.567687323835773,6.567687323835773
6.5867473174067275,6.5867473174067275
6.605888490407665,6.605888490407665
6.62511146007874,6.62511146007874
6.644416850084655,6.644416850084655
6.663805290604894,6.663805290604894
6.683277418425626,6.683277418425626
6.702833877033192,6.702833877033192
6.7224753167092794,6.7224753167092794
6.742202394627745,6.742202394627745
6.762015774953273,6.762015774953273
6.781916128941748,6.781916128941748
6.801904135042453,6.801904135042453
6.821980479002122,6.821980479002122
6.842145853970908,6.842145853970908
6.86240096061029,6.86240096061029
6.882746507202935,6.882746507202935
6.903183209764597,6.903183209764597
6.923711792158109,6.923711792158109
6.9443329862094725,6.9443329862094725
6.965047531826111,6.965047531826111
6.985856177117334,6.985856177117334
7.006759678517076,7.006759678517076
7.027758800908953,7.027758800908953
7.0488543177536815,7.0488543177536815
7.070047011218887,7.070047011218887
7.091337672311441,7.091337672311441
7.11272710101232,7.11272710101232
7.134216106414037,7.134216106414037
7.155805506860716,7.155805506860716
7.177496130090921,7.177496130090921
7.199288813383257,7.199288813383257
7.221184403704784,7.221184403704784
7.2431837578623455,7.2431837578623455
7.2652877426568985,7.2652877426568985
7.2874972350409175,7.2874972350409175
7.309813122278845,7.309813122278845
7.332236302110797,7.332236302110797
7.35476768291953,7.35476768291953
7.37740818390077,7.37740818390077
7.400158735236975,7.400158735236975
7.423020278274572,7.423020278274572
7.445993765704869,7.445993765704869
7.469080161748627,7.469080161748627
7.492280442344422,7.492280442344422
7.515595595340842,7.515595595340842
7.539026620692732,7.539026620692732
7.562574530661481,7.562574530661481
7.586240350019472,7.586240350019472
7.610025116258808,7.610025116258808
7.633929879804449,7.633929879804449
7.657955704231871,7.657955704231871
7.68210366648928,7.68210366648928
7.7063748571245885,7.7063748571245885
7.730770380517263,7.730770380517263
7.755291355115152,7.755291355115152
7.779938913676403,7.779938913676403
7.804714203516595,7.804714203516595
7.829618386761339,7.829618386761339
7.854652640604322,7.854652640604322
7.879818157571063,7.879818157571063
7.9051161457884325,7.9051161457884325
7.930547829260209,7.930547829260209
7.956114448148742,7.956114448148742
7.981817259062911,7.981817259062911
8.007657535352532,8.007657535352532
8.033636567409419,8.033636567409419
8.059755662975329,8.059755662975329
8.086016147456823,8.086016147456823
8.11241936424737,8.11241936424737
8.13896667505685,8.13896667505685
8.16565946024873,8.16565946024873
8.192499119184935,8.192499119184935
8.219487070578843,8.219487070578843
8.246624752856532,8.246624752856532
8.273913624526523,8.273913624526523
8.301355164558274,8.301355164558274
8.328950872769605,8.328950872769605
8.356702270223455,8.356702270223455
8.384610899634115,8.384610899634115
8.412678325783258,8.412678325783258
8.44090613594601,8.44090613594601
8.469295940327429,8.469295940327429
8.497849372509682,8.497849372509682
8.526568089910167,8.526568089910167
8.555453774250918,8.555453774250918
8.584508132039776,8.584508132039776
8.613732895063478,8.613732895063478
8.643129820893133,8.643129820893133
8.672700693402417,8.672700693402417
8.702447323298946,8.702447323298946
8.732371548669159,8.732371548669159
9.869046403683928,9.869046403683928
9.882510996707843,9.882510996707843
9.896065173463516,9.896065173463516
9.909712930641005,9.909712930641005
9.923458171179698,9.923458171179698
9.937304717191658,9.937304717191658
9.951256321258441,9.951256321258441
9.96531667637413,9.96531667637413
9.979489424754643,9.979489424754643
9.993778165691406,9.993778165691406
10.008186462595548,10.008186462595548
10.022717849352913,10.022717849352913
10.037375836089538,10.037375836089538
10.052163914431151,10.052163914431151
10.067085562326819,10.067085562326819
10.082144248495844,10.082144248495844
10.097343436548549,10.097343436548549
10.112686588823664,10.112686588823664
10.128177169979704,10.128177169979704
10.14381865037207,10.14381865037207
10.159614509243543,10.159614509243543
10.175568237752604,10.175568237752604
10.191683341860493,10.191683341860493
10.207963345095752,10.207963345095752
10.224411791212848,10.224411791212848
10.24103224675926,10.24103224675926
10.257828303564374,10.257828303564374
10.274803581161713,10.274803581161713
10.291961729155217,10.291961729155217
10.309306429539037,10.309306429539037
10.326841398979544,10.326841398979544
10.344570391067737,10.344570391067737
10.362497198549102,10.362497198549102
10.380625655537944,10.380625655537944
10.39895963972235,10.39895963972235
10.417503074565797,10.417503074565797
10.436259931511042,10.436259931511042
10.455234232191309,10.455234232191309
10.47443005065401,10.47443005065401
10.493851515601794,10.493851515601794
10.513502812655492,10.513502812655492
10.533388186643451,10.533388186643451
10.55351194392162,10.55351194392162
10.573878454728801,10.573878454728801
10.594492155581202,10.594492155581202
10.615357551710414,10.615357551710414
10.636479219549152,10.636479219549152
10.6578618092688,10.6578618092688
10.679510047373089,10.679510047373089
10.701428739351943,10.701428739351943
10.723622772399999,10.723622772399999
10.746097118204043,10.746097118204043
10.768856835803852,10.768856835803852
10.791907074530997,10.791907074530997
10.815253077030164,10.815253077030164
10.8389001823681,10.8389001823681
10.862853829234849,10.862853829234849
10.887119559242567,10.887119559242567
10.911703020327163,10.911703020327163
10.93660997025836,10.93660997025836
10.961846280263975,10.961846280263975
10.987417938774172,10.987417938774172
11.013331055292152,11.013331055292152
11.039591864397753,11.039591864397753
11.066206729890803,11.066206729890803
11.093182149081223,11.093182149081223
11.120524757233571,11.120524757233571
11.148241332173772,11.148241332173772
11.176338799066363,11.176338799066363
11.204824235370918,11.204824235370918
11.233704875986678,11.233704875986678
11.262988118595235,11.262988118595235
11.29268152921128,11.29268152921128
11.322792847952131,11.322792847952131
11.353329995037353,11.353329995037353
11.384301077030392,11.384301077030392
11.415714393334994,11.415714393334994
11.44757844295954,11.44757844295954
11.4799019315635,11.4799019315635
11.512693778801093,11.512693778801093
11.54596312597798,11.54596312597798
11.579719344037677,11.579719344037677
11.61397204189568,11.61397204189568
11.648731075140342,11.648731075140342
11.684006555120451,11.684006555120451
11.719808858441167,11.719808858441167
11.756148636890817,11.756148636890817
11.79303682782319,11.79303682782319
11.830484665020935,11.830484665020935
11.868503690067634,11.868503690067634
11.907105764257977,11.907105764257977
11.94630308107751,11.94630308107751
11.98610817928529,11.98610817928529
12.026533956635351,12.026533956635351
12.067593684275224,12.067593684275224
12.109301021862414,12.109301021862414
12.151670033443043,12.151670033443043
12.194715204139165,12.194715204139165
12.238451457695456,12.238451457695456
12.28289417493949,12.28289417493949
12.328059213213573,12.328059213213573
12.373962926840418,12.373962926840418
12.420622188690203,12.420622188690203
12.468054412920944,12.468054412920944
12.516277578970485,12.516277578970485
12.56531025688366,12.56531025688366
12.615171634065469,12.615171634065469
12.665881543558111,12.665881543558111
12.717460493947794,12.717460493947794
12.769929701015377,12.769929701015377
12.823311121255053,12.823311121255053
12.877627487395394,12.877627487395394
12.932902346068328,12.932902346068328
12.98916009778425,12.98916009778425
13.046426039385217,13.046426039385217
13.104726409163533,13.104726409163533
13.164088434849297,13.164088434849297
13.22454038468918,13.22454038468918
13.286111621858952,13.286111621858952
13.348832662474907,13.348832662474907
13.41273523749408,13.41273523749408
13.47785235882072,13.47785235882072
13.544218389967366,13.544218389967366
13.611869121652973,13.611869121652973
13.680841852758311,13.680841852758311
13.751175477101409,13.751175477101409
13.822910576542952,13.822910576542952
13.896089520984779,13.896089520984779
13.970756575883799,13.970756575883799
14.046958017969748,14.046958017969748
14.124742259930693,14.124742259930693
14.20415998491434,14.20415998491434
14.285264291787724,14.285264291787724
14.36811085220586,14.36811085220586
14.45275808066118,14.45275808066118
14.539267318824058,14.539267318824058
14.627703035641407,14.627703035641407
14.718133044838646,14.718133044838646
14.810628741675488,14.810628741675488
14.90526536103897,14.90526536103897
15.002122259225079,15.002122259225079
15.101283222068584,15.101283222068584
15.202836802435815,15.202836802435815
15.306876690505709,15.306876690505709
15.413502120739299,15.413502120739299
15.522818319990977,15.522818319990977
15.63493700185835,15.63493700185835
15.749976913119838,15.749976913119838
15.868064438991551,15.868064438991551
15.98933427497259,15.98933427497259
16.113930174271523,16.113930174271523
16.242005781258218,16.242005781258218
16.373725563108305,16.373725563108305
16.50926585386418,16.50926585386418
16.648816027600944,16.648816027600944
16.792579820349882,16.792579820349882
16.940776824014677,16.940776824014677
17.093644179863265,17.093644179863265
17.25143850448256,17.25143850448256
17.41443808758659,17.41443808758659
17.582945409084196,17.582945409084196
17.757290032748255,17.757290032748255
17.937831946218168,17.937831946218168
18.12496543261566,18.12496543261566
18.319123578694732,18.319123578694732
18.520783549433677,18.520783549433677
18.73047279100694,18.73047279100694
18.948776365461864,18.948776365461864
19.17634567436123,19.17634567436123
19.41390889958873,19.41390889958873
19.662283583726182,19.662283583726182
19.922391898863122,19.922391898863122
20.195279324355965,20.195279324355965
20.48213768995465,20.48213768995465
20.784333869241905,20.784333869241905
21.10344587252766,21.10344587252766
21.441308754686045,21.441308754686045
21.8000737266887,21.8000737266887
22.182285308595524,22.182285308595524
22.590983565268196,22.590983565268196
23.029841897030266,23.029841897030266
23.503356343129447,23.503356343129447
24.017111393338997,24.017111393338997
24.578162709379527,24.578162709379527
25.195604474598916,25.195604474598916
25.881439795645612,25.881439795645612
26.651971932845218,26.651971932845218
27.530141892027654,27.530141892027654
28.549708461206478,28.549708461206478
29.763345585851777,29.763345585851777
31.26010257240761,31.26010257240761
33.20925001286507,33.20925001286507
36.00009270416555,36.00009270416555
40.94647032699069,40.94647032699069
