-7.297721790450429,-7.297721790450429
-7.294250975556998,-7.294250975556998
-7.289082489628145,-7.289082489628145
-7.283168108747904,-7.283168108747904
-7.276764304089872,-7.276764304089872
-7.2699965984719706,-7.2699965984719706
-7.262939999789307,-7.262939999789307
-7.2556445040424515,-7.2556445040424515
-7.248145854301947,-7.248145854301947
-7.24047088888234,-7.24047088888234
-7.2326405063865575,-7.2326405063865575
-7.224671443929786,-7.224671443929786
-7.216577409073163,-7.216577409073163
-7.208369834934309,-7.208369834934309
-7.20005840337484,-7.20005840337484
-7.191651419025497,-7.191651419025497
-7.183156083806816,-7.183156083806816
-7.174578702991602,-7.174578702991602
-7.165924842907997,-7.165924842907997
-7.1571994536901755,-7.1571994536901755
-7.1484069662558,-7.1484069662558
-7.13955136993986,-7.13955136993986
-7.130636275380508,-7.130636275380508
-7.121664966001318,-7.121664966001318
-7.11264044056353,-7.11264044056353
-7.10356544864455,-7.10356544864455
-7.094442520454338,-7.094442520454338
-7.085273992076152,-7.085273992076152
-7.076062026977123,-7.076062026977123
-7.066808634453335,-7.066808634453335
-7.057515685536819,-7.057515685536819
-7.04818492678655,-7.04818492678655
-7.038817992304058,-7.038817992304058
-7.029416414250467,-7.029416414250467
-7.019981632091549,-7.019981632091549
-7.010515000757512,-7.010515000757512
-7.00101779787219,-7.00101779787219
-6.991491230180711,-6.991491230180711
-6.981936439283681,-6.981936439283681
-6.972354506769,-6.972354506769
-6.962746458818384,-6.962746458818384
-6.953113270354122,-6.953113270354122
-6.943455868782054,-6.943455868782054
-6.9337751373787375,-6.9337751373787375
-6.924071918364133,-6.924071918364133
-6.914347015695423,-6.914347015695423
-6.904601197612975,-6.904601197612975
-6.894835198965285,-6.894835198965285
-6.885049723336396,-6.885049723336396
-6.875245444996341,-6.875245444996341
-6.865423010692627,-6.865423010692627
-6.855583041298642,-6.855583041298642
-6.845726133332974,-6.845726133332974
-6.83585286036206,-6.83585286036206
-6.825963774297137,-6.825963774297137
-6.81605940659526,-6.81605940659526
-6.8061402693731266,-6.8061402693731266
-6.796206856441443,-6.796206856441443
-6.786259644266826,-6.786259644266826
-6.776299092867454,-6.776299092867454
-6.766325646648087,-6.766325646648087
-6.756339735179502,-6.756339735179502
-6.746341773926874,-6.746341773926874
-6.736332164931257,-6.736332164931257
-6.7263112974478245,-6.7263112974478245
-6.716279548544296,-6.716279548544296
-6.706237283662577,-6.706237283662577
-6.696184857146402,-6.696184857146402
-6.68612261273753,-6.68612261273753
-6.676050884042774,-6.676050884042774
-6.665969994973995,-6.665969994973995
-6.655880260162997,-6.655880260162997
-6.645781985353054,-6.645781985353054
-6.635675467768733,-6.635675467768733
-6.625560996465463,-6.625560996465463
-6.615438852660244,-6.615438852660244
-6.605309310044713,-6.605309310044713
-6.595172635081789,-6.595172635081789
-6.585029087286896,-6.585029087286896
-6.574878919494794,-6.574878919494794
-6.564722378112907,-6.564722378112907
-6.554559703362005,-6.554559703362005
-6.544391129505015,-6.544391129505015
-6.534216885064671,-6.534216885064671
-6.5240371930307,-6.5240371930307
-6.513852271057139,-6.513852271057139
-6.503662331650396,-6.503662331650396
-6.493467582348544,-6.493467582348544
-6.483268225892407,-6.483268225892407
-6.47306446038886,-6.47306446038886
-6.46285647946681,-6.46285647946681
-6.452644472426237,-6.452644472426237
-6.442428624380702,-6.442428624380702
-6.43220911639366,-6.43220911639366
-6.421986125608915,-6.421986125608915
-6.411759825375528,-6.411759825375528
-6.40153038536748,-6.40153038536748
-6.391297971698339,-6.391297971698339
-6.381062747031212,-6.381062747031212
-6.370824870684211,-6.370824870684211
-6.3605844987316615,-6.3605844987316615
-6.350341784101274,-6.350341784101274
-6.340096876667445,-6.340096876667445
-6.329849923340942,-6.329849923340942
-6.319601068155068,-6.319601068155068
-6.309350452348545,-6.309350452348545
-6.299098214445227,-6.299098214445227
-6.28884449033081,-6.28884449033081
-6.278589413326684,-6.278589413326684
-6.268333114261036,-6.268333114261036
-6.258075721537368,-6.258075721537368
-6.247817361200504,-6.247817361200504
-6.237558157000231,-6.237558157000231
-6.227298230452674,-6.227298230452674
-6.217037700899484,-6.217037700899484
-6.206776685564963,-6.206776685564963
-6.196515299611206,-6.196515299611206
-6.186253656191332,-6.186253656191332
-6.1759918665009,-6.1759918665009
-6.165730039827596,-6.165730039827596
-6.155468283599224,-6.155468283599224
-6.14520670343013,-6.14520670343013
-6.134945403166067,-6.134945403166067
-6.1246844849276085,-6.1246844849276085
-6.114424049152133,-6.114424049152133
-6.104164194634471,-6.104164194634471
-6.093905018566246,-6.093905018566246
-6.083646616573964,-6.083646616573964
-6.07338908275591,-6.07338908275591
-6.0631325097178905,-6.0631325097178905
-6.05287698860786,-6.05287698860786
-6.0426226091494994,-6.0426226091494994
-6.03236945967476,-6.03236945967476
-6.022117627155407,-6.022117627155407
-6.011867197233655,-6.011867197233655
-6.001618254251842,-6.001618254251842
-5.991370881281265,-5.991370881281265
-5.981125160150134,-5.981125160150134
-5.970881171470738,-5.970881171470738
-5.960638994665811,-5.960638994665811
-5.950398707994137,-5.950398707994137
-5.940160388575428,-5.940160388575428
-5.929924112414504,-5.929924112414504
-5.919689954424774,-5.919689954424774
-5.909457988451079,-5.909457988451079
-5.8992282872918915,-5.8992282872918915
-5.889000922720901,-5.889000922720901
-5.878775965508017,-5.878775965508017
-5.868553485439788,-5.868553485439788
-5.8583335513392845,-5.8583335513392845
-5.848116231085438,-5.848116231085438
-5.837901591631864,-5.837901591631864
-5.8276896990251865,-5.8276896990251865
-5.817480618422893,-5.817480618422893
-5.807274414110705,-5.807274414110705
-5.797071149519513,-5.797071149519513
-5.786870887241855,-5.786870887241855
-5.776673689047997,-5.776673689047997
-5.766479615901587,-5.766479615901587
-5.756288727974918,-5.756288727974918
-5.746101084663807,-5.746101084663807
-5.7359167446020995,-5.7359167446020995
-5.725735765675819,-5.725735765675819
-5.715558205036965,-5.715558205036965
-5.705384119116969,-5.705384119116969
-5.695213563639825,-5.695213563639825
-5.6850465936349055,-5.6850465936349055
-5.6748832634494635,-5.6748832634494635
-5.664723626760834,-5.664723626760834
-5.654567736588351,-5.654567736588351
-5.6444156453049805,-5.6444156453049805
-5.634267404648674,-5.634267404648674
-5.624123065733466,-5.624123065733466
-5.613982679060303,-5.613982679060303
-5.603846294527632,-5.603846294527632
-5.593713961441744,-5.593713961441744
-5.583585728526871,-5.583585728526871
-5.573461643935063,-5.573461643935063
-5.563341755255843,-5.563341755255843
-5.553226109525642,-5.553226109525642
-5.543114753237018,-5.543114753237018
-5.533007732347678,-5.533007732347678
-5.522905092289298,-5.522905092289298
-5.512806877976149,-5.512806877976149
-5.5027131338135336,-5.5027131338135336
-5.492623903706037,-5.492623903706037
-5.4825392310656085,-5.4825392310656085
-5.472459158819457,-5.472459158819457
-5.462383729417789,-5.462383729417789
-5.452312984841372,-5.452312984841372
-5.442246966608947,-5.442246966608947
-5.432185715784471,-5.432185715784471
-5.422129272984234,-5.422129272984234
-5.412077678383791,-5.412077678383791
-5.402030971724786,-5.402030971724786
-5.39198919232161,-5.39198919232161
-5.381952379067935,-5.381952379067935
-5.371920570443112,-5.371920570443112
-5.361893804518438,-5.361893804518438
-5.351872118963297,-5.351872118963297
-5.341855551051173,-5.341855551051173
-5.331844137665554,-5.331844137665554
-5.321837915305706,-5.321837915305706
-5.311836920092339,-5.311836920092339
-5.301841187773168,-5.301841187773168
-5.29185075372834,-5.29185075372834
-5.2818656529757915,-5.2818656529757915
-5.271885920176469,-5.271885920176469
-5.261911589639469,-5.261911589639469
-5.251942695327074,-5.251942695327074
-5.241979270859677,-5.241979270859677
-5.232021349520646,-5.232021349520646
-5.2220689642610605,-5.2220689642610605
-5.21212214770438,-5.21212214770438
-5.202180932151017,-5.202180932151017
-5.192245349582822,-5.192245349582822
-5.1823154316675,-5.1823154316675
-5.172391209762924,-5.172391209762924
-5.162472714921381,-5.162472714921381
-5.152559977893744,-5.152559977893744
-5.1426530291335535,-5.1426530291335535
-5.132751898801039,-5.132751898801039
-5.122856616767058,-5.122856616767058
-5.112967212616973,-5.112967212616973
-5.103083715654445,-5.103083715654445
-5.093206154905178,-5.093206154905178
-5.083334559120578,-5.083334559120578
-5.073468956781357,-5.073468956781357
-5.0636093761010805,-5.0636093761010805
-5.0537558450296345,-5.0537558450296345
-5.04390839125664,-5.04390839125664
-5.034067042214827,-5.034067042214827
-5.024231825083307,-5.024231825083307
-5.014402766790841,-5.014402766790841
-5.0045798940190025,-5.0045798940190025
-4.9947632332053296,-4.9947632332053296
-4.984952810546379,-4.984952810546379
-4.975148652000776,-4.975148652000776
-4.9653507832921715,-4.9653507832921715
-4.9555592299121765,-4.9555592299121765
-4.94577401712323,-4.94577401712323
-4.935995169961434,-4.935995169961434
-4.9262227132393255,-4.9262227132393255
-4.916456671548618,-4.916456671548618
-4.906697069262887,-4.906697069262887
-4.896943930540217,-4.896943930540217
-4.8871972793257985,-4.8871972793257985
-4.8774571393544965,-4.8774571393544965
-4.8677235341533605,-4.8677235341533605
-4.857996487044101,-4.857996487044101
-4.848276021145535,-4.848276021145535
-4.838562159375977,-4.838562159375977
-4.828854924455599,-4.828854924455599
-4.819154338908759,-4.819154338908759
-4.809460425066279,-4.809460425066279
-4.799773205067697,-4.799773205067697
-4.790092700863486,-4.790092700863486
-4.780418934217227,-4.780418934217227
-4.770751926707756,-4.770751926707756
-4.761091699731276,-4.761091699731276
-4.751438274503442,-4.751438274503442
-4.741791672061395,-4.741791672061395
-4.732151913265797,-4.732151913265797
-4.722519018802795,-4.722519018802795
-4.712893009185991,-4.712893009185991
-4.70327390475836,-4.70327390475836
-4.693661725694149,-4.693661725694149
-4.684056492000741,-4.684056492000741
-4.674458223520497,-4.674458223520497
-4.6648669399325655,-4.6648669399325655
-4.655282660754667,-4.655282660754667
-4.645705405344855,-4.645705405344855
-4.636135192903246,-4.636135192903246
-4.6265720424737244,-4.6265720424737244
-4.617015972945627,-4.617015972945627
-4.607467003055397,-4.607467003055397
-4.597925151388217,-4.597925151388217
-4.588390436379618,-4.588390436379618
-4.578862876317068,-4.578862876317068
-4.56934248934153,-4.56934248934153
-4.559829293449002,-4.559829293449002
-4.550323306492042,-4.550323306492042
-4.54082454618125,-4.54082454618125
-4.53133303008676,-4.53133303008676
-4.521848775639682,-4.521848775639682
-4.512371800133543,-4.512371800133543
-4.5029021207256905,-4.5029021207256905
-4.493439754438695,-4.493439754438695
-4.4839847181617225,-4.4839847181617225
-4.474537028651882,-4.474537028651882
-4.465096702535575,-4.465096702535575
-4.455663756309793,-4.455663756309793
-4.446238206343439,-4.446238206343439
-4.436820068878592,-4.436820068878592
-4.427409360031773,-4.427409360031773
-4.418006095795206,-4.418006095795206
-4.4086102920380235,-4.4086102920380235
-4.399221964507497,-4.399221964507497
-4.389841128830228,-4.389841128830228
-4.380467800513328,-4.380467800513328
-4.371101994945583,-4.371101994945583
-4.361743727398598,-4.361743727398598
-4.352393013027936,-4.352393013027936
-4.343049866874235,-4.343049866874235
-4.333714303864308,-4.333714303864308
-4.324386338812233,-4.324386338812233
-4.31506598642043,-4.31506598642043
-4.30575326128072,-4.30575326128072
-4.296448177875366,-4.296448177875366
-4.287150750578113,-4.287150750578113
-4.277860993655204,-4.277860993655204
-4.26857892126638,-4.26857892126638
-4.259304547465886,-4.259304547465886
-4.250037886203438,-4.250037886203438
-4.2407789513252,-4.2407789513252
-4.2315277565747245,-4.2315277565747245
-4.222284315593922,-4.222284315593922
-4.213048641923956,-4.213048641923956
-4.203820749006194,-4.203820749006194
-4.194600650183098,-4.194600650183098
-4.185388358699118,-4.185388358699118
-4.176183887701588,-4.176183887701588
-4.1669872502415926,-4.1669872502415926
-4.157798459274826,-4.157798459274826
-4.1486175276624495,-4.1486175276624495
-4.139444468171933,-4.139444468171933
-4.130279293477876,-4.130279293477876
-4.1211220161628415,-4.1211220161628415
-4.111972648718153,-4.111972648718153
-4.102831203544706,-4.102831203544706
-4.093697692953751,-4.093697692953751
-4.084572129167675,-4.084572129167675
-4.075454524320776,-4.075454524320776
-4.066344890460017,-4.066344890460017
-4.057243239545791,-4.057243239545791
-4.048149583452648,-4.048149583452648
-4.039063933970051,-4.039063933970051
-4.029986302803077,-4.029986302803077
-4.020916701573148,-4.020916701573148
-4.011855141818741,-4.011855141818741
-4.002801634996079,-4.002801634996079
-3.9937561924798324,-3.9937561924798324
-3.98471882556379,-3.98471882556379
-3.9756895454615444,-3.9756895454615444
-3.9666683633071553,-3.9666683633071553
-3.95765529015581,-3.95765529015581
-3.94865033698447,-3.94865033698447
-3.9396535146925227,-3.9396535146925227
-3.930664834102412,-3.930664834102412
-3.92168430596027,-3.92168430596027
-3.912711940936538,-3.912711940936538
-3.9037477496265782,-3.9037477496265782
-3.8947917425512864,-3.8947917425512864
-3.8858439301576895,-3.8858439301576895
-3.8769043228195352,-3.8769043228195352
-3.867972930837888,-3.867972930837888
-3.8590497644416972,-3.8590497644416972
-3.850134833788382,-3.850134833788382
-3.84122814896439,-3.84122814896439
-3.832329719985759,-3.832329719985759
-3.823439556798675,-3.823439556798675
-3.814557669280015,-3.814557669280015
-3.805684067237892,-3.805684067237892
-3.7968187604121884,-3.7968187604121884
-3.787961758475086,-3.787961758475086
-3.779113071031591,-3.779113071031591
-3.77027270762005,-3.77027270762005
-3.7614406777126606,-3.7614406777126606
-3.752616990715982,-3.752616990715982
-3.7438016559714318,-3.7438016559714318
-3.734994682755783,-3.734994682755783
-3.7261960802816527,-3.7261960802816527
-3.717405857697987,-3.717405857697987
-3.7086240240905397,-3.7086240240905397
-3.699850588482346,-3.699850588482346
-3.691085559834191,-3.691085559834191
-3.6823289470450753,-3.6823289470450753
-3.6735807589526677,-3.6735807589526677
-3.6648410043337654,-3.6648410043337654
-3.6561096919047387,-3.6561096919047387
-3.6473868303219756,-3.6473868303219756
-3.6386724281823204,-3.6386724281823204
-3.6299664940235083,-3.6299664940235083
-3.6212690363245956,-3.6212690363245956
-3.6125800635063836,-3.6125800635063836
-3.6038995839318395,-3.6038995839318395
-3.595227605906511,-3.595227605906511
-3.586564137678941,-3.586564137678941
-3.5779091874410733,-3.5779091874410733
-3.569262763328653,-3.569262763328653
-3.560624873421628,-3.560624873421628
-3.5519955257445446,-3.5519955257445446
-3.5433747282669343,-3.5433747282669343
-3.534762488903702,-3.534762488903702
-3.526158815515508,-3.526158815515508
-3.5175637159091453,-3.5175637159091453
-3.508977197837916,-3.508977197837916
-3.500399269001999,-3.500399269001999
-3.491829937048819,-3.491829937048819
-3.483269209573408,-3.483269209573408
-3.474717094118762,-3.474717094118762
-3.4661735981762027,-3.4661735981762027
-3.457638729185722,-3.457638729185722
-3.4491124945363345,-3.4491124945363345
-3.4405949015664197,-3.4405949015664197
-3.4320859575640648,-3.4320859575640648
-3.4235856697674016,-3.4235856697674016
-3.415094045364938,-3.415094045364938
-3.4066110914958943,-3.4066110914958943
-3.398136815250523,-3.398136815250523
-3.3896712236704407,-3.3896712236704407
-3.3812143237489436,-3.3812143237489436
-3.3727661224313255,-3.3727661224313255
-3.3643266266151928,-3.3643266266151928
-3.3558958431507793,-3.3558958431507793
-3.3474737788412456,-3.3474737788412456
-3.339060440442994,-3.339060440442994
-3.330655834665961,-3.330655834665961
-3.3222599681739258,-3.3222599681739258
-3.3138728475847983,-3.3138728475847983
-3.305494479470914,-3.305494479470914
-3.2971248703593288,-3.2971248703593288
-3.2887640267320997,-3.2887640267320997
-3.280411955026573,-3.280411955026573
-3.272068661635666,-3.272068661635666
-3.263734152908142,-3.263734152908142
-3.255408435148892,-3.255408435148892
-3.2470915146192048,-3.2470915146192048
-3.2387833975370373,-3.2387833975370373
-3.2304840900772844,-3.2304840900772844
-3.2221935983720424,-3.2221935983720424
-3.2139119285108744,-3.2139119285108744
-3.2056390865410678,-3.2056390865410678
-3.1973750784678945,-3.1973750784678945
-3.1891199102548655,-3.1891199102548655
-3.1808735878239824,-3.1808735878239824
-3.17263611705599,-3.17263611705599
-3.164407503790623,-3.164407503790623
-3.1561877538268504,-3.1561877538268504
-3.147976872923122,-3.147976872923122
-3.1397748667976066,-3.1397748667976066
-3.1315817411284326,-3.1315817411284326
-3.1233975015539195,-3.1233975015539195
-3.1152221536728204,-3.1152221536728204
-3.1070557030445465,-3.1070557030445465
-3.0988981551894,-3.0988981551894
-3.090749515588802,-3.090749515588802
-3.082609789685513,-3.082609789685513
-3.074478982883865,-3.074478982883865
-3.0663571005499746,-3.0663571005499746
-3.0582441480119646,-3.0582441480119646
-3.0501401305601816,-3.0501401305601816
-3.0420450534474104,-3.0420450534474104
-3.033958921889088,-3.033958921889088
-3.0258817410635106,-3.0258817410635106
-3.017813516112049,-3.017813516112049
-3.0097542521393477,-3.0097542521393477
-3.0017039542135384,-3.0017039542135384
-2.9936626273664353,-2.9936626273664353
-2.9856302765937404,-2.9856302765937404
-2.9776069068552427,-2.9776069068552427
-2.969592523075015,-2.969592523075015
-2.96158713014161,-2.96158713014161
-2.953590732908253,-2.953590732908253
-2.945603336193035,-2.945603336193035
-2.9376249447791016,-2.9376249447791016
-2.9296555634148467,-2.9296555634148467
-2.9216951968140887,-2.9216951968140887
-2.913743849656269,-2.913743849656269
-2.9058015265866226,-2.9058015265866226
-2.8978682322163682,-2.8978682322163682
-2.8899439711228854,-2.8899439711228854
-2.8820287478498945,-2.8820287478498945
-2.8741225669076282,-2.8741225669076282
-2.8662254327730143,-2.8662254327730143
-2.8583373498898426,-2.8583373498898426
-2.8504583226689415,-2.8504583226689415
-2.842588355488345,-2.842588355488345
-2.834727452693464,-2.834727452693464
-2.826875618597252,-2.826875618597252
-2.8190328574803702,-2.8190328574803702
-2.811199173591354,-2.811199173591354
-2.8033745711467764,-2.8033745711467764
-2.7955590543314033,-2.7955590543314033
-2.7877526272983615,-2.7877526272983615
-2.779955294169291,-2.779955294169291
-2.7721670590345044,-2.7721670590345044
-2.764387925953142,-2.764387925953142
-2.7566178989533263,-2.7566178989533263
-2.748856982032315,-2.748856982032315
-2.7411051791566496,-2.7411051791566496
-2.733362494262312,-2.733362494262312
-2.7256289312548643,-2.7256289312548643
-2.7179044940096015,-2.7179044940096015
-2.7101891863716996,-2.7101891863716996
-2.7024830121563537,-2.7024830121563537
-2.694785975148927,-2.694785975148927
-2.6870980791050907,-2.6870980791050907
-2.6794193277509644,-2.6794193277509644
-2.671749724783257,-2.671749724783257
-2.6640892738694038,-2.6640892738694038
-2.6564379786477055,-2.6564379786477055
-2.6487958427274614,-2.6487958427274614
-2.641162869689106,-2.641162869689106
-2.6335390630843425,-2.6335390630843425
-2.6259244264362724,-2.6259244264362724
-2.6183189632395325,-2.6183189632395325
-2.6107226769604175,-2.6107226769604175
-2.6031355710370137,-2.6031355710370137
-2.5955576488793257,-2.5955576488793257
-2.587988913869403,-2.587988913869403
-2.5804293693614615,-2.5804293693614615
-2.5728790186820176,-2.5728790186820176
-2.565337865129998,-2.565337865129998
-2.5578059119768732,-2.5578059119768732
-2.5502831624667737,-2.5502831624667737
-2.542769619816607,-2.542769619816607
-2.535265287216184,-2.535265287216184
-2.5277701678283298,-2.5277701678283298
-2.5202842647890042,-2.5202842647890042
-2.512807581207416,-2.512807581207416
-2.5053401201661383,-2.5053401201661383
-2.497881884721224,-2.497881884721224
-2.4904328779023133,-2.4904328779023133
-2.4829931027127503,-2.4829931027127503
-2.475562562129693,-2.475562562129693
-2.4681412591042204,-2.4681412591042204
-2.460729196561444,-2.460729196561444
-2.4533263774006153,-2.4533263774006153
-2.4459328044952295,-2.4459328044952295
-2.4385484806931372,-2.4385484806931372
-2.4311734088166435,-2.4311734088166435
-2.4238075916626154,-2.4238075916626154
-2.4164510320025845,-2.4164510320025845
-2.409103732582849,-2.409103732582849
-2.4017656961245737,-2.4017656961245737
-2.3944369253238924,-2.3944369253238924
-2.387117422852006,-2.387117422852006
-2.3798071913552845,-2.3798071913552845
-2.3725062334553573,-2.3725062334553573
-2.3652145517492182,-2.3652145517492182
-2.3579321488093177,-2.3579321488093177
-2.350659027183659,-2.350659027183659
-2.3433951893958906,-2.3433951893958906
-2.336140637945401,-2.336140637945401
-2.3288953753074138,-2.3288953753074138
-2.3216594039330753,-2.3216594039330753
-2.3144327262495494,-2.3144327262495494
-2.3072153446601056,-2.3072153446601056
-2.3000072615442075,-2.3000072615442075
-2.292808479257605,-2.292808479257605
-2.285619000132419,-2.285619000132419
-2.2784388264772315,-2.2784388264772315
-2.271267960577167,-2.271267960577167
-2.264106404693984,-2.264106404693984
-2.2569541610661537,-2.2569541610661537
-2.2498112319089514,-2.2498112319089514
-2.242677619414533,-2.242677619414533
-2.23555332575202,-2.23555332575202
-2.2284383530675824,-2.2284383530675824
-2.22133270348452,-2.22133270348452
-2.21423637910334,-2.21423637910334
-2.2071493820018375,-2.2071493820018375
-2.200071714235178,-2.200071714235178
-2.193003377835971,-2.193003377835971
-2.1859443748143486,-2.1859443748143486
-2.1788947071580442,-2.1788947071580442
-2.17185437683247,-2.17185437683247
-2.164823385780783,-2.164823385780783
-2.1578017359239747,-2.1578017359239747
-2.1507894291609317,-2.1507894291609317
-2.1437864673685176,-2.1437864673685176
-2.13679285240164,-2.13679285240164
-2.1298085860933282,-2.1298085860933282
-2.1228336702547996,-2.1228336702547996
-2.1158681066755336,-2.1158681066755336
-2.108911897123341,-2.108911897123341
-2.1019650433444337,-2.1019650433444337
-2.095027547063491,-2.095027547063491
-2.0880994099837333,-2.0880994099837333
-2.0811806337869845,-2.0811806337869845
-2.0742712201337405,-2.0742712201337405
-2.0673711706632374,-2.0673711706632374
-2.060480486993515,-2.060480486993515
-2.053599170721485,-2.053599170721485
-2.04672722342299,-2.04672722342299
-2.039864646652873,-2.039864646652873
-2.0330114419450394,-2.0330114419450394
-2.026167610812518,-2.026167610812518
-2.019333154747524,-2.019333154747524
-2.0125080752215228,-2.0125080752215228
-2.005692373685287,-2.005692373685287
-1.9988860515689604,-1.9988860515689604
-1.9920891102821163,-1.9920891102821163
-1.9853015512138183,-1.9853015512138183
-1.9785233757326772,-1.9785233757326772
-1.9717545851869085,-1.9717545851869085
-1.9649951809043944,-1.9649951809043944
-1.9582451641927356,-1.9582451641927356
-1.951504536339313,-1.951504536339313
-1.9447732986113395,-1.9447732986113395
-1.9380514522559182,-1.9380514522559182
-1.9313389985000948,-1.9313389985000948
-1.9246359385509173,-1.9246359385509173
-1.9179422735954827,-1.9179422735954827
-1.9112580048009962,-1.9112580048009962
-1.9045831333148224,-1.9045831333148224
-1.897917660264535,-1.897917660264535
-1.8912615867579738,-1.8912615867579738
-1.8846149138832908,-1.8846149138832908
-1.8779776427090062,-1.8779776427090062
-1.8713497742840548,-1.8713497742840548
-1.8647313096378375,-1.8647313096378375
-1.8581222497802694,-1.8581222497802694
-1.8515225957018324,-1.8515225957018324
-1.8449323483736184,-1.8449323483736184
-1.838351508747382,-1.838351508747382
-1.8317800777555844,-1.8317800777555844
-1.8252180563114406,-1.8252180563114406
-1.8186654453089708,-1.8186654453089708
-1.8121222456230386,-1.8121222456230386
-1.8055884581094048,-1.8055884581094048
-1.7990640836047642,-1.7990640836047642
-1.7925491229267987,-1.7925491229267987
-1.7860435768742136,-1.7860435768742136
-1.7795474462267864,-1.7795474462267864
-1.7730607317454092,-1.7730607317454092
-1.7665834341721303,-1.7665834341721303
-1.7601155542301983,-1.7601155542301983
-1.753657092624101,-1.753657092624101
-1.7472080500396114,-1.7472080500396114
-1.7407684271438244,-1.7407684271438244
-1.7343382245851995,-1.7343382245851995
-1.7279174429936017,-1.7279174429936017
-1.7215060829803395,-1.7215060829803395
-1.7151041451382067,-1.7151041451382067
-1.7087116300415175,-1.7087116300415175
-1.7023285382461477,-1.7023285382461477
-1.6959548702895728,-1.6959548702895728
-1.6895906266909066,-1.6895906266909066
-1.6832358079509346,-1.6832358079509346
-1.6768904145521535,-1.6768904145521535
-1.670554446958807,-1.670554446958807
-1.6642279056169251,-1.6642279056169251
-1.6579107909543525,-1.6579107909543525
-1.6516031033807907,-1.6516031033807907
-1.645304843287829,-1.645304843287829
-1.6390160110489809,-1.6390160110489809
-1.6327366070197156,-1.6327366070197156
-1.6264666315374954,-1.6264666315374954
-1.6202060849218034,-1.6202060849218034
-1.6139549674741842,-1.6139549674741842
-1.607713279478267,-1.607713279478267
-1.6014810211998056,-1.6014810211998056
-1.5952581928867062,-1.5952581928867062
-1.5890447947690591,-1.5890447947690591
-1.5828408270591687,-1.5828408270591687
-1.5766462899515885,-1.5766462899515885
-1.5704611836231444,-1.5704611836231444
-1.564285508232971,-1.564285508232971
-1.5581192639225356,-1.5581192639225356
-1.5519624508156709,-1.5519624508156709
-1.5458150690186023,-1.5458150690186023
-1.5396771186199778,-1.5396771186199778
-1.5335485996908935,-1.5335485996908935
-1.5274295122849209,-1.5274295122849209
-1.5213198564381372,-1.5213198564381372
-1.515219632169151,-1.515219632169151
-1.509128839479127,-1.509128839479127
-1.5030474783518142,-1.5030474783518142
-1.4969755487535708,-1.4969755487535708
-1.4909130506333883,-1.4909130506333883
-1.484859983922922,-1.484859983922922
-1.4788163485365073,-1.4788163485365073
-1.472782144371193,-1.472782144371193
-1.466757371306758,-1.466757371306758
-1.4607420292057407,-1.4607420292057407
-1.4547361179134572,-1.4547361179134572
-1.4487396372580286,-1.4487396372580286
-1.4427525870504028,-1.4427525870504028
-1.4367749670843737,-1.4367749670843737
-1.430806777136609,-1.430806777136609
-1.424848016966667,-1.424848016966667
-1.418898686317019,-1.418898686317019
-1.4129587849130725,-1.4129587849130725
-1.4070283124631895,-1.4070283124631895
-1.4011072686587085,-1.4011072686587085
-1.3951956531739629,-1.3951956531739629
-1.3892934656663039,-1.3892934656663039
-1.3834007057761155,-1.3834007057761155
-1.3775173731268369,-1.3775173731268369
-1.3716434673249809,-1.3716434673249809
-1.3657789879601518,-1.3657789879601518
-1.359923934605062,-1.359923934605062
-1.3540783068155535,-1.3540783068155535
-1.348242104130611,-1.348242104130611
-1.3424153260723841,-1.3424153260723841
-1.3365979721461998,-1.3365979721461998
-1.3307900418405814,-1.3307900418405814
-1.3249915346272632,-1.3249915346272632
-1.3192024499612107,-1.3192024499612107
-1.3134227872806281,-1.3134227872806281
-1.3076525460069826,-1.3076525460069826
-1.3018917255450146,-1.3018917255450146
-1.2961403252827528,-1.2961403252827528
-1.2903983445915286,-1.2903983445915286
-1.2846657828259935,-1.2846657828259935
-1.2789426393241254,-1.2789426393241254
-1.2732289134072534,-1.2732289134072534
-1.2675246043800588,-1.2675246043800588
-1.2618297115305979,-1.2618297115305979
-1.256144234130309,-1.256144234130309
-1.2504681714340278,-1.2504681714340278
-1.244801522679995,-1.244801522679995
-1.2391442870898768,-1.2391442870898768
-1.2334964638687647,-1.2334964638687647
-1.227858052205198,-1.227858052205198
-1.2222290512711664,-1.2222290512711664
-1.2166094602221251,-1.2166094602221251
-1.2109992781970023,-1.2109992781970023
-1.2053985043182134,-1.2053985043182134
-1.1998071376916668,-1.1998071376916668
-1.1942251774067734,-1.1942251774067734
-1.1886526225364595,-1.1886526225364595
-1.1830894721371727,-1.1830894721371727
-1.1775357252488892,-1.1775357252488892
-1.1719913808951261,-1.1719913808951261
-1.1664564380829476,-1.1664564380829476
-1.1609308958029727,-1.1609308958029727
-1.1554147530293797,-1.1554147530293797
-1.1499080087199214,-1.1499080087199214
-1.1444106618159235,-1.1444106618159235
-1.1389227112422957,-1.1389227112422957
-1.1334441559075372,-1.1334441559075372
-1.1279749947037432,-1.1279749947037432
-1.1225152265066112,-1.1225152265066112
-1.1170648501754432,-1.1170648501754432
-1.1116238645531575,-1.1116238645531575
-1.1061922684662866,-1.1061922684662866
-1.1007700607249862,-1.1007700607249862
-1.0953572401230391,-1.0953572401230391
-1.089953805437859,-1.089953805437859
-1.0845597554304944,-1.0845597554304944
-1.0791750888456324,-1.0791750888456324
-1.073799804411602,-1.073799804411602
-1.068433900840377,-1.068433900840377
-1.06307737682758,-1.06307737682758
-1.0577302310524836,-1.0577302310524836
-1.052392462178015,-1.052392462178015
-1.0470640688507535,-1.0470640688507535
-1.0417450497009377,-1.0417450497009377
-1.0364354033424639,-1.0364354033424639
-1.0311351283728885,-1.0311351283728885
-1.0258442233734284,-1.0258442233734284
-1.0205626869089617,-1.0205626869089617
-1.0152905175280291,-1.0152905175280291
-1.0100277137628344,-1.0100277137628344
-1.0047742741292416,-1.0047742741292416
-0.9995301971267782,-0.9995301971267782
-0.994295481238633,-0.994295481238633
-0.9890701249316557,-0.9890701249316557
-0.983854126656355,-0.983854126656355
-0.978647484846898,-0.978647484846898
-0.9734501979211092,-0.9734501979211092
-0.9682622642804676,-0.9682622642804676
-0.9630836823101049,-0.9630836823101049
-0.9579144503788034,-0.9579144503788034
-0.952754566838993,-0.952754566838993
-0.9476040300267498,-0.9476040300267498
-0.9424628382617902,-0.9424628382617902
-0.9373309898474695,-0.9373309898474695
-0.932208483070779,-0.932208483070779
-0.9270953162023405,-0.9270953162023405
-0.9219914874964021,-0.9219914874964021
-0.9168969951908347,-0.9168969951908347
-0.9118118375071269,-0.9118118375071269
-0.9067360126503814,-0.9067360126503814
-0.9016695188093075,-0.9016695188093075
-0.8966123541562169,-0.8966123541562169
-0.8915645168470191,-0.8915645168470191
-0.8865260050212133,-0.8865260050212133
-0.8814968168018844,-0.8814968168018844
-0.8764769502956942,-0.8764769502956942
-0.8714664035928771,-0.8714664035928771
-0.8664651747672331,-0.8664651747672331
-0.8614732618761175,-0.8614732618761175
-0.8564906629604371,-0.8564906629604371
-0.8515173760446408,-0.8515173760446408
-0.8465533991367122,-0.8465533991367122
-0.8415987302281613,-0.8415987302281613
-0.8366533672940148,-0.8366533672940148
-0.8317173082928101,-0.8317173082928101
-0.826790551166585,-0.826790551166585
-0.8218730938408666,-0.8218730938408666
-0.8169649342246654,-0.8169649342246654
-0.812066070210463,-0.812066070210463
-0.8071764996742039,-0.8071764996742039
-0.8022962204752834,-0.8022962204752834
-0.7974252304565388,-0.7974252304565388
-0.7925635274442384,-0.7925635274442384
-0.7877111092480704,-0.7877111092480704
-0.7828679736611311,-0.7828679736611311
-0.778034118459914,-0.778034118459914
-0.7732095414042991,-0.7732095414042991
-0.7683942402375395,-0.7683942402375395
-0.7635882126862493,-0.7635882126862493
-0.7587914564603921,-0.7587914564603921
-0.7540039692532677,-0.7540039692532677
-0.7492257487414999,-0.7492257487414999
-0.744456792585022,-0.744456792585022
-0.739697098427064,-0.739697098427064
-0.73494666389414,-0.73494666389414
-0.730205486596032,-0.730205486596032
-0.7254735641257789,-0.7254735641257789
-0.7207508940596575,-0.7207508940596575
-0.7160374739571735,-0.7160374739571735
-0.7113333013610412,-0.7113333013610412
-0.7066383737971731,-0.7066383737971731
-0.7019526887746589,-0.7019526887746589
-0.6972762437857566,-0.6972762437857566
-0.6926090363058697,-0.6926090363058697
-0.6879510637935375,-0.6879510637935375
-0.6833023236904117,-0.6833023236904117
-0.6786628134212479,-0.6786628134212479
-0.6740325303938804,-0.6740325303938804
-0.6694114719992114,-0.6694114719992114
-0.664799635611189,-0.664799635611189
-0.660197018586794,-0.660197018586794
-0.6556036182660169,-0.6556036182660169
-0.6510194319718448,-0.6510194319718448
-0.6464444570102378,-0.6464444570102378
-0.6418786906701157,-0.6418786906701157
-0.6373221302233342,-0.6373221302233342
-0.6327747729246691,-0.6327747729246691
-0.6282366160117947,-0.6282366160117947
-0.6237076567052657,-0.6237076567052657
-0.6191878922084959,-0.6191878922084959
-0.6146773197077391,-0.6146773197077391
-0.610175936372067,-0.610175936372067
-0.6056837393533516,-0.6056837393533516
-0.6012007257862395,-0.6012007257862395
-0.5967268927881361,-0.5967268927881361
-0.5922622374591789,-0.5922622374591789
-0.5878067568822195,-0.5878067568822195
-0.5833604481228002,-0.5833604481228002
-0.5789233082291321,-0.5789233082291321
-0.5744953342320711,-0.5744953342320711
-0.5700765231450973,-0.5700765231450973
-0.5656668719642909,-0.5656668719642909
-0.561266377668309,-0.561266377668309
-0.5568750372183616,-0.5568750372183616
-0.5524928475581884,-0.5524928475581884
-0.5481198056140347,-0.5481198056140347
-0.5437559082946275,-0.5437559082946275
-0.5394011524911491,-0.5394011524911491
-0.5350555350772138,-0.5350555350772138
-0.5307190529088431,-0.5307190529088431
-0.5263917028244399,-0.5263917028244399
-0.5220734816447611,-0.5220734816447611
-0.5177643861728943,-0.5177643861728943
-0.5134644131942311,-0.5134644131942311
-0.5091735594764392,-0.5091735594764392
-0.5048918217694373,-0.5048918217694373
-0.5006191968053667,-0.5006191968053667
-0.4963556812985659,-0.4963556812985659
-0.49210127194554165,-0.49210127194554165
-0.4878559654249415,-0.4878559654249415
-0.4836197583975262,-0.4836197583975262
-0.4793926475061408,-0.4793926475061408
-0.47517462937568733,-0.47517462937568733
-0.47096570061309434,-0.47096570061309434
-0.46676585780728813,-0.46676585780728813
-0.46257509752916504,-0.46257509752916504
-0.45839341633156017,-0.45839341633156017
-0.4542208107492172,-0.4542208107492172
-0.45005727729875994,-0.45005727729875994
-0.4459028124786603,-0.4459028124786603
-0.44175741276920877,-0.44175741276920877
-0.4376210746324821,-0.4376210746324821
-0.43349379451231296,-0.43349379451231296
-0.42937556883425854,-0.42937556883425854
-0.4252663940055684,-0.4252663940055684
-0.42116626641515215,-0.42116626641515215
-0.4170751824335469,-0.4170751824335469
-0.4129931384128858,-0.4129931384128858
-0.4089201306868648,-0.4089201306868648
-0.4048561555707075,-0.4048561555707075
-0.4008012093611343,-0.4008012093611343
-0.396755288336327,-0.396755288336327
-0.39271838875589626,-0.39271838875589626
-0.3886905068608451,-0.3886905068608451
-0.3846716388735358,-0.3846716388735358
-0.3806617809976552,-0.3806617809976552
-0.37666092941817914,-0.37666092941817914
-0.37266908030133633,-0.37266908030133633
-0.36868622979457333,-0.36868622979457333
-0.36471237402651835,-0.36471237402651835
-0.36074750910694603,-0.36074750910694603
-0.35679163112673845,-0.35679163112673845
-0.3528447361578496,-0.3528447361578496
-0.34890682025326936,-0.34890682025326936
-0.344977879446984,-0.344977879446984
-0.3410579097539393,-0.3410579097539393
-0.33714690717000234,-0.33714690717000234
-0.3332448676719238,-0.3332448676719238
-0.32935178721729885,-0.32935178721729885
-0.3254676617445273,-0.3254676617445273
-0.32159248717277605,-0.32159248717277605
-0.31772625940193805,-0.31772625940193805
-0.31386897431259425,-0.31386897431259425
-0.31002062776597145,-0.31002062776597145
-0.3061812156039026,-0.3061812156039026
-0.30235073364878684,-0.30235073364878684
-0.29852917770354837,-0.29852917770354837
-0.2947165435515939,-0.2947165435515939
-0.29091282695677134,-0.29091282695677134
-0.2871180236633292,-0.2871180236633292
-0.2833321293958737,-0.2833321293958737
-0.2795551398593251,-0.2795551398593251
-0.2757870507388754,-0.2757870507388754
-0.27202785769994675,-0.27202785769994675
-0.26827755638814604,-0.26827755638814604
-0.26453614242922135,-0.26453614242922135
-0.2608036114290186,-0.2608036114290186
-0.2570799589734368,-0.2570799589734368
-0.2533651806283837,-0.2533651806283837
-0.24965927193972967,-0.24965927193972967
-0.24596222843326296,-0.24596222843326296
-0.2422740456146448,-0.2422740456146448
-0.2385947189693625,-0.2385947189693625
-0.23492424396268263,-0.23492424396268263
-0.23126261603960546,-0.23126261603960546
-0.22760983062481774,-0.22760983062481774
-0.2239658831226452,-0.2239658831226452
-0.22033076891700512,-0.22033076891700512
-0.21670448337135761,-0.21670448337135761
-0.21308702182865874,-0.21308702182865874
-0.2094783796113111,-0.2094783796113111
-0.20587855202111482,-0.20587855202111482
-0.20228753433921778,-0.20228753433921778
-0.19870532182606807,-0.19870532182606807
-0.1951319097213621,-0.1951319097213621
-0.19156729324399485,-0.19156729324399485
-0.18801146759200862,-0.18801146759200862
-0.18446442794254478,-0.18446442794254478
-0.18092616945178897,-0.18092616945178897
-0.17739668725492158,-0.17739668725492158
-0.173875976466065,-0.173875976466065
-0.17036403217823287,-0.17036403217823287
-0.16686084946327415,-0.16686084946327415
-0.16336642337182433,-0.16336642337182433
-0.1598807489332479,-0.1598807489332479
-0.15640382115558907,-0.15640382115558907
-0.15293563502551236,-0.15293563502551236
-0.14947618550825464,-0.14947618550825464
-0.14602546754756424,-0.14602546754756424
-0.14258347606564947,-0.14258347606564947
-0.13915020596312286,-0.13915020596312286
-0.1357256521189448,-0.1357256521189448
-0.13230980939036643,-0.13230980939036643
-0.12890267261287422,-0.12890267261287422
-0.12550423660013363,-0.12550423660013363
-0.1221144961439311,-0.1221144961439311
-0.1187334460141157,-0.1187334460141157
-0.11536108095854186,-0.11536108095854186
-0.11199739570301193,-0.11199739570301193
-0.10864238495121645,-0.10864238495121645
-0.10529604338467423,-0.10529604338467423
-0.10195836566267436,-0.10195836566267436
-0.09862934642221616,-0.09862934642221616
-0.09530898027794864,-0.09530898027794864
-0.09199726182210924,-0.09199726182210924
-0.08869418562446325,-0.08869418562446325
-0.08539974623224388,-0.08539974623224388
-0.08211393817008869,-0.08211393817008869
-0.07883675593997788,-0.07883675593997788
-0.0755681940211717,-0.0755681940211717
-0.07230824687014842,-0.07230824687014842
-0.06905690892054034,-0.06905690892054034
-0.06581417458307,-0.06581417458307
-0.0625800382454856,-0.0625800382454856
-0.059354494272497914,-0.059354494272497914
-0.05613753700571501,-0.05613753700571501
-0.05292916076357564,-0.05292916076357564
-0.04972935984128449,-0.04972935984128449
-0.04653812851074689,-0.04653812851074689
-0.04335546102050154,-0.04335546102050154
-0.04018135159565265,-0.04018135159565265
-0.03701579443780414,-0.03701579443780414
-0.033858783724991424,-0.033858783724991424
-0.03071031361161329,-0.03071031361161329
-0.027570378228362922,-0.027570378228362922
-0.024438971682159,-0.024438971682159
-0.021316088056077327,-0.021316088056077327
-0.018201721409279774,-0.018201721409279774
-0.0150958657769446,-0.0150958657769446
-0.011998515170195219,-0.011998515170195219
-0.008909663576030452,-0.008909663576030452
-0.005829304957251725,-0.005829304957251725
-0.0027574332523913436,-0.0027574332523913436
0.0003059576243599407,0.0003059576243599407
0.0033608737832246122,0.0033608737832246122
0.006407321358912921,0.006407321358912921
0.009445306510697686,0.009445306510697686
0.012474835422483913,0.012474835422483913
0.015495914302889902,0.015495914302889902
0.01850854938531597,0.01850854938531597
0.02151274692802566,0.02151274692802566
0.02450851321421564,0.02450851321421564
0.027495854552098922,0.027495854552098922
0.03047477727497415,0.03047477727497415
0.03344528774131055,0.03344528774131055
0.03640739233481919,0.03640739233481919
0.03936109746453654,0.03936109746453654
0.04230640956489804,0.04230640956489804
0.04524333509582223,0.04524333509582223
0.0481718805427875,0.0481718805427875
0.05109205241691144,0.05109205241691144
0.05400385725503506,0.05400385725503506
0.056907301619798956,0.056907301619798956
0.05980239209973029,0.05980239209973029
0.06268913530931965,0.06268913530931965
0.0655675378891078,0.0655675378891078
0.0684376065057652,0.0684376065057652
0.07129934785217909,0.07129934785217909
0.07415276864753344,0.07415276864753344
0.07699787563739754,0.07699787563739754
0.07983467559380704,0.07983467559380704
0.08266317531535412,0.08266317531535412
0.08548338162726732,0.08548338162726732
0.08829530138150467,0.08829530138150467
0.09109894145683525,0.09109894145683525
0.09389430875893162,0.09389430875893162
0.09668141022045147,0.09668141022045147
0.0994602528011341,0.0994602528011341
0.10223084348788251,0.10223084348788251
0.10499318929485739,0.10499318929485739
0.10774729726356415,0.10774729726356415
0.11049317446294792,0.11049317446294792
0.11323082798947884,0.11323082798947884
0.1159602649672495,0.1159602649672495
0.11868149254806265,0.11868149254806265
0.12139451791152801,0.12139451791152801
0.12409934826515205,0.12409934826515205
0.12679599084443477,0.12679599084443477
0.12948445291296148,0.12948445291296148
0.13216474176250073,0.13216474176250073
0.13483686471309683,0.13483686471309683
0.1375008291131697,0.1375008291131697
0.14015664233960623,0.14015664233960623
0.14280431179786415,0.14280431179786415
0.14544384492206333,0.14544384492206333
0.14807524917509,0.14807524917509
0.15069853204869008,0.15069853204869008
0.1533137010635749,0.1533137010635749
0.1559207637695144,0.1559207637695144
0.15851972774544512,0.15851972774544512
0.16111060059956483,0.16111060059956483
0.16369338996944016,0.16369338996944016
0.16626810352210367,0.16626810352210367
0.16883474895416264,0.16883474895416264
0.17139333399189766,0.17139333399189766
0.17394386639137047,0.17394386639137047
0.17648635393852638,0.17648635393852638
0.17902080444930266,0.17902080444930266
0.18154722576973073,0.18154722576973073
0.1840656257760477,0.1840656257760477
0.1865760123747992,0.1865760123747992
0.1890783935029514,0.1890783935029514
0.19157277712799545,0.19157277712799545
0.19405917124806202,0.19405917124806202
0.19653758389202505,0.19653758389202505
0.19900802311961852,0.19900802311961852
0.2014704970215422,0.2014704970215422
0.2039250137195789,0.2039250137195789
0.20637158136670056,0.20637158136670056
0.20881020814718843,0.20881020814718843
0.21124090227674105,0.21124090227674105
0.21366367200259373,0.21366367200259373
0.21607852560362775,0.21607852560362775
0.2184854713904938,0.2184854713904938
0.2208845177057202,0.2208845177057202
0.22327567292383824,0.22327567292383824
0.22565894545149306,0.22565894545149306
0.22803434372756803,0.22803434372756803
0.23040187622329855,0.23040187622329855
0.23276155144239824,0.23276155144239824
0.2351133779211726,0.2351133779211726
0.23745736422864783,0.23745736422864783
0.23979351896668574,0.23979351896668574
0.24212185077011275,0.24212185077011275
0.24444236830683871,0.24444236830683871
0.24675508027798576,0.24675508027798576
0.2490599954180072,0.2490599954180072
0.25135712249482084,0.25135712249482084
0.25364647030992765,0.25364647030992765
0.2559280476985461,0.2559280476985461
0.2582018635297345,0.2582018635297345
0.26046792670652374,0.26046792670652374
0.26272624616604334,0.26272624616604334
0.26497683087965546,0.26497683087965546
0.2672196898530819,0.2672196898530819
0.2694548321265403,0.2694548321265403
0.2716822667748711,0.2716822667748711
0.2739020029076778,0.2739020029076778
0.27611404966945324,0.27611404966945324
0.2783184162397232,0.2783184162397232
0.28051511183317324,0.28051511183317324
0.28270414569979296,0.28270414569979296
0.2848855271250073,0.2848855271250073
0.2870592654298196,0.2870592654298196
0.28922536997094533,0.28922536997094533
0.2913838501409584,0.2913838501409584
0.2935347153684246,0.2935347153684246
0.2956779751180495,0.2956779751180495
0.2978136388908146,0.2978136388908146
0.2999417162241279,0.2999417162241279
0.3020622166919582,0.3020622166919582
0.304175149904991,0.304175149904991
0.30628052551076307,0.30628052551076307
0.308378353193819,0.308378353193819
0.31046864267584995,0.31046864267584995
0.31255140371585,0.31255140371585
0.31462664611025715,0.31462664611025715
0.3166943796931113,0.3166943796931113
0.31875461433619806,0.31875461433619806
0.3208073599492074,0.3208073599492074
0.3228526264798792,0.3228526264798792
0.3248904239141631,0.3248904239141631
0.3269207622763712,0.3269207622763712
0.32894365162933104,0.32894365162933104
0.3309591020745439,0.3309591020745439
0.33296712375234355,0.33296712375234355
0.3349677268420543,0.3349677268420543
0.3369609215621468,0.3369609215621468
0.33894671817040045,0.33894671817040045
0.34092512696406657,0.34092512696406657
0.3428961582800293,0.3428961582800293
0.3448598224949663,0.3448598224949663
0.3468161300255137,0.3468161300255137
0.34876509132843464,0.34876509132843464
0.35070671690078337,0.35070671690078337
0.35264101728006864,0.35264101728006864
0.3545680030444261,0.3545680030444261
0.3564876848127872,0.3564876848127872
0.3584000732450487,0.3584000732450487
0.3603051790422414,0.3603051790422414
0.36220301294670443,0.36220301294670443
0.3640935857422596,0.3640935857422596
0.3659769082543845,0.3659769082543845
0.3678529913503863,0.3678529913503863
0.36972184593957863,0.36972184593957863
0.3715834829734622,0.3715834829734622
0.37343791344590016,0.37343791344590016
0.3752851483932968,0.3752851483932968
0.37712519889478247,0.37712519889478247
0.3789580760723892,0.3789580760723892
0.3807837910912414,0.3807837910912414
0.3826023551597312,0.3826023551597312
0.38441377952971145,0.38441377952971145
0.38621807549667536,0.38621807549667536
0.38801525439995044,0.38801525439995044
0.3898053276228795,0.3898053276228795
0.391588306593018,0.391588306593018
0.3933642027823177,0.3933642027823177
0.3951330277073257,0.3951330277073257
0.39689479292937024,0.39689479292937024
0.39864951005476257,0.39864951005476257
0.40039719073498575,0.40039719073498575
0.4021378466668968,0.4021378466668968
0.40387148959292013,0.40387148959292013
0.40559813130125083,0.40559813130125083
0.407317783626051,0.407317783626051
0.4090304584476561,0.4090304584476561
0.41073616769277155,0.41073616769277155
0.41243492333468523,0.41243492333468523
0.41412673739346306,0.41412673739346306
0.4158116219361656,0.4158116219361656
0.4174895890770459,0.4174895890770459
0.4191606509777694,0.4191606509777694
0.42082481984761394,0.42082481984761394
0.4224821079436907,0.4224821079436907
0.42413252757114983,0.42413252757114983
0.4257760910834017,0.4257760910834017
0.4274128108823249,0.4274128108823249
0.42904269941849343,0.42904269941849343
0.4306657691913834,0.4306657691913834
0.43228203274960464,0.43228203274960464
0.4338915026911119,0.4338915026911119
0.4354941916634346,0.4354941916634346
0.4370901123638962,0.4370901123638962
0.4386792775398435,0.4386792775398435
0.44026169998886844,0.44026169998886844
0.4418373925590434,0.4418373925590434
0.44340636814914164,0.44340636814914164
0.44496863970887884,0.44496863970887884
0.44652422023913585,0.44652422023913585
0.44807312279220035,0.44807312279220035
0.4496153604719968,0.4496153604719968
0.45115094643432835,0.45115094643432835
0.4526798938871096,0.4526798938871096
0.454202216090613,0.454202216090613
0.45571792635770386,0.45571792635770386
0.4572270380540905,0.4572270380540905
0.45872956459856007,0.45872956459856007
0.46022551946323437,0.46022551946323437
0.461714916173809,0.461714916173809
0.46319776830980897,0.46319776830980897
0.4646740895048344,0.4646740895048344
0.4661438934468181,0.4661438934468181
0.4676071938782737,0.4676071938782737
0.4690640045965582,0.4690640045965582
0.4705143394541223,0.4705143394541223
0.4719582123587756,0.4719582123587756
0.4733956372739411,0.4733956372739411
0.47482662821892474,0.47482662821892474
0.47625119926917037,0.47625119926917037
0.47766936455653547,0.47766936455653547
0.4790811382695481,0.4790811382695481
0.4804865346536867,0.4804865346536867
0.4818855680116398,0.4818855680116398
0.48327825270358965,0.48327825270358965
0.4846646031474763,0.4846646031474763
0.4860446338192826,0.4860446338192826
0.4874183592533039,0.4874183592533039
0.4887857940424361,0.4887857940424361
0.4901469528384482,0.4901469528384482
0.4915018503522753,0.4915018503522753
0.4928505013542939,0.4928505013542939
0.4941929206746179,0.4941929206746179
0.4955291232033791,0.4955291232033791
0.49685912389102643,0.49685912389102643
0.49818293774861044,0.49818293774861044
0.4995005798480855,0.4995005798480855
0.5008120653225987,0.5008120653225987
0.5021174093667962,0.5021174093667962
0.5034166272371154,0.5034166272371154
0.5047097342520961,0.5047097342520961
0.5059967457926754,0.5059967457926754
0.5072776773025037,0.5072776773025037
0.5085525442882436,0.5085525442882436
0.5098213623198895,0.5098213623198895
0.5110841470310714,0.5110841470310714
0.5123409141193781,0.5123409141193781
0.513591679346664,0.513591679346664
0.5148364585393785,0.5148364585393785
0.5160752675888766,0.5160752675888766
0.5173081224517511,0.5173081224517511
0.5185350391501481,0.5185350391501481
0.5197560337721039,0.5197560337721039
0.5209711224718688,0.5209711224718688
0.5221803214702391,0.5221803214702391
0.5233836470548902,0.5233836470548902
0.5245811155807166,0.5245811155807166
0.525772743470168,0.525772743470168
0.5269585472135884,0.5269585472135884
0.5281385433695587,0.5281385433695587
0.5293127485652461,0.5293127485652461
0.5304811794967499,0.5304811794967499
0.5316438529294465,0.5316438529294465
0.5328007856983467,0.5328007856983467
0.5339519947084506,0.5339519947084506
0.5350974969351033,0.5350974969351033
0.536237309424352,0.536237309424352
0.5373714492933093,0.5373714492933093
0.5384999337305205,0.5384999337305205
0.5396227799963271,0.5396227799963271
0.5407400054232359,0.5407400054232359
0.5418516274162902,0.5418516274162902
0.5429576634534492,0.5429576634534492
0.5440581310859599,0.5440581310859599
0.545153047938736,0.545153047938736
0.5462424317107423,0.5462424317107423
0.5473263001753793,0.5473263001753793
0.5484046711808714,0.5484046711808714
0.5494775626506531,0.5494775626506531
0.5505449925837629,0.5505449925837629
0.5516069790552424,0.5516069790552424
0.552663540216531,0.552663540216531
0.5537146942958656,0.5537146942958656
0.5547604595986851,0.5547604595986851
0.5558008545080397,0.5558008545080397
0.5568358974849985,0.5568358974849985
0.5578656070690575,0.5578656070690575
0.5588900018785575,0.5588900018785575
0.5599091006111059,0.5599091006111059
0.5609229220439919,0.5609229220439919
0.56193148503461,0.56193148503461
0.562934808520888,0.562934808520888
0.5639329115217194,0.5639329115217194
0.564925813137394,0.564925813137394
0.5659135325500284,0.5659135325500284
0.5668960890240112,0.5668960890240112
0.5678735019064435,0.5678735019064435
0.5688457906275834,0.5688457906275834
0.5698129747012897,0.5698129747012897
0.5707750737254804,0.5707750737254804
0.5717321073825802,0.5717321073825802
0.5726840954399848,0.5726840954399848
0.573631057750513,0.573631057750513
0.5745730142528805,0.5745730142528805
0.5755099849721574,0.5755099849721574
0.57644199002025,0.57644199002025
0.5773690495963621,0.5773690495963621
0.5782911839874838,0.5782911839874838
0.5792084135688639,0.5792084135688639
0.580120758804501,0.580120758804501
0.5810282402476238,0.5810282402476238
0.5819308785411911,0.5819308785411911
0.5828286944183761,0.5828286944183761
0.5837217087030764,0.5837217087030764
0.5846099423104035,0.5846099423104035
0.5854934162472007,0.5854934162472007
0.5863721516125414,0.5863721516125414
0.5872461695982494,0.5872461695982494
0.5881154914894106,0.5881154914894106
0.5889801386648977,0.5889801386648977
0.5898401325978887,0.5898401325978887
0.5906954948564023,0.5906954948564023
0.5915462471038199,0.5915462471038199
0.5923924110994329,0.5923924110994329
0.5932340086989684,0.5932340086989684
0.5940710618551478,0.5940710618551478
0.5949035926182201,0.5949035926182201
0.5957316231365248,0.5957316231365248
0.5965551756570373,0.5965551756570373
0.5973742725259387,0.5973742725259387
0.5981889361891701,0.5981889361891701
0.5989991891930078,0.5989991891930078
0.5998050541846294,0.5998050541846294
0.6006065539126956,0.6006065539126956
0.601403711227925,0.601403711227925
0.6021965490836857,0.6021965490836857
0.6029850905365757,0.6029850905365757
0.6037693587470281,0.6037693587470281
0.6045493769798953,0.6045493769798953
0.6053251686050648,0.6053251686050648
0.6060967570980554,0.6060967570980554
0.6068641660406378,0.6068641660406378
0.6076274191214408,0.6076274191214408
0.6083865401365836,0.6083865401365836
0.6091415529902883,0.6091415529902883
0.6098924816955227,0.6098924816955227
0.6106393503746254,0.6106393503746254
0.6113821832599508,0.6113821832599508
0.6121210046945094,0.6121210046945094
0.6128558391326236,0.6128558391326236
0.6135867111405742,0.6135867111405742
0.6143136453972651,0.6143136453972651
0.6150366666948843,0.6150366666948843
0.6157557999395781,0.6157557999395781
0.616471070152117,0.616471070152117
0.6171825024685853,0.6171825024685853
0.6178901221410559,0.6178901221410559
0.6185939545382906,0.6185939545382906
0.619294025146424,0.619294025146424
0.6199903595696759,0.6199903595696759
0.6206829835310463,0.6206829835310463
0.6213719228730367,0.6213719228730367
0.6220572035583604,0.6220572035583604
0.6227388516706672,0.6227388516706672
0.6234168934152684,0.6234168934152684
0.6240913551198783,0.6240913551198783
0.624762263235348,0.624762263235348
0.6254296443364088,0.6254296443364088
0.6260935251224249,0.6260935251224249
0.6267539324181557,0.6267539324181557
0.6274108931745126,0.6274108931745126
0.6280644344693261,0.6280644344693261
0.6287145835081253,0.6287145835081253
0.6293613676249176,0.6293613676249176
0.6300048142829764,0.6300048142829764
0.6306449510756302,0.6306449510756302
0.6312818057270653,0.6312818057270653
0.6319154060931313,0.6319154060931313
0.6325457801621566,0.6325457801621566
0.6331729560557583,0.6331729560557583
0.6337969620296725,0.6337969620296725
0.6344178264745901,0.6344178264745901
0.635035577916989,0.635035577916989
0.6356502450199787,0.6356502450199787
0.6362618565841537,0.6362618565841537
0.6368704415484555,0.6368704415484555
0.6374760289910348,0.6374760289910348
0.638078648130121,0.638078648130121
0.6386783283249032,0.6386783283249032
0.6392750990764225,0.6392750990764225
0.6398689900284604,0.6398689900284604
0.6404600309684354,0.6404600309684354
0.6410482518283178,0.6410482518283178
0.6416336826855452,0.6416336826855452
0.6422163537639433,0.6422163537639433
0.6427962954346524,0.6427962954346524
0.6433735382170697,0.6433735382170697
0.6439481127797978,0.6439481127797978
0.6445200499415932,0.6445200499415932
0.6450893806723271,0.6450893806723271
0.6456561360939547,0.6456561360939547
0.6462203474814974,0.6462203474814974
0.6467820462640234,0.6467820462640234
0.6473412640256389,0.6473412640256389
0.6478980325064908,0.6478980325064908
0.6484523836037802,0.6484523836037802
0.6490043493727785,0.6490043493727785
0.6495539620278484,0.6495539620278484
0.6501012539434841,0.6501012539434841
0.6506462576553557,0.6506462576553557
0.6511890058613601,0.6511890058613601
0.6517295314226781,0.6517295314226781
0.6522678673648469,0.6522678673648469
0.6528040468788444,0.6528040468788444
0.653338103322169,0.653338103322169
0.6538700702199398,0.6538700702199398
0.6543999812660014,0.6543999812660014
0.6549278703240446,0.6549278703240446
0.6554537714287262,0.6554537714287262
0.655977718786803,0.655977718786803
0.6564997467782795,0.6564997467782795
0.6570198899575602,0.6570198899575602
0.6575381830546156,0.6575381830546156
0.6580546609761484,0.6580546609761484
0.6585693588067869,0.6585693588067869
0.6590823118102701,0.6590823118102701
0.6595935554306601,0.6595935554306601
0.6601031252935463,0.6601031252935463
0.66061105720728,0.66061105720728
0.6611173871642024,0.6611173871642024
0.6616221513418963,0.6616221513418963
0.662125386104435,0.662125386104435
0.6626271280036604,0.6626271280036604
0.6631274137804497,0.6631274137804497
0.6636262803660171,0.6636262803660171
0.6641237648832023,0.6641237648832023
0.6646199046477952,0.6646199046477952
0.6651147371698467,0.6651147371698467
0.665608300155017,0.665608300155017
0.6661006315059091,0.6661006315059091
0.6665917693234414,0.6665917693234414
0.6670817519082036,0.6670817519082036
0.6675706177618562,0.6675706177618562
0.668058405588506,0.668058405588506
0.6685451542961331,0.6685451542961331
0.6690309029979941,0.6690309029979941
0.669515691014068,0.669515691014068
0.6699995578724869,0.6699995578724869
0.6704825433110093,0.6704825433110093
0.6709646872784774,0.6709646872784774
0.6714460299363136,0.6714460299363136
0.6719266116600034,0.6719266116600034
0.6724064730406223,0.6724064730406223
0.6728856548863457,0.6728856548863457
0.673364198223997,0.673364198223997
0.6738421443005926,0.6738421443005926
0.674319534584916,0.674319534584916
0.6747964107690851,0.6747964107690851
0.6752728147701622,0.6752728147701622
0.675748788731749,0.675748788731749
0.6762243750256215,0.6762243750256215
0.6766996162533567,0.6766996162533567
0.677174555247999,0.677174555247999
0.6776492350757143,0.6776492350757143
0.6781236990374897,0.6781236990374897
0.6785979906708158,0.6785979906708158
0.6790721537514168,0.6790721537514168
0.6795462322949676,0.6795462322949676
0.680020270558855,0.680020270558855
0.6804943130439233,0.6804943130439233
0.6809684044962708,0.6809684044962708
0.6814425899090296,0.6814425899090296
0.681916914524193,0.681916914524193
0.6823914238344295,0.6823914238344295
0.6828661635849435,0.6828661635849435
0.6833411797753267,0.6833411797753267
0.6838165186614492,0.6838165186614492
0.6842922267573481,0.6842922267573481
0.6847683508371559,0.6847683508371559
0.6852449379370221,0.6852449379370221
0.6857220353570793,0.6857220353570793
0.6861996906634023,0.6861996906634023
0.6866779516900084,0.6866779516900084
0.6871568665408582,0.6871568665408582
0.6876364835918933,0.6876364835918933
0.6881168514930696,0.6881168514930696
0.6885980191704384,0.6885980191704384
0.6890800358282295,0.6890800358282295
0.6895629509509515,0.6895629509509515
0.6900468143055235,0.6900468143055235
0.6905316759434267,0.6905316759434267
0.6910175862028672,0.6910175862028672
0.6915045957109658,0.6915045957109658
0.6919927553859682,0.6919927553859682
0.6924821164394818,0.6924821164394818
0.6929727303787268,0.6929727303787268
0.6934646490088067,0.6934646490088067
0.6939579244350099,0.6939579244350099
0.6944526090651367,0.6944526090651367
0.6949487556118322,0.6949487556118322
0.6954464170949569,0.6954464170949569
0.6959456468439733,0.6959456468439733
0.6964464985003646,0.6964464985003646
0.6969490260200697,0.6969490260200697
0.6974532836759385,0.6974532836759385
0.6979593260602194,0.6979593260602194
0.6984672080870781,0.6984672080870781
0.6989769849951233,0.6989769849951233
0.6994887123499669,0.6994887123499669
0.7000024460468134,0.7000024460468134
0.7005182423130747,0.7005182423130747
0.7010361577110031,0.7010361577110031
0.7015562491403547,0.7015562491403547
0.7020785738410863,0.7020785738410863
0.7026031893960727,0.7026031893960727
0.7031301537338519,0.7031301537338519
0.7036595251313978,0.7036595251313978
0.7041913622169234,0.7041913622169234
0.7047257239727156,0.7047257239727156
0.7052626697379925,0.7052626697379925
0.7058022592117894,0.7058022592117894
0.7063445524558796,0.7063445524558796
0.706889609897726,0.706889609897726
0.70743749233346,0.70743749233346
0.7079882609308856,0.7079882609308856
0.708541977232521,0.708541977232521
0.7090987031586832,0.7090987031586832
0.7096585010105781,0.7096585010105781
0.7102214334734414,0.7102214334734414
0.7107875636197096,0.7107875636197096
0.7113569549122217,0.7113569549122217
0.7119296712074599,0.7119296712074599
0.7125057767588087,0.7125057767588087
0.7130853362198656,0.7130853362198656
0.713668414647786,0.713668414647786
0.7142550775066495,0.7142550775066495
0.7148453906708694,0.7148453906708694
0.7154394204286456,0.7154394204286456
0.7160372334854431,0.7160372334854431
0.7166388969675159,0.7166388969675159
0.7172444784254581,0.7172444784254581
0.7178540458378043,0.7178540458378043
0.7184676676146651,0.7184676676146651
0.7190854126013995,0.7190854126013995
0.7197073500823251,0.7197073500823251
0.7203335497844703,0.7203335497844703
0.7209640818813747,0.7209640818813747
0.7215990169969214,0.7215990169969214
2.1399233970833587,2.1399233970833587
2.1220733188532597,2.1220733188532597
2.1041105957007513,2.1041105957007513
2.0860384776796916,2.0860384776796916
2.0678599745734747,2.0678599745734747
2.0495778852405966,2.0495778852405966
2.03119482217548,2.03119482217548
2.0127132322439962,2.0127132322439962
1.9941354143280616,1.9941354143280616
1.9754635344480143,1.9754635344480143
1.9566996388089137,1.9566996388089137
1.9378456651236702,1.9378456651236702
1.918903452495468,1.918903452495468
1.8998747500873012,1.8998747500873012
1.8807612247637469,1.8807612247637469
1.86156446785672,1.86156446785672
1.8422860011805486,1.8422860011805486
1.822927282400336,1.822927282400336
1.8034897098405231,1.8034897098405231
1.7839746268066392,1.7839746268066392
1.7643833254820613,1.7643833254820613
1.7447170504521559,1.7447170504521559
1.7249770019004735,1.7249770019004735
1.7051643385154094,1.7051643385154094
1.6852801801402375,1.6852801801402375
1.6653256101950547,1.6653256101950547
1.6453016778954446,1.6453016778954446
1.6252094002891706,1.6252094002891706
1.605049764130011,1.605049764130011
1.5848237276048902,1.5848237276048902
1.5645322219291131,1.5645322219291131
1.5441761528221303,1.5441761528221303
1.5237564018755467,1.5237564018755467
1.5032738278229303,1.5032738278229303
1.4827292677207087,1.4827292677207087
1.4621235380479094,1.4621235380479094
1.4414574357317989,1.4414574357317989
1.420731739105845,1.420731739105845
1.3999472088057718,1.3999472088057718
1.3791045886085023,1.3791045886085023
1.358204606219065,1.358204606219065
1.337247974009264,1.337247974009264
1.31623538971197,1.31623538971197
1.2951675370746276,1.2951675370746276
1.2740450864747181,1.2740450864747181
1.2528686955004114,1.2528686955004114
1.2316390094985623,1.2316390094985623
1.2103566620927868,1.2103566620927868
1.1890222756733877,1.1890222756733877
1.1676364618613277,1.1676364618613277
1.146199821947997,1.146199821947997
1.1247129473123172,1.1247129473123172
1.1031764198168252,1.1031764198168252
1.0815908121840412,1.0815908121840412
1.059956688354342,1.059956688354342
1.0382746038268174,1.0382746038268174
1.016545105983683,1.016545105983683
0.9947687343998233,0.9947687343998233
0.9729460211379077,0.9729460211379077
0.9510774910303681,0.9510774910303681
0.929163661948671,0.929163661948671
0.90720504506079,0.90720504506079
0.885202145077729,0.885202145077729
0.863155460489363,0.863155460489363
0.8410654837905991,0.8410654837905991
0.8189327016980652,0.8189327016980652
0.7967575953580752,0.7967575953580752
0.7745406405463608,0.7745406405463608
0.7522823078597582,0.7522823078597582
0.7299830629006703,0.7299830629006703
0.7076433664543629,0.7076433664543629
0.6852636746596499,0.6852636746596499
0.6628444391732433,0.6628444391732433
0.6403861073281671,0.6403861073281671
0.6178891222864102,0.6178891222864102
0.5953539231862983,0.5953539231862983
0.5727809452846309,0.5727809452846309
0.5501706200940912,0.5501706200940912
0.5275233755158961,0.5275233755158961
0.5048396359681835,0.5048396359681835
0.48211982251013374,0.48211982251013374
0.45936435296212075,0.45936435296212075
0.4365736420221644,0.4365736420221644
0.41374810137866547,0.41374810137866547
0.3908881398198165,0.3908881398198165
0.367994163339576,0.367994163339576
0.3450665752407751,0.3450665752407751
0.3221057762349897,0.3221057762349897
0.29911216453976586,0.29911216453976586
0.2760861359730331,0.2760861359730331
0.2530280840449741,0.2530280840449741
0.22993840004747668,0.22993840004747668
0.20681747314106502,0.20681747314106502
0.18366569043987013,0.18366569043987013
0.16048343709412372,0.16048343709412372
0.13727109637087587,0.13727109637087587
0.11402904973262373,0.11402904973262373
0.090757676914059,0.090757676914059
0.06745735599709057,0.06745735599709057
0.04412846348416544,0.04412846348416544
0.020771374369880746,0.020771374369880746
-0.0026135377889140443,-0.0026135377889140443
-0.026025900804459212,-0.026025900804459212
-0.0494653437909367,-0.0494653437909367
-0.07293149709858326,-0.07293149709858326
-0.09642399224922649,-0.09642399224922649
-0.11994246187294344,-0.11994246187294344
-0.14348653964591662,-0.14348653964591662
-0.1670558602295067,-0.1670558602295067
-0.19065005921031108,-0.19065005921031108
-0.21426877304127245,-0.21426877304127245
-0.23791163898382628,-0.23791163898382628
-0.26157829505084784,-0.26157829505084784
-0.28526837995066323,-0.28526837995066323
-0.30898153303178155,-0.30898153303178155
-0.3327173942284478,-0.3327173942284478
-0.3564756040070538,-0.3564756040070538
-0.380255803313128,-0.380255803313128
-0.40405763351917123,-0.40405763351917123
-0.42788073637303903,-0.42788073637303903
-0.45172475394701017,-0.45172475394701017
-0.4755893285873931,-0.4755893285873931
-0.49947410286474536,-0.49947410286474536
-0.5233787195245743,-0.5233787195245743
-0.5473028214385263,-0.5473028214385263
-0.5712460515561215,-0.5712460515561215
-0.5952080528567958,-0.5952080528567958
-0.6191884683024647,-0.6191884683024647
-0.6431869407904447,-0.6431869407904447
-0.6672031131066518,-0.6672031131066518
-0.6912366278792632,-0.6912366278792632
-0.7152871275325623,-0.7152871275325623
-0.7393542542411353,-0.7393542542411353
-0.7634376498842936,-0.7634376498842936
-0.7875369560007837,-0.7875369560007837
-0.8116518137436017,-0.8116518137436017
-0.8357818638350842,-0.8357818638350842
-0.8599267465221807,-0.8599267465221807
-0.8840861015317838,-0.8840861015317838
-0.9082595680262493,-0.9082595680262493
-0.9324467845589908,-0.9324467845589908
-0.9566473890302021,-0.9566473890302021
-0.9808610186425692,-0.9808610186425692
-1.0050873098570872,-1.0050873098570872
-1.0293258983488833,-1.0293258983488833
-1.0535764189630132,-1.0535764189630132
-1.0778385056702966,-1.0778385056702966
-1.1021117915230718,-1.1021117915230718
-1.1263959086109203,-1.1263959086109203
-1.1506904880163376,-1.1506904880163376
-1.1749951597702673,-1.1749951597702673
-1.1993095528075735,-1.1993095528075735
-1.223633294922342,-1.223633294922342
-1.2479660127230954,-1.2479660127230954
-1.2723073315878128,-1.2723073315878128
-1.296656875618737,-1.296656875618737
-1.3210142675970786,-1.3210142675970786
-1.3453791289373775,-1.3453791289373775
-1.3697510796417518,-1.3697510796417518
-1.3941297382538345,-1.3941297382538345
-1.4185147218124357,-1.4185147218124357
-1.4429056458049434,-1.4429056458049434
-1.467302124120403,-1.467302124120403
-1.4917037690022994,-1.4917037690022994
-1.5161101910009762,-1.5161101910009762
-1.5405209989256292,-1.5405209989256292
-1.5649357997961602,-1.5649357997961602
-1.5893541987942488,-1.5893541987942488
-1.6137757992144746,-1.6137757992144746
-1.638200202414538,-1.638200202414538
-1.66262700776538,-1.66262700776538
-1.68705581260072,-1.68705581260072
-1.7114862121660117,-1.7114862121660117
-1.7359177995670034,-1.7359177995670034
-1.7603501657177798,-1.7603501657177798
-1.7847828992881727,-1.7847828992881727
-1.8092155866505877,-1.8092155866505877
-1.8336478118263972,-1.8336478118263972
-1.8580791564315682,-1.8580791564315682
-1.8825091996217242,-1.8825091996217242
-1.9069375180365142,-1.9069375180365142
-1.9313636857434062,-1.9313636857434062
-1.95578727418064,-1.95578727418064
-1.980207852099591,-1.980207852099591
-2.004624985506311,-2.004624985506311
-2.0290382376023857,-2.0290382376023857
-2.053447168724885,-2.053447168724885
-2.077851336285608,-2.077851336285608
-2.102250294709462,-2.102250294709462
-2.1266435953719984,-2.1266435953719984
-2.1510307865359284,-2.1510307865359284
-2.1754114132869926,-2.1754114132869926
-2.199785017468619,-2.199785017468619
-2.224151137615763,-2.224151137615763
-2.2485093088877672,-2.2485093088877672
-2.2728590630000927,-2.2728590630000927
-2.2971999281551074,-2.2971999281551074
-2.32153142897171,-2.32153142897171
-2.345853086413946,-2.345853086413946
-2.3701644177183674,-2.3701644177183674
-2.3944649363202686,-2.3944649363202686
-2.418754151778808,-2.418754151778808
-2.4430315697006897,-2.4430315697006897
-2.4672966916627885,-2.4672966916627885
-2.4915490151333017,-2.4915490151333017
-2.515788033391688,-2.515788033391688
-2.5400132354471303,-2.5400132354471303
-2.564224105955665,-2.564224105955665
-2.5884201251357197,-2.5884201251357197
-2.612600768682368,-2.612600768682368
-2.6367655076798826,-2.6367655076798826
-2.6609138085127864,-2.6609138085127864
-2.6850451327752047,-2.6850451327752047
-2.709158937178671,-2.709158937178671
-2.733254673458216,-2.733254673458216
-2.757331788276569,-2.757331788276569
-2.7813897231266944,-2.7813897231266944
-2.805427914232512,-2.805427914232512
-2.8294457924474967,-2.8294457924474967
-2.853442783151639,-2.853442783151639
-2.877418306146126,-2.877418306146126
-2.9013717755461697,-2.9013717755461697
-2.925302599671583,-2.925302599671583
-2.9492101809352995,-2.9492101809352995
-2.9730939157295433,-2.9730939157295433
-2.9969531943098247,-2.9969531943098247
-3.0207874006765714,-3.0207874006765714
-3.044595912454189,-3.044595912454189
-3.068378100767905,-3.068378100767905
-3.0921333301177825,-3.0921333301177825
-3.11586095825034,-3.11586095825034
-3.1395603360274205,-3.1395603360274205
-3.1632308072920567,-3.1632308072920567
-3.1868717087319753,-3.1868717087319753
-3.210482369739622,-3.210482369739622
-3.2340621122696795,-3.2340621122696795
-3.2576102506930935,-3.2576102506930935
-3.2811260916482112,-3.2811260916482112
-3.304608933888434,-3.304608933888434
-3.328058068126732,-3.328058068126732
-3.351472776876462,-3.351472776876462
-3.3748523342888497,-3.3748523342888497
-3.398196005986631,-3.398196005986631
-3.4215030488940927,-3.4215030488940927
-3.4447727110631385,-3.4447727110631385
-3.4680042314953745,-3.4680042314953745
-3.491196839960174,-3.491196839960174
-3.5143497568084925,-3.5143497568084925
-3.5374621927822316,-3.5374621927822316
-3.5605333488193107,-3.5605333488193107
-3.583562415854061,-3.583562415854061
-3.606548574612816,-3.606548574612816
-3.629490995404751,-3.629490995404751
-3.652388837907589,-3.652388837907589
-3.675241250948189,-3.675241250948189
-3.698047372277755,-3.698047372277755
-3.72080632834167,-3.72080632834167
-3.743517234043493,-3.743517234043493
-3.7661791925032535,-3.7661791925032535
-3.7887912948096805,-3.7887912948096805
-3.8113526197662324,-3.8113526197662324
-3.8338622336307946,-3.8338622336307946
-3.8563191898486533,-3.8563191898486533
-3.878722528778824,-3.878722528778824
-3.901071277413302,-3.901071277413302
-3.9233644490889636,-3.9233644490889636
-3.945601043192333,-3.945601043192333
-3.9677800448561884,-3.9677800448561884
-3.9899004246486456,-3.9899004246486456
-4.01196113825376,-4.01196113825376
-4.03396112614377,-4.03396112614377
-4.055899313242601,-4.055899313242601
-4.077774608580208,-4.077774608580208
-4.099585904937833,-4.099585904937833
-4.121332078483335,-4.121332078483335
-4.143011988396778,-4.143011988396778
-4.164624476485558,-4.164624476485558
-4.1861683667889915,-4.1861683667889915
-4.207642465171996,-4.207642465171996
-4.229045558907025,-4.229045558907025
-4.250376416244697,-4.250376416244697
-4.271633785971943,-4.271633785971943
-4.292816396957643,-4.292816396957643
-4.313922957685244,-4.313922957685244
-4.334952155771963,-4.334952155771963
-4.355902657473843,-4.355902657473843
-4.376773107176511,-4.376773107176511
-4.397562126870929,-4.397562126870929
-4.418268315613604,-4.418268315613604
-4.438890248970685,-4.438890248970685
-4.459426478445581,-4.459426478445581
-4.479875530889155,-4.479875530889155
-4.500235907892113,-4.500235907892113
-4.520506085158756,-4.520506085158756
-4.540684511861628,-4.540684511861628
-4.5607696099760995,-4.5607696099760995
-4.580759773594269,-4.580759773594269
-4.600653368217401,-4.600653368217401
-4.620448730026017,-4.620448730026017
-4.640144165126866,-4.640144165126866
-4.659737948775806,-4.659737948775806
-4.679228324575676,-4.679228324575676
-4.698613503648205,-4.698613503648205
-4.717891663779062,-4.717891663779062
-4.737060948534634,-4.737060948534634
-4.756119466349784,-4.756119466349784
-4.775065289585246,-4.775065289585246
-4.79389645355339,-4.79389645355339
-4.8126109555112375,-4.8126109555112375
-4.831206753619159,-4.831206753619159
-4.849681765864101,-4.849681765864101
-4.868033868945625,-4.868033868945625
-4.886260897123387,-4.886260897123387
-4.9043606410243665,-4.9043606410243665
-4.922330846408061,-4.922330846408061
-4.940169212888061,-4.940169212888061
-4.95787339260788,-4.95787339260788
-4.975440988869286,-4.975440988869286
-4.992869554710812,-4.992869554710812
-5.010156591434664,-5.010156591434664
-5.027299547079126,-5.027299547079126
-5.044295814834851,-5.044295814834851
-5.06114273140153,-5.06114273140153
-5.077837575283304,-5.077837575283304
-5.094377565019213,-5.094377565019213
-5.110759857346221,-5.110759857346221
-5.126981545291661,-5.126981545291661
-5.143039656191469,-5.143039656191469
-5.158931149631257,-5.158931149631257
-5.174652915305942,-5.174652915305942
-5.190201770794653,-5.190201770794653
-5.205574459246401,-5.205574459246401
-5.220767646972327,-5.220767646972327
-5.235777920940123,-5.235777920940123
-5.2506017861653635,-5.2506017861653635
-5.265235662995165,-5.265235662995165
-5.279675884278418,-5.279675884278418
-5.293918692416842,-5.293918692416842
-5.307960236290991,-5.307960236290991
-5.321796568054707,-5.321796568054707
-5.335423639791007,-5.335423639791007
-5.348837300022396,-5.348837300022396
-5.362033290067868,-5.362033290067868
-5.375007240238306,-5.375007240238306
-5.387754665861594,-5.387754665861594
-5.40027096312844,-5.40027096312844
-5.412551404748798,-5.412551404748798
-5.424591135408693,-5.424591135408693
-5.436385167015934,-5.436385167015934
-5.447928373723357,-5.447928373723357
-5.459215486716497,-5.459215486716497
-5.470241088752406,-5.470241088752406
-5.480999608435193,-5.480999608435193
-5.4914853142126665,-5.4914853142126665
-5.5016923080780264,-5.5016923080780264
-5.511614518958582,-5.511614518958582
-5.521245695772873,-5.521245695772873
-5.530579400135915,-5.530579400135915
-5.5396089986909836,-5.5396089986909836
-5.548327655044743,-5.548327655044743
-5.5567283212807155,-5.5567283212807155
-5.564803729024436,-5.564803729024436
-5.5725463800313095,-5.5725463800313095
-5.579948536266823,-5.579948536266823
-5.587002209445071,-5.587002209445071
-5.593699149990072,-5.593699149990072
-5.600030835381286,-5.600030835381286
-5.605988457841547,-5.605988457841547
-5.6115629113220935,-5.6115629113220935
-5.616744777736194,-5.616744777736194
-5.621524312388576,-5.621524312388576
-5.625891428543864,-5.625891428543864
-5.629835681071213,-5.629835681071213
-5.6333462490994535,-5.6333462490994535
-5.636411917608406,-5.636411917608406
-5.639021057878302,-5.639021057878302
-5.641161606710164,-5.641161606710164
-5.64282104432396,-5.64282104432396
-5.643986370831697,-5.643986370831697
-5.644644081173842,-5.644644081173842
-5.644780138397111,-5.644780138397111
-5.644379945139428,-5.644379945139428
-5.643428313176597,-5.643428313176597
-5.641909430869514,-5.641909430869514
-5.639806828335855,-5.639806828335855
-5.637103340152666,-5.637103340152666
-5.633781065376761,-5.633781065376761
-5.62982132464736,-5.62982132464736
-5.625204614112271,-5.625204614112271
-5.619910555890093,-5.619910555890093
-5.6139178447516365,-5.6139178447516365
-5.607204190668361,-5.607204190668361
-5.599746256837112,-5.599746256837112
-5.591519592746583,-5.591519592746583
-5.582498561801655,-5.582498561801655
-5.572656262965354,-5.572656262965354
-5.561964445814611,-5.561964445814611
-5.550393418333905,-5.550393418333905
-5.5379119466885145,-5.5379119466885145
-5.524487146124522,-5.524487146124522
-5.510084362035617,-5.510084362035617
-5.494667040112878,-5.494667040112878
-5.478196584352129,-5.478196584352129
-5.460632201529299,-5.460632201529299
-5.441930730565584,-5.441930730565584
-5.422046454984435,-5.422046454984435
-5.400930896409,-5.400930896409
-5.378532586750242,-5.378532586750242
-5.354796816390961,-5.354796816390961
-5.329665355262835,-5.329665355262835
-5.303076143236985,-5.303076143236985
-5.27496294568285,-5.27496294568285
-5.24525496938309,-5.24525496938309
-5.2138764331967495,-5.2138764331967495
-5.180746086915861,-5.180746086915861
-5.145776670624996,-5.145776670624996
-5.108874305506541,-5.108874305506541
-5.0699378053843525,-5.0699378053843525
-5.028857896293978,-5.028857896293978
-4.9855163289240725,-4.9855163289240725
-4.9397848657756205,-4.9397848657756205
-4.891524121192523,-4.891524121192523
-4.840582227837872,-4.840582227837872
-4.786793297480188,-4.786793297480188
-4.729975636789232,-4.729975636789232
-4.66992966978925,-4.66992966978925
-4.606435507102185,-4.606435507102185
-4.53925008735332,-4.53925008735332
-4.468103797037944,-4.468103797037944
-4.392696450292534,-4.392696450292534
-4.312692477322319,-4.312692477322319
-4.22771512682166,-4.22771512682166
-4.137339429447895,-4.137339429447895
-4.041083590303499,-4.041083590303499
-3.938398369667187,-3.938398369667187
-3.82865385981611,-3.82865385981611
-3.711122851858014,-3.711122851858014
-3.5849596794120187,-3.5849596794120187
-3.44917297745346,-3.44917297745346
-3.3025901268725235,-3.3025901268725235
-3.143810139826332,-3.143810139826332
-2.971140159829224,-2.971140159829224
-2.782508222509731,-2.782508222509731
-2.575340758098314,-2.575340758098314
-2.3463862167992864,-2.3463862167992864
-2.0914536094529614,-2.0914536094529614
-1.8050113886952235,-1.8050113886952235
-1.479546309660186,-1.479546309660186
-1.1044861662793104,-1.1044861662793104
-0.6642734490794533,-0.6642734490794533
-0.13463372344830304,-0.13463372344830304
0.5254707894539701,0.5254707894539701
1.3940473164865494,1.3940473164865494
2.6505043899611587,2.6505043899611587
4.90031631708211,4.90031631708211
