-7.0002638475106505,-7.0002638475106505
-6.998477787855372,-6.998477787855372
-6.994825592580914,-6.994825592580914
-6.99035234915209,-6.99035234915209
-6.985339672975207,-6.985339672975207
-6.9799253930268055,-6.9799253930268055
-6.974191870917199,-6.974191870917199
-6.968194004215641,-6.968194004215641
-6.961971040215276,-6.961971040215276
-6.955552448437962,-6.955552448437962
-6.948961176369261,-6.948961176369261
-6.94221560201801,-6.94221560201801
-6.9353307768238865,-6.9353307768238865
-6.928319254798397,-6.928319254798397
-6.921191667005274,-6.921191667005274
-6.9139571322547475,-6.9139571322547475
-6.906623558537989,-6.906623558537989
-6.8991978692918075,-6.8991978692918075
-6.891686176562791,-6.891686176562791
-6.884093915792383,-6.884093915792383
-6.87642595230194,-6.87642595230194
-6.868686666537725,-6.868686666537725
-6.860880023122023,-6.860880023122023
-6.85300962738268,-6.85300962738268
-6.845078772077135,-6.845078772077135
-6.837090476349207,-6.837090476349207
-6.829047518468658,-6.829047518468658
-6.820952463546514,-6.820952463546514
-6.812807687154526,-6.812807687154526
-6.804615395578592,-6.804615395578592
-6.796377643285257,-6.796377643285257
-6.788096348064764,-6.788096348064764
-6.77977330422468,-6.77977330422468
-6.7714101941379985,-6.7714101941379985
-6.763008598394594,-6.763008598394594
-6.75457000476096,-6.75457000476096
-6.746095816118178,-6.746095816118178
-6.737587357519717,-6.737587357519717
-6.729045882487814,-6.729045882487814
-6.720472578648396,-6.720472578648396
-6.71186857278923,-6.71186857278923
-6.703234935413223,-6.703234935413223
-6.694572684848352,-6.694572684848352
-6.6858827909669225,-6.6858827909669225
-6.677166178559474,-6.677166178559474
-6.668423730402521,-6.668423730402521
-6.659656290054117,-6.659656290054117
-6.650864664406724,-6.650864664406724
-6.642049626023216,-6.642049626023216
-6.6332119152785305,-6.6332119152785305
-6.624352242326792,-6.624352242326792
-6.61547128891133,-6.61547128891133
-6.606569710032946,-6.606569710032946
-6.597648135490079,-6.597648135490079
-6.588707171302914,-6.588707171302914
-6.579747401032138,-6.579747401032138
-6.570769387001965,-6.570769387001965
-6.561773671435921,-6.561773671435921
-6.552760777513031,-6.552760777513031
-6.543731210351297,-6.543731210351297
-6.5346854579245734,-6.5346854579245734
-6.525623991918418,-6.525623991918418
-6.516547268529888,-6.516547268529888
-6.507455729215825,-6.507455729215825
-6.498349801393674,-6.498349801393674
-6.489229899098581,-6.489229899098581
-6.480096423600084,-6.480096423600084
-6.470949763981506,-6.470949763981506
-6.461790297684774,-6.461790297684774
-6.452618391023251,-6.452618391023251
-6.4434343996648655,-6.4434343996648655
-6.434238669087675,-6.434238669087675
-6.4250315350097855,-6.4250315350097855
-6.415813323795425,-6.415813323795425
-6.406584352838793,-6.406584352838793
-6.397344930927181,-6.397344930927181
-6.388095358584741,-6.388095358584741
-6.378835928398208,-6.378835928398208
-6.369566925325694,-6.369566925325694
-6.36028862698968,-6.36028862698968
-6.351001303955182,-6.351001303955182
-6.341705219994025,-6.341705219994025
-6.332400632336089,-6.332400632336089
-6.323087791908297,-6.323087791908297
-6.313766943562117,-6.313766943562117
-6.304438326290216,-6.304438326290216
-6.29510217343296,-6.29510217343296
-6.285758712875297,-6.285758712875297
-6.276408167234599,-6.276408167234599
-6.2670507540399845,-6.2670507540399845
-6.257686685903587,-6.257686685903587
-6.248316170684209,-6.248316170684209
-6.2389394116437975,-6.2389394116437975
-6.229556607597129,-6.229556607597129
-6.220167953055045,-6.220167953055045
-6.210773638361615,-6.210773638361615
-6.201373849825521,-6.201373849825521
-6.191968769845978,-6.191968769845978
-6.182558577033453,-6.182558577033453
-6.173143446325484,-6.173143446325484
-6.163723549097799,-6.163723549097799
-6.154299053271021,-6.154299053271021
-6.144870123413118,-6.144870123413118
-6.135436920837869,-6.135436920837869
-6.125999603699494,-6.125999603699494
-6.116558327083645,-6.116558327083645
-6.107113243094947,-6.107113243094947
-6.0976645009412245,-6.0976645009412245
-6.088212247014589,-6.088212247014589
-6.078756624969523,-6.078756624969523
-6.0692977757981055,-6.0692977757981055
-6.059835837902497,-6.059835837902497
-6.050370947164819,-6.050370947164819
-6.040903237014536,-6.040903237014536
-6.031432838493466,-6.031432838493466
-6.021959880318489,-6.021959880318489
-6.012484488942099,-6.012484488942099
-6.00300678861086,-6.00300678861086
-5.993526901421857,-5.993526901421857
-5.984044947377253,-5.984044947377253
-5.9745610444369905,-5.9745610444369905
-5.965075308569762,-5.965075308569762
-5.955587853802281,-5.955587853802281
-5.946098792266936,-5.946098792266936
-5.936608234247911,-5.936608234247911
-5.927116288225804,-5.927116288225804
-5.917623060920828,-5.917623060920828
-5.908128657334638,-5.908128657334638
-5.8986331807908385,-5.8986331807908385
-5.889136732974239,-5.889136732974239
-5.879639413968867,-5.879639413968867
-5.870141322294844,-5.870141322294844
-5.860642554944112,-5.860642554944112
-5.851143207415087,-5.851143207415087
-5.841643373746274,-5.841643373746274
-5.832143146548871,-5.832143146548871
-5.822642617038416,-5.822642617038416
-5.813141875065495,-5.813141875065495
-5.803641009145562,-5.803641009145562
-5.794140106487893,-5.794140106487893
-5.784639253023703,-5.784639253023703
-5.775138533433459,-5.775138533433459
-5.765638031173435,-5.765638031173435
-5.75613782850149,-5.75613782850149
-5.746638006502159,-5.746638006502159
-5.737138645111015,-5.737138645111015
-5.727639823138387,-5.727639823138387
-5.718141618292409,-5.718141618292409
-5.708644107201451,-5.708644107201451
-5.69914736543594,-5.69914736543594
-5.689651467529605,-5.689651467529605
-5.680156487000142,-5.680156487000142
-5.670662496369336,-5.670662496369336
-5.661169567182661,-5.661169567182661
-5.651677770028363,-5.651677770028363
-5.642187174556044,-5.642187174556044
-5.632697849494766,-5.632697849494766
-5.6232098626707065,-5.6232098626707065
-5.613723281024339,-5.613723281024339
-5.604238170627201,-5.604238170627201
-5.594754596698229,-5.594754596698229
-5.585272623619685,-5.585272623619685
-5.575792314952693,-5.575792314952693
-5.56631373345239,-5.56631373345239
-5.556836941082698,-5.556836941082698
-5.547361999030752,-5.547361999030752
-5.537888967720958,-5.537888967720958
-5.528417906828732,-5.528417906828732
-5.518948875293894,-5.518948875293894
-5.5094819313337515,-5.5094819313337515
-5.500017132455872,-5.500017132455872
-5.49055453547056,-5.49055453547056
-5.481094196503024,-5.481094196503024
-5.47163617100529,-5.47163617100529
-5.462180513767806,-5.462180513767806
-5.452727278930813,-5.452727278930813
-5.443276519995429,-5.443276519995429
-5.433828289834493,-5.433828289834493
-5.42438264070317,-5.42438264070317
-5.414939624249303,-5.414939624249303
-5.405499291523544,-5.405499291523544
-5.3960616929892575,-5.3960616929892575
-5.3866268785322085,-5.3866268785322085
-5.377194897470024,-5.377194897470024
-5.367765798561469,-5.367765798561469
-5.358339630015499,-5.358339630015499
-5.348916439500139,-5.348916439500139
-5.339496274151148,-5.339496274151148
-5.3300791805805146,-5.3300791805805146
-5.32066520488477,-5.32066520488477
-5.311254392653116,-5.311254392653116
-5.301846788975395,-5.301846788975395
-5.2924424384498785,-5.2924424384498785
-5.283041385190907,-5.283041385190907
-5.273643672836361,-5.273643672836361
-5.264249344554984,-5.264249344554984
-5.254858443053557,-5.254858443053557
-5.245471010583911,-5.245471010583911
-5.2360870889498266,-5.2360870889498266
-5.226706719513761,-5.226706719513761
-5.217329943203466,-5.217329943203466
-5.2079568005184536,-5.2079568005184536
-5.198587331536352,-5.198587331536352
-5.189221575919118,-5.189221575919118
-5.179859572919139,-5.179859572919139
-5.170501361385212,-5.170501361385212
-5.1611469797683975,-5.1611469797683975
-5.151796466127778,-5.151796466127778
-5.142449858136088,-5.142449858136088
-5.133107193085238,-5.133107193085238
-5.1237685078917465,-5.1237685078917465
-5.114433839102055,-5.114433839102055
-5.105103222897738,-5.105103222897738
-5.095776695100635,-5.095776695100635
-5.086454291177863,-5.086454291177863
-5.077136046246753,-5.077136046246753
-5.067821995079685,-5.067821995079685
-5.0585121721088315,-5.0585121721088315
-5.049206611430825,-5.049206611430825
-5.0399053468113255,-5.0399053468113255
-5.030608411689517,-5.030608411689517
-5.021315839182514,-5.021315839182514
-5.012027662089691,-5.012027662089691
-5.002743912896934,-5.002743912896934
-4.993464623780813,-4.993464623780813
-4.984189826612688,-4.984189826612688
-4.9749195529627315,-4.9749195529627315
-4.965653834103883,-4.965653834103883
-4.956392701015742,-4.956392701015742
-4.947136184388379,-4.947136184388379
-4.937884314626087,-4.937884314626087
-4.928637121851074,-4.928637121851074
-4.919394635907079,-4.919394635907079
-4.910156886362927,-4.910156886362927
-4.900923902516041,-4.900923902516041
-4.891695713395867,-4.891695713395867
-4.8824723477672585,-4.8824723477672585
-4.873253834133799,-4.873253834133799
-4.864040200741069,-4.864040200741069
-4.854831475579855,-4.854831475579855
-4.8456276863893075,-4.8456276863893075
-4.836428860660047,-4.836428860660047
-4.827235025637212,-4.827235025637212
-4.81804620832347,-4.81804620832347
-4.808862435481961,-4.808862435481961
-4.799683733639209,-4.799683733639209
-4.790510129087974,-4.790510129087974
-4.781341647890067,-4.781341647890067
-4.772178315879111,-4.772178315879111
-4.763020158663261,-4.763020158663261
-4.753867201627881,-4.753867201627881
-4.7447194699381825,-4.7447194699381825
-4.735576988541802,-4.735576988541802
-4.726439782171371,-4.726439782171371
-4.7173078753470055,-4.7173078753470055
-4.7081812923787885,-4.7081812923787885
-4.699060057369199,-4.699060057369199
-4.689944194215502,-4.689944194215502
-4.680833726612106,-4.680833726612106
-4.671728678052882,-4.671728678052882
-4.662629071833448,-4.662629071833448
-4.653534931053416,-4.653534931053416
-4.644446278618604,-4.644446278618604
-4.635363137243217,-4.635363137243217
-4.626285529451992,-4.626285529451992
-4.617213477582315,-4.617213477582315
-4.6081470037863,-4.6081470037863
-4.599086130032838,-4.599086130032838
-4.590030878109618,-4.590030878109618
-4.580981269625119,-4.580981269625119
-4.571937326010563,-4.571937326010563
-4.562899068521852,-4.562899068521852
-4.553866518241466,-4.553866518241466
-4.544839696080338,-4.544839696080338
-4.535818622779699,-4.535818622779699
-4.526803318912899,-4.526803318912899
-4.517793804887197,-4.517793804887197
-4.508790100945531,-4.508790100945531
-4.499792227168258,-4.499792227168258
-4.490800203474864,-4.490800203474864
-4.481814049625662,-4.481814049625662
-4.472833785223458,-4.472833785223458
-4.463859429715192,-4.463859429715192
-4.454891002393555,-4.454891002393555
-4.445928522398591,-4.445928522398591
-4.43697200871927,-4.43697200871927
-4.428021480195032,-4.428021480195032
-4.419076955517329,-4.419076955517329
-4.4101384532311245,-4.4101384532311245
-4.401205991736386,-4.401205991736386
-4.392279589289549,-4.392279589289549
-4.3833592640049615,-4.3833592640049615
-4.374445033856318,-4.374445033856318
-4.365536916678058,-4.365536916678058
-4.356634930166759,-4.356634930166759
-4.3477390918825005,-4.3477390918825005
-4.338849419250221,-4.338849419250221
-4.329965929561038,-4.329965929561038
-4.321088639973576,-4.321088639973576
-4.312217567515247,-4.312217567515247
-4.303352729083543,-4.303352729083543
-4.294494141447287,-4.294494141447287
-4.28564182124788,-4.28564182124788
-4.276795785000532,-4.276795785000532
-4.26795604909547,-4.26795604909547
-4.2591226297991325,-4.2591226297991325
-4.250295543255356,-4.250295543255356
-4.241474805486526,-4.241474805486526
-4.23266043239474,-4.23266043239474
-4.223852439762932,-4.223852439762932
-4.215050843255994,-4.215050843255994
-4.206255658421881,-4.206255658421881
-4.197466900692705,-4.197466900692705
-4.188684585385799,-4.188684585385799
-4.179908727704792,-4.179908727704792
-4.17113934274065,-4.17113934274065
-4.162376445472719,-4.162376445472719
-4.1536200507697325,-4.1536200507697325
-4.144870173390838,-4.144870173390838
-4.136126827986579,-4.136126827986579
-4.127390029099885,-4.127390029099885
-4.118659791167043,-4.118659791167043
-4.109936128518654,-4.109936128518654
-4.10121905538058,-4.10121905538058
-4.092508585874881,-4.092508585874881
-4.0838047340207355,-4.0838047340207355
-4.0751075137353565,-4.0751075137353565
-4.066416938834887,-4.066416938834887
-4.057733023035295,-4.057733023035295
-4.049055779953247,-4.049055779953247
-4.040385223106978,-4.040385223106978
-4.03172136591715,-4.03172136591715
-4.023064221707695,-4.023064221707695
-4.014413803706655,-4.014413803706655
-4.005770125047008,-4.005770125047008
-3.997133198767479,-3.997133198767479
-3.988503037813354,-3.988503037813354
-3.979879655037271,-3.979879655037271
-3.971263063200008,-3.971263063200008
-3.962653274971264,-3.962653274971264
-3.9540503029304217,-3.9540503029304217
-3.9454541595673125,-3.9454541595673125
-3.9368648572829628,-3.9368648572829628
-3.9282824083903356,-3.9282824083903356
-3.9197068251150653,-3.9197068251150653
-3.9111381195961794,-3.9111381195961794
-3.9025763038868146,-3.9025763038868146
-3.8940213899549248,-3.8940213899549248
-3.8854733896839786,-3.8854733896839786
-3.876932314873649,-3.876932314873649
-3.8683981772404983,-3.8683981772404983
-3.859870988418652,-3.859870988418652
-3.851350759960466,-3.851350759960466
-3.8428375033371838,-3.8428375033371838
-3.834331229939589,-3.834331229939589
-3.8258319510786523,-3.8258319510786523
-3.817339677986164,-3.817339677986164
-3.8088544218153664,-3.8088544218153664
-3.8003761936415748,-3.8003761936415748
-3.791905004462792,-3.791905004462792
-3.783440865200321,-3.783440865200321
-3.774983786699359,-3.774983786699359
-3.7665337797295986,-3.7665337797295986
-3.7580908549858134,-3.7580908549858134
-3.7496550230884385,-3.7496550230884385
-3.741226294584146,-3.741226294584146
-3.732804679946416,-3.732804679946416
-3.7243901895760914,-3.7243901895760914
-3.7159828338019443,-3.7159828338019443
-3.707582622881218,-3.707582622881218
-3.6991895670001713,-3.6991895670001713
-3.6908036762746197,-3.6908036762746197
-3.6824249607504655,-3.6824249607504655
-3.674053430404223,-3.674053430404223
-3.6656890951435375,-3.6656890951435375
-3.6573319648077027,-3.6573319648077027
-3.64898204916817,-3.64898204916817
-3.640639357929048,-3.640639357929048
-3.6323039007276026,-3.6323039007276026
-3.6239756871347493,-3.6239756871347493
-3.6156547266555443,-3.6156547266555443
-3.607341028729658,-3.607341028729658
-3.599034602731859,-3.599034602731859
-3.590735457972484,-3.590735457972484
-3.5824436036979015,-3.5824436036979015
-3.5741590490909783,-3.5741590490909783
-3.5658818032715334,-3.5658818032715334
-3.557611875296787,-3.557611875296787
-3.5493492741618162,-3.5493492741618162
-3.541094008799989,-3.541094008799989
-3.5328460880834043,-3.5328460880834043
-3.5246055208233287,-3.5246055208233287
-3.5163723157706195,-3.5163723157706195
-3.508146481616153,-3.508146481616153
-3.4999280269912445,-3.4999280269912445
-3.4917169604680556,-3.4917169604680556
-3.4835132905600186,-3.4835132905600186
-3.4753170257222306,-3.4753170257222306
-3.4671281743518647,-3.4671281743518647
-3.4589467447885625,-3.4589467447885625
-3.450772745314832,-3.450772745314832
-3.442606184156435,-3.442606184156435
-3.4344470694827764,-3.4344470694827764
-3.426295409407283,-3.426295409407283
-3.4181512119877846,-3.4181512119877846
-3.4100144852268848,-3.4100144852268848
-3.4018852370723383,-3.4018852370723383
-3.393763475417406,-3.393763475417406
-3.385649208101235,-3.385649208101235
-3.377542442909199,-3.377542442909199
-3.369443187573269,-3.369443187573269
-3.361351449772358,-3.361351449772358
-3.353267237132672,-3.353267237132672
-3.345190557228053,-3.345190557228053
-3.337121417580326,-3.337121417580326
-3.3290598256596287,-3.3290598256596287
-3.321005788884755,-3.321005788884755
-3.31295931462348,-3.31295931462348
-3.3049204101928917,-3.3049204101928917
-3.296889082859717,-3.296889082859717
-3.2888653398406382,-3.2888653398406382
-3.2808491883026165,-3.2808491883026165
-3.272840635363207,-3.272840635363207
-3.264839688090867,-3.264839688090867
-3.2568463535052703,-3.2568463535052703
-3.2488606385776095,-3.2488606385776095
-3.2408825502309004,-3.2408825502309004
-3.232912095340285,-3.232912095340285
-3.2249492807333224,-3.2249492807333224
-3.2169941131902906,-3.2169941131902906
-3.2090465994444712,-3.2090465994444712
-3.201106746182443,-3.201106746182443
-3.1931745600443655,-3.1931745600443655
-3.185250047624263,-3.185250047624263
-3.1773332154703033,-3.1773332154703033
-3.1694240700850775,-3.1694240700850775
-3.1615226179258733,-3.1615226179258733
-3.1536288654049485,-3.1536288654049485
-3.145742818889798,-3.145742818889798
-3.1378644847034263,-3.1378644847034263
-3.129993869124607,-3.129993869124607
-3.122130978388147,-3.122130978388147
-3.1142758186851434,-3.1142758186851434
-3.1064283961632455,-3.1064283961632455
-3.0985887169269053,-3.0985887169269053
-3.090756787037631,-3.090756787037631
-3.082932612514237,-3.082932612514237
-3.0751161993330904,-3.0751161993330904
-3.067307553428358,-3.067307553428358
-3.059506680692245,-3.059506680692245
-3.051713586975241,-3.051713586975241
-3.0439282780863546,-3.0439282780863546
-3.0361507597933475,-3.0361507597933475
-3.028381037822974,-3.028381037822974
-3.020619117861209,-3.020619117861209
-3.012865005553477,-3.012865005553477
-3.005118706504879,-3.005118706504879
-2.997380226280421,-2.997380226280421
-2.9896495704052333,-2.9896495704052333
-2.981926744364792,-2.981926744364792
-2.9742117536051413,-2.9742117536051413
-2.966504603533105,-2.966504603533105
-2.9588052995165057,-2.9588052995165057
-2.951113846884376,-2.951113846884376
-2.943430250927168,-2.943430250927168
-2.9357545168969637,-2.9357545168969637
-2.928086650007684,-2.928086650007684
-2.920426655435289,-2.920426655435289
-2.9127745383179864,-2.9127745383179864
-2.9051303037564287,-2.9051303037564287
-2.8974939568139133,-2.8974939568139133
-2.889865502516584,-2.889865502516584
-2.8822449458536212,-2.8822449458536212
-2.87463229177744,-2.87463229177744
-2.8670275452038814,-2.8670275452038814
-2.859430711012401,-2.859430711012401
-2.8518417940462615,-2.8518417940462615
-2.844260799112716,-2.844260799112716
-2.836687730983196,-2.836687730983196
-2.829122594393493,-2.829122594393493
-2.8215653940439416,-2.8215653940439416
-2.814016134599601,-2.814016134599601
-2.8064748206904317,-2.8064748206904317
-2.798941456911473,-2.798941456911473
-2.7914160478230183,-2.7914160478230183
-2.7838985979507918,-2.7838985979507918
-2.7763891117861172,-2.7763891117861172
-2.76888759378609,-2.76888759378609
-2.7613940483737456,-2.7613940483737456
-2.75390847993823,-2.75390847993823
-2.746430892834962,-2.746430892834962
-2.7389612913858024,-2.7389612913858024
-2.7314996798792137,-2.7314996798792137
-2.7240460625704204,-2.7240460625704204
-2.716600443681577,-2.716600443681577
-2.7091628274019173,-2.7091628274019173
-2.701733217887918,-2.701733217887918
-2.694311619263454,-2.694311619263454
-2.686898035619951,-2.686898035619951
-2.6794924710165398,-2.6794924710165398
-2.6720949294802088,-2.6720949294802088
-2.6647054150059537,-2.6647054150059537
-2.657323931556928,-2.657323931556928
-2.649950483064588,-2.649950483064588
-2.642585073428842,-2.642585073428842
-2.635227706518198,-2.635227706518198
-2.6278783861698995,-2.6278783861698995
-2.620537116190077,-2.620537116190077
-2.6132039003538825,-2.6132039003538825
-2.605878742405636,-2.605878742405636
-2.598561646058959,-2.598561646058959
-2.591252614996915,-2.591252614996915
-2.583951652872145,-2.583951652872145
-2.576658763307003,-2.576658763307003
-2.5693739498936914,-2.5693739498936914
-2.5620972161943922,-2.5620972161943922
-2.554828565741397,-2.554828565741397
-2.547568002037241,-2.547568002037241
-2.5403155285548333,-2.5403155285548333
-2.5330711487375783,-2.5330711487375783
-2.5258348659995105,-2.5258348659995105
-2.5186066837254155,-2.5186066837254155
-2.511386605270959,-2.511386605270959
-2.5041746339628053,-2.5041746339628053
-2.496970773098744,-2.496970773098744
-2.489775025947811,-2.489775025947811
-2.4825873957504068,-2.4825873957504068
-2.4754078857184187,-2.4754078857184187
-2.4682364990353385,-2.4682364990353385
-2.4610732388563767,-2.4610732388563767
-2.453918108308584,-2.453918108308584
-2.446771110490964,-2.446771110490964
-2.439632248474585,-2.439632248474585
-2.432501525302697,-2.432501525302697
-2.4253789439908444,-2.4253789439908444
-2.4182645075269718,-2.4182645075269718
-2.41115821887154,-2.41115821887154
-2.4040600809576333,-2.4040600809576333
-2.396970096691068,-2.396970096691068
-2.3898882689504983,-2.3898882689504983
-2.382814600587524,-2.382814600587524
-2.375749094426796,-2.375749094426796
-2.368691753266122,-2.368691753266122
-2.361642579876567,-2.361642579876567
-2.354601577002559,-2.354601577002559
-2.3475687473619895,-2.3475687473619895
-2.3405440936463133,-2.3405440936463133
-2.333527618520651,-2.333527618520651
-2.326519324623887,-2.326519324623887
-2.3195192145687664,-2.3195192145687664
-2.3125272909419947,-2.3125272909419947
-2.3055435563043325,-2.3055435563043325
-2.298568013190691,-2.298568013190691
-2.29160066411023,-2.29160066411023
-2.284641511546446,-2.284641511546446
-2.27769055795727,-2.27769055795727
-2.2707478057751604,-2.2707478057751604
-2.2638132574071905,-2.2638132574071905
-2.2568869152351416,-2.2568869152351416
-2.249968781615592,-2.249968781615592
-2.243058858880007,-2.243058858880007
-2.2361571493348267,-2.2361571493348267
-2.2292636552615526,-2.2292636552615526
-2.2223783789168357,-2.2223783789168357
-2.2155013225325604,-2.2155013225325604
-2.2086324883159327,-2.2086324883159327
-2.2017718784495606,-2.2017718784495606
-2.1949194950915425,-2.1949194950915425
-2.188075340375544,-2.188075340375544
-2.181239416410887,-2.181239416410887
-2.174411725282624,-2.174411725282624
-2.167592269051623,-2.167592269051623
-2.1607810497546485,-2.1607810497546485
-2.1539780694044373,-2.1539780694044373
-2.1471833299897765,-2.1471833299897765
-2.140396833475585,-2.140396833475585
-2.1336185818029874,-2.1336185818029874
-2.1268485768893948,-2.1268485768893948
-2.120086820628572,-2.120086820628572
-2.1133333148907214,-2.1133333148907214
-2.1065880615225514,-2.1065880615225514
-2.0998510623473523,-2.0998510623473523
-2.093122319165069,-2.093122319165069
-2.086401833752374,-2.086401833752374
-2.0796896078627363,-2.0796896078627363
-2.072985643226495,-2.072985643226495
-2.0662899415509286,-2.0662899415509286
-2.059602504520325,-2.059602504520325
-2.0529233337960484,-2.0529233337960484
-2.0462524310166113,-2.0462524310166113
-2.039589797797738,-2.039589797797738
-2.0329354357324365,-2.0329354357324365
-2.026289346391059,-2.026289346391059
-2.019651531321373,-2.019651531321373
-2.013021992048624,-2.013021992048624
-2.0064007300756006,-2.0064007300756006
-1.999787746882697,-1.999787746882697
-1.9931830439279787,-1.9931830439279787
-1.9865866226472446,-1.9865866226472446
-1.9799984844540872,-1.9799984844540872
-1.9734186307399568,-1.9734186307399568
-1.9668470628742214,-1.9668470628742214
-1.9602837822042267,-1.9602837822042267
-1.9537287900553562,-1.9537287900553562
-1.9471820877310908,-1.9471820877310908
-1.9406436765130668,-1.9406436765130668
-1.9341135576611352,-1.9341135576611352
-1.927591732413418,-1.927591732413418
-1.921078201986364,-1.921078201986364
-1.9145729675748093,-1.9145729675748093
-1.9080760303520297,-1.9080760303520297
-1.901587391469797,-1.901587391469797
-1.8951070520584334,-1.8951070520584334
-1.8886350132268666,-1.8886350132268666
-1.882171276062682,-1.882171276062682
-1.875715841632179,-1.875715841632179
-1.8692687109804205,-1.8692687109804205
-1.862829885131285,-1.862829885131285
-1.85639936508752,-1.85639936508752
-1.8499771518307928,-1.8499771518307928
-1.84356324632174,-1.84356324632174
-1.8371576495000181,-1.8371576495000181
-1.8307603622843533,-1.8307603622843533
-1.8243713855725898,-1.8243713855725898
-1.8179907202417396,-1.8179907202417396
-1.8116183671480277,-1.8116183671480277
-1.805254327126944,-1.805254327126944
-1.7988986009932872,-1.7988986009932872
-1.7925511895412105,-1.7925511895412105
-1.7862120935442716,-1.7862120935442716
-1.7798813137554743,-1.7798813137554743
-1.773558850907316,-1.773558850907316
-1.7672447057118303,-1.7672447057118303
-1.7609388788606342,-1.7609388788606342
-1.7546413710249682,-1.7546413710249682
-1.748352182855742,-1.748352182855742
-1.7420713149835767,-1.7420713149835767
-1.7357987680188447,-1.7357987680188447
-1.7295345425517163,-1.7295345425517163
-1.7232786391521973,-1.7232786391521973
-1.7170310583701704,-1.7170310583701704
-1.7107918007354361,-1.7107918007354361
-1.704560866757753,-1.704560866757753
-1.6983382569268777,-1.6983382569268777
-1.692123971712602,-1.692123971712602
-1.6859180115647936,-1.6859180115647936
-1.6797203769134326,-1.6797203769134326
-1.673531068168652,-1.673531068168652
-1.6673500857207713,-1.6673500857207713
-1.6611774299403355,-1.6611774299403355
-1.6550131011781521,-1.6550131011781521
-1.6488570997653262,-1.6488570997653262
-1.6427094260132968,-1.6427094260132968
-1.6365700802138696,-1.6365700802138696
-1.6304390626392564,-1.6304390626392564
-1.6243163735421051,-1.6243163735421051
-1.618202013155535,-1.618202013155535
-1.612095981693172,-1.612095981693172
-1.6059982793491787,-1.6059982793491787
-1.599908906298291,-1.599908906298291
-1.593827862695845,-1.593827862695845
-1.5877551486778154,-1.5877551486778154
-1.5816907643608416,-1.5816907643608416
-1.575634709842261,-1.575634709842261
-1.5695869852001405,-1.5695869852001405
-1.5635475904933043,-1.5635475904933043
-1.5575165257613668,-1.5575165257613668
-1.5514937910247601,-1.5514937910247601
-1.5454793862847633,-1.5454793862847633
-1.5394733115235324,-1.5394733115235324
-1.533475566704127,-1.533475566704127
-1.5274861517705391,-1.5274861517705391
-1.5215050666477212,-1.5215050666477212
-1.515532311241613,-1.515532311241613
-1.5095678854391676,-1.5095678854391676
-1.503611789108379,-1.503611789108379
-1.4976640220983077,-1.4976640220983077
-1.4917245842391056,-1.4917245842391056
-1.4857934753420434,-1.4857934753420434
-1.4798706951995328,-1.4798706951995328
-1.4739562435851539,-1.4739562435851539
-1.468050120253677,-1.468050120253677
-1.4621523249410886,-1.4621523249410886
-1.4562628573646115,-1.4562628573646115
-1.4503817172227327,-1.4503817172227327
-1.4445089041952222,-1.4445089041952222
-1.438644417943158,-1.438644417943158
-1.432788258108945,-1.432788258108945
-1.4269404243163408,-1.4269404243163408
-1.4211009161704737,-1.4211009161704737
-1.4152697332578663,-1.4152697332578663
-1.409446875146452,-1.409446875146452
-1.4036323413856007,-1.4036323413856007
-1.3978261315061347,-1.3978261315061347
-1.39202824502035,-1.39202824502035
-1.3862386814220355,-1.3862386814220355
-1.3804574401864917,-1.3804574401864917
-1.3746845207705474,-1.3746845207705474
-1.368919922612582,-1.368919922612582
-1.36316364513254,-1.36316364513254
-1.35741568773195,-1.35741568773195
-1.3516760497939397,-1.3516760497939397
-1.3459447306832577,-1.3459447306832577
-1.3402217297462842,-1.3402217297462842
-1.3345070463110513,-1.3345070463110513
-1.328800679687257,-1.328800679687257
-1.3231026291662815,-1.3231026291662815
-1.317412894021201,-1.317412894021201
-1.3117314735068057,-1.3117314735068057
-1.306058366859611,-1.306058366859611
-1.3003935732978729,-1.3003935732978729
-1.2947370920216026,-1.2947370920216026
-1.2890889222125805,-1.2890889222125805
-1.2834490630343662,-1.2834490630343662
-1.277817513632316,-1.277817513632316
-1.2721942731335916,-1.2721942731335916
-1.2665793406471761,-1.2665793406471761
-1.2609727152638819,-1.2609727152638819
-1.2553743960563661,-1.2553743960563661
-1.2497843820791383,-1.2497843820791383
-1.2442026723685755,-1.2442026723685755
-1.2386292659429297,-1.2386292659429297
-1.2330641618023404,-1.2330641618023404
-1.227507358928842,-1.227507358928842
-1.2219588562863772,-1.2219588562863772
-1.2164186528208034,-1.2164186528208034
-1.2108867474599045,-1.2108867474599045
-1.2053631391133963,-1.2053631391133963
-1.199847826672939,-1.199847826672939
-1.1943408090121423,-1.1943408090121423
-1.1888420849865757,-1.1888420849865757
-1.1833516534337736,-1.1833516534337736
-1.1778695131732457,-1.1778695131732457
-1.1723956630064811,-1.1723956630064811
-1.166930101716956,-1.166930101716956
-1.1614728280701423,-1.1614728280701423
-1.1560238408135108,-1.1560238408135108
-1.1505831386765375,-1.1505831386765375
-1.1451507203707103,-1.1451507203707103
-1.139726584589534,-1.139726584589534
-1.1343107300085347,-1.1343107300085347
-1.1289031552852646,-1.1289031552852646
-1.123503859059306,-1.123503859059306
-1.1181128399522762,-1.1181128399522762
-1.1127300965678306,-1.1127300965678306
-1.1073556274916665,-1.1073556274916665
-1.1019894312915257,-1.1019894312915257
-1.0966315065171983,-1.0966315065171983
-1.0912818517005245,-1.0912818517005245
-1.0859404653553968,-1.0859404653553968
-1.0806073459777632,-1.0806073459777632
-1.0752824920456272,-1.0752824920456272
-1.069965902019051,-1.069965902019051
-1.0646575743401547,-1.0646575743401547
-1.0593575074331185,-1.0593575074331185
-1.054065699704183,-1.054065699704183
-1.0487821495416505,-1.0487821495416505
-1.0435068553158813,-1.0435068553158813
-1.0382398153792984,-1.0382398153792984
-1.0329810280663827,-1.0329810280663827
-1.0277304916936754,-1.0277304916936754
-1.0224882045597745,-1.0224882045597745
-1.0172541649453342,-1.0172541649453342
-1.0120283711130633,-1.0120283711130633
-1.0068108213077798,-1.0068108213077798
-1.0016015137561827,-1.0016015137561827
-0.9964004466671861,-0.9964004466671861
-0.9912076182316943,-0.9912076182316943
-0.9860230266226534,-0.9860230266226534
-0.9808466699950459,-0.9808466699950459
-0.9756785464858898,-0.9756785464858898
-0.970518654214234,-0.970518654214234
-0.9653669912811536,-0.9653669912811536
-0.9602235557697444,-0.9602235557697444
-0.9550883457451194,-0.9550883457451194
-0.9499613592544041,-0.9499613592544041
-0.94484259432673,-0.94484259432673
-0.9397320489732294,-0.9397320489732294
-0.9346297211870286,-0.9346297211870286
-0.9295356089432438,-0.9295356089432438
-0.9244497101989727,-0.9244497101989727
-0.9193720228932882,-0.9193720228932882
-0.9143025449472313,-0.9143025449472313
-0.9092412742638047,-0.9092412742638047
-0.9041882087279642,-0.9041882087279642
-0.899143346206611,-0.899143346206611
-0.8941066845485829,-0.8941066845485829
-0.8890782215846477,-0.8890782215846477
-0.8840579551274934,-0.8840579551274934
-0.879045882971719,-0.879045882971719
-0.8740420028938249,-0.8740420028938249
-0.8690463126522048,-0.8690463126522048
-0.8640588099871349,-0.8640588099871349
-0.8590794926207636,-0.8590794926207636
-0.8541083582571015,-0.8541083582571015
-0.8491454045820115,-0.8491454045820115
-0.844190629263197,-0.844190629263197
-0.8392440299501904,-0.8392440299501904
-0.834305604274342,-0.834305604274342
-0.8293753498488093,-0.8293753498488093
-0.8244532642685445,-0.8244532642685445
-0.8195393451102803,-0.8195393451102803
-0.8146335899325194,-0.8146335899325194
-0.8097359962755225,-0.8097359962755225
-0.8048465616612924,-0.8048465616612924
-0.7999652835935629,-0.7999652835935629
-0.7950921595577839,-0.7950921595577839
-0.7902271870211082,-0.7902271870211082
-0.7853703634323775,-0.7853703634323775
-0.7805216862221069,-0.7805216862221069
-0.7756811528024705,-0.7756811528024705
-0.7708487605672878,-0.7708487605672878
-0.7660245068920056,-0.7660245068920056
-0.7612083891336862,-0.7612083891336862
-0.7564004046309866,-0.7564004046309866
-0.7516005507041482,-0.7516005507041482
-0.7468088246549752,-0.7468088246549752
-0.7420252237668219,-0.7420252237668219
-0.7372497453045719,-0.7372497453045719
-0.7324823865146253,-0.7324823865146253
-0.727723144624877,-0.727723144624877
-0.7229720168447028,-0.7229720168447028
-0.7182290003649365,-0.7182290003649365
-0.7134940923578582,-0.7134940923578582
-0.7087672899771688,-0.7087672899771688
-0.7040485903579762,-0.7040485903579762
-0.6993379906167727,-0.6993379906167727
-0.6946354878514194,-0.6946354878514194
-0.6899410791411218,-0.6899410791411218
-0.6852547615464143,-0.6852547615464143
-0.680576532109136,-0.680576532109136
-0.6759063878524143,-0.6759063878524143
-0.6712443257806396,-0.6712443257806396
-0.6665903428794484,-0.6665903428794484
-0.6619444361156982,-0.6619444361156982
-0.6573066024374498,-0.6573066024374498
-0.6526768387739412,-0.6526768387739412
-0.6480551420355691,-0.6480551420355691
-0.6434415091138633,-0.6434415091138633
-0.6388359368814673,-0.6388359368814673
-0.6342384221921109,-0.6342384221921109
-0.6296489618805919,-0.6296489618805919
-0.6250675527627481,-0.6250675527627481
-0.6204941916354354,-0.6204941916354354
-0.6159288752765046,-0.6159288752765046
-0.6113716004447759,-0.6113716004447759
-0.6068223638800124,-0.6068223638800124
-0.6022811623028982,-0.6022811623028982
-0.5977479924150115,-0.5977479924150115
-0.5932228508987992,-0.5932228508987992
-0.5887057344175513,-0.5887057344175513
-0.5841966396153734,-0.5841966396153734
-0.5796955631171626,-0.5796955631171626
-0.57520250152858,-0.57520250152858
-0.5707174514360216,-0.5707174514360216
-0.5662404094065936,-0.5662404094065936
-0.5617713719880844,-0.5617713719880844
-0.5573103357089356,-0.5573103357089356
-0.5528572970782146,-0.5528572970782146
-0.5484122525855859,-0.5484122525855859
-0.543975198701283,-0.543975198701283
-0.5395461318760788,-0.5395461318760788
-0.5351250485412562,-0.5351250485412562
-0.5307119451085786,-0.5307119451085786
-0.5263068179702604,-0.5263068179702604
-0.5219096634989366,-0.5219096634989366
-0.5175204780476322,-0.5175204780476322
-0.5131392579497313,-0.5131392579497313
-0.508765999518946,-0.508765999518946
-0.5044006990492866,-0.5044006990492866
-0.5000433528150277,-0.5000433528150277
-0.4956939570706762,-0.4956939570706762
-0.4913525080509423,-0.4913525080509423
-0.4870190019707033,-0.4870190019707033
-0.48269343502497236,-0.48269343502497236
-0.47837580338886526,-0.47837580338886526
-0.4740661032175672,-0.4740661032175672
-0.4697643306462991,-0.4697643306462991
-0.4654704817902823,-0.4654704817902823
-0.4611845527447058,-0.4611845527447058
-0.4569065395846911,-0.4569065395846911
-0.4526364383652575,-0.4526364383652575
-0.4483742451212859,-0.4483742451212859
-0.4441199558674839,-0.4441199558674839
-0.4398735665983505,-0.4398735665983505
-0.4356350732881401,-0.4356350732881401
-0.43140447189082387,-0.43140447189082387
-0.4271817583400554,-0.4271817583400554
-0.4229669285491326,-0.4229669285491326
-0.418759978410961,-0.418759978410961
-0.41456090379801463,-0.41456090379801463
-0.41036970056229904,-0.41036970056229904
-0.4061863645353137,-0.4061863645353137
-0.40201089152801234,-0.40201089152801234
-0.3978432773307637,-0.3978432773307637
-0.3936835177133132,-0.3936835177133132
-0.38953160842474277,-0.38953160842474277
-0.3853875451934322,-0.3853875451934322
-0.38125132372701687,-0.38125132372701687
-0.37712293971234806,-0.37712293971234806
-0.37300238881545406,-0.37300238881545406
-0.36888966668149625,-0.36888966668149625
-0.3647847689347287,-0.3647847689347287
-0.36068769117845667,-0.36068769117845667
-0.35659842899499433,-0.35659842899499433
-0.35251697794562287,-0.35251697794562287
-0.34844333357054597,-0.34844333357054597
-0.3443774913888486,-0.3443774913888486
-0.34031944689845295,-0.34031944689845295
-0.3362691955760748,-0.3362691955760748
-0.33222673287717913,-0.33222673287717913
-0.32819205423593567,-0.32819205423593567
-0.32416515506517446,-0.32416515506517446
-0.32014603075634185,-0.32014603075634185
-0.31613467667945294,-0.31613467667945294
-0.3121310881830469,-0.3121310881830469
-0.30813526059414154,-0.30813526059414154
-0.3041471892181867,-0.3041471892181867
-0.30016686933901654,-0.30016686933901654
-0.29619429621880256,-0.29619429621880256
-0.29222946509800846,-0.29222946509800846
-0.2882723711953396,-0.2882723711953396
-0.28432300970769603,-0.28432300970769603
-0.28038137581012423,-0.28038137581012423
-0.2764474646557682,-0.2764474646557682
-0.2725212713758209,-0.2725212713758209
-0.26860279107947294,-0.26860279107947294
-0.2646920188538647,-0.2646920188538647
-0.26078894976403566,-0.26078894976403566
-0.25689357885287417,-0.25689357885287417
-0.25300590114106497,-0.25300590114106497
-0.24912591162703973,-0.24912591162703973
-0.245253605286925,-0.245253605286925
-0.24138897707449036,-0.24138897707449036
-0.23753202192109585,-0.23753202192109585
-0.23368273473563886,-0.23368273473563886
-0.22984111040450247,-0.22984111040450247
-0.22600714379150144,-0.22600714379150144
-0.22218082973782796,-0.22218082973782796
-0.21836216306199738,-0.21836216306199738
-0.21455113855979582,-0.21455113855979582
-0.21074775100422322,-0.21074775100422322
-0.20695199514543883,-0.20695199514543883
-0.20316386571070486,-0.20316386571070486
-0.1993833574043332,-0.1993833574043332
-0.19561046490762596,-0.19561046490762596
-0.19184518287882033,-0.19184518287882033
-0.18808750595303103,-0.18808750595303103
-0.18433742874219464,-0.18433742874219464
-0.18059494583500807,-0.18059494583500807
-0.17686005179687503,-0.17686005179687503
-0.17313274116984279,-0.17313274116984279
-0.16941300847254803,-0.16941300847254803
-0.16570084820015196,-0.16570084820015196
-0.16199625482428714,-0.16199625482428714
-0.15829922279299088,-0.15829922279299088
-0.1546097465306489,-0.1546097465306489
-0.1509278204379337,-0.1509278204379337
-0.14725343889174297,-0.14725343889174297
-0.14358659624513687,-0.14358659624513687
-0.13992728682727684,-0.13992728682727684
-0.13627550494336435,-0.13627550494336435
-0.13263124487457653,-0.13263124487457653
-0.12899450087800268,-0.12899450087800268
-0.12536526718658092,-0.12536526718658092
-0.12174353800903545,-0.12174353800903545
-0.11812930752981067,-0.11812930752981067
-0.11452256990900583,-0.11452256990900583
-0.11092331928231079,-0.11092331928231079
-0.1073315497609405,-0.1073315497609405
-0.10374725543156844,-0.10374725543156844
-0.10017043035625921,-0.10017043035625921
-0.09660106857240217,-0.09660106857240217
-0.09303916409264551,-0.09303916409264551
-0.08948471090482663,-0.08948471090482663
-0.08593770297190408,-0.08593770297190408
-0.08239813423188917,-0.08239813423188917
-0.07886599859777767,-0.07886599859777767
-0.0753412899574795,-0.0753412899574795
-0.07182400217374887,-0.07182400217374887
-0.06831412908411318,-0.06831412908411318
-0.0648116645008039,-0.0648116645008039
-0.06131660221068477,-0.06131660221068477
-0.05782893597517874,-0.05782893597517874
-0.05434865953019682,-0.05434865953019682
-0.05087576658606646,-0.05087576658606646
-0.04741025082745758,-0.04741025082745758
-0.04395210591330816,-0.04395210591330816
-0.040501325476751886,-0.040501325476751886
-0.03705790312504336,-0.03705790312504336
-0.033621832439483204,-0.033621832439483204
-0.03019310697534235,-0.03019310697534235
-0.02677172026178643,-0.02677172026178643
-0.02335766580180062,-0.02335766580180062
-0.019950937072111687,-0.019950937072111687
-0.016551527523111453,-0.016551527523111453
-0.013159430578778556,-0.013159430578778556
-0.009774639636601905,-0.009774639636601905
-0.006397148067500712,-0.006397148067500712
-0.0030269492157457426,-0.0030269492157457426
0.00033596360112020645,0.00033596360112020645
0.00369159709236106,0.00369159709236106
0.00703995799412924,0.00703995799412924
0.01038105306954784,0.01038105306954784
0.013714889108787064,0.013714889108787064
0.01704147292915328,0.01704147292915328
0.020360811375164486,0.020360811375164486
0.02367291131863947,0.02367291131863947
0.026977779658774577,0.026977779658774577
0.03027542332223507,0.03027542332223507
0.03356584926323123,0.03356584926323123
0.036849064463611615,0.036849064463611615
0.04012507593294131,0.04012507593294131
0.04339389070859373,0.04339389070859373
0.046655515855831275,0.046655515855831275
0.04990995846789785,0.04990995846789785
0.053157225666103085,0.053157225666103085
0.05639732459990937,0.05639732459990937
0.059630262447024546,0.059630262447024546
0.0628560464134853,0.0628560464134853
0.06607468373375285,0.06607468373375285
0.06928618167079725,0.06928618167079725
0.07249054751619269,0.07249054751619269
0.07568778859020477,0.07568778859020477
0.07887791224188609,0.07887791224188609
0.08206092584916419,0.08206092584916419
0.08523683681893869,0.08523683681893869
0.08840565258717031,0.08840565258717031
0.09156738061897984,0.09156738061897984
0.0947220284087359,0.0947220284087359
0.09786960348015711,0.09786960348015711
0.10101011338640169,0.10101011338640169
0.10414356571016885,0.10414356571016885
0.1072699680637887,0.1072699680637887
0.11038932808932786,0.11038932808932786
0.11350165345867984,0.11350165345867984
0.11660695187366808,0.11660695187366808
0.1197052310661418,0.1197052310661418
0.12279649879807987,0.12279649879807987
0.12588076286168473,0.12588076286168473
0.12895803107948955,0.12895803107948955
0.1320283113044542,0.1320283113044542
0.13509161142007167,0.13509161142007167
0.13814793934046662,0.13814793934046662
0.14119730301050193,0.14119730301050193
0.14423971040587907,0.14423971040587907
0.1472751695332459,0.1472751695332459
0.15030368843029804,0.15030368843029804
0.15332527516588879,0.15332527516588879
0.15633993784012934,0.15633993784012934
0.1593476845845025,0.1593476845845025
0.16234852356196355,0.16234852356196355
0.1653424629670541,0.1653424629670541
0.16832951102600519,0.16832951102600519
0.17130967599685262,0.17130967599685262
0.1742829661695399,0.1742829661695399
0.17724938986603647,0.17724938986603647
0.180208955440442,0.180208955440442
0.1831616712791041,0.1831616712791041
0.18610754580072514,0.18610754580072514
0.18904658745648187,0.18904658745648187
0.19197880473013315,0.19197880473013315
0.19490420613813914,0.19490420613813914
0.19782280022977305,0.19782280022977305
0.20073459558724047,0.20073459558724047
0.20363960082579166,0.20363960082579166
0.20653782459384382,0.20653782459384382
0.209429275573094,0.209429275573094
0.21231396247864245,0.21231396247864245
0.21519189405910683,0.21519189405910683
0.21806307909674832,0.21806307909674832
0.2209275264075853,0.2209275264075853
0.2237852448415218,0.2237852448415218
0.22663624328246346,0.22663624328246346
0.2294805306484462,0.2294805306484462
0.23231811589175302,0.23231811589175302
0.23514900799904578,0.23514900799904578
0.23797321599148352,0.23797321599148352
0.24079074892485394,0.24079074892485394
0.24360161588969362,0.24360161588969362
0.24640582601142272,0.24640582601142272
0.24920338845046464,0.24920338845046464
0.251994312402383,0.251994312402383
0.2547786070980039,0.2547786070980039
0.2575562818035523,0.2575562818035523
0.2603273458207766,0.2603273458207766
0.26309180848708813,0.26309180848708813
0.265849679175685,0.265849679175685
0.268600967295694,0.268600967295694
0.2713456822922967,0.2713456822922967
0.2740838336468712,0.2740838336468712
0.2768154308771224,0.2768154308771224
0.27954048353722355,0.27954048353722355
0.282259001217947,0.282259001217947
0.28497099354681027,0.28497099354681027
0.28767647018820675,0.28767647018820675
0.2903754408435526,0.2903754408435526
0.2930679152514216,0.2930679152514216
0.2957539031876912,0.2957539031876912
0.29843341446567967,0.29843341446567967
0.3011064589362946,0.3011064589362946
0.30377304648817177,0.30377304648817177
0.30643318704782463,0.30643318704782463
0.3090868905797838,0.3090868905797838
0.31173416708675133,0.31173416708675133
0.31437502660973876,0.31437502660973876
0.3170094792282254,0.3170094792282254
0.31963753506029763,0.31963753506029763
0.3222592042628065,0.3222592042628065
0.32487449703151255,0.32487449703151255
0.3274834236012434,0.3274834236012434
0.3300859942460394,0.3300859942460394
0.332682219279315,0.332682219279315
0.33527210905400523,0.33527210905400523
0.3378556739627279,0.3378556739627279
0.3404329244379335,0.3404329244379335
0.34300387095206963,0.34300387095206963
0.3455685240177299,0.3455685240177299
0.3481268941878236,0.3481268941878236
0.3506789920557246,0.3506789920557246
0.3532248282554426,0.3532248282554426
0.3557644134617756,0.3557644134617756
0.35829775839048206,0.35829775839048206
0.3608248737984348,0.3608248737984348
0.36334577048379557,0.36334577048379557
0.36586045928617184,0.36586045928617184
0.368368951086792,0.368368951086792
0.3708712568086644,0.3708712568086644
0.37336738741675346,0.37336738741675346
0.37585735391814695,0.37585735391814695
0.37834116736222406,0.37834116736222406
0.3808188388408294,0.3808188388408294
0.38329037948844713,0.38329037948844713
0.3857558004823744,0.3857558004823744
0.38821511304289286,0.38821511304289286
0.3906683284334465,0.3906683284334465
0.3931154579608212,0.3931154579608212
0.3955565129753211,0.3955565129753211
0.39799150487094476,0.39799150487094476
0.4004204450855676,0.4004204450855676
0.4028433451011256,0.4028433451011256
0.40526021644379573,0.40526021644379573
0.4076710706841762,0.4076710706841762
0.4100759194374742,0.4100759194374742
0.41247477436369356,0.41247477436369356
0.41486764716781865,0.41486764716781865
0.4172545496000008,0.4172545496000008
0.41963549345575,0.41963549345575
0.42201049057612505,0.42201049057612505
0.4243795528479253,0.4243795528479253
0.4267426922038797,0.4267426922038797
0.429099920622843,0.429099920622843
0.43145125012999197,0.43145125012999197
0.43379669279701977,0.43379669279701977
0.436136260742331,0.436136260742331
0.4384699661312452,0.4384699661312452
0.44079782117618993,0.44079782117618993
0.4431198381369093,0.4431198381369093
0.44543602932065773,0.44543602932065773
0.44774640708241087,0.44774640708241087
0.4500509838250631,0.4500509838250631
0.4523497719996406,0.4523497719996406
0.45464278410550035,0.45464278410550035
0.45693003269054644,0.45693003269054644
0.45921153035143153,0.45921153035143153
0.4614872897337762,0.4614872897337762
0.46375732353237215,0.46375732353237215
0.46602164449140426,0.46602164449140426
0.46828026540465806,0.46828026540465806
0.4705331991157411,0.4705331991157411
0.4727804585182955,0.4727804585182955
0.47502205655622237,0.47502205655622237
0.47725800622389536,0.47725800622389536
0.47948832056638896,0.47948832056638896
0.4817130126796935,0.4817130126796935
0.48393209571094825,0.48393209571094825
0.48614558285865733,0.48614558285865733
0.4883534873729261,0.4883534873729261
0.49055582255567987,0.49055582255567987
0.49275260176090396,0.49275260176090396
0.4949438383948642,0.4949438383948642
0.4971295459163494,0.4971295459163494
0.49930973783689714,0.49930973783689714
0.5014844277210361,0.5014844277210361
0.5036536291865158,0.5036536291865158
0.5058173559045545,0.5058173559045545
0.5079756216000669,0.5079756216000669
0.510128440051919,0.510128440051919
0.512275825093159,0.512275825093159
0.5144177906112704,0.5144177906112704
0.5165543505484123,0.5165543505484123
0.5186855189016708,0.5186855189016708
0.5208113097233045,0.5208113097233045
0.5229317371210003,0.5229317371210003
0.525046815258117,0.525046815258117
0.5271565583539508,0.5271565583539508
0.5292609806839781,0.5292609806839781
0.5313600965801228,0.5313600965801228
0.533453920431008,0.533453920431008
0.535542466682221,0.535542466682221
0.5376257498365706,0.5376257498365706
0.5397037844543556,0.5397037844543556
0.5417765851536246,0.5417765851536246
0.5438441666104488,0.5438441666104488
0.5459065435591831,0.5459065435591831
0.5479637307927457,0.5479637307927457
0.5500157431628806,0.5500157431628806
0.5520625955804388,0.5520625955804388
0.5541043030156476,0.5541043030156476
0.5561408804983947,0.5561408804983947
0.5581723431184984,0.5581723431184984
0.5601987060259982,0.5601987060259982
0.5622199844314274,0.5622199844314274
0.5642361936061076,0.5642361936061076
0.5662473488824237,0.5662473488824237
0.5682534656541236,0.5682534656541236
0.5702545593765974,0.5702545593765974
0.5722506455671781,0.5722506455671781
0.574241739805426,0.574241739805426
0.5762278577334351,0.5762278577334351
0.5782090150561184,0.5782090150561184
0.5801852275415192,0.5801852275415192
0.5821565110211011,0.5821565110211011
0.5841228813900604,0.5841228813900604
0.5860843546076241,0.5860843546076241
0.5880409466973641,0.5880409466973641
0.5899926737474969,0.5899926737474969
0.5919395519112064,0.5919395519112064
0.5938815974069452,0.5938815974069452
0.5958188265187598,0.5958188265187598
0.5977512555965989,0.5977512555965989
0.599678901056642,0.599678901056642
0.6016017793816112,0.6016017793816112
0.603519907121103,0.603519907121103
0.605433300891907,0.605433300891907
0.6073419773783401,0.6073419773783401
0.6092459533325689,0.6092459533325689
0.6111452455749508,0.6111452455749508
0.6130398709943583,0.6130398709943583
0.6149298465485247,0.6149298465485247
0.6168151892643738,0.6168151892643738
0.6186959162383704,0.6186959162383704
0.620572044636853,0.620572044636853
0.6224435916963894,0.6224435916963894
0.624310574724114,0.624310574724114
0.6261730110980893,0.6261730110980893
0.628030918267646,0.628030918267646
0.6298843137537484,0.6298843137537484
0.6317332151493418,0.6317332151493418
0.633577640119721,0.633577640119721
0.6354176064028861,0.6354176064028861
0.6372531318099071,0.6372531318099071
0.6390842342252906,0.6390842342252906
0.6409109316073529,0.6409109316073529
0.6427332419885871,0.6427332419885871
0.6445511834760372,0.6445511834760372
0.6463647742516752,0.6463647742516752
0.648174032572782,0.648174032572782
0.64997897677233,0.64997897677233
0.6517796252593596,0.6517796252593596
0.6535759965193734,0.6535759965193734
0.6553681091147234,0.6553681091147234
0.6571559816850051,0.6571559816850051
0.6589396329474467,0.6589396329474467
0.6607190816973085,0.6607190816973085
0.662494346808288,0.662494346808288
0.6642654472329166,0.6642654472329166
0.6660324020029667,0.6660324020029667
0.6677952302298584,0.6677952302298584
0.669553951105076,0.669553951105076
0.6713085839005776,0.6713085839005776
0.6730591479692092,0.6730591479692092
0.6748056627451281,0.6748056627451281
0.6765481477442251,0.6765481477442251
0.6782866225645509,0.6782866225645509
0.6800211068867391,0.6800211068867391
0.6817516204744398,0.6817516204744398
0.6834781831747577,0.6834781831747577
0.6852008149186851,0.6852008149186851
0.6869195357215409,0.6869195357215409
0.6886343656834145,0.6886343656834145
0.6903453249896168,0.6903453249896168
0.6920524339111246,0.6920524339111246
0.6937557128050321,0.6937557128050321
0.6954551821150078,0.6954551821150078
0.6971508623717573,0.6971508623717573
0.6988427741934811,0.6988427741934811
0.7005309382863374,0.7005309382863374
0.702215375444914,0.702215375444914
0.7038961065527014,0.7038961065527014
0.7055731525825667,0.7055731525825667
0.7072465345972271,0.7072465345972271
0.7089162737497359,0.7089162737497359
0.710582391283969,0.710582391283969
0.7122449085351118,0.7122449085351118
0.7139038469301465,0.7139038469301465
0.715559227988356,0.715559227988356
0.7172110733218138,0.7172110733218138
0.7188594046358959,0.7188594046358959
0.7205042437297757,0.7205042437297757
0.7221456124969454,0.7221456124969454
0.7237835329257172,0.7237835329257172
0.7254180270997522,0.7254180270997522
0.7270491171985689,0.7270491171985689
0.7286768254980786,0.7286768254980786
0.7303011743711018,0.7303011743711018
0.7319221862879131,0.7319221862879131
0.7335398838167628,0.7335398838167628
0.735154289624429,0.735154289624429
0.73676542647675,0.73676542647675
0.738373317239181,0.738373317239181
0.7399779848773356,0.7399779848773356
0.7415794524575503,0.7415794524575503
0.7431777431474355,0.7431777431474355
0.7447728802164457,0.7447728802164457
0.7463648870364387,0.7463648870364387
0.7479537870822555,0.7479537870822555
0.749539603932288,0.749539603932288
0.7511223612690663,0.7511223612690663
0.7527020828798325,0.7527020828798325
0.7542787926571421,0.7542787926571421
0.755852514599441,0.755852514599441
0.7574232728116774,0.7574232728116774
0.7589910915058893,0.7589910915058893
0.760555995001823,0.760555995001823
0.7621180077275297,0.7621180077275297
0.7636771542199915,0.7636771542199915
0.765233459125733,0.765233459125733
0.7667869472014498,0.7667869472014498
0.7683376433146304,0.7683376433146304
0.7698855724441965,0.7698855724441965
0.7714307596811334,0.7714307596811334
0.7729732302291394,0.7729732302291394
0.7745130094052637,0.7745130094052637
0.7760501226405687,0.7760501226405687
0.7775845954807764,0.7775845954807764
0.7791164535869387,0.7791164535869387
0.7806457227360959,0.7806457227360959
0.7821724288219576,0.7821724288219576
0.7836965978555667,0.7836965978555667
0.7852182559659953,0.7852182559659953
0.7867374294010168,0.7867374294010168
0.7882541445278122,0.7882541445278122
0.7897684278336534,0.7897684278336534
0.791280305926618,0.791280305926618
0.7927898055362848,0.7927898055362848
0.7942969535144591,0.7942969535144591
0.79580177683588,0.79580177683588
0.7973043025989529,0.7973043025989529
0.7988045580264722,0.7988045580264722
0.8003025704663629,0.8003025704663629
0.8017983673924116,0.8017983673924116
0.8032919764050265,0.8032919764050265
0.804783425231972,0.804783425231972
0.8062727417291442,0.8062727417291442
0.8077599538813185,0.8077599538813185
0.8092450898029321,0.8092450898029321
0.8107281777388481,0.8107281777388481
0.8122092460651457,0.8122092460651457
0.813688323289903,0.813688323289903
0.8151654380539904,0.8151654380539904
0.8166406191318669,0.8166406191318669
0.8181138954323955,0.8181138954323955
0.819585295999648,0.819585295999648
0.8210548500137216,0.8210548500137216
0.8225225867915655,0.8225225867915655
0.8239885357878162,0.8239885357878162
0.8254527265956326,0.8254527265956326
0.8269151889475346,0.8269151889475346
0.8283759527162587,0.8283759527162587
0.8298350479156182,0.8298350479156182
0.8312925047013641,0.8312925047013641
0.8327483533720532,0.8327483533720532
0.8342026243699276,0.8342026243699276
0.8356553482818053,0.8356553482818053
0.837106555839967,0.837106555839967
0.8385562779230508,0.8385562779230508
0.8400045455569635,0.8400045455569635
0.8414513899157974,0.8414513899157974
0.842896842322743,0.842896842322743
0.8443409342510189,0.8443409342510189
0.8457836973248081,0.8457836973248081
0.8472251633202024,0.8472251633202024
0.8486653641661519,0.8486653641661519
0.8501043319454176,0.8501043319454176
0.8515420988955416,0.8515420988955416
0.8529786974098232,0.8529786974098232
0.854414160038297,0.854414160038297
0.8558485194887177,0.8558485194887177
0.857281808627561,0.857281808627561
0.8587140604810336,0.8587140604810336
0.8601453082360808,0.8601453082360808
0.8615755852414066,0.8615755852414066
0.8630049250085059,0.8630049250085059
0.8644333612127063,0.8644333612127063
0.865860927694211,0.865860927694211
0.8672876584591538,0.8672876584591538
0.8687135876806618,0.8687135876806618
0.8701387496999343,0.8701387496999343
0.8715631790273217,0.8715631790273217
0.8729869103434105,0.8729869103434105
0.8744099785001266,0.8744099785001266
0.8758324185218487,0.8758324185218487
0.877254265606521,0.877254265606521
0.8786755551267774,0.8786755551267774
0.8800963226310812,0.8800963226310812
0.8815166038448753,0.8815166038448753
0.8829364346717319,0.8829364346717319
0.8843558511945168,0.8843558511945168
0.8857748896765647,0.8857748896765647
0.8871935865628712,0.8871935865628712
0.8886119784812776,0.8886119784812776
0.8900301022436786,0.8900301022436786
0.891447994847238,0.891447994847238
0.892865693475616,0.892865693475616
0.8942832355001997,0.8942832355001997
0.8957006584813505,0.8957006584813505
0.8971180001696607,0.8971180001696607
0.8985352985072224,0.8985352985072224
0.8999525916289044,0.8999525916289044
0.901369917863636,0.901369917863636
0.9027873157357147,0.9027873157357147
0.9042048239661078,0.9042048239661078
0.905622481473786,0.905622481473786
0.9070403273770443,0.9070403273770443
0.9084584009948564,0.9084584009948564
0.9098767418482234,0.9098767418482234
0.9112953896615512,0.9112953896615512
0.9127143843640179,0.9127143843640179
0.9141337660909788,0.9141337660909788
0.9155535751853584,0.9155535751853584
0.9169738521990777,0.9169738521990777
0.9183946378944718,0.9183946378944718
0.91981597324574,0.91981597324574
0.9212378994403891,0.9212378994403891
0.922660457880714,0.922660457880714
0.9240836901852578,0.9240836901852578
0.9255076381903236,0.9255076381903236
0.9269323439514612,0.9269323439514612
0.9283578497450029,0.9283578497450029
0.9297841980695767,0.9297841980695767
0.9312114316476696,0.9312114316476696
0.932639593427172,0.932639593427172
0.9340687265829622,0.9340687265829622
0.9354988745184799,0.9354988745184799
0.9369300808673419,0.9369300808673419
0.9383623894949438,0.9383623894949438
0.939795844500102,0.939795844500102
0.9412304902166834,0.9412304902166834
0.9426663712152811,0.9426663712152811
0.9441035323048702,0.9441035323048702
0.9455420185345134,0.9455420185345134
0.9469818751950516,0.9469818751950516
0.9484231478208355,0.9484231478208355
0.9498658821914456,0.9498658821914456
0.9513101243334599,0.9513101243334599
0.9527559205222057,0.9527559205222057
0.9542033172835549,0.9542033172835549
0.9556523613957099,0.9556523613957099
0.9571030998910318,0.9571030998910318
0.9585555800578622,0.9585555800578622
0.9600098494423809,0.9600098494423809
0.9614659558504599,0.9614659558504599
0.9629239473495629,0.9629239473495629
0.9643838722706257,0.9643838722706257
0.9658457792099943,0.9658457792099943
0.9673097170313412,0.9673097170313412
0.9687757348676375,0.9687757348676375
0.9702438821231065,0.9702438821231065
0.9717142084752302,0.9717142084752302
0.9731867638767439,0.9731867638767439
0.9746615985576761,0.9746615985576761
0.9761387630273811,0.9761387630273811
0.9776183080766189,0.9776183080766189
0.9791002847796264,0.9791002847796264
0.9805847444962349,0.9805847444962349
0.982071738873982,0.982071738873982
0.9835613198502675,0.9835613198502675
0.9850535396545059,0.9850535396545059
0.9865484508103274,0.9865484508103274
0.9880461061377631,0.9880461061377631
0.9895465587554958,0.9895465587554958
0.9910498620830857,0.9910498620830857
0.992556069843255,0.992556069843255
0.9940652360641771,0.9940652360641771
0.9955774150817839,0.9955774150817839
0.9970926615421037,0.9970926615421037
0.9986110304036259,0.9986110304036259
1.0001325769396745,1.0001325769396745
1.001657356740814,1.001657356740814
1.0031854257172748,1.0031854257172748
1.0047168401014095,1.0047168401014095
1.006251656450167,1.006251656450167
1.0077899316475816,1.0077899316475816
1.0093317229073042,1.0093317229073042
1.0108770877751518,1.0108770877751518
1.0124260841316806,1.0124260841316806
1.0139787701947731,1.0139787701947731
1.0155352045222716,1.0155352045222716
1.0170954460146284,1.0170954460146284
1.0186595539175805,1.0186595539175805
1.0202275878248444,1.0202275878248444
1.0217996076808507,1.0217996076808507
1.023375673783507,1.023375673783507
1.024955846786971,1.024955846786971
1.0265401877044642,1.0265401877044642
1.028128757911113,1.028128757911113
1.0297216191468201,1.0297216191468201
1.0313188335191577,1.0313188335191577
1.032920463506289,1.032920463506289
1.0345265719599304,1.0345265719599304
1.0361372221083378,1.0361372221083378
1.037752477559317,1.037752477559317
1.0393724023032702,1.0393724023032702
1.040997060716276,1.040997060716276
1.0426265175631964,1.0426265175631964
1.0442608380008214,1.0442608380008214
1.0459000875810327,1.0459000875810327
1.0475443322540123,1.0475443322540123
1.0491936383714848,1.0491936383714848
1.0508480726899858,1.0508480726899858
1.0525077023741636,1.0525077023741636
1.0541725950001162,1.0541725950001162
1.0558428185587796,1.0558428185587796
1.0575184414593226,1.0575184414593226
1.05919953253259,1.05919953253259
1.0608861610345919,1.0608861610345919
1.0625783966500135,1.0625783966500135
1.0642763094957777,1.0642763094957777
1.065979970124619,1.065979970124619
1.0676894495287235,1.0676894495287235
1.0694048191433991,1.0694048191433991
1.071126150850773,1.071126150850773
1.0728535169835336,1.0728535169835336
1.0745869903287233,1.0745869903287233
1.07632664413156,1.07632664413156
1.0780725520993024,1.0780725520993024
1.0798247884051513,1.0798247884051513
1.0815834276922045,1.0815834276922045
1.083348545077445,1.083348545077445
1.0851202161557791,1.0851202161557791
1.0868985170041012,1.0868985170041012
1.0886835241854251,1.0886835241854251
1.0904753147530493,1.0904753147530493
1.0922739662547658,1.0922739662547658
1.0940795567371124,1.0940795567371124
1.09589216474968,1.09589216474968
1.0977118693494627,1.0977118693494627
1.0995387501052563,1.0995387501052563
1.1013728871020974,1.1013728871020974
1.1032143609457614,1.1032143609457614
1.1050632527673103,1.1050632527673103
1.1069196442276845,1.1069196442276845
1.108783617522343,1.108783617522343
1.1106552553859599,1.1106552553859599
1.1125346410971853,1.1125346410971853
1.1144218584834311,1.1144218584834311
1.116316991925736,1.116316991925736
1.1182201263636655,1.1182201263636655
1.120131347300288,1.120131347300288
1.1220507408071911,1.1220507408071911
1.1239783935295493,1.1239783935295493
1.1259143926912638,1.1259143926912638
1.1278588261001654,1.1278588261001654
1.1298117821532516,1.1298117821532516
1.1317733498419973,1.1317733498419973
1.1337436187577306,1.1337436187577306
1.1357226790970716,1.1357226790970716
1.1377106216674169,1.1377106216674169
1.1397075378925,1.1397075378925
1.1417135198180113,1.1417135198180113
1.1437286601172938,1.1437286601172938
1.1457530520970884,1.1457530520970884
1.1477867897033467,1.1477867897033467
1.149829967527127,1.149829967527127
1.1518826808105505,1.1518826808105505
1.1539450254528156,1.1539450254528156
1.1560170980163038,1.1560170980163038
1.1580989957327363,1.1580989957327363
1.1601908165094157,1.1601908165094157
1.1622926589355447,1.1622926589355447
1.1644046222886073,1.1644046222886073
1.1665268065408283,1.1665268065408283
1.1686593123657132,1.1686593123657132
1.1708022411446721,1.1708022411446721
1.1729556949737132,1.1729556949737132
1.1751197766702068,1.1751197766702068
1.1772945897797535,1.1772945897797535
1.179480238583122,1.179480238583122
1.1816768281032737,1.1816768281032737
1.183884464112461,1.183884464112461
1.1861032531394224,1.1861032531394224
1.1883333024766765,1.1883333024766765
1.1905747201878771,1.1905747201878771
1.1928276151152735,1.1928276151152735
1.1950920968872634,1.1950920968872634
1.1973682759260378,1.1973682759260378
1.1996562634553158,1.1996562634553158
1.2019561715081666,1.2019561715081666
1.2042681129349517,1.2042681129349517
1.2065922014113446,1.2065922014113446
1.208928551446457,1.208928551446457
1.2112772783910626,1.2112772783910626
1.2136384984459276,1.2136384984459276
1.2160123286702518,1.2160123286702518
1.2183988869901983,1.2183988869901983
1.2207982922075404,1.2207982922075404
1.223210664008418,1.223210664008418
1.2256361229722084,1.2256361229722084
1.2280747905804983,1.2280747905804983
1.2305267892261769,1.2305267892261769
1.232992242222639,1.232992242222639
1.2354712738131206,1.2354712738131206
1.2379640091801358,1.2379640091801358
1.2404705744550406,1.2404705744550406
1.2429910967277205,1.2429910967277205
1.2455257040564118,1.2455257040564118
1.2480745254776378,1.2480745254776378
1.2506376910162682,1.2506376910162682
1.2532153316957275,1.2532153316957275
1.255807579548328,1.255807579548328
1.2584145676257394,1.2584145676257394
1.2610364300095804,1.2610364300095804
1.263673301822168,1.263673301822168
1.2663253192374149,1.2663253192374149
1.2689926194918437,1.2689926194918437
1.2716753408957613,1.2716753408957613
1.2743736228445877,1.2743736228445877
1.2770876058303329,1.2770876058303329
1.2798174314532178,1.2798174314532178
1.282563242433451,1.282563242433451
1.285325182623179,1.285325182623179
1.2881033970185873,1.2881033970185873
1.2908980317721588,1.2908980317721588
1.293709234205105,1.293709234205105
1.2965371528199625,1.2965371528199625
1.2993819373133753,1.2993819373133753
1.3022437385890249,1.3022437385890249
1.3051227087707549,1.3051227087707549
1.3080190012158759,1.3080190012158759
1.310932770528651,1.310932770528651
1.3138641725739608,1.3138641725739608
1.3168133644911666,1.3168133644911666
1.3197805047081541,1.3197805047081541
1.3227657529555925,1.3227657529555925
1.3257692702813766,1.3257692702813766
1.3287912190652662,1.3287912190652662
1.3318317630337457,1.3318317630337457
1.3348910672750884,1.3348910672750884
1.3379692982546316,1.3379692982546316
1.3410666238302589,1.3410666238302589
1.344183213268116,1.344183213268116
1.3473192372585514,1.3473192372585514
1.3504748679322731,1.3504748679322731
1.353650278876733,1.353650278876733
1.3568456451527646,1.3568456451527646
1.3600611433114567,1.3600611433114567
1.3632969514112536,1.3632969514112536
1.3665532490353127,1.3665532490353127
1.3698302173091246,1.3698302173091246
1.3731280389183815,1.3731280389183815
1.3764468981270985,1.3764468981270985
1.3797869807960113,1.3797869807960113
1.3831484744012412,1.3831484744012412
1.3865315680532388,1.3865315680532388
1.3899364525160016,1.3899364525160016
1.3933633202265758,1.3933633202265758
1.3968123653148543,1.3968123653148543
1.4002837836236746,1.4002837836236746
1.4037777727292007,1.4037777727292007
1.4072945319616224,1.4072945319616224
1.4108342624261656,1.4108342624261656
1.4143971670244264,1.4143971670244264
1.4179834504760134,1.4179834504760134
1.4215933193405228,1.4215933193405228
1.4252269820398558,1.4252269820398558
1.4288846488808835,1.4288846488808835
1.4325665320784395,1.4325665320784395
1.4362728457786749,1.4362728457786749
1.4400038060827758,1.4400038060827758
1.44375963107106,1.44375963107106
1.4475405408274238,1.4475405408274238
1.451346757464183,1.451346757464183
1.455178505147298,1.455178505147298
1.459036010122009,1.459036010122009
1.462919500738857,1.462919500738857
1.4668292074801106,1.4668292074801106
1.4707653629866357,1.4707653629866357
1.4747282020851744,1.4747282020851744
1.4787179618160677,1.4787179618160677
1.4827348814613976,1.4827348814613976
1.4867792025736157,1.4867792025736157
1.4908511690046153,1.4908511690046153
1.4949510269352715,1.4949510269352715
1.4990790249054518,1.4990790249054518
1.5032354138445339,1.5032354138445339
1.5074204471024146,1.5074204471024146
1.5116343804810177,1.5116343804810177
1.5158774722663173,1.5158774722663173
1.5201499832609058,1.5201499832609058
1.524452176817089,1.524452176817089
1.5287843188705212,1.5287843188705212
1.5331466779744227,1.5331466779744227
1.5375395253343396,1.5375395253343396
1.5419631348435048,1.5419631348435048
1.5464177831188008,1.5464177831188008
1.5509037495373084,1.5509037495373084
1.5554213162734754,1.5554213162734754
1.5599707683369328,1.5599707683369328
1.5645523936109496,1.5645523936109496
1.5691664828915368,1.5691664828915368
1.573813329927218,1.573813329927218
1.5784932314595037,1.5784932314595037
1.5832064872640603,1.5832064872640603
1.5879534001925784,1.5879534001925784
1.5927342762153718,1.5927342762153718
1.5975494244647352,1.5975494244647352
1.6023991572790626,1.6023991572790626
1.6072837902477168,1.6072837902477168
1.612203642256705,1.612203642256705
1.6171590355351708,1.6171590355351708
1.6221502957027103,1.6221502957027103
1.6271777518175259,1.6271777518175259
1.6322417364254247,1.6322417364254247
1.6373425856097403,1.6373425856097403
1.6424806390421265,1.6424806390421265
1.647656240034268,1.647656240034268
1.6528697355905366,1.6528697355905366
1.6581214764616117,1.6581214764616117
1.663411817199084,1.663411817199084
1.6687411162110524,1.6687411162110524
1.674109735818741,1.674109735818741
1.6795180423141831,1.6795180423141831
1.6849664060189729,1.6849664060189729
1.6904552013440954,1.6904552013440954
1.695984806850889,1.695984806850889
1.701555605313148,1.701555605313148
1.7071679837804175,1.7071679837804175
1.712822333642454,1.712822333642454
1.7185190506949255,1.7185190506949255
1.7242585352063684,1.7242585352063684
1.7300411919864351,1.7300411919864351
1.7358674304554305,1.7358674304554305
1.7417376647152036,1.7417376647152036
1.7476523136214115,1.7476523136214115
1.7536118008572048,1.7536118008572048
1.7596165550083236,1.7596165550083236
1.7656670096396756,1.7656670096396756
1.7717636033734354,1.7717636033734354
1.7779067799686825,1.7779067799686825
1.7840969884026079,1.7840969884026079
1.7903346829533415,1.7903346829533415
1.796620323284444,1.796620323284444
1.8029543745311067,1.8029543745311067
1.8093373073880654,1.8093373073880654
1.8157695981992945,1.8157695981992945
1.822251729049553,1.822251729049553
1.8287841878577804,1.8287841878577804
1.835367468472412,1.835367468472412
1.8420020707686369,1.8420020707686369
1.8486885007477032,1.8486885007477032
1.855427270638265,1.855427270638265
1.8622188989998405,1.8622188989998405
1.8690639108284335,1.8690639108284335
1.8759628376643882,1.8759628376643882
1.8829162177025196,1.8829162177025196
1.8899245959045727,1.8899245959045727
1.8969885241140696,1.8969885241140696
1.9041085611736321,1.9041085611736321
1.9112852730448215,1.9112852730448215
1.918519232930555,1.918519232930555
1.9258110214001636,1.9258110214001636
1.9331612265172087,1.9331612265172087
1.9405704439700604,1.9405704439700604
1.9480392772053685,1.9480392772053685
1.9555683375644413,1.9555683375644413
1.9631582444226838,1.9631582444226838
1.9708096253321277,1.9708096253321277
1.9785231161671504,1.9785231161671504
1.9862993612734352,1.9862993612734352
1.994139013620339,1.994139013620339
2.0020427349566976,2.0020427349566976
2.0100111959701743,2.0100111959701743
2.01804507645023,2.01804507645023
2.0261450654548816,2.0261450654548816
2.034311861481299,2.034311861481299
2.042546172640341,2.042546172640341
2.050848716835161,2.050848716835161
2.0592202219440123,2.0592202219440123
2.067661426007359,2.067661426007359
2.076173077419376,2.076173077419376
2.0847559351240257,2.0847559351240257
2.093410768815803,2.093410768815803
2.102138359145319,2.102138359145319
2.1109394979298024,2.1109394979298024
2.1198149883687125,2.1198149883687125
2.128765645264613,2.128765645264613
2.137792295249443,2.137792295249443
2.1468957770163413,2.1468957770163413
2.156076941557181,2.156076941557181
2.1653366524060518,2.1653366524060518
2.174675785888771,2.174675785888771
2.18409523137867,2.18409523137867
2.193595891558819,2.193595891558819
2.2031786826908983,2.2031786826908983
2.2128445348909382,2.2128445348909382
2.2225943924120806,2.2225943924120806
2.232429213934626,2.232429213934626
2.2423499728635967,2.2423499728635967
2.2523576576340334,2.2523576576340334
2.2624532720242585,2.2624532720242585
2.2726378354773655,2.2726378354773655
2.282912383431224,2.282912383431224
2.293277967657237,2.293277967657237
2.3037356566081404,2.3037356566081404
2.314286535775126,2.314286535775126
2.3249317080546215,2.3249317080546215
2.335672294125043,2.335672294125043
2.3465094328337783,2.3465094328337783
2.3574442815948164,2.3574442815948164
2.36847801679735,2.36847801679735
2.3796118342257246,2.3796118342257246
2.39084694949108,2.39084694949108
2.4021845984750985,2.4021845984750985
2.413626037786317,2.413626037786317
2.42517254522936,2.42517254522936
2.4368254202875623,2.4368254202875623
2.4485859846194624,2.4485859846194624
2.4604555825696215,2.4604555825696215
2.4724355816942847,2.4724355816942847
2.484527373302422,2.484527373302422
2.496732373012627,2.496732373012627
2.509052021326506,2.509052021326506
2.5214877842191226,2.5214877842191226
2.5340411537471246,2.5340411537471246
2.5467136486751345,2.5467136486751345
2.5595068151211495,2.5595068151211495
2.5724222272215864,2.5724222272215864
2.585461487816755,2.585461487816755
2.5986262291574445,2.5986262291574445
2.6119181136334344,2.6119181136334344
2.6253388345248148,2.6253388345248148
2.6388901167769045,2.6388901167769045
2.6525737177996827,2.6525737177996827
2.6663914282926533,2.6663914282926533
2.6803450730962033,2.6803450730962033
2.6944365120703906,2.6944365120703906
2.7086676410022683,2.7086676410022683
2.7230403925428304,2.7230403925428304
2.7375567371748417,2.7375567371748417
2.7522186842127097,2.7522186842127097
2.767028282835644,2.767028282835644
2.7819876231555303,2.7819876231555303
2.797098837320901,2.797098837320901
2.812364100658471,2.812364100658471
2.827785632853763,2.827785632853763
2.8433656991724603,2.8433656991724603
2.859106611724223,2.859106611724223
2.8750107307707173,2.8750107307707173
2.8910804660796883,2.8910804660796883
2.9073182783271347,2.9073182783271347
2.9237266805495556,2.9237266805495556
2.9403082396485383,2.9403082396485383
2.9570655779498543,2.9570655779498543
2.9740013748195144,2.9740013748195144
2.9911183683393157,2.9911183683393157
3.008419357044534,3.008419357044534
3.0259072017264725,3.0259072017264725
3.0435848273028756,3.0435848273028756
3.0614552247592886,3.0614552247592886
3.079521453164632,3.079521453164632
3.0977866417643516,3.0977866417643516
3.116253992154824,3.116253992154824
3.1349267805428602,3.1349267805428602
3.1538083600942772,3.1538083600942772
3.1729021633758197,3.1729021633758197
3.1922117048948953,3.1922117048948953
3.2117405837419297,3.2117405837419297
3.2314924863403323,3.2314924863403323
3.2514711893093406,3.2514711893093406
3.271680562445389,3.271680562445389
3.29212457182797,3.29212457182797
3.3128072830562862,3.3128072830562862
3.3337328646232756,3.3337328646232756
3.354905591434168,3.354905591434168
3.3763298484770576,3.3763298484770576
3.3980101346534513,3.3980101346534513
3.4199510667771724,3.4199510667771724
3.4421573837506845,3.4421573837506845
3.4646339509283153,3.4646339509283153
3.487385764676573,3.487385764676573
3.5104179571422462,3.5104179571422462
3.5337358012398625,3.5337358012398625
3.557344715870704,3.557344715870704
3.5812502713864345,3.5812502713864345
3.6054581953111713,3.6054581953111713
3.6299743783368887,3.6299743783368887
3.654804880607996,3.654804880607996
3.679955938311979,3.679955938311979
3.705433970594167,3.705433970594167
3.7312455868159637,3.7312455868159637
3.757397594177293,3.757397594177293
3.783897005725414,3.783897005725414
3.8107510487737852,3.8107510487737852
3.8379671737565575,3.8379671737565575
3.865553063545991,3.865553063545991
3.893516643262262,3.893516643262262
3.9218660906070943,3.9218660906070943
3.9506098467552584,3.9506098467552584
3.9797566278405454,3.9797566278405454
4.009315437075584,4.009315437075584
4.039295577547882,4.039295577547882
4.069706665738041,4.069706665738041
4.100558645809598,4.100558645809598
4.131861804724081,4.131861804724081
4.163626788238977,4.163626788238977
4.195864617851478,4.195864617851478
4.22858670875591,4.22858670875591
4.261804888888524,4.261804888888524
4.2955314191396665,4.2955314191396665
4.329779014820367,4.329779014820367
4.364560868478044,4.364560868478044
4.399890674164394,4.399890674164394
4.435782653267876,4.435782653267876
4.472251582033533,4.472251582033533
4.5093128209042925,4.5093128209042925
4.546982345830425,4.546982345830425
4.58527678170781,4.58527678170781
4.624213438121259,4.624213438121259
4.663810347586412,4.663810347586412
4.704086306502859,4.704086306502859
4.745060919052609,4.745060919052609
4.786754644301976,4.786754644301976
4.829188846791831,4.829188846791831
4.872385850931036,4.872385850931036
4.916368999541543,4.916368999541543
4.961162716941639,4.961162716941639
5.006792576996401,5.006792576996401
5.053285376612481,5.053285376612481
5.1006692152086535,5.1006692152086535
5.148973580755232,5.148973580755232
5.198229443045334,5.198229443045334
5.2484693549402515,5.2484693549402515
5.299727562421678,5.299727562421678
5.352040124386913,5.352040124386913
5.4054450432414445,5.4054450432414445
5.459982407478786,5.459982407478786
5.515694547593239,5.515694547593239
5.572626206851244,5.572626206851244
5.630824728654511,5.630824728654511
5.690340262468623,5.690340262468623
5.7512259905704575,5.7512259905704575
5.8135383781936625,5.8135383781936625
5.877337450031892,5.877337450031892
5.942687096506243,5.942687096506243
6.00965541372806,6.00965541372806
6.07831508170792,6.07831508170792
6.148743786095569,6.148743786095569
6.221024689607829,6.221024689607829
6.2952469603421815,6.2952469603421815
6.371506365420612,6.371506365420612
6.449905939908542,6.449905939908542
6.5305567427662945,6.5305567427662945
6.613578713790809,6.613578713790809
6.699101648189258,6.699101648189258
6.7872663087171725,6.7872663087171725
6.878225699369698,6.878225699369698
6.972146529642389,6.972146529642389
7.0692109046475275,7.0692109046475275
7.169618284239674,7.169618284239674
7.273587764242928,7.273587764242928
7.381360745516456,7.381360745516456
7.493204072802684,7.493204072802684
7.609413746245496,7.609413746245496
7.730319335758731,7.730319335758731
7.856289264320557,7.856289264320557
7.98773717394281,7.98773717394281
8.12512965205193,8.12512965205193
8.268995682880718,8.268995682880718
8.419938307841154,8.419938307841154
8.578649145091777,8.578649145091777
8.745926653407647,8.745926653407647
8.922699362647894,8.922699362647894
9.110055785611795,9.110055785611795
9.309283459307165,9.309283459307165
9.521920678680885,9.521920678680885
9.749826222009272,9.749826222009272
9.995275143007646,9.995275143007646
10.261093277901963,10.261093277901963
10.550850911686707,10.550850911686707
10.869149870730359,10.869149870730359
11.22206396699199,11.22206396699199
11.617842994111925,11.617842994111925
12.068095605200309,12.068095605200309
12.589904512117183,12.589904512117183
13.209923952474687,13.209923952474687
13.973214973341353,13.973214973341353
14.965432525601136,14.965432525601136
16.38357417015426,16.38357417015426
18.89247439730174,18.89247439730174
