-7.002214824706835,-7.002214824706835
-7.054083080858059,-7.054083080858059
-7.058179421426155,-7.058179421426155
-7.04431102386022,-7.04431102386022
-7.019109424270714,-7.019109424270714
-6.985732527730372,-6.985732527730372
-6.946041847332765,-6.946041847332765
-6.901267476709067,-6.901267476709067
-6.852283322339881,-6.852283322339881
-6.799742289073094,-6.799742289073094
-6.744150604941541,-6.744150604941541
-6.685912121284535,-6.685912121284535
-6.625356377553606,-6.625356377553606
-6.56275725183424,-6.56275725183424
-6.498345842637967,-6.498345842637967
-6.432319653915736,-6.432319653915736
-6.364849321454774,-6.364849321454774
-6.2960836521187655,-6.2960836521187655
-6.226153473902758,-6.226153473902758
-6.155174628142663,-6.155174628142663
-6.083250330231281,-6.083250330231281
-6.010473057083857,-6.010473057083857
-5.936926074263595,-5.936926074263595
-5.862684684810369,-5.862684684810369
-5.787817260367425,-5.787817260367425
-5.712386100022716,-5.712386100022716
-5.63644815136225,-5.63644815136225
-5.560055620259012,-5.560055620259012
-5.483256490018062,-5.483256490018062
-5.406094966073584,-5.406094966073584
-5.328611859078447,-5.328611859078447
-5.2508449166555495,-5.2508449166555495
-5.1728291120902465,-5.1728291120902465
-5.09459689668904,-5.09459689668904
-5.016178421305501,-5.016178421305501
-4.937601731562562,-4.937601731562562
-4.858892940522939,-4.858892940522939
-4.780076381933376,-4.780076381933376
-4.701174746660871,-4.701174746660871
-4.622209204525018,-4.622209204525018
-4.543199513390961,-4.543199513390961
-4.464164117107254,-4.464164117107254
-4.38512023364057,-4.38512023364057
-4.306083934565607,-4.306083934565607
-4.227070216906421,-4.227070216906421
-4.148093068189092,-4.148093068189092
-4.069165525450522,-4.069165525450522
-3.9902997288505726,-3.9902997288505726
-3.9115069704515664,-3.9115069704515664
-3.8327977386582863,-3.8327977386582863
-3.7541817587507045,-3.7541817587507045
-3.6756680298890996,-3.6756680298890996
-3.597264858926645,-3.597264858926645
-3.518979891324373,-3.518979891324373
-3.4408201394304387,-3.4408201394304387
-3.3627920083553673,-3.3627920083553673
-3.284901319649299,-3.284901319649299
-3.2071533329645425,-3.2071533329645425
-3.1295527658668,-3.1295527658668
-3.0521038119409005,-3.0521038119409005
-2.9748101573213495,-2.9748101573213495
-2.897674995764278,-2.897674995764278
-2.8207010423651693,-2.8207010423651693
-2.743890546015874,-2.743890546015874
-2.6672453006847388,-2.6672453006847388
-2.5907666555949675,-2.5907666555949675
-2.514455524368558,-2.514455524368558
-2.438312393196105,-2.438312393196105
-2.3623373280864612,-2.3623373280864612
-2.2865299812444664,-2.2865299812444664
-2.210889596619737,-2.210889596619737
-2.135415014664777,-2.135415014664777
-2.0601046763362736,-2.0601046763362736
-1.9849566263694571,-1.9849566263694571
-1.9099685158517183,-1.9099685158517183
-1.835137604118225,-1.835137604118225
-1.7604607599891349,-1.7604607599891349
-1.6859344623649763,-1.6859344623649763
-1.6115548001940125,-1.6115548001940125
-1.5373174718227258,-1.5373174718227258
-1.4632177837380547,-1.4632177837380547
-1.3892506487076113,-1.3892506487076113
-1.3154105833217824,-1.3154105833217824
-1.2416917049393823,-1.2416917049393823
-1.1680877280363342,-1.1680877280363342
-1.0945919599547131,-1.0945919599547131
-1.0211972960473557,-1.0211972960473557
-0.9478962142111567,-0.9478962142111567
-0.8746807688000182,-0.8746807688000182
-0.8015425839063548,-0.8015425839063548
-0.7284728459978236,-0.7284728459978236
-0.6554622958938408,-0.6554622958938408
-0.5825012200641012,-0.5825012200641012
-0.5095794412290809,-0.5095794412290809
-0.43668630824001886,-0.43668630824001886
-0.3638106852134393,-0.3638106852134393
-0.29094093989258946,-0.29094093989258946
-0.21806493120548756,-0.21806493120548756
-0.14516999598631586,-0.14516999598631586
-0.07224293482387682,-0.07224293482387682
0.0007300030024337819,0.0007300030024337819
0.07376313554213966,0.07376313554213966
0.14687136519535743,0.14687136519535743
0.22007019678724957,0.22007019678724957
0.2933757567500876,0.2933757567500876
0.36680481347229177,0.36680481347229177
0.4403747988786797,0.4403747988786797
0.5141038313114065,0.5141038313114065
0.5880107397867465,0.5880107397867465
0.6621150897090072,0.6621150897090072
0.7364372101294876,0.7364372101294876
0.8109982226456046,0.8109982226456046
0.8858200720431296,0.8858200720431296
0.9609255587929919,0.9609255587929919
1.0363383735233533,1.0363383735233533
1.1120831335978005,1.1120831335978005
1.188185421941455,1.188185421941455
1.2646718282690261,1.2646718282690261
1.3415699928818223,1.3415699928818223
1.418908653215438,1.418908653215438
1.4967176933355588,1.4967176933355588
1.5750281965969055,1.5750281965969055
1.6538725016994893,1.6538725016994893
1.7332842623975744,1.7332842623975744
1.8132985111400797,1.8132985111400797
1.8939517269469845,1.8939517269469845
1.975281907854848,1.975281907854848
2.0573286482961755,2.0573286482961755
2.140133221812479,2.140133221812479
2.223738669539826,2.223738669539826
2.308189894949063,2.308189894949063
2.393533765371205,2.393533765371205
2.479819220892395,2.479819220892395
2.5670973912631037,2.5670973912631037
2.655421721533704,2.655421721533704
2.744848107204172,2.744848107204172
2.835435039760651,2.835435039760651
2.927243763567192,2.927243763567192
3.020338445188775,3.020338445188775
3.1147863563433007,3.1147863563433007
3.210658071818138,3.210658071818138
3.3080276838425915,3.3080276838425915
3.406973034585356,3.406973034585356
3.507575968647464,3.507575968647464
3.6099226076519004,3.6099226076519004
3.7141036492940898,3.7141036492940898
3.8202146935193753,3.8202146935193753
3.928356598840195,3.928356598840195
4.038635872204946,4.038635872204946
4.151165096291421,4.151165096291421
4.26606339863141,4.26606339863141
4.3834569675925055,4.3834569675925055
4.503479620964391,4.503479620964391
4.62627343373907,4.62627343373907
4.751989432660986,4.751989432660986
4.880788366282122,4.880788366282122
5.012841560623961,5.012841560623961
5.148331872165368,5.148331872165368
5.2874547517957655,5.2874547517957655
5.430419435662325,5.430419435662325
5.577450281579588,5.577450281579588
5.728788272963051,5.728788272963051
5.884692716222534,5.884692716222534
6.045443162371805,6.045443162371805
6.21134158948345,6.21134158948345
6.382714889811396,6.382714889811396
6.559917714258855,6.559917714258855
6.743335737834997,6.743335737834997
6.933389423400192,6.933389423400192
7.130538378117349,7.130538378117349
7.335286418622327,7.335286418622327
7.548187488367459,7.548187488367459
7.769852605718267,7.769852605718267
8.000958066710565,8.000958066710565
8.24225518536116,8.24225518536116
8.49458193188876,8.49458193188876
8.758876931924293,8.758876931924293
9.036196427440666,9.036196427440666
9.327734986677457,9.327734986677457
9.634851006240899,9.634851006240899
9.95909840427749,9.95909840427749
10.302266405233773,10.302266405233773
10.666430035246805,10.666430035246805
11.054014994320385,11.054014994320385
11.467882126587229,11.467882126587229
11.911439068619648,11.911439068619648
12.388790317737362,12.388790317737362
12.904942798783186,12.904942798783186
13.466093589780131,13.466093589780131
14.080042737484854,14.080042737484854
14.756802815347289,14.756802815347289
15.509529918589985,15.509529918589985
16.35600410833319,16.35600410833319
17.321101843238672,17.321101843238672
18.441184659322772,18.441184659322772
19.772522140426332,19.772522140426332
21.40923217362567,21.40923217362567
23.527548653209944,23.527548653209944
26.52302878422091,26.52302878422091
31.66113487266195,31.66113487266195
