-7.001769170017258,-7.001769170017258
-7.011026218292926,-7.011026218292926
-7.016716055865389,-7.016716055865389
-7.020829325524781,-7.020829325524781
-7.02390243756882,-7.02390243756882
-7.0261979233813925,-7.0261979233813925
-7.027872662220245,-7.027872662220245
-7.02903122088395,-7.02903122088395
-7.029748356121355,-7.029748356121355
-7.030080200355049,-7.030080200355049
-7.03007046308134,-7.03007046308134
-7.029754150031342,-7.029754150031342
-7.029159930613972,-7.029159930613972
-7.028311717232092,-7.028311717232092
-7.027229759530913,-7.027229759530913
-7.025931426672773,-7.025931426672773
-7.024431781498,-7.024431781498
-7.022744011505281,-7.022744011505281
-7.02087975868811,-7.02087975868811
-7.018849376268292,-7.018849376268292
-7.016662131524597,-7.016662131524597
-7.014326368164194,-7.014326368164194
-7.011849637848576,-7.011849637848576
-7.009238807868882,-7.009238807868882
-7.006500150144039,-7.006500150144039
-7.003639415424183,-7.003639415424183
-7.000661895651715,-7.000661895651715
-6.9975724767523975,-6.9975724767523975
-6.994375683624808,-6.994375683624808
-6.991075718718275,-6.991075718718275
-6.987676495302402,-6.987676495302402
-6.9841816663109935,-6.9841816663109935
-6.980594649472744,-6.980594649472744
-6.976918649307643,-6.976918649307643
-6.973156676463066,-6.973156676463066
-6.969311564779963,-6.969311564779963
-6.965385986412763,-6.965385986412763
-6.961382465272845,-6.961382465272845
-6.957303389021605,-6.957303389021605
-6.9531510198036734,-6.9531510198036734
-6.948927503881458,-6.948927503881458
-6.944634880308116,-6.944634880308116
-6.940275088755988,-6.940275088755988
-6.93584997660089,-6.93584997660089
-6.93136130534861,-6.93136130534861
-6.926810756478231,-6.926810756478231
-6.92219993676699,-6.92219993676699
-6.917530383152916,-6.917530383152916
-6.912803567184335,-6.912803567184335
-6.908020899099225,-6.908020899099225
-6.9031837315721125,-6.9031837315721125
-6.89829336316171,-6.89829336316171
-6.893351041488604,-6.893351041488604
-6.888357966168866,-6.888357966168866
-6.883315291526652,-6.883315291526652
-6.878224129106131,-6.878224129106131
-6.873085550001046,-6.873085550001046
-6.867900587018109,-6.867900587018109
-6.862670236688801,-6.862670236688801
-6.857395461142646,-6.857395461142646
-6.852077189853656,-6.852077189853656
-6.846716321270507,-6.846716321270507
-6.841313724339981,-6.841313724339981
-6.835870239932247,-6.835870239932247
-6.830386682175776,-6.830386682175776
-6.824863839708937,-6.824863839708937
-6.819302476854663,-6.819302476854663
-6.813703334724043,-6.813703334724043
-6.8080671322540836,-6.8080671322540836
-6.802394567184522,-6.802394567184522
-6.79668631697808,-6.79668631697808
-6.790943039688197,-6.790943039688197
-6.785165374777936,-6.785165374777936
-6.779353943893447,-6.779353943893447
-6.773509351595107,-6.773509351595107
-6.767632186049181,-6.767632186049181
-6.761723019682636,-6.761723019682636
-6.755782409803531,-6.755782409803531
-6.7498108991892245,-6.7498108991892245
-6.743809016644441,-6.743809016644441
-6.737777277531117,-6.737777277531117
-6.731716184271776,-6.731716184271776
-6.725626226828093,-6.725626226828093
-6.7195078831561155,-6.7195078831561155
-6.713361619639586,-6.713361619639586
-6.707187891502638,-6.707187891502638
-6.700987143203109,-6.700987143203109
-6.694759808807565,-6.694759808807565
-6.688506312349098,-6.688506312349098
-6.682227068168886,-6.682227068168886
-6.67592248124242,-6.67592248124242
-6.669592947491228,-6.669592947491228
-6.6632388540809275,-6.6632388540809275
-6.656860579706326,-6.656860579706326
-6.650458494864266,-6.650458494864266
-6.644032962114882,-6.644032962114882
-6.6375843363318525,-6.6375843363318525
-6.63111296494225,-6.63111296494225
-6.624619188156494,-6.624619188156494
-6.618103339188939,-6.618103339188939
-6.611565744469547,-6.611565744469547
-6.605006723847117,-6.605006723847117
-6.598426590784451,-6.598426590784451
-6.591825652545888,-6.591825652545888
-6.585204210377557,-6.585204210377557
-6.578562559680707,-6.578562559680707
-6.571900990178431,-6.571900990178431
-6.565219786076107,-6.565219786076107
-6.558519226215854,-6.558519226215854
-6.551799584225259,-6.551799584225259
-6.54506112866066,-6.54506112866066
-6.538304123145221,-6.538304123145221
-6.531528826502029,-6.531528826502029
-6.52473549288245,-6.52473549288245
-6.517924371889939,-6.517924371889939
-6.511095708699512,-6.511095708699512
-6.504249744173062,-6.504249744173062
-6.497386714970706,-6.497386714970706
-6.490506853658324,-6.490506853658324
-6.4836103888114645,-6.4836103888114645
-6.476697545115731,-6.476697545115731
-6.469768543463874,-6.469768543463874
-6.46282360104963,-6.46282360104963
-6.455862931458502,-6.455862931458502
-6.448886744755602,-6.448886744755602
-6.441895247570641,-6.441895247570641
-6.434888643180217,-6.434888643180217
-6.427867131587477,-6.427867131587477
-6.420830909599296,-6.420830909599296
-6.413780170901015,-6.413780170901015
-6.406715106128884,-6.406715106128884
-6.3996359029402745,-6.3996359029402745
-6.392542746081742,-6.392542746081742
-6.385435817455034,-6.385435817455034
-6.37831529618111,-6.37831529618111
-6.371181358662252,-6.371181358662252
-6.364034178642341,-6.364034178642341
-6.356873927265354,-6.356873927265354
-6.349700773132155,-6.349700773132155
-6.342514882355648,-6.342514882355648
-6.335316418614338,-6.335316418614338
-6.328105543204356,-6.328105543204356
-6.320882415090028,-6.320882415090028
-6.313647190952997,-6.313647190952997
-6.306400025239989,-6.306400025239989
-6.299141070209245,-6.299141070209245
-6.2918704759756725,-6.2918704759756725
-6.284588390554767,-6.284588390554767
-6.277294959905327,-6.277294959905327
-6.269990327971026,-6.269990327971026
-6.26267463672087,-6.26267463672087
-6.255348026188565,-6.255348026188565
-6.248010634510843,-6.248010634510843
-6.2406625979648025,-6.2406625979648025
-6.2333040510042395,-6.2333040510042395
-6.225935126295064,-6.225935126295064
-6.218555954749779,-6.218555954749779
-6.211166665561098,-6.211166665561098
-6.20376738623469,-6.20376738623469
-6.196358242621099,-6.196358242621099
-6.188939358946871,-6.188939358946871
-6.181510857844888,-6.181510857844888
-6.174072860383956,-6.174072860383956
-6.166625486097668,-6.166625486097668
-6.159168853012547,-6.159168853012547
-6.151703077675511,-6.151703077675511
-6.144228275180673,-6.144228275180673
-6.136744559195486,-6.136744559195486
-6.129252041986274,-6.129252041986274
-6.12175083444315,-6.12175083444315
-6.114241046104338,-6.114241046104338
-6.106722785179938,-6.106722785179938
-6.099196158575114,-6.099196158575114
-6.091661271912767,-6.091661271912767
-6.084118229555661,-6.084118229555661
-6.0765671346280605,-6.0765671346280605
-6.069008089036858,-6.069008089036858
-6.061441193492223,-6.061441193492223
-6.053866547527804,-6.053866547527804
-6.046284249520442,-6.046284249520442
-6.038694396709477,-6.038694396709477
-6.031097085215604,-6.031097085215604
-6.0234924100593235,-6.0234924100593235
-6.015880465178978,-6.015880465178978
-6.0082613434484005,-6.0082613434484005
-6.00063513669418,-6.00063513669418
-5.993001935712545,-5.993001935712545
-5.985361830285901,-5.985361830285901
-5.977714909198984,-5.977714909198984
-5.970061260254713,-5.970061260254713
-5.962400970289663,-5.962400970289663
-5.954734125189247,-5.954734125189247
-5.947060809902554,-5.947060809902554
-5.939381108456898,-5.939381108456898
-5.9316951039720545,-5.9316951039720545
-5.924002878674199,-5.924002878674199
-5.916304513909579,-5.916304513909579
-5.908600090157878,-5.908600090157878
-5.900889687045342,-5.900889687045342
-5.8931733833576025,-5.8931733833576025
-5.885451257052283,-5.885451257052283
-5.877723385271312,-5.877723385271312
-5.869989844353028,-5.869989844353028
-5.862250709844015,-5.862250709844015
-5.854506056510729,-5.854506056510729
-5.846755958350871,-5.846755958350871
-5.839000488604563,-5.839000488604563
-5.831239719765293,-5.831239719765293
-5.823473723590648,-5.823473723590648
-5.815702571112845,-5.815702571112845
-5.807926332649057,-5.807926332649057
-5.800145077811553,-5.800145077811553
-5.79235887551762,-5.79235887551762
-5.784567793999333,-5.784567793999333
-5.776771900813107,-5.776771900813107
-5.768971262849094,-5.768971262849094
-5.7611659463403955,-5.7611659463403955
-5.753356016872109,-5.753356016872109
-5.745541539390195,-5.745541539390195
-5.737722578210201,-5.737722578210201
-5.7298991970258095,-5.7298991970258095
-5.722071458917237,-5.722071458917237
-5.714239426359485,-5.714239426359485
-5.706403161230426,-5.706403161230426
-5.698562724818774,-5.698562724818774
-5.690718177831873,-5.690718177831873
-5.6828695804033895,-5.6828695804033895
-5.675016992100826,-5.675016992100826
-5.6671604719329425,-5.6671604719329425
-5.659300078357016,-5.659300078357016
-5.65143586928599,-5.65143586928599
-5.643567902095494,-5.643567902095494
-5.635696233630744,-5.635696233630744
-5.627820920213318,-5.627820920213318
-5.619942017647826,-5.619942017647826
-5.612059581228451,-5.612059581228451
-5.6041736657453916,-5.6041736657453916
-5.5962843254911885,-5.5962843254911885
-5.588391614266946,-5.588391614266946
-5.580495585388448,-5.580495585388448
-5.572596291692172,-5.572596291692172
-5.564693785541203,-5.564693785541203
-5.556788118831045,-5.556788118831045
-5.54887934299535,-5.54887934299535
-5.540967509011527,-5.540967509011527
-5.533052667406289,-5.533052667406289
-5.525134868261086,-5.525134868261086
-5.517214161217458,-5.517214161217458
-5.509290595482308,-5.509290595482308
-5.501364219833074,-5.501364219833074
-5.493435082622833,-5.493435082622833
-5.485503231785314,-5.485503231785314
-5.477568714839835,-5.477568714839835
-5.469631578896161,-5.469631578896161
-5.461691870659278,-5.461691870659278
-5.453749636434109,-5.453749636434109
-5.445804922130134,-5.445804922130134
-5.437857773265953,-5.437857773265953
-5.429908234973773,-5.429908234973773
-5.4219563520038285,-5.4219563520038285
-5.414002168728721,-5.414002168728721
-5.406045729147712,-5.406045729147712
-5.398087076890932,-5.398087076890932
-5.390126255223531,-5.390126255223531
-5.382163307049774,-5.382163307049774
-5.374198274917061,-5.374198274917061
-5.366231201019893,-5.366231201019893
-5.35826212720378,-5.35826212720378
-5.35029109496908,-5.35029109496908
-5.3423181454748,-5.3423181454748
-5.334343319542317,-5.334343319542317
-5.3263666576590625,-5.3263666576590625
-5.318388199982142,-5.318388199982142
-5.310407986341901,-5.310407986341901
-5.302426056245451,-5.302426056245451
-5.294442448880122,-5.294442448880122
-5.286457203116885,-5.286457203116885
-5.278470357513718,-5.278470357513718
-5.270481950318913,-5.270481950318913
-5.262492019474357,-5.262492019474357
-5.25450060261874,-5.25450060261874
-5.246507737090737,-5.246507737090737
-5.238513459932139,-5.238513459932139
-5.23051780789093,-5.23051780789093
-5.222520817424337,-5.222520817424337
-5.214522524701824,-5.214522524701824
-5.206522965608042,-5.206522965608042
-5.198522175745755,-5.198522175745755
-5.190520190438704,-5.190520190438704
-5.1825170447344435,-5.1825170447344435
-5.174512773407138,-5.174512773407138
-5.166507410960311,-5.166507410960311
-5.158500991629565,-5.158500991629565
-5.150493549385265,-5.150493549385265
-5.142485117935177,-5.142485117935177
-5.13447573072707,-5.13447573072707
-5.126465420951303,-5.126465420951303
-5.118454221543341,-5.118454221543341
-5.110442165186273,-5.110442165186273
-5.102429284313271,-5.102429284313271
-5.094415611110029,-5.094415611110029
-5.086401177517163,-5.086401177517163
-5.078386015232583,-5.078386015232583
-5.07037015571383,-5.07037015571383
-5.062353630180382,-5.062353630180382
-5.0543364696159365,-5.0543364696159365
-5.046318704770649,-5.046318704770649
-5.038300366163359,-5.038300366163359
-5.030281484083771,-5.030281484083771
-5.0222620885946165,-5.0222620885946165
-5.014242209533786,-5.014242209533786
-5.006221876516435,-5.006221876516435
-4.998201118937054,-4.998201118937054
-4.990179965971522,-4.990179965971522
-4.982158446579132,-4.982158446579132
-4.974136589504582,-4.974136589504582
-4.9661144232799534,-4.9661144232799534
-4.958091976226653,-4.958091976226653
-4.950069276457333,-4.950069276457333
-4.942046351877795,-4.942046351877795
-4.934023230188859,-4.934023230188859
-4.925999938888212,-4.925999938888212
-4.917976505272236,-4.917976505272236
-4.909952956437813,-4.909952956437813
-4.901929319284104,-4.901929319284104
-4.8939056205143086,-4.8939056205143086
-4.8858818866374,-4.8858818866374
-4.877858143969845,-4.877858143969845
-4.869834418637292,-4.869834418637292
-4.861810736576252,-4.861810736576252
-4.853787123535743,-4.853787123535743
-4.845763605078931,-4.845763605078931
-4.837740206584735,-4.837740206584735
-4.8297169532494255,-4.8297169532494255
-4.821693870088197,-4.821693870088197
-4.813670981936718,-4.813670981936718
-4.805648313452674,-4.805648313452674
-4.797625889117281,-4.797625889117281
-4.789603733236785,-4.789603733236785
-4.781581869943943,-4.781581869943943
-4.773560323199486,-4.773560323199486
-4.765539116793567,-4.765539116793567
-4.75751827434719,-4.75751827434719
-4.7494978193136195,-4.7494978193136195
-4.741477774979775,-4.741477774979775
-4.733458164467615,-4.733458164467615
-4.725439010735497,-4.725439010735497
-4.71742033657952,-4.71742033657952
-4.709402164634865,-4.709402164634865
-4.701384517377098,-4.701384517377098
-4.693367417123482,-4.693367417123482
-4.6853508860342545,-4.6853508860342545
-4.677334946113905,-4.677334946113905
-4.669319619212417,-4.669319619212417
-4.661304927026527,-4.661304927026527
-4.653290891100937,-4.653290891100937
-4.645277532829534,-4.645277532829534
-4.63726487345659,-4.63726487345659
-4.629252934077942,-4.629252934077942
-4.621241735642171,-4.621241735642171
-4.613231298951753,-4.613231298951753
-4.60522164466421,-4.60522164466421
-4.597212793293242,-4.597212793293242
-4.589204765209846,-4.589204765209846
-4.581197580643421,-4.581197580643421
-4.5731912596828685,-4.5731912596828685
-4.5651858222776704,-4.5651858222776704
-4.5571812882389615,-4.5571812882389615
-4.549177677240591,-4.549177677240591
-4.541175008820163,-4.541175008820163
-4.533173302380078,-4.533173302380078
-4.525172577188555,-4.525172577188555
-4.5171728523806465,-4.5171728523806465
-4.509174146959236,-4.509174146959236
-4.501176479796029,-4.501176479796029
-4.493179869632539,-4.493179869632539
-4.485184335081051,-4.485184335081051
-4.4771898946255835,-4.4771898946255835
-4.469196566622834,-4.469196566622834
-4.461204369303119,-4.461204369303119
-4.453213320771304,-4.453213320771304
-4.445223439007715,-4.445223439007715
-4.437234741869053,-4.437234741869053
-4.429247247089294,-4.429247247089294
-4.42126097228057,-4.42126097228057
-4.413275934934054,-4.413275934934054
-4.405292152420829,-4.405292152420829
-4.397309641992744,-4.397309641992744
-4.38932842078328,-4.38932842078328
-4.381348505808374,-4.381348505808374
-4.373369913967265,-4.373369913967265
-4.365392662043315,-4.365392662043315
-4.357416766704826,-4.357416766704826
-4.349442244505846,-4.349442244505846
-4.341469111886974,-4.341469111886974
-4.333497385176143,-4.333497385176143
-4.325527080589409,-4.325527080589409
-4.317558214231722,-4.317558214231722
-4.309590802097695,-4.309590802097695
-4.301624860072361,-4.301624860072361
-4.293660403931924,-4.293660403931924
-4.285697449344506,-4.285697449344506
-4.277736011870874,-4.277736011870874
-4.2697761069651765,-4.2697761069651765
-4.261817749975659,-4.261817749975659
-4.253860956145379,-4.253860956145379
-4.245905740612912,-4.245905740612912
-4.237952118413046,-4.237952118413046
-4.230000104477485,-4.230000104477485
-4.222049713635514,-4.222049713635514
-4.214100960614699,-4.214100960614699
-4.20615386004154,-4.20615386004154
-4.19820842644214,-4.19820842644214
-4.19026467424287,-4.19026467424287
-4.182322617771012,-4.182322617771012
-4.174382271255402,-4.174382271255402
-4.166443648827074,-4.166443648827074
-4.1585067645198865,-4.1585067645198865
-4.150571632271152,-4.150571632271152
-4.14263826592225,-4.14263826592225
-4.134706679219247,-4.134706679219247
-4.126776885813496,-4.126776885813496
-4.118848899262243,-4.118848899262243
-4.110922733029218,-4.110922733029218
-4.102998400485227,-4.102998400485227
-4.095075914908733,-4.095075914908733
-4.087155289486435,-4.087155289486435
-4.079236537313837,-4.079236537313837
-4.071319671395817,-4.071319671395817
-4.063404704647188,-4.063404704647188
-4.05549164989325,-4.05549164989325
-4.047580519870343,-4.047580519870343
-4.03967132722639,-4.03967132722639
-4.031764084521436,-4.031764084521436
-4.023858804228183,-4.023858804228183
-4.015955498732518,-4.015955498732518
-4.008054180334036,-4.008054180334036
-4.000154861246563,-4.000154861246563
-3.992257553598663,-3.992257553598663
-3.9843622694341483,-3.9843622694341483
-3.976469020712591,-3.976469020712591
-3.9685778193098122,-3.9685778193098122
-3.9606886770183807,-3.9606886770183807
-3.952801605548103,-3.952801605548103
-3.944916616526506,-3.944916616526506
-3.9370337214993207,-3.9370337214993207
-3.9291529319309553,-3.9291529319309553
-3.921274259204965,-3.921274259204965
-3.9133977146245247,-3.9133977146245247
-3.9055233094128843,-3.9055233094128843
-3.8976510547138328,-3.8976510547138328
-3.8897809615921464,-3.8897809615921464
-3.881913041034041,-3.881913041034041
-3.8740473039476195,-3.8740473039476195
-3.8661837611633083,-3.8661837611633083
-3.858322423434297,-3.858322423434297
-3.8504633014369714,-3.8504633014369714
-3.84260640577134,-3.84260640577134
-3.8347517469614623,-3.8347517469614623
-3.826899335455864,-3.826899335455864
-3.8190491816279613,-3.8190491816279613
-3.811201295776467,-3.811201295776467
-3.8033556881258055,-3.8033556881258055
-3.795512368826513,-3.795512368826513
-3.7876713479556434,-3.7876713479556434
-3.7798326355171623,-3.7798326355171623
-3.7719962414423476,-3.7719962414423476
-3.7641621755901706,-3.7641621755901706
-3.7563304477476924,-3.7563304477476924
-3.748501067630442,-3.748501067630442
-3.7406740448827978,-3.7406740448827978
-3.7328493890783636,-3.7328493890783636
-3.7250271097203433,-3.7250271097203433
-3.717207216241906,-3.717207216241906
-3.7093897180065594,-3.7093897180065594
-3.701574624308505,-3.701574624308505
-3.6937619443730045,-3.6937619443730045
-3.6859516873567304,-3.6859516873567304
-3.678143862348124,-3.678143862348124
-3.6703384783677406,-3.6703384783677406
-3.6625355443685983,-3.6625355443685983
-3.6547350692365237,-3.6547350692365237
-3.6469370617904895,-3.6469370617904895
-3.639141530782952,-3.639141530782952
-3.631348484900186,-3.631348484900186
-3.6235579327626146,-3.6235579327626146
-3.615769882925142,-3.615769882925142
-3.607984343877474,-3.607984343877474
-3.6002013240444404,-3.6002013240444404
-3.592420831786318,-3.592420831786318
-3.584642875399145,-3.584642875399145
-3.5768674631150352,-3.5768674631150352
-3.5690946031024864,-3.5690946031024864
-3.5613243034666935,-3.5613243034666935
-3.553556572249852,-3.553556572249852
-3.5457914174314555,-3.5457914174314555
-3.5380288469286034,-3.5380288469286034
-3.530268868596295,-3.530268868596295
-3.52251149022772,-3.52251149022772
-3.5147567195545593,-3.5147567195545593
-3.5070045642472647,-3.5070045642472647
-3.4992550319153533,-3.4992550319153533
-3.4915081301076873,-3.4915081301076873
-3.483763866312757,-3.483763866312757
-3.47602224795896,-3.47602224795896
-3.468283282414878,-3.468283282414878
-3.4605469769895514,-3.4605469769895514
-3.4528133389327493,-3.4528133389327493
-3.44508237543524,-3.44508237543524
-3.4373540936290587,-3.4373540936290587
-3.4296285005877722,-3.4296285005877722
-3.421905603326738,-3.421905603326738
-3.41418540880337,-3.41418540880337
-3.4064679239173885,-3.4064679239173885
-3.398753155511085,-3.398753155511085
-3.3910411103695646,-3.3910411103695646
-3.3833317952210047,-3.3833317952210047
-3.3756252167369025,-3.3756252167369025
-3.3679213815323177,-3.3679213815323177
-3.3602202961661205,-3.3602202961661205
-3.3525219671412323,-3.3525219671412323
-3.344826400904865,-3.344826400904865
-3.3371336038487605,-3.3371336038487605
-3.3294435823094224,-3.3294435823094224
-3.3217563425683565,-3.3217563425683565
-3.314071890852296,-3.314071890852296
-3.3063902333334343,-3.3063902333334343
-3.29871137612965,-3.29871137612965
-3.2910353253047377,-3.2910353253047377
-3.2833620868686237,-3.2833620868686237
-3.2756916667775933,-3.2756916667775933
-3.2680240709345107,-3.2680240709345107
-3.2603593051890294,-3.2603593051890294
-3.2526973753378177,-3.2526973753378177
-3.2450382871247667,-3.2450382871247667
-3.237382046241202,-3.237382046241202
-3.229728658326098,-3.229728658326098
-3.2220781289662797,-3.2220781289662797
-3.2144304636966337,-3.2144304636966337
-3.206785668000313,-3.206785668000313
-3.1991437473089355,-3.1991437473089355
-3.19150470700279,-3.19150470700279
-3.183868552411033,-3.183868552411033
-3.1762352888118834,-3.1762352888118834
-3.1686049214328236,-3.1686049214328236
-3.160977455450789,-3.160977455450789
-3.1533528959923602,-3.1533528959923602
-3.145731248133959,-3.145731248133959
-3.1381125169020305,-3.1381125169020305
-3.1304967072732324,-3.1304967072732324
-3.1228838241746226,-3.1228838241746226
-3.1152738724838396,-3.1152738724838396
-3.1076668570292885,-3.1076668570292885
-3.100062782590316,-3.100062782590316
-3.092461653897397,-3.092461653897397
-3.084863475632304,-3.084863475632304
-3.0772682524282886,-3.0772682524282886
-3.069675988870254,-3.069675988870254
-3.062086689494925,-3.062086689494925
-3.054500358791023,-3.054500358791023
-3.0469170011994358,-3.0469170011994358
-3.0393366211133803,-3.0393366211133803
-3.031759222878576,-3.031759222878576
-3.024184810793403,-3.024184810793403
-3.016613389109072,-3.016613389109072
-3.009044962029783,-3.009044962029783
-3.001479533712888,-3.001479533712888
-2.9939171082690463,-2.9939171082690463
-2.986357689762386,-2.986357689762386
-2.97880128221066,-2.97880128221066
-2.9712478895853995,-2.9712478895853995
-2.963697515812068,-2.963697515812068
-2.956150164770215,-2.956150164770215
-2.948605840293623,-2.948605840293623
-2.941064546170462,-2.941064546170462
-2.9335262861434326,-2.9335262861434326
-2.925991063909918,-2.925991063909918
-2.918458883122125,-2.918458883122125
-2.9109297473872275,-2.9109297473872275
-2.903403660267514,-2.903403660267514
-2.8958806252805256,-2.8958806252805256
-2.8883606458991973,-2.8883606458991973
-2.8808437255519936,-2.8808437255519936
-2.873329867623054,-2.873329867623054
-2.865819075452317,-2.865819075452317
-2.85831135233567,-2.85831135233567
-2.8508067015250704,-2.8508067015250704
-2.8433051262286844,-2.8433051262286844
-2.8358066296110174,-2.8358066296110174
-2.828311214793044,-2.828311214793044
-2.8208188848523363,-2.8208188848523363
-2.813329642823193,-2.813329642823193
-2.8058434916967623,-2.8058434916967623
-2.798360434421173,-2.798360434421173
-2.790880473901654,-2.790880473901654
-2.783403613000659,-2.783403613000659
-2.7759298545379876,-2.7759298545379876
-2.7684592012909084,-2.7684592012909084
-2.7609916559942738,-2.7609916559942738
-2.753527221340644,-2.753527221340644
-2.7460658999803975,-2.7460658999803975
-2.738607694521857,-2.738607694521857
-2.7311526075313926,-2.7311526075313926
-2.7237006415335467,-2.7237006415335467
-2.7162517990111392,-2.7162517990111392
-2.7088060824053817,-2.7088060824053817
-2.7013634941159905,-2.7013634941159905
-2.693924036501293,-2.693924036501293
-2.6864877118783363,-2.6864877118783363
-2.6790545225229963,-2.6790545225229963
-2.671624470670085,-2.671624470670085
-2.664197558513453,-2.664197558513453
-2.6567737882060967,-2.6567737882060967
-2.649353161860257,-2.649353161860257
-2.641935681547528,-2.641935681547528
-2.634521349298954,-2.634521349298954
-2.62711016710513,-2.62711016710513
-2.6197021369163034,-2.6197021369163034
-2.6122972606424666,-2.6122972606424666
-2.6048955401534655,-2.6048955401534655
-2.5974969772790817,-2.5974969772790817
-2.5901015738091377,-2.5901015738091377
-2.582709331493588,-2.582709331493588
-2.575320252042613,-2.575320252042613
-2.5679343371267085,-2.5679343371267085
-2.5605515883767844,-2.5605515883767844
-2.553172007384247,-2.553172007384247
-2.5457955957010925,-2.5457955957010925
-2.5384223548399976,-2.5384223548399976
-2.531052286274402,-2.531052286274402
-2.523685391438599,-2.523685391438599
-2.5163216717278245,-2.5163216717278245
-2.5089611284983304,-2.5089611284983304
-2.5016037630674828,-2.5016037630674828
-2.4942495767138357,-2.4942495767138357
-2.4868985706772166,-2.4868985706772166
-2.479550746158808,-2.479550746158808
-2.4722061043212262,-2.4722061043212262
-2.4648646462886035,-2.4648646462886035
-2.4575263731466648,-2.4575263731466648
-2.450191285942806,-2.450191285942806
-2.442859385686172,-2.442859385686172
-2.43553067334773,-2.43553067334773
-2.428205149860351,-2.428205149860351
-2.420882816118876,-2.420882816118876
-2.4135636729801946,-2.4135636729801946
-2.40624772126332,-2.40624772126332
-2.3989349617494535,-2.3989349617494535
-2.3916253951820643,-2.3916253951820643
-2.3843190222669506,-2.3843190222669506
-2.377015843672318,-2.377015843672318
-2.369715860028843,-2.369715860028843
-2.3624190719297413,-2.3624190719297413
-2.355125479930835,-2.355125479930835
-2.3478350845506215,-2.3478350845506215
-2.3405478862703353,-2.3405478862703353
-2.3332638855340133,-2.3332638855340133
-2.325983082748562,-2.325983082748562
-2.318705478283816,-2.318705478283816
-2.311431072472603,-2.311431072472603
-2.304159865610804,-2.304159865610804
-2.2968918579574162,-2.2968918579574162
-2.2896270497346114,-2.2896270497346114
-2.282365441127793,-2.282365441127793
-2.275107032285661,-2.275107032285661
-2.267851823320261,-2.267851823320261
-2.260599814307049,-2.260599814307049
-2.2533510052849426,-2.2533510052849426
-2.24610539625638,-2.24610539625638
-2.238862987187371,-2.238862987187371
-2.231623778007578,-2.231623778007578
-2.2243877686102693,-2.2243877686102693
-2.2171549588525234,-2.2171549588525234
-2.209925348555177,-2.209925348555177
-2.2026989375029027,-2.2026989375029027
-2.1954757254442594,-2.1954757254442594
-2.1882557120917454,-2.1882557120917454
-2.181038897121839,-2.181038897121839
-2.1738252801750564,-2.1738252801750564
-2.1666148608559914,-2.1666148608559914
-2.1594076387333674,-2.1594076387333674
-2.15220361334008,-2.15220361334008
-2.145002784173247,-2.145002784173247
-2.1378051506942457,-2.1378051506942457
-2.130610712328765,-2.130610712328765
-2.123419468466842,-2.123419468466842
-2.1162314184629123,-2.1162314184629123
-2.109046561635843,-2.109046561635843
-2.1018648972689804,-2.1018648972689804
-2.0946864246101886,-2.0946864246101886
-2.0875111428718904,-2.0875111428718904
-2.0803390512311033,-2.0803390512311033
-2.0731701488294845,-2.0731701488294845
-2.0660044347733617,-2.0660044347733617
-2.0588419081337745,-2.0588419081337745
-2.0516825679465107,-2.0516825679465107
-2.0445264132121435,-2.0445264132121435
-2.0373734428960617,-2.0373734428960617
-2.0302236559285114,-2.0302236559285114
-2.0230770512046243,-2.0230770512046243
-2.015933627584455,-2.015933627584455
-2.008793383893009,-2.008793383893009
-2.0016563189202836,-2.0016563189202836
-1.9945224314212893,-1.9945224314212893
-1.9873917201160862,-1.9873917201160862
-1.9802641836898132,-1.9802641836898132
-1.9731398207927193,-1.9731398207927193
-1.9660186300401876,-1.9660186300401876
-1.9589006100127706,-1.9589006100127706
-1.9517857592562111,-1.9517857592562111
-1.9446740762814743,-1.9446740762814743
-1.9375655595647716,-1.9375655595647716
-1.9304602075475887,-1.9304602075475887
-1.9233580186367067,-1.9233580186367067
-1.9162589912042327,-1.9162589912042327
-1.9091631235876174,-1.9091631235876174
-1.9020704140896854,-1.9020704140896854
-1.8949808609786514,-1.8949808609786514
-1.887894462488147,-1.887894462488147
-1.8808112168172393,-1.8808112168172393
-1.873731122130456,-1.873731122130456
-1.866654176557799,-1.866654176557799
-1.8595803781947737,-1.8595803781947737
-1.8525097251023985,-1.8525097251023985
-1.84544221530723,-1.84544221530723
-1.8383778468013776,-1.8383778468013776
-1.8313166175425244,-1.8313166175425244
-1.8242585254539398,-1.8242585254539398
-1.8172035684245,-1.8172035684245
-1.8101517443086992,-1.8101517443086992
-1.8031030509266697,-1.8031030509266697
-1.796057486064192,-1.796057486064192
-1.7890150474727124,-1.7890150474727124
-1.7819757328693537,-1.7819757328693537
-1.7749395399369274,-1.7749395399369274
-1.7679064663239512,-1.7679064663239512
-1.7608765096446548,-1.7608765096446548
-1.753849667478994,-1.753849667478994
-1.7468259373726591,-1.7468259373726591
-1.7398053168370875,-1.7398053168370875
-1.7327878033494724,-1.7327878033494724
-1.7257733943527696,-1.7257733943527696
-1.718762087255708,-1.718762087255708
-1.7117538794327962,-1.7117538794327962
-1.704748768224331,-1.704748768224331
-1.6977467509364015,-1.6977467509364015
-1.6907478248408978,-1.6907478248408978
-1.6837519871755142,-1.6837519871755142
-1.6767592351437572,-1.6767592351437572
-1.6697695659149456,-1.6697695659149456
-1.6627829766242166,-1.6627829766242166
-1.6557994643725322,-1.6557994643725322
-1.6488190262266744,-1.6488190262266744
-1.6418416592192553,-1.6418416592192553
-1.6348673603487125,-1.6348673603487125
-1.6278961265793144,-1.6278961265793144
-1.620927954841159,-1.620927954841159
-1.6139628420301728,-1.6139628420301728
-1.6070007850081123,-1.6070007850081123
-1.6000417806025613,-1.6000417806025613
-1.5930858256069307,-1.5930858256069307
-1.5861329167804556,-1.5861329167804556
-1.5791830508481903,-1.5791830508481903
-1.5722362245010097,-1.5722362245010097
-1.5652924343956027,-1.5652924343956027
-1.5583516771544665,-1.5583516771544665
-1.5514139493659032,-1.5514139493659032
-1.5444792475840157,-1.5444792475840157
-1.5375475683287008,-1.5375475683287008
-1.5306189080856405,-1.5306189080856405
-1.523693263306297,-1.523693263306297
-1.5167706304079065,-1.5167706304079065
-1.5098510057734684,-1.5098510057734684
-1.502934385751738,-1.502934385751738
-1.4960207666572158,-1.4960207666572158
-1.4891101447701403,-1.4891101447701403
-1.482202516336477,-1.482202516336477
-1.4752978775679053,-1.4752978775679053
-1.46839622464181,-1.46839622464181
-1.461497553701269,-1.461497553701269
-1.45460186085504,-1.45460186085504
-1.447709142177547,-1.447709142177547
-1.4408193937088682,-1.4408193937088682
-1.433932611454724,-1.433932611454724
-1.4270487913864576,-1.4270487913864576
-1.4201679294410239,-1.4201679294410239
-1.4132900215209718,-1.4132900215209718
-1.40641506349443,-1.40641506349443
-1.3995430511950897,-1.3995430511950897
-1.3926739804221875,-1.3926739804221875
-1.3858078469404855,-1.3858078469404855
-1.3789446464802582,-1.3789446464802582
-1.3720843747372689,-1.3720843747372689
-1.3652270273727534,-1.3652270273727534
-1.3583726000133984,-1.3583726000133984
-1.3515210882513233,-1.3515210882513233
-1.3446724876440592,-1.3446724876440592
-1.3378267937145238,-1.3378267937145238
-1.3309840019510042,-1.3309840019510042
-1.3241441078071339,-1.3241441078071339
-1.3173071067018687,-1.3173071067018687
-1.310472994019462,-1.310472994019462
-1.3036417651094423,-1.3036417651094423
-1.2968134152865922,-1.2968134152865922
-1.2899879398309169,-1.2899879398309169
-1.2831653339876241,-1.2831653339876241
-1.2763455929670937,-1.2763455929670937
-1.2695287119448553,-1.2695287119448553
-1.2627146860615601,-1.2627146860615601
-1.2559035104229503,-1.2559035104229503
-1.249095180099835,-1.249095180099835
-1.2422896901280593,-1.2422896901280593
-1.2354870355084755,-1.2354870355084755
-1.2286872112069154,-1.2286872112069154
-1.2218902121541557,-1.2218902121541557
-1.2150960332458933,-1.2150960332458933
-1.2083046693427075,-1.2083046693427075
-1.201516115270036,-1.201516115270036
-1.1947303658181319,-1.1947303658181319
-1.1879474157420444,-1.1879474157420444
-1.1811672597615726,-1.1811672597615726
-1.1743898925612417,-1.1743898925612417
-1.1676153087902597,-1.1676153087902597
-1.1608435030624922,-1.1608435030624922
-1.1540744699564183,-1.1540744699564183
-1.1473082040151001,-1.1473082040151001
-1.1405446997461424,-1.1405446997461424
-1.1337839516216608,-1.1337839516216608
-1.127025954078238,-1.127025954078238
-1.1202707015168916,-1.1202707015168916
-1.1135181883030292,-1.1135181883030292
-1.1067684087664174,-1.1067684087664174
-1.100021357201133,-1.100021357201133
-1.0932770278655315,-1.0932770278655315
-1.086535414982199,-1.086535414982199
-1.0797965127379174,-1.0797965127379174
-1.0730603152836165,-1.0730603152836165
-1.0663268167343374,-1.0663268167343374
-1.0595960111691842,-1.0595960111691842
-1.052867892631288,-1.052867892631288
-1.0461424551277532,-1.0461424551277532
-1.0394196926296222,-1.0394196926296222
-1.0326995990718255,-1.0326995990718255
-1.0259821683531358,-1.0259821683531358
-1.019267394336126,-1.019267394336126
-1.0125552708471197,-1.0125552708471197
-1.0058457916761425,-1.0058457916761425
-0.9991389505768783,-0.9991389505768783
-0.9924347412666187,-0.9924347412666187
-0.9857331574262155,-0.9857331574262155
-0.9790341927000297,-0.9790341927000297
-0.9723378406958824,-0.9723378406958824
-0.9656440949850055,-0.9656440949850055
-0.9589529491019917,-0.9589529491019917
-0.9522643965447386,-0.9522643965447386
-0.9455784307744005,-0.9455784307744005
-0.938895045215336,-0.938895045215336
-0.9322142332550538,-0.9322142332550538
-0.9255359882441574,-0.9255359882441574
-0.9188603034962941,-0.9188603034962941
-0.9121871722880986,-0.9121871722880986
-0.9055165878591392,-0.9055165878591392
-0.898848543411859,-0.898848543411859
-0.8921830321115212,-0.8921830321115212
-0.8855200470861542,-0.8855200470861542
-0.8788595814264908,-0.8788595814264908
-0.8722016281859118,-0.8722016281859118
-0.865546180380387,-0.865546180380387
-0.8588932309884157,-0.8588932309884157
-0.8522427729509704,-0.8522427729509704
-0.8455947991714302,-0.8455947991714302
-0.8389493025155236,-0.8389493025155236
-0.8323062758112691,-0.8323062758112691
-0.8256657118489099,-0.8256657118489099
-0.8190276033808518,-0.8190276033808518
-0.812391943121601,-0.812391943121601
-0.8057587237477006,-0.8057587237477006
-0.7991279378976669,-0.7991279378976669
-0.7924995781719212,-0.7924995781719212
-0.7858736371327287,-0.7858736371327287
-0.77925010730413,-0.77925010730413
-0.7726289811718763,-0.7726289811718763
-0.7660102511833596,-0.7660102511833596
-0.7593939097475468,-0.7593939097475468
-0.7527799492349128,-0.7527799492349128
-0.7461683619773698,-0.7461683619773698
-0.7395591402681968,-0.7395591402681968
-0.7329522763619718,-0.7329522763619718
-0.7263477624745003,-0.7263477624745003
-0.7197455907827457,-0.7197455907827457
-0.7131457534247532,-0.7131457534247532
-0.7065482424995814,-0.7065482424995814
-0.699953050067229,-0.699953050067229
-0.6933601681485603,-0.6933601681485603
-0.6867695887252304,-0.6867695887252304
-0.6801813037396109,-0.6801813037396109
-0.6735953050947154,-0.6735953050947154
-0.6670115846541246,-0.6670115846541246
-0.6604301342419053,-0.6604301342419053
-0.653850945642537,-0.653850945642537
-0.6472740106008348,-0.6472740106008348
-0.6406993208218681,-0.6406993208218681
-0.6341268679708828,-0.6341268679708828
-0.6275566436732224,-0.6275566436732224
-0.6209886395142472,-0.6209886395142472
-0.6144228470392544,-0.6144228470392544
-0.6078592577533942,-0.6078592577533942
-0.6012978631215903,-0.6012978631215903
-0.594738654568456,-0.594738654568456
-0.5881816234782127,-0.5881816234782127
-0.5816267611946027,-0.5816267611946027
-0.5750740590208059,-0.5750740590208059
-0.5685235082193566,-0.5685235082193566
-0.5619751000120567,-0.5619751000120567
-0.5554288255798882,-0.5554288255798882
-0.5488846760629247,-0.5488846760629247
-0.5423426425602483,-0.5423426425602483
-0.5358027161298585,-0.5358027161298585
-0.5292648877885826,-0.5292648877885826
-0.522729148511985,-0.522729148511985
-0.5161954892342826,-0.5161954892342826
-0.5096639008482472,-0.5096639008482472
-0.503134374205117,-0.503134374205117
-0.49660690011450437,-0.49660690011450437
-0.49008146934430297,-0.49008146934430297
-0.4835580726205942,-0.4835580726205942
-0.47703670062755105,-0.47703670062755105
-0.4705173440073452,-0.4705173440073452
-0.4639999933600524,-0.4639999933600524
-0.45748463924355465,-0.45748463924355465
-0.4509712721734423,-0.4509712721734423
-0.44445988262291847,-0.44445988262291847
-0.43795046102270035,-0.43795046102270035
-0.4314429977609205,-0.4314429977609205
-0.4249374831830266,-0.4249374831830266
-0.4184339075916803,-0.4184339075916803
-0.411932261246659,-0.411932261246659
-0.40543253436475274,-0.40543253436475274
-0.3989347171196607,-0.3989347171196607
-0.3924387996418886,-0.3924387996418886
-0.3859447720186478,-0.3859447720186478
-0.37945262429374804,-0.37945262429374804
-0.37296234646749243,-0.37296234646749243
-0.3664739284965709,-0.3664739284965709
-0.35998736029395856,-0.35998736029395856
-0.35350263172880225,-0.35350263172880225
-0.3470197326263157,-0.3470197326263157
-0.3405386527676697,-0.3405386527676697
-0.33405938188988643,-0.33405938188988643
-0.3275819096857218,-0.3275819096857218
-0.32110622580356396,-0.32110622580356396
-0.3146323198473125,-0.3146323198473125
-0.30816018137627504,-0.30816018137627504
-0.3016897999050448,-0.3016897999050448
-0.2952211649033977,-0.2952211649033977
-0.28875426579616703,-0.28875426579616703
-0.2822890919631349,-0.2822890919631349
-0.2758256327389158,-0.2758256327389158
-0.2693638774128385,-0.2693638774128385
-0.26290381522882705,-0.26290381522882705
-0.25644543538528436,-0.25644543538528436
-0.24998872703497518,-0.24998872703497518
-0.24353367928490338,-0.24353367928490338
-0.2370802811961915,-0.2370802811961915
-0.23062852178395982,-0.23062852178395982
-0.22417839001720669,-0.22417839001720669
-0.21772987481868356,-0.21772987481868356
-0.21128296506476976,-0.21128296506476976
-0.20483764958535083,-0.20483764958535083
-0.19839391716369328,-0.19839391716369328
-0.19195175653631816,-0.19195175653631816
-0.1855111563928722,-0.1855111563928722
-0.17907210537600182,-0.17907210537600182
-0.17263459208122742,-0.17263459208122742
-0.1661986050568106,-0.1661986050568106
-0.15976413280362498,-0.15976413280362498
-0.1533311637750253,-0.1533311637750253
-0.1468996863767178,-0.1468996863767178
-0.14046968896662626,-0.14046968896662626
-0.13404115985475848,-0.13404115985475848
-0.12761408730307156,-0.12761408730307156
-0.12118845952533971,-0.12118845952533971
-0.11476426468701766,-0.11476426468701766
-0.1083414909051015,-0.1083414909051015
-0.10192012624799318,-0.10192012624799318
-0.09550015873536404,-0.09550015873536404
-0.08908157633801386,-0.08908157633801386
-0.08266436697772933,-0.08266436697772933
-0.07624851852714604,-0.07624851852714604
-0.06983401880960605,-0.06983401880960605
-0.06342085559901534,-0.06342085559901534
-0.057009016619699496,-0.057009016619699496
-0.050598489546259694,-0.050598489546259694
-0.044189262003429625,-0.044189262003429625
-0.03778132156592693,-0.03778132156592693
-0.031374655758307474,-0.031374655758307474
-0.024969252054816267,-0.024969252054816267
-0.018565097879241706,-0.018565097879241706
-0.012162180604763264,-0.012162180604763264
-0.0057604875538014326,-0.0057604875538014326
0.0006399940021337266,0.0006399940021337266
0.007039276842592501,0.007039276842592501
0.013437373798341423,0.013437373798341423
0.019834297751519722,0.019834297751519722
0.026230061635784938,0.026230061635784938
0.03262467843648252,0.03262467843648252
0.03901816119078961,0.03901816119078961
0.04541052298788488,0.04541052298788488
0.05180177696909464,0.05180177696909464
0.058191936328067066,0.058191936328067066
0.06458101431091694,0.06458101431091694
0.07096902421640344,0.07096902421640344
0.07735597939607913,0.07735597939607913
0.08374189325446475,0.08374189325446475
0.09012677924920304,0.09012677924920304
0.09651065089123469,0.09651065089123469
0.10289352174495904,0.10289352174495904
0.10927540542839968,0.10927540542839968
0.11565631561338109,0.11565631561338109
0.1220362660256874,0.1220362660256874
0.12841527044524476,0.12841527044524476
0.1347933427062818,0.1347933427062818
0.14117049669751142,0.14117049669751142
0.14754674636229642,0.14754674636229642
0.15392210569883238,0.15392210569883238
0.16029658876031466,0.16029658876031466
0.16667020965512339,0.16667020965512339
0.17304298254699335,0.17304298254699335
0.17941492165520215,0.17941492165520215
0.18578604125473763,0.18578604125473763
0.1921563556764925,0.1921563556764925
0.19852587930743473,0.19852587930743473
0.20489462659080096,0.20489462659080096
0.21126261202626756,0.21126261202626756
0.21762985017015185,0.21762985017015185
0.22399635563558434,0.22399635563558434
0.23036214309270506,0.23036214309270506
0.2367272272688457,0.2367272272688457
0.243091622948728,0.243091622948728
0.24945534497464225,0.24945534497464225
0.25581840824665164,0.25581840824665164
0.26218082772277507,0.26218082772277507
0.2685426184191895,0.2685426184191895
0.2749037954104183,0.2749037954104183
0.28126437382953334,0.28126437382953334
0.28762436886834725,0.28762436886834725
0.2939837957776178,0.2939837957776178
0.3003426698672411,0.3003426698672411
0.306701006506462,0.306701006506462
0.31305882112406325,0.31305882112406325
0.3194161292085838,0.3194161292085838
0.3257729463085099,0.3257729463085099
0.3321292880324923,0.3321292880324923
0.3384851700495422,0.3384851700495422
0.34484060808925193,0.34484060808925193
0.35119561794198995,0.35119561794198995
0.3575502154591267,0.3575502154591267
0.36390441655323275,0.36390441655323275
0.3702582371983038,0.3702582371983038
0.3766116934299633,0.3766116934299633
0.3829648013456907,0.3829648013456907
0.38931757710502685,0.38931757710502685
0.39567003692980063,0.39567003692980063
0.4020221971043418,0.4020221971043418
0.40837407397570863,0.40837407397570863
0.4147256839539017,0.4147256839539017
0.4210770435120967,0.4210770435120967
0.4274281691868593,0.4274281691868593
0.43377907757838063,0.43377907757838063
0.44012978535069414,0.44012978535069414
0.44648030923191645,0.44648030923191645
0.4528306660144636,0.4528306660144636
0.4591808725552954,0.4591808725552954
0.46553094577613713,0.46553094577613713
0.4718809026637237,0.4718809026637237
0.478230760270023,0.478230760270023
0.4845805357124857,0.4845805357124857
0.4909302461742724,0.4909302461742724
0.4972799089045023,0.4972799089045023
0.503629541218483,0.503629541218483
0.5099791604979675,0.5099791604979675
0.5163287841913812,0.5163287841913812
0.5226784298140834,0.5226784298140834
0.5290281149485997,0.5290281149485997
0.535377857244883,0.535377857244883
0.5417276744205487,0.5417276744205487
0.5480775842611427,0.5480775842611427
0.5544276046203754,0.5544276046203754
0.560777753420393,0.560777753420393
0.5671280486520179,0.5671280486520179
0.5734785083750176,0.5734785083750176
0.5798291507183536,0.5798291507183536
0.5861799938804515,0.5861799938804515
0.5925310561294492,0.5925310561294492
0.5988823558034749,0.5988823558034749
0.6052339113108974,0.6052339113108974
0.6115857411306044,0.6115857411306044
0.6179378638122602,0.6179378638122602
0.6242902979765839,0.6242902979765839
0.6306430623156102,0.6306430623156102
0.6369961755929724,0.6369961755929724
0.6433496566441679,0.6433496566441679
0.6497035243768404,0.6497035243768404
0.656057797771049,0.656057797771049
0.6624124958795592,0.6624124958795592
0.6687676378281074,0.6687676378281074
0.6751232428157017,0.6751232428157017
0.6814793301148875,0.6814793301148875
0.6878359190720478,0.6878359190720478
0.6941930291076792,0.6941930291076792
0.7005506797166907,0.7005506797166907
0.706908890468684,0.706908890468684
0.7132676810082573,0.7132676810082573
0.7196270710552869,0.7196270710552869
0.7259870804052355,0.7259870804052355
0.7323477289294373,0.7323477289294373
0.7387090365754116,0.7387090365754116
0.7450710233671461,0.7450710233671461
0.7514337094054206,0.7514337094054206
0.75779711486809,0.75779711486809
0.7641612600104105,0.7641612600104105
0.7705261651653313,0.7705261651653313
0.7768918507438206,0.7768918507438206
0.78325833723516,0.78325833723516
0.7896256452072764,0.7896256452072764
0.7959937953070415,0.7959937953070415
0.8023628082606045,0.8023628082606045
0.8087327048736955,0.8087327048736955
0.8151035060319612,0.8151035060319612
0.821475232701283,0.821475232701283
0.8278479059280972,0.8278479059280972
0.8342215468397272,0.8342215468397272
0.8405961766447142,0.8405961766447142
0.846971816633148,0.846971816633148
0.8533484881769934,0.8533484881769934
0.8597262127304297,0.8597262127304297
0.866105011830192,0.866105011830192
0.8724849070959065,0.8724849070959065
0.8788659202304288,0.8788659202304288
0.8852480730201875,0.8852480730201875
0.8916313873355369,0.8916313873355369
0.8980158851310999,0.8980158851310999
0.9044015884461112,0.9044015884461112
0.910788519404775,0.910788519404775
0.9171767002166221,0.9171767002166221
0.9235661531768614,0.9235661531768614
0.9299569006667331,0.9299569006667331
0.9363489651538751,0.9363489651538751
0.9427423691926854,0.9427423691926854
0.9491371354246869,0.9491371354246869
0.9555332865788868,0.9555332865788868
0.9619308454721511,0.9619308454721511
0.9683298350095785,0.9683298350095785
0.9747302781848706,0.9747302781848706
0.9811321980807026,0.9811321980807026
0.9875356178691114,0.9875356178691114
0.9939405608118641,0.9939405608118641
1.0003470502608547,1.0003470502608547
1.0067551096584715,1.0067551096584715
1.0131647625380023,1.0131647625380023
1.0195760325240075,1.0195760325240075
1.0259889433327272,1.0259889433327272
1.0324035187724614,1.0324035187724614
1.0388197827439785,1.0388197827439785
1.0452377592409037,1.0452377592409037
1.0516574723501324,1.0516574723501324
1.0580789462522209,1.0580789462522209
1.0645022052218072,1.0645022052218072
1.0709272736280055,1.0709272736280055
1.0773541759348315,1.0773541759348315
1.0837829367016032,1.0837829367016032
1.0902135805833693,1.0902135805833693
1.0966461323313192,1.0966461323313192
1.103080616793213,1.103080616793213
1.109517058913794,1.109517058913794
1.1159554837352326,1.1159554837352326
1.1223959163975368,1.1223959163975368
1.1288383821390022,1.1288383821390022
1.1352829062966294,1.1352829062966294
1.141729514306581,1.141729514306581
1.1481782317046014,1.1481782317046014
1.1546290841264792,1.1546290841264792
1.161082097308476,1.161082097308476
1.1675372970877895,1.1675372970877895
1.17399470940299,1.17399470940299
1.180454360294493,1.180454360294493
1.1869162759049945,1.1869162759049945
1.1933804824799519,1.1933804824799519
1.1998470063680293,1.1998470063680293
1.2063158740215758,1.2063158740215758
1.2127871119970852,1.2127871119970852
1.2192607469556742,1.2192607469556742
1.225736805663549,1.225736805663549
1.2322153149924948,1.2322153149924948
1.2386963019203372,1.2386963019203372
1.2451797935314504,1.2451797935314504
1.2516658170172175,1.2516658170172175
1.2581543996765423,1.2581543996765423
1.2646455689163245,1.2646455689163245
1.2711393522519698,1.2711393522519698
1.2776357773078748,1.2776357773078748
1.284134871817943,1.284134871817943
1.2906366636260753,1.2906366636260753
1.297141180686694,1.297141180686694
1.303648451065237,1.303648451065237
1.3101585029386906,1.3101585029386906
1.316671364596092,1.316671364596092
1.3231870644390606,1.3231870644390606
1.3297056309823176,1.3297056309823176
1.3362270928542177,1.3362270928542177
1.3427514787972736,1.3427514787972736
1.3492788176687027,1.3492788176687027
1.3558091384409505,1.3558091384409505
1.3623424702022473,1.3623424702022473
1.3688788421571363,1.3688788421571363
1.3754182836270425,1.3754182836270425
1.3819608240508034,1.3819608240508034
1.3885064929852438,1.3885064929852438
1.3950553201057172,1.3950553201057172
1.401607335206689,1.401607335206689
1.4081625682022774,1.4081625682022774
1.4147210491268514,1.4147210491268514
1.42128280813558,1.42128280813558
1.427847875505028,1.427847875505028
1.434416281633722,1.434416281633722
1.4409880570427516,1.4409880570427516
1.4475632323763397,1.4475632323763397
1.4541418384024543,1.4541418384024543
1.4607239060133865,1.4607239060133865
1.4673094662263684,1.4673094662263684
1.4738985501841588,1.4738985501841588
1.4804911891556705,1.4804911891556705
1.4870874145365653,1.4870874145365653
1.493687257849885,1.493687257849885
1.5002907507466556,1.5002907507466556
1.5068979250065293,1.5068979250065293
1.5135088125383955,1.5135088125383955
1.520123445381029,1.520123445381029
1.5267418557037118,1.5267418557037118
1.5333640758068872,1.5333640758068872
1.5399901381227918,1.5399901381227918
1.5466200752161199,1.5466200752161199
1.5532539197846593,1.5532539197846593
1.5598917046599683,1.5598917046599683
1.5665334628080168,1.5665334628080168
1.5731792273298761,1.5731792273298761
1.5798290314623662,1.5798290314623662
1.586482908578754,1.586482908578754
1.5931408921894092,1.5931408921894092
1.5998030159425134,1.5998030159425134
1.6064693136247348,1.6064693136247348
1.6131398191619188,1.6131398191619188
1.6198145666197938,1.6198145666197938
1.6264935902046758,1.6264935902046758
1.6331769242641705,1.6331769242641705
1.6398646032878872,1.6398646032878872
1.6465566619081515,1.6465566619081515
1.6532531349007378,1.6532531349007378
1.6599540571855926,1.6599540571855926
1.6666594638275556,1.6666594638275556
1.6733693900371067,1.6733693900371067
1.6800838711711084,1.6800838711711084
1.6868029427335518,1.6868029427335518
1.6935266403762987,1.6935266403762987
1.7002549998998466,1.7002549998998466
1.7069880572540947,1.7069880572540947
1.7137258485391036,1.7137258485391036
1.7204684100058674,1.7204684100058674
1.7272157780570911,1.7272157780570911
1.7339679892479833,1.7339679892479833
1.7407250802870358,1.7407250802870358
1.7474870880368119,1.7474870880368119
1.7542540495147538,1.7542540495147538
1.7610260018939887,1.7610260018939887
1.7678029825041341,1.7678029825041341
1.774585028832113,1.774585028832113
1.7813721785229737,1.7813721785229737
1.7881644693807235,1.7881644693807235
1.7949619393691585,1.7949619393691585
1.8017646266126952,1.8017646266126952
1.808572569397218,1.808572569397218
1.8153858061709385,1.8153858061709385
1.8222043755452406,1.8222043755452406
1.8290283162955423,1.8290283162955423
1.835857667362164,1.835857667362164
1.8426924678512127,1.8426924678512127
1.8495327570354498,1.8495327570354498
1.8563785743551786,1.8563785743551786
1.8632299594191353,1.8632299594191353
1.870086952005399,1.870086952005399
1.8769495920622872,1.8769495920622872
1.8838179197092613,1.8838179197092613
1.890691975237851,1.890691975237851
1.8975717991125824,1.8975717991125824
1.9044574319719034,1.9044574319719034
1.9113489146291138,1.9113489146291138
1.9182462880733244,1.9182462880733244
1.9251495934703886,1.9251495934703886
1.9320588721638807,1.9320588721638807
1.9389741656760344,1.9389741656760344
1.9458955157087403,1.9458955157087403
1.9528229641444983,1.9528229641444983
1.9597565530474241,1.9597565530474241
1.9666963246642193,1.9666963246642193
1.9736423214251912,1.9736423214251912
1.9805945859452379,1.9805945859452379
1.9875531610248798,1.9875531610248798
1.9945180896512626,1.9945180896512626
2.0014894149992,2.0014894149992
2.0084671804321945,2.0084671804321945
2.015451429503493,2.015451429503493
2.0224422059571228,2.0224422059571228
2.029439553728963,2.029439553728963
2.0364435169477937,2.0364435169477937
2.0434541399363857,2.0434541399363857
2.0504714672125646,2.0504714672125646
2.057495543490313,2.057495543490313
2.064526413680853,2.064526413680853
2.0715641228937662,2.0715641228937662
2.0786087164380858,2.0786087164380858
2.0856602398234383,2.0856602398234383
2.0927187387611528,2.0927187387611528
2.099784259165414,2.099784259165414
2.106856847154392,2.106856847154392
2.113936549051409,2.113936549051409
2.1210234113860906,2.1210234113860906
2.1281174808955443,2.1281174808955443
2.1352188045255303,2.1352188045255303
2.142327429431659,2.142327429431659
2.1494434029805762,2.1494434029805762
2.156566772751181,2.156566772751181
2.163697586535825,2.163697586535825
2.1708358923415525,2.1708358923415525
2.1779817383913143,2.1779817383913143
2.185135173125231,2.185135173125231
2.192296245201819,2.192296245201819
2.199465003499273,2.199465003499273
2.206641497116718,2.206641497116718
2.2138257753755037,2.2138257753755037
2.221017887820475,2.221017887820475
2.2282178842212943,2.2282178842212943
2.235425814573718,2.235425814573718
2.2426417291009497,2.2426417291009497
2.249865678254935,2.249865678254935
2.2570977127177265,2.2570977127177265
2.264337883402808,2.264337883402808
2.271586241456475,2.271586241456475
2.278842838259184,2.278842838259184
2.286107725426945,2.286107725426945
2.2933809548126973,2.2933809548126973
2.3006625785077297,2.3006625785077297
2.3079526488430635,2.3079526488430635
2.3152512183909026,2.3152512183909026
2.322558339966039,2.322558339966039
2.329874066627321,2.329874066627321
2.337198451679084,2.337198451679084
2.344531548672636,2.344531548672636
2.3518734114077158,2.3518734114077158
2.359224093933999,2.359224093933999
2.3665836505525872,2.3665836505525872
2.3739521358175177,2.3739521358175177
2.3813296045372847,2.3813296045372847
2.3887161117763895,2.3887161117763895
2.3961117128568725,2.3961117128568725
2.4035164633598707,2.4035164633598707
2.410930419127195,2.410930419127195
2.418353636262913,2.418353636262913
2.4257861711349467,2.4257861711349467
2.4332280803766664,2.4332280803766664
2.4406794208885247,2.4406794208885247
2.448140249839688,2.448140249839688
2.4556106246696823,2.4556106246696823
2.463090603090045,2.463090603090045
2.4705802430859984,2.4705802430859984
2.478079602918149,2.478079602918149
2.485588741124172,2.485588741124172
2.4931077165205253,2.4931077165205253
2.500636588204171,2.500636588204171
2.5081754155543328,2.5081754155543328
2.515724258234232,2.515724258234232
2.523283176192855,2.523283176192855
2.5308522296667415,2.5308522296667415
2.53843147918178,2.53843147918178
2.5460209855550198,2.5460209855550198
2.55362080989648,2.55362080989648
2.5612310136110046,2.5612310136110046
2.5688516584001144,2.5688516584001144
2.576482806263877,2.576482806263877
2.584124519502775,2.584124519502775
2.5917768607196225,2.5917768607196225
2.599439892821477,2.599439892821477
2.6071136790215705,2.6071136790215705
2.6147982828412406,2.6147982828412406
2.622493768111908,2.622493768111908
2.630200198977054,2.630200198977054
2.637917639894208,2.637917639894208
2.6456461556369586,2.6456461556369586
2.653385811296976,2.653385811296976
2.661136672286069,2.661136672286069
2.6688988043382382,2.6688988043382382
2.676672273511743,2.676672273511743
2.6844571461912055,2.6844571461912055
2.6922534890897256,2.6922534890897256
2.700061369251009,2.700061369251009
2.7078808540514983,2.7078808540514983
2.7157120112025566,2.7157120112025566
2.7235549087526425,2.7235549087526425
2.7314096150895155,2.7314096150895155
2.739276198942442,2.739276198942442
2.74715472938444,2.74715472938444
2.7550452758345503,2.7550452758345503
2.762947908060088,2.762947908060088
2.7708626961789506,2.7708626961789506
2.778789710661923,2.778789710661923
2.786729022335026,2.786729022335026
2.7946807023818536,2.7946807023818536
2.8026448223459535,2.8026448223459535
2.810621454133214,2.810621454133214
2.818610670014286,2.818610670014286
2.826612542627018,2.826612542627018
2.8346271449788882,2.8346271449788882
2.842654550449517,2.842654550449517
2.850694832793126,2.850694832793126
2.8587480661410876,2.8587480661410876
2.8668143250044396,2.8668143250044396
2.874893684276464,2.874893684276464
2.882986219235261,2.882986219235261
2.8910920055463647,2.8910920055463647
2.8992111192653507,2.8992111192653507
2.9073436368405168,2.9073436368405168
2.9154896351155286,2.9154896351155286
2.92364919133214,2.92364919133214
2.931822383132893,2.931822383132893
2.9400092885638824,2.9400092885638824
2.9482099860775026,2.9482099860775026
2.9564245545352663,2.9564245545352663
2.964653073210591,2.964653073210591
2.9728956217916713,2.9728956217916713
2.9811522803843173,2.9811522803843173
2.9894231295148757,2.9894231295148757
2.997708250133113,2.997708250133113
3.006007723615199,3.006007723615199
3.0143216317666344,3.0143216317666344
3.022650056825285,3.022650056825285
3.030993081464368,3.030993081464368
3.039350788795536,3.039350788795536
3.0477232623719237,3.0477232623719237
3.056110586191276,3.056110586191276
3.064512844699053,3.064512844699053
3.0729301227916226,3.0729301227916226
3.081362505819414,3.081362505819414
3.0898100795901664,3.0898100795901664
3.098272930372147,3.098272930372147
3.1067511448974523,3.1067511448974523
3.1152448103652834,3.1152448103652834
3.123754014445313,3.123754014445313
3.132278845281022,3.132278845281022
3.1408193914931184,3.1408193914931184
3.1493757421829396,3.1493757421829396
3.1579479869359375,3.1579479869359375
3.1665362158251407,3.1665362158251407
3.175140519414702,3.175140519414702
3.1837609887634284,3.1837609887634284
3.1923977154283896,3.1923977154283896
3.2010507914685116,3.2010507914685116
3.209720309448263,3.209720309448263
3.2184063624413075,3.2184063624413075
3.227109044034256,3.227109044034256
3.2358284483303903,3.2358284483303903
3.2445646699534874,3.2445646699534874
3.2533178040516106,3.2533178040516106
3.262087946301008,3.262087946301008
3.2708751929099726,3.2708751929099726
3.27967964062281,3.27967964062281
3.288501386723779,3.288501386723779
3.2973405290411306,3.2973405290411306
3.306197165951128,3.306197165951128
3.315071396382151,3.315071396382151
3.3239633198187994,3.3239633198187994
3.332873036306081,3.332873036306081
3.3418006464535805,3.3418006464535805
3.350746251439741,3.350746251439741
3.3597099530161048,3.3597099530161048
3.368691853511669,3.368691853511669
3.377692055837238,3.377692055837238
3.3867106634898243,3.3867106634898243
3.395747780557103,3.395747780557103
3.40480351172191,3.40480351172191
3.4138779622667683,3.4138779622667683
3.422971238078466,3.422971238078466
3.4320834456526788,3.4320834456526788
3.441214692098654,3.441214692098654
3.4503650851439085,3.4503650851439085
3.459534733138987,3.459534733138987
3.4687237450622703,3.4687237450622703
3.477932230524842,3.477932230524842
3.4871602997753746,3.4871602997753746
3.4964080637050783,3.4964080637050783
3.5056756338526975,3.5056756338526975
3.5149631224095703,3.5149631224095703
3.5242706422247214,3.5242706422247214
3.533598306809989,3.533598306809989
3.5429462303452417,3.5429462303452417
3.5523145276836376,3.5523145276836376
3.561703314356906,3.561703314356906
3.5711127065807053,3.5711127065807053
3.580542821260039,3.580542821260039
3.589993775994723,3.589993775994723
3.5994656890848913,3.5994656890848913
3.608958679536574,3.608958679536574
3.6184728670673225,3.6184728670673225
3.628008372111911,3.628008372111911
3.637565315828065,3.637565315828065
3.647143820102265,3.647143820102265
3.656744007555612,3.656744007555612
3.6663660015497492,3.6663660015497492
3.6760099261928487,3.6760099261928487
3.685675906345635,3.685675906345635
3.6953640676275032,3.6953640676275032
3.7050745364226914,3.7050745364226914
3.7148074398865063,3.7148074398865063
3.7245629059516103,3.7245629059516103
3.734341063334381,3.734341063334381
3.744142041541363,3.744142041541363
3.753965970875733,3.753965970875733
3.7638129824438646,3.7638129824438646
3.773683208161967,3.773683208161967
3.7835767807627736,3.7835767807627736
3.7934938338023265,3.7934938338023265
3.803434501666789,3.803434501666789
3.8133989195793725,3.8133989195793725
3.823387223607329,3.823387223607329
3.833399550668997,3.833399550668997
3.843436038540925,3.843436038540925
3.8534968258651,3.8534968258651
3.8635820521562194,3.8635820521562194
3.873691857809066,3.873691857809066
3.883826384105925,3.883826384105925
3.8939857732241236,3.8939857732241236
3.9041701682436334,3.9041701682436334
3.9143797131547484,3.9143797131547484
3.924614552865842,3.924614552865842
3.9348748332112238,3.9348748332112238
3.9451607009590823,3.9451607009590823
3.9554723038194988,3.9554723038194988
3.965809790452544,3.965809790452544
3.976173310476485,3.976173310476485
3.986563014476075,3.986563014476075
3.9969790540109216,3.9969790540109216
4.007421581623956,4.007421581623956
4.017890750849986,4.017890750849986
4.028386716224368,4.028386716224368
4.038909633291752,4.038909633291752
4.049459658614914,4.049459658614914
4.060036949783712,4.060036949783712
4.0706416654241435,4.0706416654241435
4.081273965207474,4.081273965207474
4.091934009859484,4.091934009859484
4.102621961169831,4.102621961169831
4.113337982001497,4.113337982001497
4.124082236300363,4.124082236300363
4.134854889104856,4.134854889104856
4.145656106555746,4.145656106555746
4.156486055906038,4.156486055906038
4.1673449055309675,4.1673449055309675
4.178232824938106,4.178232824938106
4.189149984777602,4.189149984777602
4.20009655685254,4.20009655685254
4.211072714129392,4.211072714129392
4.222078630748601,4.222078630748601
4.233114482035292,4.233114482035292
4.24418044451012,4.24418044451012
4.255276695900208,4.255276695900208
4.2664034151502275,4.2664034151502275
4.277560782433622,4.277560782433622
4.288748979163955,4.288748979163955
4.2999681880063685,4.2999681880063685
4.311218592889206,4.311218592889206
4.3225003790157475,4.3225003790157475
4.333813732876093,4.333813732876093
4.345158842259199,4.345158842259199
4.356535896265037,4.356535896265037
4.36794508531689,4.36794508531689
4.379386601173816,4.379386601173816
4.390860636943266,4.390860636943266
4.4023673870938245,4.4023673870938245
4.4139070474681015,4.4139070474681015
4.425479815295812,4.425479815295812
4.437085889206995,4.437085889206995
4.448725469245383,4.448725469245383
4.460398756881933,4.460398756881933
4.47210595502853,4.47210595502853
4.483847268051874,4.483847268051874
4.495622901787498,4.495622901787498
4.5074330635539726,4.5074330635539726
4.5192779621672905,4.5192779621672905
4.531157807955435,4.531157807955435
4.5430728127731115,4.5430728127731115
4.55502319001664,4.55502319001664
4.56700915463909,4.56700915463909
4.579030923165556,4.579030923165556
4.59108871370863,4.59108871370863
4.603182745984075,4.603182745984075
4.615313241326679,4.615313241326679
4.6274804227063475,4.6274804227063475
4.639684514744345,4.639684514744345
4.651925743729762,4.651925743729762
4.6642043376362,4.6642043376362
4.67652052613866,4.67652052613866
4.688874540630645,4.688874540630645
4.701266614241464,4.701266614241464
4.7136969818537775,4.7136969818537775
4.726165880121363,4.726165880121363
4.738673547487113,4.738673547487113
4.751220224201219,4.751220224201219
4.7638061523396615,4.7638061523396615
4.776431575822889,4.776431575822889
4.789096740434751,4.789096740434751
4.801801893841668,4.801801893841668
4.81454728561207,4.81454728561207
4.827333167236076,4.827333167236076
4.8401597921454345,4.8401597921454345
4.853027415733707,4.853027415733707
4.865936295376735,4.865936295376735
4.878886690453399,4.878886690453399
4.8918788623666005,4.8918788623666005
4.9049130745645435,4.9049130745645435
4.917989592562313,4.917989592562313
4.931108683963735,4.931108683963735
4.944270618483518,4.944270618483518
4.957475667969681,4.957475667969681
4.97072410642631,4.97072410642631
4.984016210036615,4.984016210036615
4.997352257186278,4.997352257186278
5.010732528487132,5.010732528487132
5.024157306801152,5.024157306801152
5.037626877264797,5.037626877264797
5.051141527313658,5.051141527313658
5.064701546707433,5.064701546707433
5.078307227555287,5.078307227555287
5.091958864341529,5.091958864341529
5.105656753951649,5.105656753951649
5.11940119569871,5.11940119569871
5.133192491350116,5.133192491350116
5.147030945154768,5.147030945154768
5.1609168638705505,5.1609168638705505
5.174850556792249,5.174850556792249
5.188832335779832,5.188832335779832
5.202862515287154,5.202862515287154
5.2169414123910505,5.2169414123910505
5.231069346820821,5.231069346820821
5.245246640988172,5.245246640988172
5.259473620017577,5.259473620017577
5.273750611777053,5.273750611777053
5.28807794690936,5.28807794690936
5.30245595886371,5.30245595886371
5.316884983927889,5.316884983927889
5.33136536126084,5.33136536126084
5.345897432925718,5.345897432925718
5.360481543923458,5.360481543923458
5.375118042226808,5.375118042226808
5.389807278814847,5.389807278814847
5.404549607708018,5.404549607708018
5.419345386003698,5.419345386003698
5.434194973912267,5.434194973912267
5.449098734793726,5.449098734793726
5.464057035194823,5.464057035194823
5.479070244886787,5.479070244886787
5.49413873690359,5.49413873690359
5.5092628875807845,5.5092628875807845
5.524443076594927,5.524443076594927
5.539679687003585,5.539679687003585
5.554973105285991,5.554973105285991
5.5703237213842565,5.5703237213842565
5.585731928745229,5.585731928745229
5.601198124363012,5.601198124363012
5.616722708822117,5.616722708822117
5.632306086341275,5.632306086341275
5.647948664817917,5.647948664817917
5.663650855873351,5.663650855873351
5.679413074898657,5.679413074898657
5.695235741101262,5.695235741101262
5.7111192775522355,5.7111192775522355
5.7270641112343625,5.7270641112343625
5.74307067309096,5.74307067309096
5.759139398075435,5.759139398075435
5.775270725201639,5.775270725201639
5.791465097595023,5.791465097595023
5.807722962544625,5.807722962544625
5.824044771555854,5.824044771555854
5.840430980404106,5.840430980404106
5.856882049189286,5.856882049189286
5.873398442391196,5.873398442391196
5.889980628925783,5.889980628925783
5.906629082202322,5.906629082202322
5.92334428018153,5.92334428018153
5.940126705434639,5.940126705434639
5.956976845203411,5.956976845203411
5.973895191461129,5.973895191461129
5.990882240974635,5.990882240974635
6.007938495367369,6.007938495367369
6.025064461183434,6.025064461183434
6.042260649952774,6.042260649952774
6.0595275782573825,6.0595275782573825
6.076865767798654,6.076865767798654
6.094275745465888,6.094275745465888
6.111758043405907,6.111758043405907
6.129313199093849,6.129313199093849
6.1469417554052,6.1469417554052
6.164644260689046,6.164644260689046
6.182421268842549,6.182421268842549
6.200273339386706,6.200273339386706
6.218201037543448,6.218201037543448
6.2362049343140376,6.2362049343140376
6.2542856065588355,6.2542856065588355
6.272443637078448,6.272443637078448
6.29067961469629,6.29067961469629
6.308994134342631,6.308994134342631
6.327387797140071,6.327387797140071
6.3458612104905265,6.3458612104905265
6.364414988163801,6.364414988163801
6.383049750387691,6.383049750387691
6.4017661239397246,6.4017661239397246
6.420564742240489,6.420564742240489
6.439446245448714,6.439446245448714
6.458411280558023,6.458411280558023
6.477460501495442,6.477460501495442
6.496594569221673,6.496594569221673
6.515814151833247,6.515814151833247
6.535119924666533,6.535119924666533
6.554512570403618,6.554512570403618
6.573992779180173,6.573992779180173
6.593561248695306,6.593561248695306
6.613218684323481,6.613218684323481
6.632965799228483,6.632965799228483
6.652803314479522,6.652803314479522
6.6727319591695435,6.6727319591695435
6.6927524705357735,6.6927524705357735
6.7128655940825155,6.7128655940825155
6.733072083706274,6.733072083706274
6.753372701823314,6.753372701823314
6.773768219499635,6.773768219499635
6.79425941658344,6.79425941658344
6.814847081840155,6.814847081840155
6.835532013090081,6.835532013090081
6.85631501734874,6.85631501734874
6.877196910969922,6.877196910969922
6.898178519791549,6.898178519791549
6.919260679284431,6.919260679284431
6.940444234703954,6.940444234703954
6.961730041244768,6.961730041244768
6.98311896419855,6.98311896419855
7.004611879114941,7.004611879114941
7.0262096719657325,7.0262096719657325
7.047913239312324,7.047913239312324
7.069723488476575,7.069723488476575
7.091641337715166,7.091641337715166
7.11366771639751,7.11366771639751
7.135803565187288,7.135803565187288
7.15804983622772,7.15804983622772
7.18040749333071,7.18040749333071
7.202877512169878,7.202877512169878
7.225460880477646,7.225460880477646
7.248158598246402,7.248158598246402
7.270971677933937,7.270971677933937
7.29390114467324,7.29390114467324
7.31694803648668,7.31694803648668
7.340113404504773,7.340113404504773
7.36339831318966,7.36339831318966
7.386803840563359,7.386803840563359
7.410331078440949,7.410331078440949
7.43398113266878,7.43398113266878
7.4577551233679165,7.4577551233679165
7.481654185182879,7.481654185182879
7.505679467535852,7.505679467535852
7.529832134886471,7.529832134886471
7.554113366997413,7.554113366997413
7.578524359205885,7.578524359205885
7.603066322701169,7.603066322701169
7.627740484808382,7.627740484808382
7.652548089278678,7.652548089278678
7.677490396586036,7.677490396586036
7.702568684230756,7.702568684230756
7.7277842470499145,7.7277842470499145
7.75313839753497,7.75313839753497
7.778632466156724,7.778632466156724
7.80426780169776,7.80426780169776
7.830045771592661,7.830045771592661
7.855967762276194,7.855967762276194
7.882035179539715,7.882035179539715
7.90824944889594,7.90824944889594
7.934612015952422,7.934612015952422
7.961124346793907,7.961124346793907
7.987787928373941,7.987787928373941
8.01460426891582,8.01460426891582
8.041574898323274,8.041574898323274
8.068701368601184,8.068701368601184
8.09598525428658,8.09598525428658
8.123428152890199,8.123428152890199
8.151031685348947,8.151031685348947
8.178797496489658,8.178797496489658
8.206727255504367,8.206727255504367
8.234822656437514,8.234822656437514
8.26308541868542,8.26308541868542
8.291517287508432,8.291517287508432
8.320120034556133,8.320120034556133
8.348895458405934,8.348895458405934
8.377845385115547,8.377845385115547
8.406971668789781,8.406971668789781
8.436276192162047,8.436276192162047
8.465760867191053,8.465760867191053
8.495427635673165,8.495427635673165
8.525278469870996,8.525278469870996
8.555315373158646,8.555315373158646
8.585540380684183,8.585540380684183
8.615955560049875,8.615955560049875
8.646563012010823,8.646563012010823
8.677364871192582,8.677364871192582
8.708363306828273,8.708363306828273
8.73956052351597,8.73956052351597
8.77095876199699,8.77095876199699
8.802560299955804,8.802560299955804
8.8343674528422,8.8343674528422
8.866382574716528,8.866382574716528
8.898608059118853,8.898608059118853
8.93104633996275,8.93104633996275
8.963699892454565,8.963699892454565
8.996571234039145,8.996571234039145
9.029662925372788,9.029662925372788
9.06297757132453,9.06297757132453
9.096517822006701,9.096517822006701
9.130286373835666,9.130286373835666
9.164285970624015,9.164285970624015
9.198519404705195,9.198519404705195
9.232989518091868,9.232989518091868
9.267699203669036,9.267699203669036
9.302651406423355,9.302651406423355
9.337849124709908,9.337849124709908
9.373295411557855,9.373295411557855
9.408993376016312,9.408993376016312
9.444946184542012,9.444946184542012
9.48115706243036,9.48115706243036
9.517629295291492,9.517629295291492
9.554366230572978,9.554366230572978
9.591371279131021,9.591371279131021
9.628647916852074,9.628647916852074
9.666199686326724,9.666199686326724
9.704030198577925,9.704030198577925
9.742143134845666,9.742143134845666
9.780542248430455,9.780542248430455
9.819231366597828,9.819231366597828
9.858214392546277,9.858214392546277
9.897495307441305,9.897495307441305
9.937078172518207,9.937078172518207
9.97696713125644,9.97696713125644
10.01716641162843,10.01716641162843
10.057680328425956,10.057680328425956
10.098513285667414,10.098513285667414
10.139669779089312,10.139669779089312
10.181154398725456,10.181154398725456
10.222971831577736,10.222971831577736
10.265126864382353,10.265126864382353
10.307624386475657,10.307624386475657
10.350469392763886,10.350469392763886
10.393666986801339,10.393666986801339
10.437222383981917,10.437222383981917
10.481140914849004,10.481140914849004
10.525428028528891,10.525428028528891
10.570089296293474,10.570089296293474
10.61513041525808,10.61513041525808
10.660557212220644,10.660557212220644
10.70637564764868,10.70637564764868
10.752591819821019,10.752591819821019
10.799211969131566,10.799211969131566
10.846242482562841,10.846242482562841
10.893689898337216,10.893689898337216
10.941560910754507,10.941560910754507
10.989862375225055,10.989862375225055
11.038601313507732,11.038601313507732
11.087784919162994,11.087784919162994
11.137420563231657,11.137420563231657
11.187515800150866,11.187515800150866
11.238078373919093,11.238078373919093
11.289116224522886,11.289116224522886
11.340637494638882,11.340637494638882
11.392650536625343,11.392650536625343
11.445163919818475,11.445163919818475
11.49818643814938,11.49818643814938
11.551727118098931,11.551727118098931
11.605795227008711,11.605795227008711
11.660400281767302,11.660400281767302
11.715552057892397,11.715552057892397
11.77126059903072,11.77126059903072
11.827536226898992,11.827536226898992
11.884389551690868,11.884389551690868
11.941831482976092,11.941831482976092
11.999873241120318,11.999873241120318
12.058526369255762,12.058526369255762
12.117802745834785,12.117802745834785
12.177714597800861,12.177714597800861
12.238274514413813,12.238274514413813
12.299495461768732,12.299495461768732
12.361390798050872,12.361390798050872
12.423974289571591,12.423974289571591
12.487260127634014,12.487260127634014
12.551262946280561,12.551262946280561
12.61599784097823,12.61599784097823
12.68148038830172,12.68148038830172
12.747726666679181,12.747726666679181
12.814753278270214,12.814753278270214
12.88257737205124,12.88257737205124
12.951216668188955,12.951216668188955
13.020689483789262,13.020689483789262
13.091014760116046,13.091014760116046
13.162212091381733,13.162212091381733
13.234301755219636,13.234301755219636
13.30730474495774,13.30730474495774
13.381242803823334,13.381242803823334
13.456138461218792,13.456138461218792
13.532015071220973,13.532015071220973
13.608896853469934,13.608896853469934
13.686808936627417,13.686808936627417
13.765777404601419,13.765777404601419
13.845829345750916,13.845829345750916
13.926992905304557,13.926992905304557
14.009297341248864,14.009297341248864
14.092773083965312,14.092773083965312
14.177451799922245,14.177451799922245
14.263366459757394,14.263366459757394
14.350551411119593,14.350551411119593
14.439042456674734,14.439042456674734
14.528876937721881,14.528876937721881
14.620093823911159,14.620093823911159
14.712733809606126,14.712733809606126
14.806839417490332,14.806839417490332
14.902455110081782,14.902455110081782
14.999627409891495,14.999627409891495
15.098405029043425,15.098405029043425
15.198839009264535,15.198839009264535
15.300982873257254,15.300982873257254
15.404892788584075,15.404892788584075
15.510627745327126,15.510627745327126
15.6182497489365,15.6182497489365
15.727824029853512,15.727824029853512
15.83941927169206,15.83941927169206
15.95310785998641,15.95310785998641
16.06896615377183,16.06896615377183
16.187074782561268,16.187074782561268
16.30751897162414,16.30751897162414
16.430388898868465,16.430388898868465
16.55578008708583,16.55578008708583
16.68379383585123,16.68379383585123
16.814537697990673,16.814537697990673
16.948126006253972,16.948126006253972
17.084680456681316,17.084680456681316
17.224330756151446,17.224330756151446
17.36721534277976,17.36721534277976
17.51348218923243,17.51348218923243
17.66328970068436,17.66328970068436
17.81680772113075,17.81680772113075
17.974218664137297,17.974218664137297
18.135718786971452,18.135718786971452
18.301519630510032,18.301519630510032
18.47184965150911,18.47184965150911
18.646956078934736,18.646956078934736
18.827107032321244,18.827107032321244
19.01259394784987,19.01259394784987
19.20373436741691,19.20373436741691
19.400875157902888,19.400875157902888
19.604396242840323,19.604396242840323
19.81471494760843,19.81471494760843
20.03229108336754,20.03229108336754
20.257632925817497,20.257632925817497
20.491304284756193,20.491304284756193
20.73393291240046,20.73393291240046
20.98622056680394,20.98622056680394
21.248955137513,21.248955137513
21.523025362482763,21.523025362482763
21.809438830728077,21.809438830728077
22.109344192557483,22.109344192557483
22.424058815892014,22.424058815892014
22.75510357458891,22.75510357458891
23.10424709695129,23.10424709695129
23.473562740692056,23.473562740692056
23.86550295725468,23.86550295725468
24.28299783225225,24.28299783225225
24.72958789573489,24.72958789573489
25.209606583350844,25.209606583350844
25.728436440292416,25.728436440292416
26.292878009406223,26.292878009406223
26.911696674251278,26.911696674251278
27.596461600463915,27.596461600463915
28.362886680692363,28.362886680692363
29.233083635146436,29.233083635146436
30.23959096260715,30.23959096260715
31.433178639478598,31.433178639478598
32.899677231605594,32.899677231605594
34.802239026386125,34.802239026386125
37.51609747315399,37.51609747315399
42.30760398200634,42.30760398200634
