-5.714797629071322,-5.714797629071322
-5.735327915256246,-5.735327915256246
-5.753664271756455,-5.753664271756455
-5.7698888248652604,-5.7698888248652604
-5.784080822708304,-5.784080822708304
-5.796316724849427,-5.796316724849427
-5.806670289510119,-5.806670289510119
-5.815212658454333,-5.815212658454333
-5.822012439589513,-5.822012439589513
-5.827135787333982,-5.827135787333982
-5.830646480799808,-5.830646480799808
-5.832605999839625,-5.832605999839625
-5.833073599004918,-5.833073599004918
-5.832106379462563,-5.832106379462563
-5.829759358915587,-5.829759358915587
-5.826085539573291,-5.826085539573291
-5.8211359742151565,-5.8211359742151565
-5.81495983039212,-5.81495983039212
-5.807604452808089,-5.807604452808089
-5.799115423923788,-5.799115423923788
-5.789536622824284,-5.789536622824284
-5.778910282390814,-5.778910282390814
-5.767277044816799,-5.767277044816799
-5.754676015507211,-5.754676015507211
-5.741144815399755,-5.741144815399755
-5.7267196317456275,-5.7267196317456275
-5.711435267386912,-5.711435267386912
-5.695325188567003,-5.695325188567003
-5.678421571309756,-5.678421571309756
-5.660755346402401,-5.660755346402401
-5.6423562430166285,-5.6423562430166285
-5.6232528310015475,-5.6232528310015475
-5.603472561881622,-5.603472561881622
-5.583041808592063,-5.583041808592063
-5.5619859039834685,-5.5619859039834685
-5.540329178126967,-5.540329178126967
-5.518094994450464,-5.518094994450464
-5.4953057847359785,-5.4953057847359785
-5.47198308300753,-5.47198308300753
-5.4481475583383565,-5.4481475583383565
-5.423819046605762,-5.423819046605762
-5.399016581221257,-5.399016581221257
-5.373758422863125,-5.373758422863125
-5.348062088238006,-5.348062088238006
-5.321944377897475,-5.321944377897475
-5.295421403135183,-5.295421403135183
-5.268508611989448,-5.268508611989448
-5.241220814375771,-5.241220814375771
-5.213572206373219,-5.213572206373219
-5.185576393688029,-5.185576393688029
-5.157246414317416,-5.157246414317416
-5.128594760435967,-5.128594760435967
-5.099633399526567,-5.099633399526567
-5.07037379477733,-5.07037379477733
-5.0408269247654856,-5.0408269247654856
-5.011003302448798,-5.011003302448798
-4.980912993484531,-4.980912993484531
-4.950565633895605,-4.950565633895605
-4.919970447103113,-4.919970447103113
-4.88913626034392,-4.88913626034392
-4.858071520491667,-4.858071520491667
-4.8267843092990494,-4.8267843092990494
-4.795282358078845,-4.795282358078845
-4.763573061840753,-4.763573061840753
-4.731663492900678,-4.731663492900678
-4.69956041397874,-4.69956041397874
-4.667270290801864,-4.667270290801864
-4.634799304226445,-4.634799304226445
-4.602153361896175,-4.602153361896175
-4.569338109449793,-4.569338109449793
-4.5363589412931145,-4.5363589412931145
-4.503221010949345,-4.503221010949345
-4.469929241001374,-4.469929241001374
-4.436488332639305,-4.436488332639305
-4.402902774826275,-4.402902774826275
-4.369176853095099,-4.369176853095099
-4.335314657988164,-4.335314657988164
-4.301320093152481,-4.301320093152481
-4.267196883101597,-4.267196883101597
-4.232948580655723,-4.232948580655723
-4.19857857407114,-4.19857857407114
-4.164090093869637,-4.164090093869637
-4.129486219378439,-4.129486219378439
-4.0947698849907965,-4.0947698849907965
-4.059943886157146,-4.059943886157146
-4.025010885116432,-4.025010885116432
-3.9899734163769414,-3.9899734163769414
-3.9548338919557304,-3.9548338919557304
-3.9195946063854485,-3.9195946063854485
-3.8842577414971116,-3.8842577414971116
-3.848825370987142,-3.848825370987142
-3.813299464776725,-3.813299464776725
-3.7776818931712954,-3.7776818931712954
-3.7419744308277467,-3.7419744308277467
-3.706178760536697,-3.706178760536697
-3.6702964768269504,-3.6702964768269504
-3.6343290893990408,-3.6343290893990408
-3.598278026394556,-3.598278026394556
-3.5621446375076893,-3.5621446375076893
-3.525930196945327,-3.525930196945327
-3.489635906241676,-3.489635906241676
-3.4532628969333428,-3.4532628969333428
-3.4168122331005066,-3.4168122331005066
-3.3802849137796676,-3.3802849137796676
-3.3436818752532766,-3.3436818752532766
-3.3070039932213353,-3.3070039932213353
-3.270252084859931,-3.270252084859931
-3.233426910771443,-3.233426910771443
-3.196529176831032,-3.196529176831032
-3.159559535933835,-3.159559535933835
-3.122518589647138,-3.122518589647138
-3.0854068897716354,-3.0854068897716354
-3.0482249398157464,-3.0482249398157464
-3.010973196386787,-3.010973196386787
-2.97365207050268,-2.97365207050268
-2.936261928827715,-2.936261928827715
-2.8988030948357606,-2.8988030948357606
-2.86127584990417,-2.86127584990417
-2.8236804343415174,-2.8236804343415174
-2.7860170483521536,-2.7860170483521536
-2.748285852940466,-2.748285852940466
-2.710486970757586,-2.710486970757586
-2.6726204868931926,-2.6726204868931926
-2.6346864496149314,-2.6346864496149314
-2.5966848710578687,-2.5966848710578687
-2.55861572786629,-2.55861572786629
-2.52047896179004,-2.52047896179004
-2.4822744802375225,-2.4822744802375225
-2.4440021567873553,-2.4440021567873553
-2.405661831660598,-2.405661831660598
-2.3672533121553783,-2.3672533121553783
-2.328776373045634,-2.328776373045634
-2.2902307569456433,-2.2902307569456433
-2.251616174641872,-2.251616174641872
-2.212932305393655,-2.212932305393655
-2.1741787972040894,-2.1741787972040894
-2.1353552670624856,-2.1353552670624856
-2.0964613011596263,-2.0964613011596263
-2.0574964550770143,-2.0574964550770143
-2.018460253951242,-2.018460253951242
-1.97935219261452,-1.97935219261452
-1.9401717357123571,-1.9401717357123571
-1.9009183177993347,-1.9009183177993347
-1.861591343413814,-1.861591343413814
-1.8221901871324269,-1.8221901871324269
-1.7827141936050739,-1.7827141936050739
-1.7431626775711535,-1.7431626775711535
-1.7035349238576751,-1.7035349238576751
-1.663830187359854,-1.663830187359854
-1.6240476930047512,-1.6240476930047512
-1.5841866356984757,-1.5841866356984757
-1.5442461802574088,-1.5442461802574088
-1.5042254613238912,-1.5042254613238912
-1.4641235832667447,-1.4641235832667447
-1.4239396200669983,-1.4239396200669983
-1.3836726151891137,-1.3836726151891137
-1.3433215814379937,-1.3433215814379937
-1.3028855008020173,-1.3028855008020173
-1.2623633242823113,-1.2623633242823113
-1.2217539717084303,-1.2217539717084303
-1.1810563315406075,-1.1810563315406075
-1.140269260658673,-1.140269260658673
-1.0993915841377548,-1.0993915841377548
-1.0584220950108079,-1.0584220950108079
-1.0173595540180194,-1.0173595540180194
-0.9762026893430974,-0.9762026893430974
-0.934950196336437,-0.934950196336437
-0.8936007372251276,-0.8936007372251276
-0.8521529408097405,-0.8521529408097405
-0.8106054021478282,-0.8106054021478282
-0.7689566822240248,-0.7689566822240248
-0.7272053076066374,-0.7272053076066374
-0.6853497700905822,-0.6853497700905822
-0.6433885263265121,-0.6433885263265121
-0.6013199974359529,-0.6013199974359529
-0.5591425686122562,-0.5591425686122562
-0.5168545887071511,-0.5168545887071511
-0.4744543698026687,-0.4744543698026687
-0.431940186768183,-0.431940186768183
-0.3893102768023044,-0.3893102768023044
-0.3465628389593445,-0.3465628389593445
-0.30369603366004444,-0.30369603366004444
-0.2607079821862548,-0.2607079821862548
-0.21759676615922735,-0.21759676615922735
-0.17436042700116564,-0.17436042700116564
-0.1309969653796664,-0.1309969653796664
-0.08750434063466069,-0.08750434063466069
-0.04388047018745085,-0.04388047018745085
-0.00012322893141661391,-0.00012322893141661391
0.04376955139605182,0.04376955139605182
0.08780008286085446,0.08780008286085446
0.13197062199920132,0.13197062199920132
0.17628347050485021,0.17628347050485021
0.2207409759370867,0.2207409759370867
0.2653455324499901,0.2653455324499901
0.3100995815435522,0.3100995815435522
0.3550056128372366,0.3550056128372366
0.40006616486659297,0.40006616486659297
0.4452838259035631,0.4452838259035631
0.4906612348011404,0.4906612348011404
0.5362010818630748,0.5362010818630748
0.5819061097393374,0.5819061097393374
0.6277791143480929,0.6277791143480929
0.6738229458249525,0.6738229458249525
0.7200405095003165,0.7200405095003165
0.766434766905644,0.766434766905644
0.8130087368095212,0.8130087368095212
0.859765496284438,0.859765496284438
0.906708181805214,0.906708181805214
0.9538399903800587,0.9538399903800587
1.0011641807152838,1.0011641807152838
1.0486840744147325,1.0486840744147325
1.0964030572150303,1.0964030572150303
1.1443245802578046,1.1443245802578046
1.1924521614000734,1.1924521614000734
1.2407893865640411,1.2407893865640411
1.2893399111276018,1.2893399111276018
1.3381074613568884,1.3381074613568884
1.3870958358822734,1.3870958358822734
1.4363089072192727,1.4363089072192727
1.4857506233358682,1.4857506233358682
1.5354250092678199,1.5354250092678199
1.585336168783608,1.585336168783608
1.635488286100702,1.635488286100702
1.6858856276549241,1.6858856276549241
1.7365325439247477,1.7365325439247477
1.787433471312436,1.787433471312436
1.8385929340840075,1.8385929340840075
1.8900155463700832,1.8900155463700832
1.9417060142297622,1.9417060142297622
1.9936691377797395,1.9936691377797395
2.0459098133909808,2.0459098133909808
2.0984330359553414,2.0984330359553414
2.151243901224615,2.151243901224615
2.2043476082245994,2.2043476082245994
2.2577494617468354,2.2577494617468354
2.311454874920813,2.311454874920813
2.3654693718695037,2.3654693718695037
2.41979859045121,2.41979859045121
2.474448285090821,2.474448285090821
2.5294243297036703,2.5294243297036703
2.584732720715321,2.584732720715321
2.6403795801807037,2.6403795801807037
2.6963711590061736,2.6963711590061736
2.7527138402781666,2.7527138402781666
2.809414142702258,2.809414142702258
2.86647872415658,2.86647872415658
2.923914385363663,2.923914385363663
2.981728073684936,2.981728073684936
3.0399268870422294,3.0399268870422294
3.0985180779708075,3.0985180779708075
3.157509057808579,3.157509057808579
3.216907401026301,3.216907401026301
3.276720849703761,3.276720849703761
3.336957318157059,3.336957318157059
3.397624897722297,3.397624897722297
3.4587318617011666,3.4587318617011666
3.5202866704740488,3.5202866704740488
3.582297976786492,3.582297976786492
3.644774631215056,3.644774631215056
3.7077256878187312,3.7077256878187312
3.771160409982319,3.771160409982319
3.8350882764583782,3.8350882764583782
3.8995189876145,3.8995189876145
3.964462471892936,3.964462471892936
4.0299288924897665,4.0299288924897665
4.0959286542610425,4.0959286542610425
4.162472410863527,4.162472410863527
4.229571072137925,4.229571072137925
4.297235811742673,4.297235811742673
4.365478075046627,4.365478075046627
4.434309587289235,4.434309587289235
4.503742362016968,4.503742362016968
4.57378870980511,4.57378870980511
4.644461247274207,4.644461247274207
4.715772906410735,4.715772906410735
4.787736944201879,4.787736944201879
4.86036695259446,4.86036695259446
4.933676868788469,4.933676868788469
5.007680985875825,5.007680985875825
5.082393963835326,5.082393963835326
5.157830840895067,5.157830840895067
5.234007045273799,5.234007045273799
5.310938407313156,5.310938407313156
5.388641172012838,5.388641172012838
5.467132011981264,5.467132011981264
5.546428040814447,5.546428040814447
5.626546826916231,5.626546826916231
5.707506407773345,5.707506407773345
5.789325304699004,5.789325304699004
5.872022538059256,5.872022538059256
5.955617642996506,5.955617642996506
6.040130685665059,6.040130685665059
6.125582279993894,6.125582279993894
6.211993604992207,6.211993604992207
6.299386422613689,6.299386422613689
6.387783096195839,6.387783096195839
6.477206609491027,6.477206609491027
6.5676805863064125,6.5676805863064125
6.659229310770199,6.659229310770199
6.7518777482421655,6.7518777482421655
6.845651566886772,6.845651566886772
6.940577159927581,6.940577159927581
7.03668166860218,7.03668166860218
7.133993005837192,7.133993005837192
7.232539880663424,7.232539880663424
7.332351823391648,7.332351823391648
7.433459211569938,7.433459211569938
7.535893296744001,7.535893296744001
7.639686232042357,7.639686232042357
7.74487110060871,7.74487110060871
7.851481944904364,7.851481944904364
7.959553796904005,7.959553796904005
8.069122709208633,8.069122709208633
8.180225787100023,8.180225787100023
8.292901221561511,8.292901221561511
8.407188323290491,8.407188323290491
8.523127557728442,8.523127557728442
8.640760581135035,8.640760581135035
8.7601302777331,8.7601302777331
8.881280797952126,8.881280797952126
9.004257597798254,9.004257597798254
9.12910747937945,9.12910747937945
9.255878632615037,9.255878632615037
9.38462067815939,9.38462067815939
9.515384711570151,9.515384711570151
9.648223348751952,9.648223348751952
9.783190772707213,9.783190772707213
9.920342781626221,9.920342781626221
10.059736838349275,10.059736838349275
10.20143212123436,10.20143212123436
10.345489576464432,10.345489576464432
10.49197197182903,10.49197197182903
10.640943952015583,10.640943952015583
10.792472095446485,10.792472095446485
10.946624972698636,10.946624972698636
11.103473206542828,11.103473206542828
11.263089533641123,11.263089533641123
11.425548867940897,11.425548867940897
11.590928365805132,11.590928365805132
11.759307492919154,11.759307492919154
11.930768093014663,11.930768093014663
12.105394458452809,12.105394458452809
12.283273402708625,12.283273402708625
12.464494334800097,12.464494334800097
12.649149335705607,12.649149335705607
12.837333236814594,12.837333236814594
13.029143700456794,13.029143700456794
13.224681302556334,13.224681302556334
13.424049617457715,13.424049617457715
13.62735530497155,13.62735530497155
13.834708199688711,13.834708199688711
14.04622140261233,14.04622140261233
14.26201137515809,14.26201137515809
14.482198035573807,14.482198035573807
14.706904857830507,14.706904857830507
14.936258973037711,14.936258973037711
15.170391273436817,15.170391273436817
15.409436519027121,15.409436519027121
15.653533446880099,15.653533446880099
15.902824883198258,15.902824883198258
16.15745785817608,16.15745785817608
16.417583723721116,16.417583723721116
16.683358274094644,16.683358274094644
16.954941869531837,16.954941869531837
17.2324995629027,17.2324995629027
17.516201229475747,17.516201229475747
17.806221699847484,17.806221699847484
18.102740896101622,18.102740896101622
18.40594397126325,18.40594397126325
18.71602145211371,18.71602145211371
19.03316938543343,19.03316938543343
19.35758948774061,19.35758948774061
19.689489298594992,19.689489298594992
21.208329179357253,21.208329179357253
21.174667585796456,21.174667585796456
21.146095728297453,21.146095728297453
21.122918595153156,21.122918595153156
21.105443707426417,21.105443707426417
21.093981690676475,21.093981690676475
21.088846799023248,21.088846799023248
21.090357400039874,21.090357400039874
21.098836427350772,21.098836427350772
21.114611806550016,21.114611806550016
21.13801685906494,21.13801685906494
21.1693906877995,21.1693906877995
21.20908772447962,21.20908772447962
21.259010613044232,21.259010613044232
21.320622318821634,21.320622318821634
21.39424759284639,21.39424759284639
21.480220232996093,21.480220232996093
21.578883314526465,21.578883314526465
21.690589425695684,21.690589425695684
21.815700908570005,21.815700908570005
21.954590105103932,21.954590105103932
22.10763960859018,22.10763960859018
22.27524252057465,22.27524252057465
22.457802713334445,22.457802713334445
22.655735098016862,22.655735098016862
