-8.506580503831547,-8.506580503831547
-8.460177209265412,-8.460177209265412
-8.413078992095564,-8.413078992095564
-8.365319958839795,-8.365319958839795
-8.316933058778302,-8.316933058778302
-8.267950119324963,-8.267950119324963
-8.218401880465692,-8.218401880465692
-8.16831802828388,-8.16831802828388
-8.117727227592791,-8.117727227592791
-8.066657153694331,-8.066657153694331
-8.015134523283352,-8.015134523283352
-7.963185124516298,-7.963185124516298
-7.910833846262684,-7.910833846262684
-7.858104706557611,-7.858104706557611
-7.805020880273195,-7.805020880273195
-7.7516047260264305,-7.7516047260264305
-7.697877812340814,-7.697877812340814
-7.643860943078672,-7.643860943078672
-7.589574182160816,-7.589574182160816
-7.535036877589986,-7.535036877589986
-7.480267684794089,-7.480267684794089
-7.425284589305095,-7.425284589305095
-7.370104928789049,-7.370104928789049
-7.314745414442504,-7.314745414442504
-7.2592221517702935,-7.2592221517702935
-7.203550660759355,-7.203550660759355
-7.147745895463017,-7.147745895463017
-7.091822263009941,-7.091822263009941
-7.0357936420515585,-7.0357936420515585
-6.979673400661714,-6.979673400661714
-6.92347441370182,-6.92347441370182
-6.86720907966474,-6.86720907966474
-6.810889337010197,-6.810889337010197
-6.754526680004416,-6.754526680004416
-6.698132174076347,-6.698132174076347
-6.641716470702654,-6.641716470702654
-6.58528982183338,-6.58528982183338
-6.528862093869964,-6.528862093869964
-6.472442781207083,-6.472442781207083
-6.416041019349558,-6.416041019349558
-6.359665597615289,-6.359665597615289
-6.30332497143507,-6.30332497143507
-6.247027274259774,-6.247027274259774
-6.190780329085352,-6.190780329085352
-6.1345916596057055,-6.1345916596057055
-6.07846850100342,-6.07846850100342
-6.022417810388077,-6.022417810388077
-5.966446276891656,-5.966446276891656
-5.910560331430358,-5.910560331430358
-5.854766156141998,-5.854766156141998
-5.799069693507888,-5.799069693507888
-5.743476655167933,-5.743476655167933
-5.687992530437538,-5.687992530437538
-5.632622594534669,-5.632622594534669
-5.5773719165252595,-5.5773719165252595
-5.5222453669949605,-5.5222453669949605
-5.467247625455085,-5.467247625455085
-5.412383187490394,-5.412383187490394
-5.35765637165617,-5.35765637165617
-5.3030713261319695,-5.3030713261319695
-5.2486320351391145,-5.2486320351391145
-5.194342325128963,-5.194342325128963
-5.140205870748753,-5.140205870748753
-5.0862262005917005,-5.0862262005917005
-5.0324067027378305,-5.0324067027378305
-4.978750630091919,-4.978750630091919
-4.925261105524721,-4.925261105524721
-4.871941126823571,-4.871941126823571
-4.8187935714582,-4.8187935714582
-4.765821201167613,-4.765821201167613
-4.713026666373561,-4.713026666373561
-4.660412510426151,-4.660412510426151
-4.607981173686892,-4.607981173686892
-4.555734997454427,-4.555734997454427
-4.503676227737987,-4.503676227737987
-4.4518070188835415,-4.4518070188835415
-4.4001294370574495,-4.4001294370574495
-4.348645463592314,-4.348645463592314
-4.297356998199602,-4.297356998199602
-4.246265862053487,-4.246265862053487
-4.1953738007502395,-4.1953738007502395
-4.144682487147384,-4.144682487147384
-4.09419352408672,-4.09419352408672
-4.043908447005209,-4.043908447005209
-3.99382872643756,-3.99382872643756
-3.9439557704143633,-3.9439557704143633
-3.8942909267593597,-3.8942909267593597
-3.8448354852894444,-3.8448354852894444
-3.7955906799208647,-3.7955906799208647
-3.74655769068496,-3.74655769068496
-3.6977376456567046,-3.6977376456567046
-3.6491316227992354,-3.6491316227992354
-3.6007406517274143,-3.6007406517274143
-3.552565715393419,-3.552565715393419
-3.5046077516972542,-3.5046077516972542
-3.4568676550249724,-3.4568676550249724
-3.409346277717331,-3.409346277717331
-3.3620444314715145,-3.3620444314715145
-3.3149628886784597,-3.3149628886784597
-3.268102383698272,-3.268102383698272
-3.2214636140761,-3.2214636140761
-3.1750472417007933,-3.1750472417007933
-3.1288538939085706,-3.1288538939085706
-3.0828841645338616,-3.0828841645338616
-3.0371386149094244,-3.0371386149094244
-2.9916177748177297,-2.9916177748177297
-2.9463221433955855,-2.9463221433955855
-2.9012521899938872,-2.9012521899938872
-2.856408354994275,-2.856408354994275
-2.811791050584501,-2.811791050584501
-2.7674006614941495,-2.7674006614941495
-2.7232375456923807,-2.7232375456923807
-2.679302035049228,-2.679302035049228
-2.635594435961987,-2.635594435961987
-2.5921150299481495,-2.5921150299481495
-2.5488640742062603,-2.5488640742062603
-2.505841802146069,-2.505841802146069
-2.4630484238892545,-2.4630484238892545
-2.4204841267419717,-2.4204841267419717
-2.3781490756404025,-2.3781490756404025
-2.3360434135704757,-2.3360434135704757
-2.294167261962829,-2.294167261962829
-2.252520721064089,-2.252520721064089
-2.211103870285454,-2.211103870285454
-2.169916768529568,-2.169916768529568
-2.128959454496581,-2.128959454496581
-2.088231946970308,-2.088231946970308
-2.0477342450853016,-2.0477342450853016
-2.0074663285756635,-2.0074663285756635
-1.9674281580063446,-1.9674281580063446
-1.9276196749876746,-1.9276196749876746
-1.888040802373821,-1.888040802373821
-1.8486914444458231,-1.8486914444458231
-1.8095714870798478,-1.8095714870798478
-1.7706807979012518,-1.7706807979012518
-1.7320192264250236,-1.7320192264250236
-1.693586604183138,-1.693586604183138
-1.655382744839335,-1.655382744839335
-1.617407444291796,-1.617407444291796
-1.5796604807641772,-1.5796604807641772
-1.542141614885424,-1.542141614885424
-1.504850589758765,-1.504850589758765
-1.46778713102027,-1.46778713102027
-1.4309509468873147,-1.4309509468873147
-1.3943417281973003,-1.3943417281973003
-1.3579591484369116,-1.3579591484369116
-1.3218028637622286,-1.3218028637622286
-1.285872513009944,-1.285872513009944
-1.2501677176999308,-1.2501677176999308
-1.214688082029405,-1.214688082029405
-1.179433192858878,-1.179433192858878
-1.144402619690101,-1.144402619690101
-1.1095959146361767,-1.1095959146361767
-1.075012612383993,-1.075012612383993
-1.0406522301491299,-1.0406522301491299
-1.0065142676233643,-1.0065142676233643
-0.9725982069148886,-0.9725982069148886
-0.9389035124813427,-0.9389035124813427
-0.9054296310557457,-0.9054296310557457
-0.8721759915654059,-0.8721759915654059
-0.8391420050438624,-0.8391420050438624
-0.8063270645359158,-0.8063270645359158
-0.7737305449957783,-0.7737305449957783
-0.7413518031783737,-0.7413518031783737
-0.7091901775238026,-0.7091901775238026
-0.6772449880349738,-0.6772449880349738
-0.6455155361484007,-0.6455155361484007
-0.6140011045981455,-0.6140011045981455
-0.5827009572728846,-0.5827009572728846
-0.5516143390660644,-0.5516143390660644
-0.5207404757191003,-0.5207404757191003
-0.49007857365756974,-0.49007857365756974
-0.4596278198203372,-0.4596278198203372
-0.42938738148154115,-0.42938738148154115
-0.3993564060653666,-0.3993564060653666
-0.3695340209535168,-0.3695340209535168
-0.3399193332852909,-0.3399193332852909
-0.3105114297501659,-0.3105114297501659
-0.28130937637277265,-0.28130937637277265
-0.2523122182901498,-0.2523122182901498
-0.2235189795211513,-0.2235189795211513
-0.19492866272787107,-0.19492866272787107
-0.1665402489689506,-0.1665402489689506
-0.1383526974446161,-0.1383526974446161
-0.11036494523329188,-0.11036494523329188
-0.08257590701962532,-0.08257590701962532
-0.05498447481375238,-0.05498447481375238
-0.027589517661623174,-0.027589517661623174
-0.00038988134619948923,-0.00038988134619948923
0.02661561192067068,0.02661561192067068
0.053428163815908994,0.053428163815908994
0.08004900023260453,0.08004900023260453
0.10647937161737726,0.10647937161737726
0.13272055331793892,0.13272055331793892
0.15877384594109262,0.15877384594109262
0.1846405757214226,0.1846405757214226
0.21032209490093484,0.21032209490093484
0.23581978211992108,0.23581978211992108
0.261135042819328,0.261135042819328
0.2862693096549254,0.2862693096549254
0.311224042923579,0.311224042923579
0.336000731001944,0.336000731001944
0.36060089079791,0.36060089079791
0.3850260682151392,0.3850260682151392
0.40927783863105344,0.40927783863105344
0.4333578073886402,0.4333578073886402
0.4572676103024613,0.4572676103024613
0.4810089141792627,0.4810089141792627
0.5045834173536013,0.5045834173536013
0.5279928502389176,0.5279928502389176
0.551238975894502,0.551238975894502
0.5743235906088203,0.5743235906088203
0.5972485244996795,0.5972485244996795
0.6200156421317361,0.6200156421317361
0.6426268431518671,0.6426268431518671
0.6650840629429442,0.6650840629429442
0.6873892732965733,0.6873892732965733
0.7095444831053825,0.7095444831053825
0.7315517390754642,0.7315517390754642
0.753413126459598,0.753413126459598
0.7751307698119111,0.7751307698119111
0.7967068337646498,0.7967068337646498
0.8181435238277693,0.8181435238277693
0.839443087212068,0.839443087212068
0.8606078136766272,0.8606078136766272
0.8816400364013408,0.8816400364013408
0.9025421328853501,0.9025421328853501
0.9233165258722318,0.9233165258722318
0.9439656843028142,0.9439656843028142
0.9644921242965335,0.9644921242965335
0.9848984101622716,0.9848984101622716
1.0051871554396574,1.0051871554396574
1.0253610239718403,1.0253610239718403
1.04542273101079,1.04542273101079
1.0653750443562109,1.0653750443562109
1.0852207855291944,1.0852207855291944
1.1049628309817858,1.1049628309817858
1.1246041133436628,1.1246041133436628
1.1441476227071923,1.1441476227071923
1.1635964079521446,1.1635964079521446
1.182953578111421,1.182953578111421
1.202222303779175,1.202222303779175
1.2214058185627599,1.2214058185627599
1.2405074205799953,1.2405074205799953
1.2595304740032798,1.2595304740032798
1.278478410652139,1.278478410652139
1.2973547316358522,1.2973547316358522
1.3161630090478453,1.3161630090478453
1.3349068877136048,1.3349068877136048
1.353590086993924,1.353590086993924
1.3722164026453394,1.3722164026453394
1.390789708739693,1.390789708739693
1.4093139596448085,1.4093139596448085
1.4277931920683298,1.4277931920683298
1.446231527166845,1.446231527166845
1.4646331727224822,1.4646331727224822
1.483002425389223,1.483002425389223
1.501343673011263,1.501343673011263
1.519661397015817,1.519661397015817
1.5379601748828262,1.5379601748828262
1.5562446826941216,1.5562446826941216
1.5745196977646598,1.5745196977646598
1.5927901013585242,1.5927901013585242
1.6110608814924812,1.6110608814924812
1.6293371358299409,1.6293371358299409
1.6476240746682727,1.6476240746682727
1.6659270240225061,1.6659270240225061
1.6842514288085297,1.6842514288085297
1.702602856129001,1.702602856129001
1.7209869986652577,1.7209869986652577
1.7394096781786303,1.7394096781786303
1.757876849124636,1.757876849124636
1.7763946023836374,1.7763946023836374
1.7949691691116532,1.7949691691116532
1.8136069247150965,1.8136069247150965
1.8323143929533356,1.8323143929533356
1.8510982501730622,1.8510982501730622
1.8699653296785663,1.8699653296785663
1.8889226262421304,1.8889226262421304
1.9079773007588574,1.9079773007588574
1.9271366850503622,1.9271366850503622
1.9464082868218873,1.9464082868218873
1.9657997947774908,1.9657997947774908
1.985319083898109,1.985319083898109
2.00497422088739,2.00497422088739
2.0247734697903406,2.0247734697903406
2.044725297789935,2.044725297789935
2.0648383811869846,2.0648383811869846
2.08512161156868,2.08512161156868
2.1055841021713624,2.1055841021713624
2.1262351944432125,2.1262351944432125
2.147084464812687,2.147084464812687
2.1681417316686638,2.1681417316686638
2.1894170625584146,2.1894170625584146
2.2109207816096585,2.2109207816096585
2.2326634771831015,2.2326634771831015
2.254656009762015,2.254656009762015
2.2769095200855687,2.2769095200855687
2.2994354375327744,2.2994354375327744
2.3222454887640627,2.3222454887640627
2.34535170662768,2.34535170662768
2.368766439338249,2.368766439338249
2.392502359935002,2.392502359935002
2.4165724760273735,2.4165724760273735
2.440990139835787,2.440990139835787
2.465769058535686,2.465769058535686
2.4909233049129855,2.4909233049129855
2.5164673283393406,2.5164673283393406
2.542415966075784,2.542415966075784
2.5687844549134895,2.5687844549134895
2.5955884431605845,2.5955884431605845
2.622844002984141,2.622844002984141
2.6505676431166725,2.6505676431166725
2.6787763219366236,2.6787763219366236
2.7074874609326,2.7074874609326
2.7367189585612177,2.7367189585612177
2.7664892045087157,2.7664892045087157
2.796817094366649,2.796817094366649
2.8277220447321874,2.8277220447321874
2.859224008743793,2.859224008743793
2.8913434920632164,2.8913434920632164
2.9241015693150234,2.9241015693150234
2.957519900995033,2.957519900995033
2.991620750859321,2.991620750859321
3.026427003805647,3.026427003805647
3.061962184259389,3.061962184259389
3.0982504750763242,3.0982504750763242
3.1353167369748194,3.1353167369748194
3.173186528510238,3.173186528510238
3.2118861266046173,3.2118861266046173
3.2514425476449156,3.2514425476449156
3.2918835691633754,3.2918835691633754
3.333237752113816,3.333237752113816
3.375534463757907,3.375534463757907
3.418803901175754,3.418803901175754
3.4630771154153823,3.4630771154153823
3.5083860362959545,3.5083860362959545
3.554763497879886,3.554763497879886
3.602243264629207,3.602243264629207
3.6508600582618875,3.6508600582618875
3.70064958532406,3.70064958532406
3.751648565494395,3.751648565494395
3.803894760637138,3.803894760637138
3.8574270046206514,3.8574270046206514
3.9122852339185634,3.9122852339185634
3.9685105190109358,3.9685105190109358
4.026145096603177,4.026145096603177
4.0852324026807025,4.0852324026807025
4.145817106417696,4.145817106417696
4.207945144958595,4.207945144958595
4.271663759091267,4.271663759091267
4.938438922852521,4.938438922852521
4.929991020153514,4.929991020153514
4.921850888266819,4.921850888266819
4.91415418730694,4.91415418730694
4.9070263663807605,4.9070263663807605
4.900585314481915,4.900585314481915
4.8949432601091765,4.8949432601091765
4.890208177961137,4.890208177961137
4.886484860157099,4.886484860157099
4.8838757520756975,4.8838757520756975
4.882481618735403,4.882481618735403
4.88240208647,4.88240208647
4.883736091084261,4.883736091084261
4.886582254721574,4.886582254721574
4.891039207615065,4.891039207615065
4.897205866697059,4.897205866697059
4.905181680078458,4.905181680078458
4.915066844277407,4.915066844277407
4.926962499518835,4.926962499518835
4.940970907271735,4.940970907271735
4.957195613321597,4.957195613321597
4.975741599015942,4.975741599015942
4.9967154228119455,4.9967154228119455
5.020225353860786,5.020225353860786
5.0463814990530285,5.0463814990530285
5.075295924704461,5.075295924704461
5.107082773866033,5.107082773866033
5.141858380084098,5.141858380084098
5.179741378309969,5.179741378309969
5.220852813554008,5.220852813554008
5.265316247794248,5.265316247794248
5.3132578655793345,5.3132578655793345
5.364806578707759,5.364806578707759
5.420094130316327,5.420094130316327
5.479255198670749,5.479255198670749
5.542427500916727,5.542427500916727
5.60975189702149,5.60975189702149
5.681372494110837,5.681372494110837
5.757436751386666,5.757436751386666
5.838095585791481,5.838095585791481
5.923503478571988,5.923503478571988
6.01381858288022,6.01381858288022
6.109202832540051,6.109202832540051
6.209822052096758,6.209822052096758
6.315846068259396,6.315846068259396
6.427448822838391,6.427448822838391
6.54480848727432,6.54480848727432
6.668107578848887,6.668107578848887
