-8.570758586904464,-8.570758586904464
-8.538646422169501,-8.538646422169501
-8.505440249855283,-8.505440249855283
-8.471185873660808,-8.471185873660808
-8.435927543160906,-8.435927543160906
-8.39970800130853,-8.39970800130853
-8.362568530684026,-8.362568530684026
-8.32454899851853,-8.32454899851853
-8.285687900517935,-8.285687900517935
-8.246022403513683,-8.246022403513683
-8.20558838696601,-8.20558838696601
-8.164420483344939,-8.164420483344939
-8.122552117413857,-8.122552117413857
-8.080015544440135,-8.080015544440135
-8.036841887356713,-8.036841887356713
-7.993061172898324,-7.993061172898324
-7.948702366735522,-7.948702366735522
-7.903793407629257,-7.903793407629257
-7.85836124062842,-7.85836124062842
-7.8124318493323575,-7.8124318493323575
-7.766030287239921,-7.766030287239921
-7.719180708206317,-7.719180708206317
-7.671906396028546,-7.671906396028546
-7.624229793179956,-7.624229793179956
-7.576172528713972,-7.576172528713972
-7.527755445356732,-7.527755445356732
-7.478998625808016,-7.478998625808016
-7.429921418269486,-7.429921418269486
-7.380542461218882,-7.380542461218882
-7.330879707448509,-7.330879707448509
-7.280950447385979,-7.280950447385979
-7.2307713317148385,-7.2307713317148385
-7.180358393312408,-7.180358393312408
-7.1297270685217775,-7.1297270685217775
-7.078892217774606,-7.078892217774606
-7.0278681455810705,-7.0278681455810705
-6.976668619902959,-6.976668619902959
-6.9253068909255955,-6.9253068909255955
-6.873795709244005,-6.873795709244005
-6.822147343478376,-6.822147343478376
-6.770373597333615,-6.770373597333615
-6.718485826117501,-6.718485826117501
-6.66649495273157,-6.66649495273157
-6.614411483148722,-6.614411483148722
-6.562245521391093,-6.562245521391093
-6.510006784021578,-6.510006784021578
-6.45770461416207,-6.45770461416207
-6.405347995051178,-6.405347995051178
-6.352945563153989,-6.352945563153989
-6.300505620836086,-6.300505620836086
-6.248036148613884,-6.248036148613884
-6.195544816992962,-6.195544816992962
-6.143038997905925,-6.143038997905925
-6.090525775761013,-6.090525775761013
-6.038011958112477,-6.038011958112477
-5.9855040859634245,-5.9855040859634245
-5.933008443711732,-5.933008443711732
-5.880531068749192,-5.880531068749192
-5.828077760724067,-5.828077760724067
-5.77565409047677,-5.77565409047677
-5.723265408658312,-5.723265408658312
-5.67091685404092,-5.67091685404092
-5.618613361529907,-5.618613361529907
-5.5663596698858395,-5.5663596698858395
-5.5141603291656445,-5.5141603291656445
-5.46201970789126,-5.46201970789126
-5.409941999954101,-5.409941999954101
-5.357931231263501,-5.357931231263501
-5.305991266147056,-5.305991266147056
-5.254125813510567,-5.254125813510567
-5.202338432765196,-5.202338432765196
-5.15063253952914,-5.15063253952914
-5.099011411110995,-5.099011411110995
-5.047478191781862,-5.047478191781862
-4.996035897842947,-4.996035897842947
-4.944687422495334,-4.944687422495334
-4.893435540518396,-4.893435540518396
-4.842282912763134,-4.842282912763134
-4.791232090466612,-4.791232090466612
-4.74028551939342,-4.74028551939342
-4.689445543810036,-4.689445543810036
-4.638714410297678,-4.638714410297678
-4.588094271409238,-4.588094271409238
-4.537587189175572,-4.537587189175572
-4.487195138466404,-4.487195138466404
-4.436920010210905,-4.436920010210905
-4.386763614482829,-4.386763614482829
-4.336727683455049,-4.336727683455049
-4.286813874228084,-4.286813874228084
-4.237023771537162,-4.237023771537162
-4.187358890342179,-4.187358890342179
-4.137820678304817,-4.137820678304817
-4.088410518156952,-4.088410518156952
-4.039129729964322,-4.039129729964322
-3.9899795732893866,-3.9899795732893866
-3.9409612492571013,-3.9409612492571013
-3.892075902527254,-3.892075902527254
-3.8433246231769282,-3.8433246231769282
-3.794708448496481,-3.794708448496481
-3.7462283647023726,-3.7462283647023726
-3.697885308570038,-3.697885308570038
-3.6496801689899137,-3.6496801689899137
-3.6016137884496313,-3.6016137884496313
-3.5536869644452502,-3.5536869644452502
-3.5059004508243694,-3.5059004508243694
-3.4582549590638103,-3.4582549590638103
-3.4107511594844886,-3.4107511594844886
-3.3633896824060123,-3.3633896824060123
-3.3161711192434393,-3.3161711192434393
-3.269096023548549,-3.269096023548549
-3.2221649119979023,-3.2221649119979023
-3.1753782653298597,-3.1753782653298597
-3.1287365292326967,-3.1287365292326967
-3.0822401151858188,-3.0822401151858188
-3.035889401256034,-3.035889401256034
-2.9896847328507756,-2.9896847328507756
-2.9436264234300675,-2.9436264234300675
-2.897714755178983,-2.897714755178983
-2.8519499796422454,-2.8519499796422454
-2.806332318322602,-2.806332318322602
-2.7608619632444733,-2.7608619632444733
-2.715539077484386,-2.715539077484386
-2.670363795669578,-2.670363795669578
-2.6253362244461345,-2.6253362244461345
-2.580456442917968,-2.580456442917968
-2.535724503057842,-2.535724503057842
-2.4911404300916753,-2.4911404300916753
-2.446704222857208,-2.446704222857208
-2.4024158541381397,-2.4024158541381397
-2.358275270974767,-2.358275270974767
-2.314282394952083,-2.314282394952083
-2.270437122466296,-2.270437122466296
-2.2267393249706444,-2.2267393249706444
-2.1831888492013514,-2.1831888492013514
-2.1397855173845284,-2.1397855173845284
-2.0965291274247804,-2.0965291274247804
-2.0534194530762404,-2.0534194530762404
-2.0104562440967095,-2.0104562440967095
-1.9676392263855522,-1.9676392263855522
-1.9249681021059448,-1.9249681021059448
-1.882442549792066,-1.882442549792066
-1.8400622244417544,-1.8400622244417544
-1.7978267575951472,-1.7978267575951472
-1.7557357573997676,-1.7557357573997676
-1.7137888086625204,-1.7137888086625204
-1.6719854728889907,-1.6719854728889907
-1.6303252883104495,-1.6303252883104495
-1.588807769898916,-1.588807769898916
-1.5474324093706102,-1.5474324093706102
-1.5061986751781102,-1.5061986751781102
-1.4651060124914892,-1.4651060124914892
-1.4241538431686958,-1.4241538431686958
-1.3833415657154118,-1.3833415657154118
-1.342668555234606,-1.342668555234606
-1.302134163365975,-1.302134163365975
-1.2617377182154428,-1.2617377182154428
-1.2214785242748776,-1.2214785242748776
-1.1813558623321563,-1.1813558623321563
-1.1413689893716954,-1.1413689893716954
-1.101517138465547,-1.101517138465547
-1.0617995186551437,-1.0617995186551437
-1.0222153148237547,-1.0222153148237547
-0.9827636875597092,-0.9827636875597092
-0.9434437730104134,-0.9434437730104134
-0.9042546827271934,-0.9042546827271934
-0.8651955035009599,-0.8651955035009599
-0.8262652971886906,-0.8262652971886906
-0.7874631005307147,-0.7874631005307147
-0.7487879249587565,-0.7487879249587565
-0.7102387563947006,-0.7102387563947006
-0.671814555040015,-0.671814555040015
-0.6335142551557635,-0.6335142551557635
-0.5953367648331293,-0.5953367648331293
-0.5572809657543483,-0.5572809657543483
-0.5193457129439578,-0.5193457129439578
-0.4815298345102385,-0.4815298345102385
-0.4438321313767254,-0.4438321313767254
-0.4062513770036545,-0.4062513770036545
-0.3687863170991948,-0.3687863170991948
-0.3314356693203079,-0.3314356693203079
-0.29419812296307135,-0.29419812296307135
-0.25707233864228357,-0.25707233864228357
-0.220056947960163,-0.220056947960163
-0.1831505531639451,-0.1831505531639451
-0.14635172679216352,-0.14635172679216352
-0.10965901130939876,-0.10965901130939876
-0.07307091872926315,-0.07307091872926315
-0.03658593022537902,-0.03658593022537902
-0.00020249573009965865,-0.00020249573009965865
0.03608096647929196,0.03608096647929196
0.07226607020718145,0.07226607020718145
0.10835446177930586,0.10835446177930586
0.14434782049581898,0.14434782049581898
0.18024785909805213,0.18024785909805213
0.21605632424929327,0.21605632424929327
0.2517749970299227,0.2517749970299227
0.28740569344725525,0.28740569344725525
0.32295026496045537,0.32295026496045537
0.3584105990209026,0.3584105990209026
0.3937886196284035,0.3937886196284035
0.4290862879036584,0.4290862879036584
0.46430560267740995,0.46430560267740995
0.4994486010967159,0.4994486010967159
0.5345173592488047,0.5345173592488047
0.5695139928029942,0.5695139928029942
0.6044406576711661,0.6044406576711661
0.6392995506873167,0.6392995506873167
0.6740929103067153,0.6740929103067153
0.7088230173252289,0.7088230173252289
0.7434921956193906,0.7434921956193906
0.7781028129078149,0.7781028129078149
0.8126572815345787,0.8126572815345787
0.8471580592752205,0.8471580592752205
0.8816076501660298,0.8816076501660298
0.9160086053573251,0.9160086053573251
0.9503635239914469,0.9503635239914469
0.9846750541062194,0.9846750541062194
1.0189458935646674,1.0189458935646674
1.053178791011795,1.053178791011795
1.0873765468592782,1.0873765468592782
1.1215420142989394,1.1215420142989394
1.1556781003459276,1.1556781003459276
1.1897877669125279,1.1897877669125279
1.2238740319136039,1.2238740319136039
1.257939970404672,1.257939970404672
1.2919887157536758,1.2919887157536758
1.3260234608475505,1.3260234608475505
1.360047459334708,1.360047459334708
1.3940640269046372,1.3940640269046372
1.428076542605822,1.428076542605822
1.4620884502032594,1.4620884502032594
1.4961032595768848,1.4961032595768848
1.530124548162262,1.530124548162262
1.5641559624349621,1.5641559624349621
1.598201219440074,1.598201219440074
1.632264108368379,1.632264108368379
1.6663484921807445,1.6663484921807445
1.7004583092823722,1.7004583092823722
1.7345975752485683,1.7345975752485683
1.7687703846037905,1.7687703846037905
1.802980912655763,1.802980912655763
1.8372334173865237,1.8372334173865237
1.8715322414023392,1.8715322414023392
1.9058818139444687,1.9058818139444687
1.9402866529628477,1.9402866529628477
1.9747513672548185,1.9747513672548185
2.0092806586711096,2.0092806586711096
2.0438793243913382,2.0438793243913382
2.0785522592713948,2.0785522592713948
2.1133044582651235,2.1133044582651235
2.1481410189228183,2.1481410189228183
2.183067143969121,2.183067143969121
2.2180881439629836,2.2180881439629836
2.2532094400424705,2.2532094400424705
2.2884365667572246,2.2884365667572246
2.3237751749915447,2.3237751749915447
2.3592310349811063,2.3592310349811063
2.3948100394264156,2.3948100394264156
2.4305182067062607,2.4305182067062607
2.466361684194424,2.466361684194424
2.502346751683113,2.502346751683113
2.538479824916599,2.538479824916599
2.574767459238709,2.574767459238709
2.611216353357878,2.611216353357878
2.6478333532336307,2.6478333532336307
2.6846254560884293,2.6846254560884293
2.7215998145489544,2.7215998145489544
2.7587637409210206,2.7587637409210206
2.796124711602421,2.796124711602421
2.8336903716381285,2.8336903716381285
2.871468539422422,2.871468539422422
2.909467211552601,2.909467211552601
2.9476945678391173,2.9476945678391173
2.9861589764770566,2.9861589764770566
3.0248689993840574,3.0248689993840574
3.063833397709886,3.063833397709886
3.1030611375230213,3.1030611375230213
3.142561395679768,3.142561395679768
3.1823435658815313,3.1823435658815313
3.222417264926064,3.222417264926064
3.2627923391586418,3.2627923391586418
3.303478871129265,3.303478871129265
3.344487186462155,3.344487186462155
3.3858278609439854,3.3858278609439854
3.4275117278374188,3.4275117278374188
3.46954988542672,3.46954988542672
3.511953704802385,3.511953704802385
3.5547348378918566,3.5547348378918566
3.597905225743635,3.597905225743635
3.64147710707223,3.64147710707223
3.685463027071588,3.685463027071588
3.7298758465048367,3.7298758465048367
3.7747287510783356,3.7747287510783356
3.820035261108278,3.820035261108278
3.865809241488209,3.865809241488209
3.912064911966077,3.912064911966077
3.9588168577396337,3.9588168577396337
4.0060800403791745,4.0060800403791745
4.053869809086836,4.053869809086836
4.102201912301897,4.102201912301897
4.151092509661717,4.151092509661717
4.2005581843281625,4.2005581843281625
4.250615955689673,4.250615955689673
4.301283292449164,4.301283292449164
4.352578126108432,4.352578126108432
4.404518864859771,4.404518864859771
4.457124407895816,4.457124407895816
4.510414160148903,4.510414160148903
4.564408047471387,4.564408047471387
4.619126532268748,4.619126532268748
4.674590629597385,4.674590629597385
4.730821923739434,4.730821923739434
4.787842585267077,4.787842585267077
4.845675388609128,4.845675388609128
4.904343730132956,4.904343730132956
4.963871646755028,4.963871646755028
5.024283835093689,5.024283835093689
5.085605671178024,5.085605671178024
5.1478632307269825,5.1478632307269825
5.211083310013154,5.211083310013154
5.275293447325966,5.275293447325966
5.34052194504931,5.34052194504931
5.406797892368907,5.406797892368907
5.474151188625049,5.474151188625049
5.542612567326639,5.542612567326639
5.612213620842775,5.612213620842775
5.682986825788441,5.682986825788441
5.754965569121148,5.754965569121148
5.828184174965793,5.828184174965793
5.902677932185184,5.902677932185184
5.97848312271415,5.97848312271415
6.055637050675418,6.055637050675418
6.134178072295772,6.134178072295772
6.214145626641432,6.214145626641432
6.2955802671918155,6.2955802671918155
6.378523694271343,6.378523694271343
6.463018788359181,6.463018788359181
6.549109644297276,6.549109644297276
6.636841606417305,6.636841606417305
6.726261304607661,6.726261304607661
6.817416691341853,6.817416691341853
6.910357079690152,6.910357079690152
7.005133182336665,7.005133182336665
7.101797151624472,7.101797151624472
7.200402620651728,7.200402620651728
7.3010047454421985,7.3010047454421985
7.403660248213973,7.403660248213973
7.508427461770575,7.508427461770575
7.615366375039066,7.615366375039066
7.724538679780208,7.724538679780208
7.836007818496114,7.836007818496114
7.949839033561319,7.949839033561319
8.066099417603539,8.066099417603539
8.184857965160942,8.184857965160942
8.306185625643097,8.306185625643097
8.430155357623304,8.430155357623304
8.556842184490355,8.556842184490355
8.686323251488382,8.686323251488382
8.81867788417375,8.81867788417375
8.953987648318597,8.953987648318597
9.09233641129089,9.09233641129089
9.233810404941577,9.233810404941577
9.378498290029722,9.378498290029722
9.526491222217063,9.526491222217063
9.677882919663977,9.677882919663977
9.832769732259258,9.832769732259258
12.644380275544684,12.644380275544684
12.610540651747588,12.610540651747588
12.57737338540964,12.57737338540964
12.545148339291334,12.545148339291334
12.514117013461913,12.514117013461913
12.48451705881579,12.48451705881579
12.456575597103342,12.456575597103342
12.430511733092553,12.430511733092553
12.406538502428434,12.406538502428434
12.384864414735052,12.384864414735052
12.365694699754151,12.365694699754151
12.349232331319481,12.349232331319481
12.335678882292951,12.335678882292951
12.325235248975634,12.325235248975634
12.31810227342604,12.31810227342604
12.31448128501941,12.31448128501941
12.314574577492003,12.314574577492003
12.318585834004075,12.318585834004075
12.326720510010013,12.326720510010013
12.339186181665411,12.339186181665411
12.356192865938326,12.356192865938326
12.377953317391194,12.377953317391194
12.404683305669371,12.404683305669371
12.436601877002637,12.436601877002637
12.473931602449253,12.473931602449253
12.516898815153187,12.516898815153187
12.565733838516296,12.565733838516296
12.62067120688836,12.62067120688836
12.681949880135345,12.681949880135345
12.74981345324789,12.74981345324789
12.824510361986633,12.824510361986633
12.906294085426273,12.906294085426273
12.995423346147323,12.995423346147323
