-7.208021717624599,-7.208021717624599
-7.210325961611138,-7.210325961611138
-7.210070624775334,-7.210070624775334
-7.208686481622591,-7.208686481622591
-7.206559077054399,-7.206559077054399
-7.203877105502924,-7.203877105502924
-7.200753323934673,-7.200753323934673
-7.197262889736117,-7.197262889736117
-7.193459534320493,-7.193459534320493
-7.189383602866535,-7.189383602866535
-7.185066511574714,-7.185066511574714
-7.18053342081427,-7.18053342081427
-7.175804936722861,-7.175804936722861
-7.1708982463400455,-7.1708982463400455
-7.165827904098317,-7.165827904098317
-7.160606394083107,-7.160606394083107
-7.155244542710902,-7.155244542710902
-7.149751828496381,-7.149751828496381
-7.144136619122371,-7.144136619122371
-7.13840635596704,-7.13840635596704
-7.132567699887007,-7.132567699887007
-7.126626647921798,-7.126626647921798
-7.120588627828114,-7.120588627828114
-7.114458575471458,-7.114458575471458
-7.108240998793562,-7.108240998793562
-7.101940031146083,-7.101940031146083
-7.095559476112624,-7.095559476112624
-7.089102845452325,-7.089102845452325
-7.082573391436037,-7.082573391436037
-7.075974134574221,-7.075974134574221
-7.0693078875294,-7.0693078875294
-7.0625772758477465,-7.0625772758477465
-7.05578475602176,-7.05578475602176
-7.0489326313001825,-7.0489326313001825
-7.042023065585817,-7.042023065585817
-7.035058095701842,-7.035058095701842
-7.028039642259258,-7.028039642259258
-7.020969519319368,-7.020969519319368
-7.0138494430137985,-7.0138494430137985
-7.006681039259002,-7.006681039259002
-6.999465850681087,-6.999465850681087
-6.992205342849508,-6.992205342849508
-6.984900909903761,-6.984900909903761
-6.977553879645213,-6.977553879645213
-6.97016551815615,-6.97016551815615
-6.9627370339996615,-6.9627370339996615
-6.9552695820468875,-6.9552695820468875
-6.947764266972036,-6.947764266972036
-6.940222146450466,-6.940222146450466
-6.932644234090726,-6.932644234090726
-6.92503150212763,-6.92503150212763
-6.9173848839002545,-6.9173848839002545
-6.9097052761358935,-6.9097052761358935
-6.9019935410586,-6.9019935410586
-6.894250508338861,-6.894250508338861
-6.886476976899047,-6.886476976899047
-6.878673716587787,-6.878673716587787
-6.870841469734904,-6.870841469734904
-6.862980952597403,-6.862980952597403
-6.855092856705876,-6.855092856705876
-6.84717785011977,-6.84717785011977
-6.839236578599072,-6.839236578599072
-6.8312696666992805,-6.8312696666992805
-6.823277718795827,-6.823277718795827
-6.815261320043557,-6.815261320043557
-6.807221037276292,-6.807221037276292
-6.799157419851142,-6.799157419851142
-6.791071000441702,-6.791071000441702
-6.782962295783946,-6.782962295783946
-6.774831807378311,-6.774831807378311
-6.7666800221511245,-6.7666800221511245
-6.7585074130783,-6.7585074130783
-6.750314439773914,-6.750314439773914
-6.742101549046135,-6.742101549046135
-6.7338691754227336,-6.7338691754227336
-6.7256177416482155,-6.7256177416482155
-6.717347659154459,-6.717347659154459
-6.709059328506636,-6.709059328506636
-6.70075313982597,-6.70075313982597
-6.692429473190859,-6.692429473190859
-6.68408869901769,-6.68408869901769
-6.675731178422657,-6.675731178422657
-6.667357263565714,-6.667357263565714
-6.6589672979777665,-6.6589672979777665
-6.650561616872131,-6.650561616872131
-6.642140547441154,-6.642140547441154
-6.633704409138907,-6.633704409138907
-6.625253513950732,-6.625253513950732
-6.616788166650415,-6.616788166650415
-6.608308665045677,-6.608308665045677
-6.599815300212655,-6.599815300212655
-6.591308356719944,-6.591308356719944
-6.582788112842831,-6.582788112842831
-6.574254840768213,-6.574254840768213
-6.565708806790693,-6.565708806790693
-6.557150271500365,-6.557150271500365
-6.548579489962692,-6.548579489962692
-6.539996711890877,-6.539996711890877
-6.531402181811161,-6.531402181811161
-6.5227961392213585,-6.5227961392213585
-6.51417881874301,-6.51417881874301
-6.505550450267437,-6.505550450267437
-6.496911259096025,-6.496911259096025
-6.488261466075025,-6.488261466075025
-6.479601287725088,-6.479601287725088
-6.47093093636586,-6.47093093636586
-6.4622506202358165,-6.4622506202358165
-6.453560543607572,-6.453560543607572
-6.4448609068989,-6.4448609068989
-6.43615190677963,-6.43615190677963
-6.427433736274627,-6.427433736274627
-6.418706584863043,-6.418706584863043
-6.409970638573969,-6.409970638573969
-6.4012260800787,-6.4012260800787
-6.392473088779724,-6.392473088779724
-6.383711840896576,-6.383711840896576
-6.374942509548747,-6.374942509548747
-6.366165264835696,-6.366165264835696
-6.357380273914146,-6.357380273914146
-6.348587701072773,-6.348587701072773
-6.339787707804358,-6.339787707804358
-6.330980452875562,-6.330980452875562
-6.322166092394384,-6.322166092394384
-6.313344779875405,-6.313344779875405
-6.304516666302925,-6.304516666302925
-6.295681900192047,-6.295681900192047
-6.286840627647826,-6.286840627647826
-6.277992992422525,-6.277992992422525
-6.269139135971083,-6.269139135971083
-6.260279197504842,-6.260279197504842
-6.251413314043605,-6.251413314043605
-6.242541620466108,-6.242541620466108
-6.233664249558938,-6.233664249558938
-6.224781332063975,-6.224781332063975
-6.21589299672441,-6.21589299672441
-6.206999370329383,-6.206999370329383
-6.198100577757309,-6.198100577757309
-6.189196742017918,-6.189196742017918
-6.180287984293086,-6.180287984293086
-6.171374423976458,-6.171374423976458
-6.162456178711964,-6.162456178711964
-6.153533364431195,-6.153533364431195
-6.144606095389762,-6.144606095389762
-6.135674484202593,-6.135674484202593
-6.126738641878277,-6.126738641878277
-6.11779867785242,-6.11779867785242
-6.108854700020116,-6.108854700020116
-6.099906814767499,-6.099906814767499
-6.090955127002458,-6.090955127002458
-6.081999740184506,-6.081999740184506
-6.073040756353867,-6.073040756353867
-6.064078276159767,-6.064078276159767
-6.055112398887985,-6.055112398887985
-6.046143222487679,-6.046143222487679
-6.037170843597523,-6.037170843597523
-6.028195357571134,-6.028195357571134
-6.019216858501873,-6.019216858501873
-6.010235439247007,-6.010235439247007
-6.001251191451234,-6.001251191451234
-5.992264205569634,-5.992264205569634
-5.983274570890034,-5.983274570890034
-5.974282375554815,-5.974282375554815
-5.965287706582191,-5.965287706582191
-5.956290649886924,-5.956290649886924
-5.947291290300578,-5.947291290300578
-5.9382897115912545,-5.9382897115912545
-5.929285996482844,-5.929285996482844
-5.920280226673829,-5.920280226673829
-5.9112724828556305,-5.9112724828556305
-5.902262844730516,-5.902262844730516
-5.893251391029084,-5.893251391029084
-5.884238199527347,-5.884238199527347
-5.875223347063388,-5.875223347063388
-5.866206909553667,-5.866206909553667
-5.857188962008921,-5.857188962008921
-5.848169578549719,-5.848169578549719
-5.839148832421637,-5.839148832421637
-5.830126796010109,-5.830126796010109
-5.821103540854942,-5.821103540854942
-5.8120791376644965,-5.8120791376644965
-5.803053656329545,-5.803053656329545
-5.794027165936837,-5.794027165936837
-5.784999734782359,-5.784999734782359
-5.775971430384292,-5.775971430384292
-5.766942319495705,-5.766942319495705
-5.757912468116957,-5.757912468116957
-5.748881941507842,-5.748881941507842
-5.739850804199457,-5.739850804199457
-5.730819120005838,-5.730819120005838
-5.721786952035326,-5.721786952035326
-5.712754362701717,-5.712754362701717
-5.7037214137351455,-5.7037214137351455
-5.694688166192772,-5.694688166192772
-5.685654680469226,-5.685654680469226
-5.676621016306849,-5.676621016306849
-5.667587232805705,-5.667587232805705
-5.658553388433408,-5.658553388433408
-5.64951954103473,-5.64951954103473
-5.640485747841034,-5.640485747841034
-5.631452065479497,-5.631452065479497
-5.6224185499821555,-5.6224185499821555
-5.613385256794777,-5.613385256794777
-5.604352240785536,-5.604352240785536
-5.595319556253544,-5.595319556253544
-5.586287256937187,-5.586287256937187
-5.577255396022318,-5.577255396022318
-5.568224026150272,-5.568224026150272
-5.559193199425742,-5.559193199425742
-5.550162967424495,-5.550162967424495
-5.541133381200939,-5.541133381200939
-5.532104491295539,-5.532104491295539
-5.523076347742116,-5.523076347742116
-5.5140490000749685,-5.5140490000749685
-5.505022497335897,-5.505022497335897
-5.495996888081082,-5.495996888081082
-5.4869722203878135,-5.4869722203878135
-5.47794854186114,-5.47794854186114
-5.468925899640345,-5.468925899640345
-5.459904340405338,-5.459904340405338
-5.450883910382919,-5.450883910382919
-5.441864655352926,-5.441864655352926
-5.432846620654262,-5.432846620654262
-5.423829851190832,-5.423829851190832
-5.414814391437361,-5.414814391437361
-5.405800285445109,-5.405800285445109
-5.396787576847481,-5.396787576847481
-5.38777630886555,-5.38777630886555
-5.378766524313457,-5.378766524313457
-5.369758265603749,-5.369758265603749
-5.360751574752596,-5.360751574752596
-5.351746493384923,-5.351746493384923
-5.342743062739464,-5.342743062739464
-5.333741323673719,-5.333741323673719
-5.324741316668824,-5.324741316668824
-5.315743081834339,-5.315743081834339
-5.306746658912961,-5.306746658912961
-5.297752087285142,-5.297752087285142
-5.288759405973648,-5.288759405973648
-5.279768653648022,-5.279768653648022
-5.270779868628983,-5.270779868628983
-5.261793088892751,-5.261793088892751
-5.252808352075293,-5.252808352075293
-5.243825695476501,-5.243825695476501
-5.234845156064313,-5.234845156064313
-5.225866770478742,-5.225866770478742
-5.216890575035865,-5.216890575035865
-5.20791660573172,-5.20791660573172
-5.198944898246166,-5.198944898246166
-5.189975487946666,-5.189975487946666
-5.181008409892001,-5.181008409892001
-5.172043698835944,-5.172043698835944
-5.163081389230869,-5.163081389230869
-5.154121515231279,-5.154121515231279
-5.14516411069732,-5.14516411069732
-5.136209209198203,-5.136209209198203
-5.127256844015587,-5.127256844015587
-5.118307048146915,-5.118307048146915
-5.1093598543086785,-5.1093598543086785
-5.100415294939653,-5.100415294939653
-5.091473402204066,-5.091473402204066
-5.082534207994728,-5.082534207994728
-5.073597743936105,-5.073597743936105
-5.064664041387358,-5.064664041387358
-5.055733131445311,-5.055733131445311
-5.046805044947405,-5.046805044947405
-5.037879812474583,-5.037879812474583
-5.028957464354141,-5.028957464354141
-5.020038030662543,-5.020038030662543
-5.011121541228171,-5.011121541228171
-5.002208025634057,-5.002208025634057
-4.99329751322057,-4.99329751322057
-4.98439003308805,-4.98439003308805
-4.975485614099414,-4.975485614099414
-4.966584284882729,-4.966584284882729
-4.957686073833724,-4.957686073833724
-4.9487910091183,-4.9487910091183
-4.939899118674962,-4.939899118674962
-4.931010430217258,-4.931010430217258
-4.922124971236149,-4.922124971236149
-4.9132427690023635,-4.9132427690023635
-4.904363850568713,-4.904363850568713
-4.8954882427723705,-4.8954882427723705
-4.886615972237119,-4.886615972237119
-4.877747065375576,-4.877747065375576
-4.868881548391371,-4.868881548391371
-4.86001944728131,-4.86001944728131
-4.8511607878374825,-4.8511607878374825
-4.842305595649377,-4.842305595649377
-4.833453896105928,-4.833453896105928
-4.824605714397572,-4.824605714397572
-4.8157610755182345,-4.8157610755182345
-4.806920004267325,-4.806920004267325
-4.798082525251684,-4.798082525251684
-4.789248662887508,-4.789248662887508
-4.780418441402256,-4.780418441402256
-4.7715918848365115,-4.7715918848365115
-4.762769017045848,-4.762769017045848
-4.753949861702626,-4.753949861702626
-4.745134442297817,-4.745134442297817
-4.736322782142768,-4.736322782142768
-4.727514904370939,-4.727514904370939
-4.718710831939655,-4.718710831939655
-4.709910587631786,-4.709910587631786
-4.7011141940574355,-4.7011141940574355
-4.69232167365561,-4.69232167365561
-4.683533048695836,-4.683533048695836
-4.674748341279793,-4.674748341279793
-4.665967573342893,-4.665967573342893
-4.657190766655865,-4.657190766655865
-4.648417942826295,-4.648417942826295
-4.639649123300165,-4.639649123300165
-4.63088432936337,-4.63088432936337
-4.6221235821432,-4.6221235821432
-4.61336690260982,-4.61336690260982
-4.604614311577718,-4.604614311577718
-4.595865829707148,-4.595865829707148
-4.5871214775055416,-4.5871214775055416
-4.578381275328912,-4.578381275328912
-4.569645243383229,-4.569645243383229
-4.560913401725784,-4.560913401725784
-4.552185770266543,-4.552185770266543
-4.543462368769468,-4.543462368769468
-4.534743216853835,-4.534743216853835
-4.526028333995529,-4.526028333995529
-4.517317739528319,-4.517317739528319
-4.50861145264513,-4.50861145264513
-4.499909492399288,-4.499909492399288
-4.4912118777057515,-4.4912118777057515
-4.482518627342334,-4.482518627342334
-4.473829759950899,-4.473829759950899
-4.465145294038555,-4.465145294038555
-4.456465247978826,-4.456465247978826
-4.447789640012813,-4.447789640012813
-4.439118488250333,-4.439118488250333
-4.430451810671056,-4.430451810671056
-4.421789625125622,-4.421789625125622
-4.413131949336741,-4.413131949336741
-4.404478800900286,-4.404478800900286
-4.395830197286373,-4.395830197286373
-4.38718615584042,-4.38718615584042
-4.378546693784203,-4.378546693784203
-4.369911828216894,-4.369911828216894
-4.361281576116088,-4.361281576116088
-4.352655954338823,-4.352655954338823
-4.34403497962257,-4.34403497962257
-4.335418668586236,-4.335418668586236
-4.32680703773114,-4.32680703773114
-4.318200103441981,-4.318200103441981
-4.309597881987791,-4.309597881987791
-4.301000389522889,-4.301000389522889
-4.292407642087803,-4.292407642087803
-4.2838196556102055,-4.2838196556102055
-4.275236445905822,-4.275236445905822
-4.266658028679331,-4.266658028679331
-4.258084419525258,-4.258084419525258
-4.24951563392886,-4.24951563392886
-4.240951687266995,-4.240951687266995
-4.23239259480898,-4.23239259480898
-4.223838371717448,-4.223838371717448
-4.215289033049193,-4.215289033049193
-4.206744593755996,-4.206744593755996
-4.198205068685449,-4.198205068685449
-4.189670472581774,-4.189670472581774
-4.1811408200866245,-4.1811408200866245
-4.172616125739882,-4.172616125739882
-4.164096403980445,-4.164096403980445
-4.155581669147003,-4.155581669147003
-4.147071935478809,-4.147071935478809
-4.138567217116441,-4.138567217116441
-4.130067528102553,-4.130067528102553
-4.1215728823826225,-4.1215728823826225
-4.113083293805679,-4.113083293805679
-4.104598776125043,-4.104598776125043
-4.096119342999034,-4.096119342999034
-4.087645007991695,-4.087645007991695
-4.0791757845734855,-4.0791757845734855
-4.070711686121987,-4.070711686121987
-4.062252725922587,-4.062252725922587
-4.053798917169162,-4.053798917169162
-4.045350272964751,-4.045350272964751
-4.036906806322228,-4.036906806322228
-4.028468530164951,-4.028468530164951
-4.020035457327426,-4.020035457327426
-4.011607600555943,-4.011607600555943
-4.003184972509229,-4.003184972509229
-3.994767585759059,-3.994767585759059
-3.9863554527909004,-3.9863554527909004
-3.977948586004522,-3.977948586004522
-3.9695469977146103,-3.9695469977146103
-3.961150700151371,-3.961150700151371
-3.952759705461132,-3.952759705461132
-3.944374025706935,-3.944374025706935
-3.9359936728691216,-3.9359936728691216
-3.927618658845916,-3.927618658845916
-3.9192489954539966,-3.9192489954539966
-3.9108846944290647,-3.9108846944290647
-3.902525767426412,-3.902525767426412
-3.89417222602147,-3.89417222602147
-3.885824081710368,-3.885824081710368
-3.877481345910474,-3.877481345910474
-3.8691440299609337,-3.8691440299609337
-3.860812145123208,-3.860812145123208
-3.8524857025816006,-3.8524857025816006
-3.84416471344378,-3.84416471344378
-3.835849188741298,-3.835849188741298
-3.827539139430102,-3.827539139430102
-3.819234576391043,-3.819234576391043
-3.8109355104303755,-3.8109355104303755
-3.80264195228026,-3.80264195228026
-3.794353912599248,-3.794353912599248
-3.7860714019727735,-3.7860714019727735
-3.7777944309136364,-3.7777944309136364
-3.769523009862474,-3.769523009862474
-3.7612571491882383,-3.7612571491882383
-3.7529968591886633,-3.7529968591886633
-3.744742150090725,-3.744742150090725
-3.736493032051106,-3.736493032051106
-3.728249515156641,-3.728249515156641
-3.7200116094247706,-3.7200116094247706
-3.711779324803991,-3.711779324803991
-3.7035526711742843,-3.7035526711742843
-3.695331658347561,-3.695331658347561
-3.6871162960680928,-3.6871162960680928
-3.6789065940129353,-3.6789065940129353
-3.6707025617923543,-3.6707025617923543
-3.6625042089502466,-3.6625042089502466
-3.65431154496455,-3.65431154496455
-3.6461245792476595,-3.6461245792476595
-3.637943321146831,-3.637943321146831
-3.6297677799445864,-3.6297677799445864
-3.6215979648591103,-3.6215979648591103
-3.613433885044646,-3.613433885044646
-3.605275549591889,-3.605275549591889
-3.5971229675283714,-3.5971229675283714
-3.588976147818848,-3.588976147818848
-3.580835099365675,-3.580835099365675
-3.5726998310091864,-3.5726998310091864
-3.564570351528069,-3.564570351528069
-3.556446669639728,-3.556446669639728
-3.5483287940006556,-3.5483287940006556
-3.5402167332067918,-3.5402167332067918
-3.532110495793885,-3.532110495793885
-3.5240100902378417,-3.5240100902378417
-3.5159155249550875,-3.5159155249550875
-3.507826808302906,-3.507826808302906
-3.499743948579792,-3.499743948579792
-3.4916669540257894,-3.4916669540257894
-3.4835958328228274,-3.4835958328228274
-3.4755305930950633,-3.4755305930950633
-3.4674712429092085,-3.4674712429092085
-3.4594177902748613,-3.4594177902748613
-3.4513702431448277,-3.4513702431448277
-3.443328609415453,-3.443328609415453
-3.4352928969269336,-3.4352928969269336
-3.4272631134636415,-3.4272631134636415
-3.4192392667544302,-3.4192392667544302
-3.4112213644729517,-3.4112213644729517
-3.403209414237962,-3.403209414237962
-3.3952034236136295,-3.3952034236136295
-3.3872034001098306,-3.3872034001098306
-3.3792093511824604,-3.3792093511824604
-3.3712212842337177,-3.3712212842337177
-3.3632392066124077,-3.3632392066124077
-3.3552631256142287,-3.3552631256142287
-3.347293048482061,-3.347293048482061
-3.3393289824062578,-3.3393289824062578
-3.331370934524923,-3.331370934524923
-3.323418911924193,-3.323418911924193
-3.315472921638518,-3.315472921638518
-3.307532970650935,-3.307532970650935
-3.29959906589334,-3.29959906589334
-3.2916712142467603,-3.2916712142467603
-3.283749422541626,-3.283749422541626
-3.2758336975580256,-3.2758336975580256
-3.26792404602598,-3.26792404602598
-3.2600204746256973,-3.2600204746256973
-3.2521229899878343,-3.2521229899878343
-3.2442315986937493,-3.2442315986937493
-3.2363463072757597,-3.2363463072757597
-3.228467122217389,-3.228467122217389
-3.2205940499536183,-3.2205940499536183
-3.212727096871138,-3.212727096871138
-3.204866269308583,-3.204866269308583
-3.197011573556781,-3.197011573556781
-3.1891630158589916,-3.1891630158589916
-3.1813206024111467,-3.1813206024111467
-3.1734843393620804,-3.1734843393620804
-3.1656542328137705,-3.1656542328137705
-3.157830288821562,-3.157830288821562
-3.150012513394407,-3.150012513394407
-3.1422009124950794,-3.1422009124950794
-3.134395492040412,-3.134395492040412
-3.1265962579015145,-3.1265962579015145
-3.118803215903993,-3.118803215903993
-3.1110163718281774,-3.1110163718281774
-3.103235731409328,-3.103235731409328
-3.0954613003378597,-3.0954613003378597
-3.0876930842595534,-3.0876930842595534
-3.079931088775765,-3.079931088775765
-3.0721753194436396,-3.0721753194436396
-3.0644257817763143,-3.0644257817763143
-3.0566824812431292,-3.0566824812431292
-3.0489454232698305,-3.0489454232698305
-3.041214613238769,-3.041214613238769
-3.0334900564891063,-3.0334900564891063
-3.02577175831701,-3.02577175831701
-3.018059723975853,-3.018059723975853
-3.010353958676406,-3.010353958676406
-3.0026544675870355,-3.0026544675870355
-2.99496125583389,-2.99496125583389
-2.987274328501099,-2.987274328501099
-2.9795936906309466,-2.9795936906309466
-2.9719193472240764,-2.9719193472240764
-2.964251303239661,-2.964251303239661
-2.9565895635955974,-2.9565895635955974
-2.9489341331686814,-2.9489341331686814
-2.9412850167947906,-2.9412850167947906
-2.933642219269062,-2.933642219269062
-2.9260057453460706,-2.9260057453460706
-2.9183755997400045,-2.9183755997400045
-2.910751787124837,-2.910751787124837
-2.903134312134504,-2.903134312134504
-2.8955231793630682,-2.8955231793630682
-2.8879183933648926,-2.8879183933648926
-2.8803199586548085,-2.8803199586548085
-2.872727879708282,-2.872727879708282
-2.865142160961575,-2.865142160961575
-2.8575628068119148,-2.8575628068119148
-2.849989821617652,-2.849989821617652
-2.8424232096984223,-2.8424232096984223
-2.8348629753353056,-2.8348629753353056
-2.8273091227709846,-2.8273091227709846
-2.819761656209899,-2.819761656209899
-2.812220579818404,-2.812220579818404
-2.8046858977249207,-2.8046858977249207
-2.7971576140200898,-2.7971576140200898
-2.7896357327569232,-2.7896357327569232
-2.7821202579509525,-2.7821202579509525
-2.774611193580377,-2.774611193580377
-2.7671085435862133,-2.7671085435862133
-2.7596123118724365,-2.7596123118724365
-2.752122502306129,-2.752122502306129
-2.744639118717622,-2.744639118717622
-2.737162164900636,-2.737162164900636
-2.7296916446124233,-2.7296916446124233
-2.7222275615739058,-2.7222275615739058
-2.714769919469815,-2.714769919469815
-2.7073187219488273,-2.7073187219488273
-2.6998739726237,-2.6998739726237
-2.6924356750714082,-2.6924356750714082
-2.685003832833273,-2.685003832833273
-2.6775784494150963,-2.6775784494150963
-2.6701595282872956,-2.6701595282872956
-2.6627470728850264,-2.6627470728850264
-2.655341086608317,-2.655341086608317
-2.64794157282219,-2.64794157282219
-2.6405485348567983,-2.6405485348567983
-2.6331619760075387,-2.6331619760075387
-2.6257818995351827,-2.6257818995351827
-2.6184083086659995,-2.6184083086659995
-2.6110412065918753,-2.6110412065918753
-2.6036805964704373,-2.6036805964704373
-2.596326481425168,-2.596326481425168
-2.5889788645455316,-2.5889788645455316
-2.5816377488870845,-2.5816377488870845
-2.574303137471595,-2.574303137471595
-2.56697503328716,-2.56697503328716
-2.559653439288316,-2.559653439288316
-2.5523383583961543,-2.5523383583961543
-2.5450297934984363,-2.5450297934984363
-2.5377277474496998,-2.5377277474496998
-2.530432223071371,-2.530432223071371
-2.523143223151876,-2.523143223151876
-2.515860750446746,-2.515860750446746
-2.5085848076787287,-2.5085848076787287
-2.501315397537891,-2.501315397537891
-2.494052522681725,-2.494052522681725
-2.486796185735255,-2.486796185735255
-2.4795463892911385,-2.4795463892911385
-2.472303135909769,-2.472303135909769
-2.4650664281193797,-2.4650664281193797
-2.457836268416142,-2.457836268416142
-2.450612659264266,-2.450612659264266
-2.4433956030961004,-2.4433956030961004
-2.4361851023122285,-2.4361851023122285
-2.428981159281567,-2.428981159281567
-2.42178377634146,-2.42178377634146
-2.4145929557977786,-2.4145929557977786
-2.407408699925011,-2.407408699925011
-2.4002310109663565,-2.4002310109663565
-2.3930598911338214,-2.3930598911338214
-2.3858953426083063,-2.3858953426083063
-2.3787373675396997,-2.3787373675396997
-2.37158596804697,-2.37158596804697
-2.3644411462182493,-2.3644411462182493
-2.3573029041109272,-2.3573029041109272
-2.350171243751734,-2.350171243751734
-2.3430461671368317,-2.3430461671368317
-2.3359276762318952,-2.3359276762318952
-2.328815772972202,-2.328815772972202
-2.3217104592627127,-2.3217104592627127
-2.3146117369781583,-2.3146117369781583
-2.3075196079631173,-2.3075196079631173
-2.300434074032105,-2.300434074032105
-2.2933551369696477,-2.2933551369696477
-2.2862827985303666,-2.2862827985303666
-2.279217060439058,-2.279217060439058
-2.2721579243907697,-2.2721579243907697
-2.2651053920508786,-2.2651053920508786
-2.2580594650551706,-2.2580594650551706
-2.251020145009918,-2.251020145009918
-2.24398743349195,-2.24398743349195
-2.2369613320487325,-2.2369613320487325
-2.2299418421984387,-2.2299418421984387
-2.2229289654300275,-2.2229289654300275
-2.2159227032033115,-2.2159227032033115
-2.2089230569490312,-2.2089230569490312
-2.2019300280689267,-2.2019300280689267
-2.1949436179358046,-2.1949436179358046
-2.1879638278936184,-2.1879638278936184
-2.1809906592575214,-2.1809906592575214
-2.17402411331395,-2.17402411331395
-2.1670641913206827,-2.1670641913206827
-2.160110894506912,-2.160110894506912
-2.153164224073309,-2.153164224073309
-2.146224181192087,-2.146224181192087
-2.1392907670070707,-2.1392907670070707
-2.1323639826337577,-2.1323639826337577
-2.1254438291593836,-2.1254438291593836
-2.1185303076429833,-2.1185303076429833
-2.111623419115457,-2.111623419115457
-2.1047231645796267,-2.1047231645796267
-2.097829545010302,-2.097829545010302
-2.090942561354338,-2.090942561354338
-2.0840622145306957,-2.0840622145306957
-2.0771885054305015,-2.0771885054305015
-2.070321434917105,-2.070321434917105
-2.063461003826137,-2.063461003826137
-2.056607212965567,-2.056607212965567
-2.04976006311576,-2.04976006311576
-2.042919555029532,-2.042919555029532
-2.0360856894322055,-2.0360856894322055
-2.029258467021663,-2.029258467021663
-2.022437888468407,-2.022437888468407
-2.015623954415603,-2.015623954415603
-2.008816665479142,-2.008816665479142
-2.002016022247687,-2.002016022247687
-1.9952220252827289,-1.9952220252827289
-1.9884346751186344,-1.9884346751186344
-1.9816539722626976,-1.9816539722626976
-1.97487991719519,-1.97487991719519
-1.9681125103694113,-1.9681125103694113
-1.961351752211735,-1.961351752211735
-1.9545976431216578,-1.9545976431216578
-1.9478501834718498,-1.9478501834718498
-1.941109373608199,-1.941109373608199
-1.9343752138498567,-1.9343752138498567
-1.927647704489286,-1.927647704489286
-1.9209268457923059,-1.9209268457923059
-1.914212637998137,-1.914212637998137
-1.9075050813194439,-1.9075050813194439
-1.9008041759423795,-1.9008041759423795
-1.8941099220266306,-1.8941099220266306
-1.887422319705456,-1.887422319705456
-1.8807413690857337,-1.8807413690857337
-1.8740670702479973,-1.8740670702479973
-1.867399423246479,-1.867399423246479
-1.8607384281091526,-1.8607384281091526
-1.854084084837769,-1.854084084837769
-1.8474363934078986,-1.8474363934078986
-1.8407953537689687,-1.8407953537689687
-1.834160965844301,-1.834160965844301
-1.827533229531153,-1.827533229531153
-1.8209121447007508,-1.8209121447007508
-1.8142977111983278,-1.8142977111983278
-1.8076899288431616,-1.8076899288431616
-1.80108879742861,-1.80108879742861
-1.794494316722141,-1.794494316722141
-1.787906486465376,-1.787906486465376
-1.7813253063741177,-1.7813253063741177
-1.7747507761383845,-1.7747507761383845
-1.768182895422447,-1.768182895422447
-1.7616216638648565,-1.7616216638648565
-1.7550670810784792,-1.7550670810784792
-1.7485191466505288,-1.7485191466505288
-1.7419778601425953,-1.7419778601425953
-1.7354432210906778,-1.7354432210906778
-1.7289152290052126,-1.7289152290052126
-1.7223938833711048,-1.7223938833711048
-1.715879183647757,-1.715879183647757
-1.7093711292690978,-1.7093711292690978
-1.7028697196436087,-1.7028697196436087
-1.6963749541543558,-1.6963749541543558
-1.6898868321590117,-1.6898868321590117
-1.6834053529898871,-1.6834053529898871
-1.676930515953954,-1.676930515953954
-1.6704623203328737,-1.6704623203328737
-1.6640007653830207,-1.6640007653830207
-1.6575458503355076,-1.6575458503355076
-1.651097574396212,-1.651097574396212
-1.6446559367457976,-1.6446559367457976
-1.6382209365397369,-1.6382209365397369
-1.6317925729083411,-1.6317925729083411
-1.6253708449567723,-1.6253708449567723
-1.6189557517650754,-1.6189557517650754
-1.6125472923881936,-1.6125472923881936
-1.6061454658559937,-1.6061454658559937
-1.5997502711732814,-1.5997502711732814
-1.5933617073198292,-1.5933617073198292
-1.5869797732503896,-1.5869797732503896
-1.5806044678947193,-1.5806044678947193
-1.5742357901575947,-1.5742357901575947
-1.5678737389188342,-1.5678737389188342
-1.5615183130333112,-1.5615183130333112
-1.555169511330978,-1.555169511330978
-1.5488273326168767,-1.5488273326168767
-1.5424917756711636,-1.5424917756711636
-1.5361628392491171,-1.5361628392491171
-1.5298405220811606,-1.5298405220811606
-1.5235248228728728,-1.5235248228728728
-1.517215740305008,-1.517215740305008
-1.5109132730335064,-1.5109132730335064
-1.504617419689511,-1.504617419689511
-1.4983281788793792,-1.4983281788793792
-1.492045549184699,-1.492045549184699
-1.4857695291622985,-1.4857695291622985
-1.4795001173442626,-1.4795001173442626
-1.4732373122379412,-1.4732373122379412
-1.4669811123259637,-1.4669811123259637
-1.4607315160662484,-1.4607315160662484
-1.4544885218920154,-1.4544885218920154
-1.4482521282117942,-1.4482521282117942
-1.442022333409437,-1.442022333409437
-1.4357991358441249,-1.4357991358441249
-1.42958253385038,-1.42958253385038
-1.4233725257380738,-1.4233725257380738
-1.4171691097924337,-1.4171691097924337
-1.4109722842740535,-1.4109722842740535
-1.4047820474188972,-1.4047820474188972
-1.3985983974383114,-1.3985983974383114
-1.392421332519028,-1.392421332519028
-1.3862508508231721,-1.3862508508231721
-1.380086950488267,-1.380086950488267
-1.373929629627241,-1.373929629627241
-1.3677788863284326,-1.3677788863284326
-1.3616347186555926,-1.3616347186555926
-1.355497124647893,-1.355497124647893
-1.3493661023199266,-1.3493661023199266
-1.343241649661713,-1.343241649661713
-1.3371237646387,-1.3371237646387
-1.3310124451917682,-1.3310124451917682
-1.3249076892372333,-1.3249076892372333
-1.3188094946668456,-1.3188094946668456
-1.3127178593477948,-1.3127178593477948
-1.3066327811227072,-1.3066327811227072
-1.3005542578096518,-1.3005542578096518
-1.2944822872021358,-1.2944822872021358
-1.2884168670691065,-1.2884168670691065
-1.2823579951549517,-1.2823579951549517
-1.276305669179497,-1.276305669179497
-1.2702598868380066,-1.2702598868380066
-1.2642206458011804,-1.2642206458011804
-1.258187943715152,-1.258187943715152
-1.2521617782014867,-1.2521617782014867
-1.2461421468571803,-1.2461421468571803
-1.2401290472546522,-1.2401290472546522
-1.234122476941745,-1.234122476941745
-1.2281224334417202,-1.2281224334417202
-1.2221289142532532,-1.2221289142532532
-1.2161419168504282,-1.2161419168504282
-1.2101614386827335,-1.2101614386827335
-1.2041874771750576,-1.2041874771750576
-1.198220029727682,-1.198220029727682
-1.1922590937162736,-1.1922590937162736
-1.18630466649188,-1.18630466649188
-1.1803567453809225,-1.1803567453809225
-1.174415327685189,-1.174415327685189
-1.1684804106818245,-1.1684804106818245
-1.1625519916233236,-1.1625519916233236
-1.1566300677375239,-1.1566300677375239
-1.1507146362275946,-1.1507146362275946
-1.1448056942720284,-1.1448056942720284
-1.1389032390246316,-1.1389032390246316
-1.1330072676145149,-1.1330072676145149
-1.1271177771460825,-1.1271177771460825
-1.1212347646990197,-1.1212347646990197
-1.1153582273282836,-1.1153582273282836
-1.1094881620640924,-1.1094881620640924
-1.1036245659119113,-1.1036245659119113
-1.0977674358524412,-1.0977674358524412
-1.0919167688416056,-1.0919167688416056
-1.0860725618105385,-1.0860725618105385
-1.0802348116655704,-1.0802348116655704
-1.0744035152882139,-1.0744035152882139
-1.068578669535151,-1.068578669535151
-1.062760271238217,-1.062760271238217
-1.0569483172043868,-1.0569483172043868
-1.051142804215758,-1.051142804215758
-1.0453437290295375,-1.0453437290295375
-1.0395510883780237,-1.0395510883780237
-1.0337648789685911,-1.0337648789685911
-1.0279850974836722,-1.0279850974836722
-1.0222117405807405,-1.0222117405807405
-1.0164448048922958,-1.0164448048922958
-1.0106842870258417,-1.0106842870258417
-1.004930183563872,-1.004930183563872
-0.9991824910638463,-0.9991824910638463
-0.9934412060581772,-0.9934412060581772
-0.9877063250542071,-0.9877063250542071
-0.9819778445341889,-0.9819778445341889
-0.9762557609552658,-0.9762557609552658
-0.9705400707494527,-0.9705400707494527
-0.9648307703236111,-0.9648307703236111
-0.959127856059433,-0.959127856059433
-0.953431324313414,-0.953431324313414
-0.9477411714168368,-0.9477411714168368
-0.942057393675742,-0.942057393675742
-0.9363799873709133,-0.9363799873709133
-0.9307089487578454,-0.9307089487578454
-0.9250442740667294,-0.9250442740667294
-0.9193859595024211,-0.9193859595024211
-0.9137340012444232,-0.9137340012444232
-0.9080883954468536,-0.9080883954468536
-0.9024491382384285,-0.9024491382384285
-0.8968162257224294,-0.8968162257224294
-0.8911896539766825,-0.8911896539766825
-0.8855694190535287,-0.8855694190535287
-0.879955516979801,-0.879955516979801
-0.8743479437567935,-0.8743479437567935
-0.8687466953602371,-0.8687466953602371
-0.8631517677402689,-0.8631517677402689
-0.8575631568214084,-0.8575631568214084
-0.8519808585025235,-0.8519808585025235
-0.8464048686568073,-0.8464048686568073
-0.8408351831317431,-0.8408351831317431
-0.8352717977490809,-0.8352717977490809
-0.829714708304801,-0.829714708304801
-0.8241639105690897,-0.8241639105690897
-0.8186194002863028,-0.8186194002863028
-0.8130811731749408,-0.8130811731749408
-0.8075492249276098,-0.8075492249276098
-0.8020235512109972,-0.8020235512109972
-0.7965041476658334,-0.7965041476658334
-0.7909910099068619,-0.7909910099068619
-0.7854841335228065,-0.7854841335228065
-0.7799835140763378,-0.7799835140763378
-0.7744891471040366,-0.7744891471040366
-0.7690010281163627,-0.7690010281163627
-0.7635191525976203,-0.7635191525976203
-0.7580435160059208,-0.7580435160059208
-0.752574113773149,-0.752574113773149
-0.7471109413049264,-0.7471109413049264
-0.7416539939805756,-0.7416539939805756
-0.7362032671530858,-0.7362032671530858
-0.7307587561490703,-0.7307587561490703
-0.7253204562687336,-0.7253204562687336
-0.7198883627858341,-0.7198883627858341
-0.7144624709476434,-0.7144624709476434
-0.7090427759749074,-0.7090427759749074
-0.7036292730618103,-0.7036292730618103
-0.6982219573759338,-0.6982219573759338
-0.6928208240582169,-0.6928208240582169
-0.6874258682229157,-0.6874258682229157
-0.6820370849575638,-0.6820370849575638
-0.6766544693229308,-0.6766544693229308
-0.671278016352981,-0.671278016352981
-0.6659077210548324,-0.6659077210548324
-0.6605435784087127,-0.6605435784087127
-0.6551855833679191,-0.6551855833679191
-0.6498337308587744,-0.6498337308587744
-0.6444880157805831,-0.6444880157805831
-0.6391484330055873,-0.6391484330055873
-0.6338149773789256,-0.6338149773789256
-0.628487643718585,-0.628487643718585
-0.6231664268153573,-0.6231664268153573
-0.6178513214327938,-0.6178513214327938
-0.6125423223071599,-0.6125423223071599
-0.6072394241473891,-0.6072394241473891
-0.6019426216350341,-0.6019426216350341
-0.5966519094242233,-0.5966519094242233
-0.5913672821416107,-0.5913672821416107
-0.58608873438633,-0.58608873438633
-0.5808162607299441,-0.5808162607299441
-0.5755498557163985,-0.5755498557163985
-0.5702895138619711,-0.5702895138619711
-0.5650352296552247,-0.5650352296552247
-0.5597869975569529,-0.5597869975569529
-0.5545448120001342,-0.5545448120001342
-0.5493086673898783,-0.5493086673898783
-0.5440785581033779,-0.5440785581033779
-0.538854478489853,-0.538854478489853
-0.533636422870502,-0.533636422870502
-0.5284243855384486,-0.5284243855384486
-0.5232183607586897,-0.5232183607586897
-0.5180183427680392,-0.5180183427680392
-0.5128243257750772,-0.5128243257750772
-0.5076363039600943,-0.5076363039600943
-0.5024542714750396,-0.5024542714750396
-0.4972782224434609,-0.4972782224434609
-0.4921081509604526,-0.4921081509604526
-0.48694405109260075,-0.48694405109260075
-0.48178591687792405,-0.48178591687792405
-0.476633742325818,-0.476633742325818
-0.4714875214169981,-0.4714875214169981
-0.466347248103442,-0.466347248103442
-0.4612129163083325,-0.4612129163083325
-0.4560845199259957,-0.4560845199259957
-0.45096205282184604,-0.45096205282184604
-0.4458455088323241,-0.4458455088323241
-0.4407348817648389,-0.4407348817648389
-0.4356301653977051,-0.4356301653977051
-0.43053135348008387,-0.43053135348008387
-0.4254384397319214,-0.4254384397319214
-0.42035141784388763,-0.42035141784388763
-0.4152702814773133,-0.4152702814773133
-0.4101950242641267,-0.4101950242641267
-0.4051256398067929,-0.4051256398067929
-0.40006212167824906,-0.40006212167824906
-0.3950044634218397,-0.3950044634218397
-0.3899526585512518,-0.3899526585512518
-0.38490670055045373,-0.38490670055045373
-0.37986658287362535,-0.37986658287362535
-0.3748322989450941,-0.3748322989450941
-0.3698038421592688,-0.3698038421592688
-0.36478120588057295,-0.36478120588057295
-0.35976438344337763,-0.35976438344337763
-0.3547533681519322,-0.3547533681519322
-0.34974815328029746,-0.34974815328029746
-0.34474873207227796,-0.34474873207227796
-0.33975509774135143,-0.33975509774135143
-0.33476724347059816,-0.33476724347059816
-0.32978516241263317,-0.32978516241263317
-0.32480884768953444,-0.32480884768953444
-0.31983829239277217,-0.31983829239277217
-0.3148734895831368,-0.3148734895831368
-0.30991443229066645,-0.30991443229066645
-0.3049611135145761,-0.3049611135145761
-0.3000135262231838,-0.3000135262231838
-0.29507166335383556,-0.29507166335383556
-0.29013551781283253,-0.29013551781283253
-0.2852050824753577,-0.2852050824753577
-0.2802803501853996,-0.2802803501853996
-0.2753613137556758,-0.2753613137556758
-0.27044796596755744,-0.27044796596755744
-0.2655402995709951,-0.2655402995709951
-0.2606383072844383,-0.2606383072844383
-0.25574198179475943,-0.25574198179475943
-0.2508513157571748,-0.2508513157571748
-0.24596630179516926,-0.24596630179516926
-0.24108693250041097,-0.24108693250041097
-0.23621320043267907,-0.23621320043267907
-0.23134509811977624,-0.23134509811977624
-0.2264826180574551,-0.2264826180574551
-0.22162575270932927,-0.22162575270932927
-0.21677449450680028,-0.21677449450680028
-0.21192883584896702,-0.21192883584896702
-0.2070887691025479,-0.2070887691025479
-0.2022542866017971,-0.2022542866017971
-0.1974253806484196,-0.1974253806484196
-0.192602043511486,-0.192602043511486
-0.18778426742734822,-0.18778426742734822
-0.18297204459955593,-0.18297204459955593
-0.17816536719876824,-0.17816536719876824
-0.173364227362667,-0.173364227362667
-0.1685686171958698,-0.1685686171958698
-0.16377852876984422,-0.16377852876984422
-0.15899395412281794,-0.15899395412281794
-0.1542148852596885,-0.1542148852596885
-0.14944131415193626,-0.14944131415193626
-0.14467323273753394,-0.14467323273753394
-0.1399106329208561,-0.1399106329208561
-0.1351535065725862,-0.1351535065725862
-0.13040184552962653,-0.13040184552962653
-0.1256556415950073,-0.1256556415950073
-0.12091488653779155,-0.12091488653779155
-0.11617957209298206,-0.11617957209298206
-0.11144968996142773,-0.11144968996142773
-0.10672523180972984,-0.10672523180972984
-0.10200618927014612,-0.10200618927014612
-0.09729255394049469,-0.09729255394049469
-0.0925843173840572,-0.0925843173840572
-0.08788147112948386,-0.08788147112948386
-0.08318400667069524,-0.08318400667069524
-0.07849191546678233,-0.07849191546678233
-0.07380518894190898,-0.07380518894190898
-0.06912381848521398,-0.06912381848521398
-0.06444779545070971,-0.06444779545070971
-0.05977711115718032,-0.05977711115718032
-0.05511175688808262,-0.05511175688808262
-0.05045172389144375,-0.05045172389144375
-0.04579700337975863,-0.04579700337975863
-0.04114758652988625,-0.04114758652988625
-0.03650346448294624,-0.03650346448294624
-0.0318646283442159,-0.0318646283442159
-0.027231069183023583,-0.027231069183023583
-0.02260277803264378,-0.02260277803264378
-0.01797974589019011,-0.01797974589019011
-0.013361963716510482,-0.013361963716510482
-0.008749422436077627,-0.008749422436077627
-0.004142112936881277,-0.004142112936881277
0.0004599739296806962,0.0004599739296806962
0.005056847348910071,0.005056847348910071
0.009648516542920291,0.009648516542920291
0.014234990770748933,0.014234990770748933
0.018816279328462346,0.018816279328462346
0.023392391549277577,0.023392391549277577
0.027963336803665688,0.027963336803665688
0.03252912449947385,0.03252912449947385
0.037089764082030366,0.037089764082030366
0.04164526503426986,0.04164526503426986
0.046195636876837295,0.046195636876837295
0.05074088916821589,0.05074088916821589
0.055281031504833995,0.055281031504833995
0.05981607352119093,0.05981607352119093
0.06434602488996741,0.06434602488996741
0.068870895322152,0.068870895322152
0.07339069456715681,0.07339069456715681
0.07790543241293621,0.07790543241293621
0.08241511868611413,0.08241511868611413
0.08691976325209787,0.08691976325209787
0.09141937601520936,0.09141937601520936
0.09591396691880044,0.09591396691880044
0.10040354594538341,0.10040354594538341
0.10488812311675043,0.10488812311675043
0.10936770849410453,0.10936770849410453
0.11384231217817979,0.11384231217817979
0.11831194430937449,0.11831194430937449
0.12277661506787302,0.12277661506787302
0.12723633467378112,0.12723633467378112
0.13169111338724637,0.13169111338724637
0.13614096150859786,0.13614096150859786
0.14058588937846875,0.14058588937846875
0.14502590737793547,0.14502590737793547
0.14946102592864044,0.14946102592864044
0.15389125549293667,0.15389125549293667
0.15831660657401173,0.15831660657401173
0.16273708971602868,0.16273708971602868
0.16715271550425728,0.16715271550425728
0.17156349456521622,0.17156349456521622
0.17596943756680175,0.17596943756680175
0.1803705552184342,0.1803705552184342
0.1847668582711896,0.1847668582711896
0.1891583575179453,0.1891583575179453
0.19354506379351477,0.19354506379351477
0.1979269879747937,0.1979269879747937
0.20230414098089708,0.20230414098089708
0.20667653377330722,0.20667653377330722
0.21104417735601208,0.21104417735601208
0.21540708277565612,0.21540708277565612
0.21976526112167724,0.21976526112167724
0.22411872352646262,0.22411872352646262
0.22846748116548676,0.22846748116548676
0.23281154525746736,0.23281154525746736
0.23715092706450644,0.23715092706450644
0.24148563789224822,0.24148563789224822
0.2458156890900201,0.2458156890900201
0.25014109205099455,0.25014109205099455
0.25446185821233186,0.25446185821233186
0.2587779990553414,0.2587779990553414
0.2630895261056274,0.2630895261056274
0.2673964509332531,0.2673964509332531
0.27169878515288887,0.27169878515288887
0.27599654042397376,0.27599654042397376
0.2802897284508701,0.2802897284508701
0.28457836098302597,0.28457836098302597
0.2888624498151293,0.2888624498151293
0.293142006787275,0.293142006787275
0.2974170437851196,0.2974170437851196
0.30168757274005087,0.30168757274005087
0.3059536056293423,0.3059536056293423
0.3102151544763281,0.3102151544763281
0.3144722313505571,0.3144722313505571
0.3187248483679693,0.3187248483679693
0.3229730176910548,0.3229730176910548
0.32721675152902907,0.32721675152902907
0.3314560621379943,0.3314560621379943
0.33569096182111785,0.33569096182111785
0.3399214629287966,0.3399214629287966
0.344147577858835,0.344147577858835
0.34836931905661045,0.34836931905661045
0.35258669901525785,0.35258669901525785
0.35679973027583267,0.35679973027583267
0.3610084254274997,0.3610084254274997
0.36521279710769916,0.36521279710769916
0.36941285800233475,0.36941285800233475
0.37360862084594265,0.37360862084594265
0.37780009842188367,0.37780009842188367
0.3819873035625123,0.3819873035625123
0.3861702491493713,0.3861702491493713
0.3903489481133638,0.3903489481133638
0.394523413434948,0.394523413434948
0.39869365814431534,0.39869365814431534
0.4028596953215836,0.4028596953215836
0.4070215380969772,0.4070215380969772
0.4111791996510257,0.4111791996510257
0.4153326932147442,0.4153326932147442
0.41948203206983314,0.41948203206983314
0.42362722954886406,0.42362722954886406
0.42776829903547836,0.42776829903547836
0.4319052539645761,0.4319052539645761
0.4360381078225192,0.4360381078225192
0.44016687414732086,0.44016687414732086
0.44429156652885,0.44429156652885
0.4484121986090246,0.4484121986090246
0.4525287840820192,0.4525287840820192
0.45664133669445733,0.45664133669445733
0.46074987024562575,0.46074987024562575
0.46485439858766686,0.46485439858766686
0.4689549356257931,0.4689549356257931
0.4730514953184865,0.4730514953184865
0.4771440916777129,0.4771440916777129
0.4812327387691235,0.4812327387691235
0.4853174507122733,0.4853174507122733
0.4893982416808233,0.4893982416808233
0.4934751259027625,0.4934751259027625
0.4975481176606121,0.4975481176606121
0.5016172312916519,0.5016172312916519
0.5056824811881226,0.5056824811881226
0.5097438817974601,0.5097438817974601
0.5138014476224977,0.5138014476224977
0.5178551932217006,0.5178551932217006
0.5219051332093758,0.5219051332093758
0.5259512822559068,0.5259512822559068
0.5299936550879651,0.5299936550879651
0.534032266488748,0.534032266488748
0.5380671312981941,0.5380671312981941
0.5420982644132236,0.5420982644132236
0.546125680787955,0.546125680787955
0.5501493954339469,0.5501493954339469
0.5541694234204263,0.5541694234204263
0.5581857798745196,0.5581857798745196
0.56219847998149,0.56219847998149
0.5662075389849768,0.5662075389849768
0.5702129721872323,0.5702129721872323
0.5742147949493557,0.5742147949493557
0.5782130226915387,0.5782130226915387
0.5822076708933095,0.5822076708933095
0.5861987550937746,0.5861987550937746
0.5901862908918614,0.5901862908918614
0.5941702939465652,0.5941702939465652
0.5981507799772037,0.5981507799772037
0.6021277647636615,0.6021277647636615
0.6061012641466388,0.6061012641466388
0.6100712940279076,0.6100712940279076
0.6140378703705679,0.6140378703705679
0.6180010091993012,0.6180010091993012
0.6219607266006235,0.6219607266006235
0.6259170387231502,0.6259170387231502
0.6298699617778545,0.6298699617778545
0.6338195120383309,0.6338195120383309
0.6377657058410536,0.6377657058410536
0.6417085595856448,0.6417085595856448
0.6456480897351444,0.6456480897351444
0.649584312816275,0.649584312816275
0.65351724541971,0.65351724541971
0.6574469042003508,0.6574469042003508
0.6613733058775919,0.6613733058775919
0.6652964672356076,0.6652964672356076
0.6692164051236146,0.6692164051236146
0.6731331364561634,0.6731331364561634
0.6770466782134066,0.6770466782134066
0.680957047441392,0.680957047441392
0.6848642612523348,0.6848642612523348
0.688768336824913,0.688768336824913
0.6926692914045441,0.6926692914045441
0.6965671423036844,0.6965671423036844
0.7004619069021091,0.7004619069021091
0.7043536026472135,0.7043536026472135
0.7082422470542992,0.7082422470542992
0.7121278577068766,0.7121278577068766
0.716010452256956,0.716010452256956
0.7198900484253542,0.7198900484253542
0.7237666640019879,0.7237666640019879
0.7276403168461845,0.7276403168461845
0.7315110248869787,0.7315110248869787
0.7353788061234307,0.7353788061234307
0.7392436786249206,0.7392436786249206
0.7431056605314736,0.7431056605314736
0.7469647700540593,0.7469647700540593
0.7508210254749189,0.7508210254749189
0.7546744451478692,0.7546744451478692
0.7585250474986327,0.7585250474986327
0.7623728510251482,0.7623728510251482
0.7662178742979011,0.7662178742979011
0.7700601359602387,0.7700601359602387
0.7738996547287097,0.7738996547287097
0.7777364493933767,0.7777364493933767
0.781570538818163,0.781570538818163
0.7854019419411702,0.7854019419411702
0.7892306777750241,0.7892306777750241
0.793056765407205,0.793056765407205
0.7968802240003905,0.7968802240003905
0.8007010727927911,0.8007010727927911
0.8045193310985025,0.8045193310985025
0.8083350183078375,0.8083350183078375
0.8121481538876888,0.8121481538876888
0.8159587573818636,0.8159587573818636
0.8197668484114492,0.8197668484114492
0.8235724466751548,0.8235724466751548
0.8273755719496777,0.8273755719496777
0.8311762440900535,0.8311762440900535
0.8349744830300252,0.8349744830300252
0.8387703087823966,0.8387703087823966
0.8425637414394084,0.8425637414394084
0.8463548011730946,0.8463548011730946
0.8501435082356639,0.8501435082356639
0.8539298829598615,0.8539298829598615
0.8577139457593513,0.8577139457593513
0.86149571712909,0.86149571712909
0.8652752176457068,0.8652752176457068
0.8690524679678827,0.8690524679678827
0.8728274888367431,0.8728274888367431
0.8766003010762329,0.8766003010762329
0.8803709255935176,0.8803709255935176
0.8841393833793628,0.8841393833793628
0.887905695508543,0.887905695508543
0.891669883140222,0.891669883140222
0.895431967518368,0.895431967518368
0.8991919699721415,0.8991919699721415
0.9029499119163136,0.9029499119163136
0.906705814851658,0.906705814851658
0.9104597003653767,0.9104597003653767
0.9142115901314978,0.9142115901314978
0.9179615059113018,0.9179615059113018
0.9217094695537301,0.9217094695537301
0.9254555029958156,0.9254555029958156
0.9291996282630931,0.9291996282630931
0.9329418674700408,0.9329418674700408
0.936682242820492,0.936682242820492
0.9404207766080821,0.9404207766080821
0.9441574912166695,0.9441574912166695
0.9478924091207853,0.9478924091207853
0.9516255528860615,0.9516255528860615
0.9553569451696835,0.9553569451696835
0.9590866087208274,0.9590866087208274
0.9628145663811176,0.9628145663811176
0.9665408410850685,0.9665408410850685
0.9702654558605495,0.9702654558605495
0.9739884338292313,0.9739884338292313
0.9777097982070588,0.9777097982070588
0.9814295723047013,0.9814295723047013
0.9851477795280335,0.9851477795280335
0.9888644433785895,0.9888644433785895
0.9925795874540521,0.9925795874540521
0.9962932354487124,0.9962932354487124
1.0000054111539654,1.0000054111539654
1.0037161384587752,1.0037161384587752
1.0074254413501766,1.0074254413501766
1.0111333439137502,1.0111333439137502
1.0148398703341246,1.0148398703341246
1.0185450448954676,1.0185450448954676
1.0222488919819817,1.0222488919819817
1.025951436078408,1.025951436078408
1.029652701770537,1.029652701770537
1.0333527137457101,1.0333527137457101
1.037051496793333,1.037051496793333
1.0407490758053908,1.0407490758053908
1.0444454757769714,1.0444454757769714
1.048140721806786,1.048140721806786
1.0518348390976877,1.0518348390976877
1.0555278529572103,1.0555278529572103
1.059219788798097,1.059219788798097
1.0629106721388426,1.0629106721388426
1.0666005286042224,1.0666005286042224
1.0702893839258445,1.0702893839258445
1.0739772639426974,1.0739772639426974
1.077664194601701,1.077664194601701
1.0813502019582568,1.0813502019582568
1.0850353121768095,1.0850353121768095
1.0887195515314152,1.0887195515314152
1.0924029464063019,1.0924029464063019
1.096085523296437,1.096085523296437
1.0997673088081081,1.0997673088081081
1.1034483296594988,1.1034483296594988
1.107128612681273,1.107128612681273
1.1108081848171558,1.1108081848171558
1.1144870731245258,1.1144870731245258
1.1181653047750137,1.1181653047750137
1.1218429070550975,1.1218429070550975
1.1255199073667017,1.1255199073667017
1.1291963332278057,1.1291963332278057
1.1328722122730617,1.1328722122730617
1.1365475722544016,1.1365475722544016
1.1402224410416577,1.1402224410416577
1.1438968466231847,1.1438968466231847
1.1475708171064967,1.1475708171064967
1.1512443807188917,1.1512443807188917
1.154917565808087,1.154917565808087
1.1585904008428631,1.1585904008428631
1.1622629144137129,1.1622629144137129
1.16593513523349,1.16593513523349
1.1696070921380575,1.1696070921380575
1.1732788140869521,1.1732788140869521
1.1769503301640523,1.1769503301640523
1.1806216695782425,1.1806216695782425
1.1842928616640818,1.1842928616640818
1.1879639358824934,1.1879639358824934
1.1916349218214344,1.1916349218214344
1.1953058491965987,1.1953058491965987
1.1989767478520925,1.1989767478520925
1.2026476477611494,1.2026476477611494
1.2063185790268154,1.2063185790268154
1.209989571882675,1.209989571882675
1.213660656693544,1.213660656693544
1.2173318639562067,1.2173318639562067
1.2210032243001194,1.2210032243001194
1.224674768488158,1.224674768488158
1.2283465274173322,1.2283465274173322
1.2320185321195398,1.2320185321195398
1.2356908137622982,1.2356908137622982
1.2393634036495043,1.2393634036495043
1.243036333222176,1.243036333222176
1.2467096340592285,1.2467096340592285
1.2503833378782208,1.2503833378782208
1.2540574765361459,1.2540574765361459
1.2577320820301892,1.2577320820301892
1.2614071864985275,1.2614071864985275
1.2650828222211001,1.2650828222211001
1.2687590216204194,1.2687590216204194
1.2724358172623536,1.2724358172623536
1.2761132418569459,1.2761132418569459
1.279791328259215,1.279791328259215
1.2834701094699803,1.2834701094699803
1.2871496186366767,1.2871496186366767
1.290829889054193,1.290829889054193
1.2945109541656954,1.2945109541656954
1.2981928475634819,1.2981928475634819
1.301875602989817,1.301875602989817
1.3055592543377963,1.3055592543377963
1.309243835652195,1.309243835652195
1.312929381130348,1.312929381130348
1.3166159251230074,1.3166159251230074
1.3203035021352374,1.3203035021352374
1.3239921468272828,1.3239921468272828
1.3276818940154806,1.3276818940154806
1.3313727786731395,1.3313727786731395
1.3350648359314614,1.3350648359314614
1.338758101080444,1.338758101080444
1.3424526095698053,1.3424526095698053
1.346148397009904,1.346148397009904
1.349845499172684,1.349845499172684
1.3535439519925958,1.3535439519925958
1.3572437915675672,1.3572437915675672
1.3609450541599333,1.3609450541599333
1.364647776197421,1.364647776197421
1.3683519942740952,1.3683519942740952
1.3720577451513558,1.3720577451513558
1.3757650657589067,1.3757650657589067
1.3794739931957543,1.3794739931957543
1.3831845647312004,1.3831845647312004
1.3868968178058567,1.3868968178058567
1.3906107900326456,1.3906107900326456
1.3943265191978398,1.3943265191978398
1.3980440432620687,1.3980440432620687
1.4017634003613813,1.4017634003613813
1.405484628808268,1.405484628808268
1.4092077670927319,1.4092077670927319
1.4129328538833346,1.4129328538833346
1.4166599280282817,1.4166599280282817
1.4203890285564884,1.4203890285564884
1.4241201946786692,1.4241201946786692
1.42785346578843,1.42785346578843
1.4315888814633815,1.4315888814633815
1.4353264814662392,1.4353264814662392
1.4390663057459463,1.4390663057459463
1.4428083944388033,1.4428083944388033
1.4465527878696096,1.4465527878696096
1.4502995265528085,1.4502995265528085
1.4540486511936357,1.4540486511936357
1.4578002026892902,1.4578002026892902
1.461554222130112,1.461554222130112
1.4653107508007595,1.4653107508007595
1.4690698301813996,1.4690698301813996
1.4728315019489133,1.4728315019489133
1.4765958079781079,1.4765958079781079
1.4803627903429417,1.4803627903429417
1.4841324913177387,1.4841324913177387
1.487904953378445,1.487904953378445
1.4916802192038747,1.4916802192038747
1.4954583316769694,1.4954583316769694
1.4992393338860637,1.4992393338860637
1.5030232691261691,1.5030232691261691
1.5068101809002687,1.5068101809002687
1.510600112920616,1.510600112920616
1.514393109110039,1.514393109110039
1.5181892136032675,1.5181892136032675
1.52198847074827,1.52198847074827
1.5257909251075954,1.5257909251075954
1.5295966214597154,1.5295966214597154
1.5334056048004021,1.5334056048004021
1.5372179203441043,1.5372179203441043
1.5410336135253313,1.5410336135253313
1.5448527300000454,1.5448527300000454
1.5486753156470798,1.5486753156470798
1.5525014165695616,1.5525014165695616
1.5563310790963405,1.5563310790963405
1.5601643497834332,1.5601643497834332
1.5640012754154768,1.5640012754154768
1.5678419030072106,1.5678419030072106
1.5716862798049456,1.5716862798049456
1.5755344532880562,1.5755344532880562
1.5793864711704904,1.5793864711704904
1.5832423814022887,1.5832423814022887
1.5871022321711135,1.5871022321711135
1.5909660719037853,1.5909660719037853
1.5948339492678425,1.5948339492678425
1.5987059131731183,1.5987059131731183
1.6025820127733121,1.6025820127733121
1.6064622974675857,1.6064622974675857
1.6103468169021713,1.6103468169021713
1.6142356209720026,1.6142356209720026
1.618128759822339,1.618128759822339
1.6220262838504185,1.6220262838504185
1.6259282437071185,1.6259282437071185
1.6298346902986407,1.6298346902986407
1.6337456747881942,1.6337456747881942
1.637661248597702,1.637661248597702
1.641581463409523,1.641581463409523
1.645506371168187,1.645506371168187
1.6494360240821468,1.6494360240821468
1.6533704746255309,1.6533704746255309
1.6573097755399357,1.6573097755399357
1.6612539798362127,1.6612539798362127
1.6652031407962837,1.6652031407962837
1.6691573119749576,1.6691573119749576
1.6731165472017815,1.6731165472017815
1.6770809005828886,1.6770809005828886
1.6810504265028823,1.6810504265028823
1.6850251796267082,1.6850251796267082
1.689005214901579,1.689005214901579
1.6929905875588793,1.6929905875588793
1.6969813531161209,1.6969813531161209
1.70097756737888,1.70097756737888
1.7049792864427884,1.7049792864427884
1.7089865666955038,1.7089865666955038
1.7129994648187374,1.7129994648187374
1.7170180377902597,1.7170180377902597
1.7210423428859594,1.7210423428859594
1.725072437681889,1.725072437681889
1.7291083800563578,1.7291083800563578
1.7331502281920133,1.7331502281920133
1.7371980405779746,1.7371980405779746
1.7412518760119475,1.7412518760119475
1.7453117936023976,1.7453117936023976
1.7493778527706996,1.7493778527706996
1.7534501132533544,1.7534501132533544
1.757528635104176,1.757528635104176
1.7616134786965438,1.7616134786965438
1.7657047047256338,1.7657047047256338
1.7698023742107087,1.7698023742107087
1.7739065484973913,1.7739065484973913
1.7780172892599926,1.7780172892599926
1.7821346585038307,1.7821346585038307
1.7862587185675987,1.7862587185675987
1.7903895321257242,1.7903895321257242
1.7945271621907832,1.7945271621907832
1.7986716721159026,1.7986716721159026
1.8028231255972165,1.8028231255972165
1.8069815866763113,1.8069815866763113
1.8111471197427298,1.8111471197427298
1.8153197895364626,1.8153197895364626
1.8194996611504934,1.8194996611504934
1.8236868000333404,1.8236868000333404
1.8278812719916464,1.8278812719916464
1.8320831431927667,1.8320831431927667
1.8362924801674119,1.8362924801674119
1.8405093498122762,1.8405093498122762
1.844733819392738,1.844733819392738
1.8489659565455303,1.8489659565455303
1.8532058292814935,1.8532058292814935
1.857453505988298,1.857453505988298
1.8617090554332467,1.8617090554332467
1.86597254676605,1.86597254676605
1.8702440495216786,1.8702440495216786
1.8745236336231925,1.8745236336231925
1.8788113693846482,1.8788113693846482
1.8831073275139831,1.8831073275139831
1.8874115791159716,1.8874115791159716
1.8917241956951691,1.8917241956951691
1.8960452491589252,1.8960452491589252
1.9003748118203794,1.9003748118203794
1.904712956401538,1.904712956401538
1.9090597560363198,1.9090597560363198
1.9134152842736931,1.9134152842736931
1.9177796150807984,1.9177796150807984
1.9221528228461147,1.9221528228461147
1.9265349823826563,1.9265349823826563
1.9309261689312123,1.9309261689312123
1.9353264581635963,1.9353264581635963
1.939735926185937,1.939735926185937
1.9441546495420021,1.9441546495420021
1.9485827052165619,1.9485827052165619
1.95302017063877,1.95302017063877
1.9574671236855803,1.9574671236855803
1.9619236426852038,1.9619236426852038
1.9663898064206067,1.9663898064206067
1.9708656941330234,1.9708656941330234
1.975351385525509,1.975351385525509
1.9798469607665385,1.9798469607665385
1.9843525004936344,1.9843525004936344
1.9888680858170338,1.9888680858170338
1.9933937983233703,1.9933937983233703
1.9979297200794255,1.9979297200794255
2.0024759336359055,2.0024759336359055
2.0070325220312406,2.0070325220312406
2.0115995687954364,2.0115995687954364
2.016177157953964,2.016177157953964
2.0207653740316895,2.0207653740316895
2.025364302056838,2.025364302056838
2.029974027564989,2.029974027564989
2.034594636603135,2.034594636603135
3.5077321853971357,3.5077321853971357
3.493712459662043,3.493712459662043
3.4795815865287505,3.4795815865287505
3.465343149636445,3.465343149636445
3.4510004538783,3.4510004538783
3.4365565611795783,3.4365565611795783
3.4220143201595405,3.4220143201595405
3.407376390960337,3.407376390960337
3.392645266211457,3.392645266211457
3.3778232888709443,3.3778232888709443
3.3629126675179375,3.3629126675179375
3.347915489546887,3.347915489546887
3.33283373262011,3.33283373262011
3.3176692746639804,3.3176692746639804
3.3024239026387967,3.3024239026387967
3.2870993202695793,3.2870993202695793
3.271697154891153,3.271697154891153
3.256218963533989,3.256218963533989
3.2406662383561224,3.2406662383561224
3.225040411508807,3.225040411508807
3.2093428595099125,3.2093428595099125
3.193574907187385,3.193574907187385
3.1777378312457154,3.1777378312457154
3.161832863500793,3.161832863500793
3.1458611938217604,3.1458611938217604
3.1298239728132273,3.1298239728132273
3.1137223142668007,3.1137223142668007
3.097557297406808,3.097557297406808
3.0813299689520344,3.0813299689520344
3.0650413450125793,3.0650413450125793
3.048692412838284,3.048692412838284
3.0322841324336345,3.0322841324336345
3.01581743805191,3.01581743805191
2.99929323958009,2.99929323958009
2.9827124238245304,2.9827124238245304
2.9660758557065696,2.9660758557065696
2.949384379375982,2.949384379375982
2.932638819249524,2.932638819249524
2.915839980980901,2.915839980980901
2.898988652368005,2.898988652368005
2.8820856042025653,2.8820856042025653
2.8651315910668567,2.8651315910668567
2.8481273520817614,2.8481273520817614
2.8310736116098414,2.8310736116098414
2.8139710799170805,2.8139710799170805
2.7968204537962285,2.7968204537962285
2.7796224171547412,2.7796224171547412
2.762377641569832,2.762377641569832
2.7450867868130366,2.7450867868130366
2.7277505013465,2.7277505013465
2.7103694227927395,2.7103694227927395
2.6929441783800883,2.6929441783800883
2.675475385365151,2.675475385365151
2.6579636514338434,2.6579636514338434
2.6404095750826366,2.6404095750826366
2.6228137459809937,2.6228137459809937
2.6051767453164976,2.6051767453164976
2.5874991461235255,2.5874991461235255
2.5697815135966224,2.5697815135966224
2.5520244053894485,2.5520244053894485
2.5342283719002685,2.5342283719002685
2.51639395654468,2.51639395654468
2.498521696016413,2.498521696016413
2.480612120536836,2.480612120536836
2.4626657540938837,2.4626657540938837
2.444683114670968,2.444683114670968
2.4266647144664932,2.4266647144664932
2.408611060104349,2.408611060104349
2.390522652836092,2.390522652836092
2.3723999887351086,2.3723999887351086
2.3542435588832937,2.3542435588832937
2.336053849550498,2.336053849550498
2.317831342367332,2.317831342367332
2.299576514491495,2.299576514491495
2.281289838768079,2.281289838768079
2.2629717838840877,2.2629717838840877
2.244622814517464,2.244622814517464
2.226243391480982,2.226243391480982
2.207833971861186,2.207833971861186
2.189395009152591,2.189395009152591
2.1709269533875046,2.1709269533875046
2.152430251261541,2.152430251261541
2.13390534625512,2.13390534625512
2.1153526787510906,2.1153526787510906
2.0967726861487854,2.0967726861487854
2.0781658029744587,2.0781658029744587
2.0595324609884686,2.0595324609884686
2.0408730892892724,2.0408730892892724
2.0221881144143703,2.0221881144143703
2.003477960438457,2.003477960438457
1.9847430490686246,1.9847430490686246
1.9659837997371623,1.9659837997371623
1.9472006296916389,1.9472006296916389
1.9283939540827788,1.9283939540827788
1.909564186049841,1.909564186049841
1.890711736803972,1.890711736803972
1.8718370157093585,1.8718370157093585
1.8529404303624748,1.8529404303624748
1.8340223866692895,1.8340223866692895
1.81508328892079,1.81508328892079
1.7961235398665991,1.7961235398665991
1.7771435407870797,1.7771435407870797
1.7581436915636948,1.7581436915636948
1.7391243907479286,1.7391243907479286
1.7200860356286913,1.7200860356286913
1.7010290222983837,1.7010290222983837
1.6819537457175517,1.6819537457175517
1.6628605997783055,1.6628605997783055
1.6437499773664985,1.6437499773664985
1.6246222704227522,1.6246222704227522
1.6054778700023125,1.6054778700023125
1.5863171663338989,1.5863171663338989
1.5671405488774637,1.5671405488774637
1.5479484063810967,1.5479484063810967
1.528741126936799,1.528741126936799
1.5095190980355442,1.5095190980355442
1.4902827066214313,1.4902827066214313
1.4710323391449753,1.4710323391449753
1.4517683816156968,1.4517683816156968
1.4324912196539303,1.4324912196539303
1.413201238541923,1.413201238541923
1.3938988232743466,1.3938988232743466
1.3745843586080557,1.3745843586080557
1.3552582291112971,1.3552582291112971
1.335920819212392,1.335920819212392
1.3165725132477677,1.3165725132477677
1.2972136955095985,1.2972136955095985
1.2778447502928278,1.2778447502928278
1.2584660619418342,1.2584660619418342
1.2390780148966485,1.2390780148966485
1.2196809937386535,1.2196809937386535
1.2002753832361117,1.2002753832361117
1.180861568389048,1.180861568389048
1.1614399344740738,1.1614399344740738
1.1420108670887155,1.1420108670887155
1.1225747521955265,1.1225747521955265
1.1031319761659129,1.1031319761659129
1.0836829258236653,1.0836829258236653
1.0642279884883719,1.0642279884883719
1.0447675520184792,1.0447675520184792
1.0253020048542627,1.0253020048542627
1.0058317360606592,1.0058317360606592
0.986357135369782,0.986357135369782
0.9668785932234902,0.9668785932234902
0.9473965008156977,0.9473965008156977
0.927911250134752,0.927911250134752
0.9084232340055163,0.9084232340055163
0.888932846131576,0.888932846131576
0.8694404811372891,0.8694404811372891
0.8499465346098898,0.8499465346098898
0.8304514031415051,0.8304514031415051
0.8109554843712248,0.8109554843712248
0.7914591770271393,0.7914591770271393
0.7719628809685037,0.7719628809685037
0.7524669972278568,0.7524669972278568
0.7329719280532849,0.7329719280532849
0.7134780769507003,0.7134780769507003
0.6939858487262685,0.6939858487262685
0.674495649528926,0.674495649528926
0.6550078868930349,0.6550078868930349
0.6355229697811922,0.6355229697811922
0.616041308627139,0.616041308627139
0.5965633153789787,0.5965633153789787
0.5770894035423684,0.5770894035423684
0.5576199882241291,0.5576199882241291
0.5381554861759801,0.5381554861759801
0.5186963158384685,0.5186963158384685
0.4992428973851766,0.4992428973851766
0.47979565276726177,0.47979565276726177
0.4603550057581858,0.4603550057581858
0.44092138199873876,0.44092138199873876
0.42149520904240756,0.42149520904240756
0.40207691640105114,0.40207691640105114
0.38266693559095444,0.38266693559095444
0.3632657001791575,0.3632657001791575
0.3438736458301461,0.3438736458301461
0.32449121035306216,0.32449121035306216
0.3051188337491224,0.3051188337491224
0.2857569582596575,0.2857569582596575
0.26640602841432415,0.26640602841432415
0.2470664910800373,0.2470664910800373
0.22773879551013998,0.22773879551013998
0.2084233933941979,0.2084233933941979
0.18912073890818526,0.18912073890818526
0.1698312887652671,0.1698312887652671
0.15055550226704817,0.15055550226704817
0.1312938413553475,0.1312938413553475
0.11204677066462754,0.11204677066462754
0.09281475757490476,0.09281475757490476
0.07359827226530946,0.07359827226530946
0.05439778776819093,0.05439778776819093
0.0352137800239829,0.0352137800239829
0.016046727936565475,0.016046727936565475
-0.0031028865705957642,-0.0031028865705957642
-0.022234578497696944,-0.022234578497696944
-0.04134785971104016,-0.04134785971104016
-0.06044223888485778,-0.06044223888485778
-0.07951722144239959,-0.07951722144239959
-0.09857230949610685,-0.09857230949610685
-0.11760700178712202,-0.11760700178712202
-0.13662079362405688,-0.13662079362405688
-0.1556131768207054,-0.1556131768207054
-0.1745836396331839,-0.1745836396331839
-0.1935316666959359,-0.1935316666959359
-0.21245673895703554,-0.21245673895703554
-0.23135833361253422,-0.23135833361253422
-0.25023592403973804,-0.25023592403973804
-0.2690889797296938,-0.2690889797296938
-0.28791696621861984,-0.28791696621861984
-0.3067193450182826,-0.3067193450182826
-0.32549557354533665,-0.32549557354533665
-0.3442451050496782,-0.3442451050496782
-0.3629673885416649,-0.3629673885416649
-0.38166186871810837,-0.38166186871810837
-0.40032798588736274,-0.40032798588736274
-0.41896517589291005,-0.41896517589291005
-0.43757287003610035,-0.43757287003610035
-0.45615049499735694,-0.45615049499735694
-0.4746974727562714,-0.4746974727562714
-0.4932132205103983,-0.4932132205103983
-0.5116971505925987,-0.5116971505925987
-0.5301486703872245,-0.5301486703872245
-0.5485671822447218,-0.5485671822447218
-0.5669520833948942,-0.5669520833948942
-0.5853027658587173,-0.5853027658587173
-0.6036186163585917,-0.6036186163585917
-0.6218990162270721,-0.6218990162270721
-0.6401433413141548,-0.6401433413141548
-0.6583509618926522,-0.6583509618926522
-0.6765212425622948,-0.6765212425622948
-0.6946535421517863,-0.6946535421517863
-0.7127472136193909,-0.7127472136193909
-0.7308016039516145,-0.7308016039516145
-0.7488160540600513,-0.7488160540600513
-0.7667898986763966,-0.7667898986763966
-0.7847224662455439,-0.7847224662455439
-0.8026130788168206,-0.8026130788168206
-0.8204610519329982,-0.8204610519329982
-0.8382656945173945,-0.8382656945173945
-0.8560263087588424,-0.8560263087588424
-0.8737421899945184,-0.8737421899945184
-0.8914126265904811,-0.8914126265904811
-0.9090368998200016,-0.9090368998200016
-0.9266142837394709,-0.9266142837394709
-0.9441440450621128,-0.9441440450621128
-0.961625443028995,-0.961625443028995
-0.9790577292777369,-0.9790577292777369
-0.996440147708455,-0.996440147708455
-1.0137719343473632,-1.0137719343473632
-1.0310523172072363,-1.0310523172072363
-1.0482805161454927,-1.0482805161454927
-1.0654557427191946,-1.0654557427191946
-1.0825772000372376,-1.0825772000372376
-1.09964408260943,-1.09964408260943
-1.1166555761926031,-1.1166555761926031
-1.133610857633569,-1.133610857633569
-1.1505090947087138,-1.1505090947087138
-1.1673494459603657,-1.1673494459603657
-1.1841310605297726,-1.1841310605297726
-1.20085307798646,-1.20085307798646
-1.2175146281541842,-1.2175146281541842
-1.2341148309329677,-1.2341148309329677
-1.2506527961174663,-1.2506527961174663
-1.267127623211516,-1.267127623211516
-1.2835384012385558,-1.2835384012385558
-1.2998842085479483,-1.2998842085479483
-1.3161641126172254,-1.3161641126172254
-1.3323771698498366,-1.3323771698498366
-1.3485224253685648,-1.3485224253685648
-1.3645989128042877,-1.3645989128042877
-1.3806056540801865,-1.3806056540801865
-1.3965416591908197,-1.3965416591908197
-1.4124059259767399,-1.4124059259767399
-1.4281974398934656,-1.4281974398934656
-1.4439151737756002,-1.4439151737756002
-1.4595580875953744,-1.4595580875953744
-1.4751251282157458,-1.4751251282157458
-1.49061522913768,-1.49061522913768
-1.506027310241738,-1.506027310241738
-1.521360277523503,-1.521360277523503
-1.5366130228228188,-1.5366130228228188
-1.5517844235467648,-1.5517844235467648
-1.5668733423859056,-1.5668733423859056
-1.5818786270238103,-1.5818786270238103
-1.5967991098398269,-1.5967991098398269
-1.6116336076043947,-1.6116336076043947
-1.626380921167185,-1.626380921167185
-1.6410398351375313,-1.6410398351375313
-1.6556091175572174,-1.6556091175572174
-1.6700875195650373,-1.6700875195650373
-1.6844737750530507,-1.6844737750530507
-1.6987666003145336,-1.6987666003145336
-1.712964693682867,-1.712964693682867
-1.7270667351614883,-1.7270667351614883
-1.741071386044338,-1.741071386044338
-1.7549772885269874,-1.7549772885269874
-1.7687830653074825,-1.7687830653074825
-1.7824873191770836,-1.7824873191770836
-1.7960886326004628,-1.7960886326004628
-1.8095855672849406,-1.8095855672849406
-1.822976663738587,-1.822976663738587
-1.836260440816436,-1.836260440816436
-1.8494353952551386,-1.8494353952551386
-1.862500001194884,-1.862500001194884
-1.875452709688711,-1.875452709688711
-1.8882919481986842,-1.8882919481986842
-1.9010161200784248,-1.9010161200784248
-1.9136236040415127,-1.9136236040415127
-1.9261127536153908,-1.9261127536153908
-1.9384818965804946,-1.9384818965804946
-1.9507293343934458,-1.9507293343934458
-1.962853341594613,-1.962853341594613
-1.9748521651989437,-1.9748521651989437
-1.9867240240696558,-1.9867240240696558
-1.998467108274263,-1.998467108274263
-2.0100795784222534,-2.0100795784222534
-2.021559564983814,-2.021559564983814
-2.0329051675889818,-2.0329051675889818
-2.044114454306432,-2.044114454306432
-2.055185460901321,-2.055185460901321
-2.0661161900713116,-2.0661161900713116
-2.076904610660167,-2.076904610660167
-2.087548656847862,-2.087548656847862
-2.098046227316688,-2.098046227316688
-2.1083951843921866,-2.1083951843921866
-2.118593353158146,-2.118593353158146
-2.128638520544805,-2.128638520544805
-2.138528434388914,-2.138528434388914
-2.1482608024650904,-2.1482608024650904
-2.157833291487087,-2.157833291487087
-2.1672435260777765,-2.1672435260777765
-2.1764890877069982,-2.1764890877069982
-2.185567513595744,-2.185567513595744
-2.19447629558562,-2.19447629558562
-2.203212878971893,-2.203212878971893
-2.2117746612992573,-2.2117746612992573
-2.2201589911182302,-2.2201589911182302
-2.228363166701286,-2.228363166701286
-2.2363844347166193,-2.2363844347166193
-2.2442199888579295,-2.2442199888579295
-2.251866968428872,-2.251866968428872
-2.259322456879774,-2.259322456879774
-2.2665834802951554,-2.2665834802951554
-2.273647005829619,-2.273647005829619
-2.2805099400904503,-2.2805099400904503
-2.2871691274642627,-2.2871691274642627
-2.293621348385672,-2.293621348385672
-2.2998633175454164,-2.2998633175454164
-2.3058916820353623,-2.3058916820353623
-2.31170301942786,-2.31170301942786
-2.3172938357862947,-2.3172938357862947
-2.3226605636042206,-2.3226605636042206
-2.327799559669822,-2.327799559669822
-2.332707102852261,-2.332707102852261
-2.3373793918068397,-2.3373793918068397
-2.3418125425948455,-2.3418125425948455
-2.346002586214775,-2.346002586214775
-2.3499454660406105,-2.3499454660406105
-2.3536370351630085,-2.3536370351630085
-2.3570730536287456,-2.3570730536287456
-2.3602491855741765,-2.3602491855741765
-2.3631609962473883,-2.3631609962473883
-2.365803948913768,-2.365803948913768
-2.368173401639722,-2.368173401639722
-2.3702646039485837,-2.3702646039485837
-2.3720726933427265,-2.3720726933427265
-2.373592691684971,-2.373592691684971
-2.374819501432831,-2.374819501432831
-2.3757479017182535,-2.3757479017182535
-2.3763725442649655,-2.3763725442649655
-2.376687949135564,-2.376687949135564
-2.376688500299397,-2.376688500299397
-2.376368441012489,-2.376368441012489
-2.375721868999565,-2.375721868999565
-2.3747427314279568,-2.3747427314279568
-2.373424819662472,-2.373424819662472
-2.37176176378998,-2.37176176378998
-2.369747026900706,-2.369747026900706
-2.367373899114161,-2.367373899114161
-2.3646354913348198,-2.3646354913348198
-2.361524728723596,-2.361524728723596
-2.3580343438689177,-2.3580343438689177
-2.3541568696407658,-2.3541568696407658
-2.3498846317099993,-2.3498846317099993
-2.3452097407136008,-2.3452097407136008
-2.34012408404596,-2.34012408404596
-2.334619317254187,-2.334619317254187
-2.328686855014358,-2.328686855014358
-2.322317861664068,-2.322317861664068
-2.3155032412648877,-2.3155032412648877
-2.3082336271659667,-2.3082336271659667
-2.3004993710389154,-2.3004993710389154
-2.2922905313510626,-2.2922905313510626
-2.283596861242683,-2.283596861242683
-2.2744077957700943,-2.2744077957700943
-2.264712438474859,-2.264712438474859
-2.2544995472358225,-2.2544995472358225
-2.2437575193574397,-2.2437575193574397
-2.2324743758440304,-2.2324743758440304
-2.220637744806688,-2.220637744806688
-2.20823484394403,-2.20823484394403
-2.1952524620343707,-2.1952524620343707
-2.18167693937168,-2.18167693937168
-2.1674941470715012,-2.1674941470715012
-2.152689465168383,-2.152689465168383
-2.1372477594183805,-2.1372477594183805
-2.121153356713744,-2.121153356713744
-2.104390019009017,-2.104390019009017
-2.0869409156490444,-2.0869409156490444
-2.0687885939793986,-2.0687885939793986
-2.0499149481100116,-2.0499149481100116
-2.0303011856905764,-2.0303011856905764
-2.0099277925439383,-2.0099277925439383
-1.9887744949897073,-1.9887744949897073
-1.9668202196737914,-1.9668202196737914
-1.9440430507036068,-1.9440430507036068
-1.9204201838690163,-1.9204201838690163
-1.8959278777072635,-1.8959278777072635
-1.870541401147463,-1.870541401147463
-1.8442349774431497,-1.8442349774431497
-1.8169817240725676,-1.8169817240725676
-1.7887535882533727,-1.7887535882533727
-1.7595212776815958,-1.7595212776815958
-1.7292541860637698,-1.7292541860637698
-1.6979203129653089,-1.6979203129653089
-1.665486177446047,-1.665486177446047
-1.63191672489524,-1.63191672489524
-1.5971752264131807,-1.5971752264131807
-1.5612231700116133,-1.5612231700116133
-1.5240201428211904,-1.5240201428211904
-1.4855237033980058,-1.4855237033980058
-1.4456892431133515,-1.4456892431133515
-1.4044698354863774,-1.4044698354863774
-1.361816072178319,-1.361816072178319
-1.317675884204267,-1.317675884204267
-1.2719943467342862,-1.2719943467342862
-1.2247134656406558,-1.2247134656406558
-1.1757719437033929,-1.1757719437033929
-1.1251049241005162,-1.1251049241005162
-1.0726437084816103,-1.0726437084816103
-1.0183154465392095,-1.0183154465392095
-0.9620427935471401,-0.9620427935471401
-0.903743531813975,-0.903743531813975
-0.8433301513878437,-0.8433301513878437
-0.7807093846306482,-0.7807093846306482
-0.7157816884313323,-0.7157816884313323
-0.6484406668234892,-0.6484406668234892
-0.578572425577473,-0.578572425577473
-0.5060548489134971,-0.5060548489134971
-0.430756786774544,-0.430756786774544
-0.35253713904382855,-0.35253713904382855
-0.2712438206108777,-0.2712438206108777
-0.18671258817700132,-0.18671258817700132
-0.09876570601711354,-0.09876570601711354
-0.007210423409304667,-0.007210423409304667
0.08816276910976195,0.08816276910976195
0.18758214438805543,0.18758214438805543
0.2912970525081806,0.2912970525081806
0.3995806029242621,0.3995806029242621
0.5127327875709538,0.5127327875709538
0.6310841349417999,0.6310841349417999
0.7550000073222942,0.7550000073222942
0.8848856820355466,0.8848856820355466
1.0211923949233213,1.0211923949233213
1.164424573428065,1.164424573428065
1.315148551908545,1.315148551908545
1.4740031494238097,1.4740031494238097
1.6417126091387961,1.6417126091387961
1.8191025619305166,1.8191025619305166
2.0071199043676633,2.0071199043676633
2.206857802818689,2.206857802818689
2.4195874970684677,2.4195874970684677
2.646799251074128,2.646799251074128
2.890255802320951,2.890255802320951
3.152063187763442,3.152063187763442
3.4347662012053495,3.4347662012053495
3.7414795372596394,3.7414795372596394
4.076071937935061,4.076071937935061
4.443431330965746,4.443431330965746
4.8498578732596735,4.8498578732596735
5.30366694000505,5.30366694000505
5.8161529288424445,5.8161529288424445
6.403208675885251,6.403208675885251
7.088221264258276,7.088221264258276
7.907681651541601,7.907681651541601
8.92328059389001,8.92328059389001
10.25228383473905,10.25228383473905
12.164390452580486,12.164390452580486
15.569790560120042,15.569790560120042
