-8.558967759801961,-8.558967759801961
-8.524773040019719,-8.524773040019719
-8.489543006162242,-8.489543006162242
-8.453321738133408,-8.453321738133408
-8.416151820201469,-8.416151820201469
-8.378074386713614,-8.378074386713614
-8.3391291666047,-8.3391291666047
-8.299354526726189,-8.299354526726189
-8.258787514020858,-8.258787514020858
-8.217463896568422,-8.217463896568422
-8.175418203526851,-8.175418203526851
-8.132683763993644,-8.132683763993644
-8.089292744810981,-8.089292744810981
-8.045276187338319,-8.045276187338319
-8.000664043215425,-8.000664043215425
-7.955485209138636,-7.955485209138636
-7.909767560672615,-7.909767560672615
-7.863537985119568,-7.863537985119568
-7.816822413467409,-7.816822413467409
-7.769645851438089,-7.769645851438089
-7.722032409656849,-7.722032409656849
-7.674005332962832,-7.674005332962832
-7.625587028881116,-7.625587028881116
-7.576799095275834,-7.576799095275834
-7.527662347203777,-7.527662347203777
-7.47819684298741,-7.47819684298741
-7.428421909525985,-7.428421909525985
-7.378356166863037,-7.378356166863037
-7.3280175520282205,-7.3280175520282205
-7.277423342171116,-7.277423342171116
-7.226590177004317,-7.226590177004317
-7.1755340805727466,-7.1755340805727466
-7.124270482365867,-7.124270482365867
-7.0728142377891245,-7.0728142377891245
-7.0211796480106194,-7.0211796480106194
-6.969380479198753,-6.969380479198753
-6.917429981166208,-6.917429981166208
-6.865340905435424,-6.865340905435424
-6.8131255227403225,-6.8131255227403225
-6.760795639978823,-6.760795639978823
-6.7083626166303825,-6.7083626166303825
-6.655837380652486,-6.655837380652486
-6.603230443869731,-6.603230443869731
-6.550551916868939,-6.550551916868939
-6.497811523413347,-6.497811523413347
-6.445018614388754,-6.445018614388754
-6.392182181294188,-6.392182181294188
-6.339310869289382,-6.339310869289382
-6.286412989811167,-6.286412989811167
-6.23349653277051,-6.23349653277051
-6.180569178341811,-6.180569178341811
-6.127638308355704,-6.127638308355704
-6.07471101730647,-6.07471101730647
-6.0217941229848435,-6.0217941229848435
-5.968894176746782,-5.968894176746782
-5.916017473428627,-5.916017473428627
-5.863170060918641,-5.863170060918641
-5.810357749394957,-5.810357749394957
-5.757586120239504,-5.757586120239504
-5.704860534637405,-5.704860534637405
-5.652186141871091,-5.652186141871091
-5.599567887318131,-5.599567887318131
-5.547010520161599,-5.547010520161599
-5.494518600821607,-5.494518600821607
-5.442096508116382,-5.442096508116382
-5.3897484461611205,-5.3897484461611205
-5.337478451012616,-5.337478451012616
-5.285290397067486,-5.285290397067486
-5.233188003221638,-5.233188003221638
-5.1811748387984045,-5.1811748387984045
-5.129254329252609,-5.129254329252609
-5.077429761657673,-5.077429761657673
-5.025704289982628,-5.025704289982628
-4.974080940165792,-4.974080940165792
-4.922562614991657,-4.922562614991657
-4.871152098777392,-4.871152098777392
-4.8198520618751965,-4.8198520618751965
-4.768665064996511,-4.768665064996511
-4.717593563364107,-4.717593563364107
-4.6666399106976675,-4.6666399106976675
-4.615806363038584,-4.615806363038584
-4.565095082419328,-4.565095082419328
-4.514508140382729,-4.514508140382729
-4.464047521356333,-4.464047521356333
-4.413715125886815,-4.413715125886815
-4.363512773739334,-4.363512773739334
-4.3134422068666005,-4.3134422068666005
-4.263505092252179,-4.263505092252179
-4.213703024632593,-4.213703024632593
-4.164037529102496,-4.164037529102496
-4.114510063607164,-4.114510063607164
-4.065122021326389,-4.065122021326389
-4.01587473295375,-4.01587473295375
-3.966769468875092,-3.966769468875092
-3.9178074412499875,-3.9178074412499875
-3.868989805999761,-3.868989805999761
-3.8203176647056085,-3.8203176647056085
-3.7717920664202085,-3.7717920664202085
-3.7234140093961083,-3.7234140093961083
-3.6751844427340927,-3.6751844427340927
-3.627104267954609,-3.627104267954609
-3.5791743404952276,-3.5791743404952276
-3.5313954711370563,-3.5313954711370563
-3.4837684273628606,-3.4837684273628606
-3.4362939346496333,-3.4362939346496333
-3.3889726776981863,-3.3889726776981863
-3.3418053016023017,-3.3418053016023017
-3.2947924129598825,-3.2947924129598825
-3.247934580928432,-3.247934580928432
-3.2012323382271366,-3.2012323382271366
-3.1546861820877368,-3.1546861820877368
-3.1082965751562917,-3.1082965751562917
-3.0620639463478625,-3.0620639463478625
-3.0159886916560694,-3.0159886916560694
-2.9700711749194,-2.9700711749194
-2.924311728546083,-2.924311728546083
-2.8787106541992604,-2.8787106541992604
-2.8332682234441364,-2.8332682234441364
-2.7879846783586983,-2.7879846783586983
-2.742860232109566,-2.742860232109566
-2.6978950694944377,-2.6978950694944377
-2.6530893474525508,-2.6530893474525508
-2.6084431955445244,-2.6084431955445244
-2.5639567164028847,-2.5639567164028847
-2.5196299861545115,-2.5196299861545115
-2.4754630548162075,-2.4754630548162075
-2.4314559466645274,-2.4314559466645274
-2.3876086605809523,-2.3876086605809523
-2.3439211703734513,-2.3439211703734513
-2.300393425075428,-2.300393425075428
-2.257025349222978,-2.257025349222978
-2.2138168431113776,-2.2138168431113776
-2.1707677830316454,-2.1707677830316454
-2.127878021487997,-2.127878021487997
-2.0851473873969586,-2.0851473873969586
-2.0425756862688766,-2.0425756862688766
-2.000162700372512,-2.000162700372512
-1.9579081888833851,-1.9579081888833851
-1.9158118880164732,-1.9158118880164732
-1.8738735111438671,-1.8738735111438671
-1.8320927488979213,-1.8320927488979213
-1.7904692692604267,-1.7904692692604267
-1.7490027176382885,-1.7490027176382885
-1.707692716926168,-1.707692716926168
-1.6665388675565147,-1.6665388675565147
-1.6255407475373935,-1.6255407475373935
-1.584697912478467,-1.584697912478467
-1.5440098956054957,-1.5440098956054957
-1.5034762077636596,-1.5034762077636596
-1.4630963374100097,-1.4630963374100097
-1.4228697505953154,-1.4228697505953154
-1.3827958909355589,-1.3827958909355589
-1.3428741795733057,-1.3428741795733057
-1.3031040151291544,-1.3031040151291544
-1.2634847736434578,-1.2634847736434578
-1.224015808508477,-1.224015808508477
-1.1846964503911164,-1.1846964503911164
-1.1455260071463766,-1.1455260071463766
-1.106503763721626,-1.106503763721626
-1.0676289820517963,-1.0676289820517963
-1.0289009009455778,-1.0289009009455778
-0.9903187359626767,-0.9903187359626767
-0.9518816792821827,-0.9518816792821827
-0.9135888995620844,-0.9135888995620844
-0.8754395417899484,-0.8754395417899484
-0.8374327271247687,-0.8374327271247687
-0.7995675527299811,-0.7995675527299811
-0.7618430915976235,-0.7618430915976235
-0.7242583923636019,-0.7242583923636019
-0.6868124791140312,-0.6868124791140312
-0.6495043511825821,-0.6495043511825821
-0.6123329829387733,-0.6123329829387733
-0.5752973235671301,-0.5752973235671301
-0.5383962968371168,-0.5383962968371168
-0.5016288008637445,-0.5016288008637445
-0.46499370785874594,-0.46499370785874594
-0.4284898638721895,-0.4284898638721895
-0.3921160885244102,-0.3921160885244102
-0.3558711747281081,-0.3558711747281081
-0.31975388840046676,-0.31975388840046676
-0.2837629681651305,-0.2837629681651305
-0.24789712504386796,-0.24789712504386796
-0.21215504213773873,-0.21215504213773873
-0.17653537429757687,-0.17653537429757687
-0.1410367477835842,-0.1410367477835842
-0.10565775991382476,-0.10565775991382476
-0.07039697870139842,-0.07039697870139842
-0.035252942480060195,-0.035252942480060195
-0.000224159518042468,-0.000224159518042468
0.03469089238017278,0.03469089238017278
0.06949376628439748,0.06949376628439748
0.1041860465618731,0.1041860465618731
0.1387693493132855,0.1387693493132855
0.17324532282195867,0.17324532282195867
0.20761564801654095,0.20761564801654095
0.24188203894750562,0.24188203894750562
0.2760462432778063,0.2760462432778063
0.31011004278803667,0.31011004278803667
0.34407525389646004,0.34407525389646004
0.37794372819428784,0.37794372819428784
0.41171735299660284,0.41171735299660284
0.44539805190933474,0.44539805190933474
0.47898778541271647,0.47898778541271647
0.5124885514616615,0.5124885514616615
0.545902386103524,0.545902386103524
0.579231364113717,0.579231364113717
0.6124775996496891,0.6124775996496891
0.6456432469237683,0.6456432469237683
0.6787305008954186,0.6787305008954186
0.7117415979834547,0.7117415979834547
0.7446788167988005,0.7446788167988005
0.7775444788983902,0.7775444788983902
0.8103409495608338,0.8103409495608338
0.8430706385844958,0.8430706385844958
0.875736001108661,0.875736001108661
0.9083395384584854,0.9083395384584854
0.9408837990144557,0.9408837990144557
0.973371379107117,0.973371379107117
1.0058049239378448,1.0058049239378448
1.038187128526476,1.038187128526476
1.0705207386866493,1.0705207386866493
1.1028085520297153,1.1028085520297153
1.1350534189981423,1.1350534189981423
1.167258243929353,1.167258243929353
1.1994259861509684,1.1994259861509684
1.231559661108483,1.231559661108483
1.263662341526419,1.263662341526419
1.2957371586040558,1.2957371586040558
1.3277873032468686,1.3277873032468686
1.3598160273348499,1.3598160273348499
1.3918266450289383,1.3918266450289383
1.4238225341168125,1.4238225341168125
1.4558071373993666,1.4558071373993666
1.4877839641192179,1.4877839641192179
1.5197565914326625,1.5197565914326625
1.5517286659265273,1.5517286659265273
1.583703905181433,1.583703905181433
1.6156860993830293,1.6156860993830293
1.6476791129828217,1.6476791129828217
1.6796868864102608,1.6796868864102608
1.7117134378378334,1.7117134378378334
1.7437628650009427,1.7437628650009427
1.775839347074436,1.775839347074436
1.8079471466076973,1.8079471466076973
1.8400906115202884,1.8400906115202884
1.8722741771601885,1.8722741771601885
1.904502368426755,1.904502368426755
1.9367798019605882,1.9367798019605882
1.969111188402571,1.969111188402571
2.0015013347244137,2.0015013347244137
2.0339551466331196,2.0339551466331196
2.0664776310518653,2.0664776310518653
2.0990738986798574,2.0990738986798574
2.1317491666338357,2.1317491666338357
2.1645087611739395,2.1645087611739395
2.197358120516782,2.197358120516782
2.2303027977386267,2.2303027977386267
2.2633484637716843,2.2633484637716843
2.296500910496616,2.296500910496616
2.329766053934427,2.329766053934427
2.3631499375410585,2.3631499375410585
2.396658735608043,2.396658735608043
2.430298756772716,2.430298756772716
2.4640764476415837,2.4640764476415837
2.4979983965305337,2.4979983965305337
2.532071337325697,2.532071337325697
2.5663021534688806,2.5663021534688806
2.600697882071594,2.600697882071594
2.6352657181618198,2.6352657181618198
2.6700130190677855,2.6700130190677855
2.7049473089431255,2.7049473089431255
2.7400762834379284,2.7400762834379284
2.7754078145203174,2.7754078145203174
2.8109499554533057,2.8109499554533057
2.846710945931824,2.846710945931824
2.8826992173849493,2.8826992173849493
2.918923398448475,2.918923398448475
2.955392320613145,2.955392320613145
2.992115024053969,2.992115024053969
3.0291007636462046,3.0291007636462046
3.066359015173746,3.066359015173746
3.103899481735784,3.103899481735784
3.1417321003577823,3.1417321003577823
3.179867048812937,3.179867048812937
3.2183147526604734,3.2183147526604734
3.2570858925072983,3.2570858925072983
3.296191411499637,3.296191411499637
3.335642523051535,3.335642523051535
3.3754507188171927,3.3754507188171927
3.4156277769143393,3.4156277769143393
3.456185770405966,3.456185770405966
3.4971370760479847,3.4971370760479847
3.538494383310496,3.538494383310496
3.580270703680588,3.580270703680588
3.6224793802547355,3.6224793802547355
3.665134097629086,3.665134097629086
3.708248892096097,3.708248892096097
3.7518381621562154,3.7518381621562154
3.7959166793534296,3.7959166793534296
3.8404995994438225,3.8404995994438225
3.8856024739063555,3.8856024739063555
3.9312412618054133,3.9312412618054133
3.977432342014808,3.977432342014808
4.024192525813153,4.024192525813153
4.071539069860785,4.071539069860785
4.119489689568564,4.119489689568564
4.168062572869188,4.168062572869188
4.217276394401836,4.217276394401836
4.2671503301212,4.2671503301212
4.317704072342228,4.317704072342228
4.368957845232101,4.368957845232101
4.42093242076126,4.42093242076126
4.473649135125515,4.473649135125515
4.527129905651523,4.527129905651523
4.5813972481982015,4.5813972481982015
4.63647429506688,4.63647429506688
4.692384813433278,4.692384813433278
4.749153224314639,4.749153224314639
4.806804622085643,4.806804622085643
4.865364794557013,4.865364794557013
4.924860243630936,4.924860243630936
4.985318206547829,4.985318206547829
5.0467666777391065,5.0467666777391065
5.109234431301074,5.109234431301074
5.172751044105201,5.172751044105201
5.237346919560461,5.237346919560461
5.303053312043636,5.303053312043636
5.36990235201384,5.36990235201384
5.437927071827823,5.437927071827823
5.507161432272917,5.507161432272917
5.577640349834787,5.577640349834787
5.649399724717565,5.649399724717565
5.722476469634122,5.722476469634122
5.796908539384745,5.796908539384745
5.87273496124264,5.87273496124264
5.949995866165175,5.949995866165175
6.028732520850046,6.028732520850046
6.108987360655897,6.108987360655897
6.190804023407303,6.190804023407303
6.27422738410438,6.27422738410438
6.359303590557658,6.359303590557658
6.446080099969169,6.446080099969169
6.534605716481154,6.534605716481154
6.624930629714092,6.624930629714092
6.717106454316215,6.717106454316215
6.8111862705469495,6.8111862705469495
6.9072246659172585,6.9072246659172585
7.005277777910096,7.005277777910096
7.105403337804729,7.105403337804729
7.207660715628997,7.207660715628997
7.312110966263958,7.312110966263958
7.418816876725971,7.418816876725971
7.5278430146513795,7.5278430146513795
7.6392557780097174,7.6392557780097174
7.753123446071484,7.753123446071484
7.8695162316572125,7.8695162316572125
7.9885063346948355,7.9885063346948355
8.110167997112837,8.110167997112837
8.234577559097191,8.234577559097191
8.361813516740435,8.361813516740435
8.49195658111174,8.49195658111174
8.625089738777342,8.625089738777342
8.76129831380107,8.76129831380107
11.437960498553377,11.437960498553377
11.411669191038953,11.411669191038953
11.385529356529496,11.385529356529496
11.35983971866391,11.35983971866391
11.334868878705777,11.334868878705777
11.310863535429927,11.310863535429927
11.288054116159465,11.288054116159465
11.266658792035164,11.266658792035164
11.246886437626522,11.246886437626522
11.228938874564982,11.228938874564982
11.213012614244501,11.213012614244501
11.199300240725258,11.199300240725258
11.187991529356355,11.187991529356355
11.179274367493974,11.179274367493974
11.173335524518365,11.173335524518365
11.170361305409521,11.170361305409521
11.170538113198955,11.170538113198955
11.174052939312245,11.174052939312245
11.181093796293245,11.181093796293245
11.191850104099084,11.191850104099084
11.20651303871103,11.20651303871103
11.225275849972693,11.225275849972693
11.248334154172035,11.248334154172035
11.275886205813666,11.275886205813666
11.30813315219695,11.30813315219695
11.34527927376253,11.34527927376253
11.387532212656376,11.387532212656376
11.43510319154822,11.43510319154822
11.488207224412292,11.488207224412292
11.547063320711002,11.547063320711002
11.61189468420445,11.61189468420445
11.682928907430904,11.682928907430904
11.76039816275649,11.76039816275649
11.844539390770226,11.844539390770226
11.935594486699523,11.935594486699523
12.033810485436314,12.033810485436314
