-7.001392839390555,-7.001392839390555
-7.007889110683486,-7.007889110683486
-7.011243440044219,-7.011243440044219
-7.013210081431556,-7.013210081431556
-7.014261746420365,-7.014261746420365
-7.014629790792694,-7.014629790792694
-7.014452464394432,-7.014452464394432
-7.013821916716822,-7.013821916716822
-7.012804027144784,-7.012804027144784
-7.011448262375726,-7.011448262375726
-7.00979314140327,-7.00979314140327
-7.007869513027957,-7.007869513027957
-7.005702642166399,-7.005702642166399
-7.003313601623617,-7.003313601623617
-7.000720236399452,-7.000720236399452
-6.9979378530682155,-6.9979378530682155
-6.994979725757948,-6.994979725757948
-6.9918574759518615,-6.9918574759518615
-6.988581363156731,-6.988581363156731
-6.985160511149265,-6.985160511149265
-6.9816030867188825,-6.9816030867188825
-6.977916442757527,-6.977916442757527
-6.974107234166888,-6.974107234166888
-6.970181512747281,-6.970181512747281
-6.9661448056272635,-6.9661448056272635
-6.962002180655389,-6.962002180655389
-6.957758301355902,-6.957758301355902
-6.953417473450878,-6.953417473450878
-6.948983684507188,-6.948983684507188
-6.944460637933305,-6.944460637933305
-6.939851782298066,-6.939851782298066
-6.935160336749387,-6.935160336749387
-6.930389313160679,-6.930389313160679
-6.925541535515183,-6.925541535515183
-6.920619656945901,-6.920619656945901
-6.915626174775163,-6.915626174775163
-6.910563443839069,-6.910563443839069
-6.905433688334514,-6.905433688334514
-6.900239012388108,-6.900239012388108
-6.8949814095148065,-6.8949814095148065
-6.889662771108353,-6.889662771108353
-6.884284894084344,-6.884284894084344
-6.878849487779031,-6.878849487779031
-6.87335818019235,-6.87335818019235
-6.867812523651279,-6.867812523651279
-6.862213999959256,-6.862213999959256
-6.8565640250887245,-6.8565640250887245
-6.8508639534663205,-6.8508639534663205
-6.845115081894008,-6.845115081894008
-6.839318653144004,-6.839318653144004
-6.833475859260735,-6.833475859260735
-6.827587844599068,-6.827587844599068
-6.821655708624641,-6.821655708624641
-6.815680508499122,-6.815680508499122
-6.8096632614706705,-6.8096632614706705
-6.803604947087586,-6.803604947087586
-6.79750650925123,-6.79750650925123
-6.791368858122516,-6.791368858122516
-6.785192871894812,-6.785192871894812
-6.778979398444763,-6.778979398444763
-6.772729256871339,-6.772729256871339
-6.766443238932439,-6.766443238932439
-6.760122110387412,-6.760122110387412
-6.753766612253096,-6.753766612253096
-6.7473774619802045,-6.7473774619802045
-6.740955354556302,-6.740955354556302
-6.734500963540974,-6.734500963540974
-6.728014942038364,-6.728014942038364
-6.72149792361171,-6.72149792361171
-6.714950523144159,-6.714950523144159
-6.708373337649731,-6.708373337649731
-6.701766947038021,-6.701766947038021
-6.695131914835853,-6.695131914835853
-6.688468788868897,-6.688468788868897
-6.681778101905984,-6.681778101905984
-6.675060372268637,-6.675060372268637
-6.668316104408118,-6.668316104408118
-6.6615457894521555,-6.6615457894521555
-6.654749905723298,-6.654749905723298
-6.647928919230707,-6.647928919230707
-6.641083284137089,-6.641083284137089
-6.634213443202294,-6.634213443202294
-6.6273198282050485,-6.6273198282050485
-6.620402860344117,-6.620402860344117
-6.613462950620175,-6.613462950620175
-6.606500500199489,-6.606500500199489
-6.599515900760529,-6.599515900760529
-6.592509534824455,-6.592509534824455
-6.585481776070429,-6.585481776070429
-6.578432989636617,-6.578432989636617
-6.571363532407669,-6.571363532407669
-6.564273753289431,-6.564273753289431
-6.557163993471602,-6.557163993471602
-6.550034586678984,-6.550034586678984
-6.542885859411918,-6.542885859411918
-6.535718131176522,-6.535718131176522
-6.5285317147052275,-6.5285317147052275
-6.52132691616814,-6.52132691616814
-6.514104035375691,-6.514104035375691
-6.5068633659730315,-6.5068633659730315
-6.499605195626568,-6.499605195626568
-6.492329806203052,-6.492329806203052
-6.485037473941575,-6.485037473941575
-6.477728469618841,-6.477728469618841
-6.4704030587079995,-6.4704030587079995
-6.4630615015314,-6.4630615015314
-6.455704053407518,-6.455704053407518
-6.448330964792345,-6.448330964792345
-6.440942481415496,-6.440942481415496
-6.4335388444112835,-6.4335388444112835
-6.42612029044498,-6.42612029044498
-6.4186870518345,-6.4186870518345
-6.411239356667686,-6.411239356667686
-6.40377742891543,-6.40377742891543
-6.3963014885407805,-6.3963014885407805
-6.388811751604215,-6.388811751604215
-6.38130843036528,-6.38130843036528
-6.373791733380704,-6.373791733380704
-6.366261865599168,-6.366261865599168
-6.35871902845287,-6.35871902845287
-6.351163419946005,-6.351163419946005
-6.343595234740306,-6.343595234740306
-6.3360146642377515,-6.3360146642377515
-6.32842189666057,-6.32842189666057
-6.320817117128639,-6.320817117128639
-6.313200507734391,-6.313200507734391
-6.305572247615329,-6.305572247615329
-6.297932513024228,-6.297932513024228
-6.290281477397142,-6.290281477397142
-6.282619311419281,-6.282619311419281
-6.27494618308884,-6.27494618308884
-6.267262257778877,-6.267262257778877
-6.259567698297295,-6.259567698297295
-6.2518626649450075,-6.2518626649450075
-6.244147315572361,-6.244147315572361
-6.236421805633867,-6.236421805633867
-6.228686288241321,-6.228686288241321
-6.22094091421535,-6.22094091421535
-6.213185832135468,-6.213185832135468
-6.205421188388671,-6.205421188388671
-6.19764712721664,-6.19764712721664
-6.189863790761593,-6.189863790761593
-6.182071319110842,-6.182071319110842
-6.174269850340083,-6.174269850340083
-6.1664595205554935,-6.1664595205554935
-6.158640463934649,-6.158640463934649
-6.150812812766313,-6.150812812766313
-6.142976697489139,-6.142976697489139
-6.13513224672932,-6.13513224672932
-6.127279587337218,-6.127279587337218
-6.119418844423016,-6.119418844423016
-6.111550141391421,-6.111550141391421
-6.103673599975428,-6.103673599975428
-6.09578934026923,-6.09578934026923
-6.087897480760233,-6.087897480760233
-6.0799981383602715,-6.0799981383602715
-6.072091428435988,-6.072091428435988
-6.064177464838464,-6.064177464838464
-6.056256359932065,-6.056256359932065
-6.048328224622588,-6.048328224622588
-6.040393168384674,-6.040393168384674
-6.03245129928855,-6.03245129928855
-6.024502724026104,-6.024502724026104
-6.0165475479363115,-6.0165475479363115
-6.008585875030048,-6.008585875030048
-6.000617808014285,-6.000617808014285
-5.992643448315707,-5.992643448315707
-5.984662896103761,-5.984662896103761
-5.976676250313143,-5.976676250313143
-5.968683608665764,-5.968683608665764
-5.960685067692186,-5.960685067692186
-5.952680722752557,-5.952680722752557
-5.944670668057056,-5.944670668057056
-5.936654996685862,-5.936654996685862
-5.928633800608662,-5.928633800608662
-5.920607170703713,-5.920607170703713
-5.912575196776465,-5.912575196776465
-5.904537967577757,-5.904537967577757
-5.896495570821609,-5.896495570821609
-5.888448093202622,-5.888448093202622
-5.880395620412958,-5.880395620412958
-5.872338237158983,-5.872338237158983
-5.864276027177509,-5.864276027177509
-5.856209073251705,-5.856209073251705
-5.848137457226634,-5.848137457226634
-5.840061260024475,-5.840061260024475
-5.83198056165941,-5.83198056165941
-5.823895441252177,-5.823895441252177
-5.815805977044333,-5.815805977044333
-5.807712246412192,-5.807712246412192
-5.799614325880492,-5.799614325880492
-5.791512291135749,-5.791512291135749
-5.783406217039351,-5.783406217039351
-5.775296177640366,-5.775296177640366
-5.767182246188097,-5.767182246188097
-5.759064495144362,-5.759064495144362
-5.75094299619554,-5.75094299619554
-5.742817820264354,-5.742817820264354
-5.734689037521429,-5.734689037521429
-5.726556717396609,-5.726556717396609
-5.718420928590045,-5.718420928590045
-5.710281739083064,-5.710281739083064
-5.702139216148826,-5.702139216148826
-5.693993426362758,-5.693993426362758
-5.685844435612798,-5.685844435612798
-5.677692309109423,-5.677692309109423
-5.669537111395488,-5.669537111395488
-5.661378906355881,-5.661378906355881
-5.653217757226975,-5.653217757226975
-5.6450537266059095,-5.6450537266059095
-5.636886876459696,-5.636886876459696
-5.628717268134145,-5.628717268134145
-5.620544962362619,-5.620544962362619
-5.612370019274627,-5.612370019274627
-5.604192498404264,-5.604192498404264
-5.5960124586984765,-5.5960124586984765
-5.5878299585251865,-5.5878299585251865
-5.579645055681258,-5.579645055681258
-5.5714578074003205,-5.5714578074003205
-5.56326827036045,-5.56326827036045
-5.555076500691705,-5.555076500691705
-5.546882553983525,-5.546882553983525
-5.538686485292004,-5.538686485292004
-5.530488349147022,-5.530488349147022
-5.522288199559252,-5.522288199559252
-5.514086090027045,-5.514086090027045
-5.5058820735431935,-5.5058820735431935
-5.497676202601559,-5.497676202601559
-5.489468529203611,-5.489468529203611
-5.481259104864826,-5.481259104864826
-5.473047980620984,-5.473047980620984
-5.464835207034358,-5.464835207034358
-5.456620834199796,-5.456620834199796
-5.448404911750689,-5.448404911750689
-5.440187488864848,-5.440187488864848
-5.431968614270275,-5.431968614270275
-5.423748336250828,-5.423748336250828
-5.415526702651811,-5.415526702651811
-5.407303760885446,-5.407303760885446
-5.399079557936269,-5.399079557936269
-5.390854140366425,-5.390854140366425
-5.382627554320884,-5.382627554320884
-5.374399845532557,-5.374399845532557
-5.366171059327351,-5.366171059327351
-5.357941240629106,-5.357941240629106
-5.349710433964489,-5.349710433964489
-5.341478683467778,-5.341478683467778
-5.33324603288558,-5.33324603288558
-5.325012525581479,-5.325012525581479
-5.31677820454059,-5.31677820454059
-5.308543112374066,-5.308543112374066
-5.300307291323501,-5.300307291323501
-5.292070783265298,-5.292070783265298
-5.283833629714935,-5.283833629714935
-5.275595871831181,-5.275595871831181
-5.2673575504202494,-5.2673575504202494
-5.259118705939871,-5.259118705939871
-5.250879378503311,-5.250879378503311
-5.242639607883328,-5.242639607883328
-5.234399433516063,-5.234399433516063
-5.2261588945048745,-5.2261588945048745
-5.2179180296241086,-5.2179180296241086
-5.2096768773228215,-5.2096768773228215
-5.201435475728424,-5.201435475728424
-5.1931938626503,-5.1931938626503
-5.184952075583346,-5.184952075583346
-5.176710151711466,-5.176710151711466
-5.168468127911016,-5.168468127911016
-5.160226040754187,-5.160226040754187
-5.151983926512352,-5.151983926512352
-5.143741821159351,-5.143741821159351
-5.135499760374731,-5.135499760374731
-5.127257779546945,-5.127257779546945
-5.119015913776483,-5.119015913776483
-5.1107741978789845,-5.1107741978789845
-5.102532666388288,-5.102532666388288
-5.094291353559435,-5.094291353559435
-5.086050293371644,-5.086050293371644
-5.077809519531222,-5.077809519531222
-5.0695690654744565,-5.0695690654744565
-5.061328964370443,-5.061328964370443
-5.053089249123891,-5.053089249123891
-5.044849952377875,-5.044849952377875
-5.036611106516559,-5.036611106516559
-5.028372743667874,-5.028372743667874
-5.020134895706159,-5.020134895706159
-5.011897594254763,-5.011897594254763
-5.003660870688622,-5.003660870688622
-4.995424756136782,-4.995424756136782
-4.987189281484904,-4.987189281484904
-4.978954477377715,-4.978954477377715
-4.970720374221447,-4.970720374221447
-4.9624870021862275,-4.9624870021862275
-4.954254391208438,-4.954254391208438
-4.946022570993046,-4.946022570993046
-4.937791571015902,-4.937791571015902
-4.929561420526006,-4.929561420526006
-4.92133214854774,-4.92133214854774
-4.913103783883073,-4.913103783883073
-4.904876355113739,-4.904876355113739
-4.896649890603381,-4.896649890603381
-4.888424418499669,-4.888424418499669
-4.880199966736382,-4.880199966736382
-4.87197656303548,-4.87197656303548
-4.86375423490913,-4.86375423490913
-4.85553300966171,-4.85553300966171
-4.8473129143918,-4.8473129143918
-4.839093975994125,-4.839093975994125
-4.830876221161488,-4.830876221161488
-4.822659676386669,-4.822659676386669
-4.814444367964312,-4.814444367964312
-4.806230321992771,-4.806230321992771
-4.798017564375941,-4.798017564375941
-4.789806120825066,-4.789806120825066
-4.781596016860522,-4.781596016860522
-4.773387277813574,-4.773387277813574
-4.76517992882812,-4.76517992882812
-4.756973994862398,-4.756973994862398
-4.748769500690685,-4.748769500690685
-4.740566470904967,-4.740566470904967
-4.732364929916592,-4.732364929916592
-4.724164901957896,-4.724164901957896
-4.715966411083816,-4.715966411083816
-4.707769481173481,-4.707769481173481
-4.699574135931774,-4.699574135931774
-4.6913803988908915,-4.6913803988908915
-4.683188293411867,-4.683188293411867
-4.674997842686082,-4.674997842686082
-4.666809069736769,-4.666809069736769
-4.658621997420477,-4.658621997420477
-4.650436648428529,-4.650436648428529
-4.642253045288462,-4.642253045288462
-4.634071210365452,-4.634071210365452
-4.62589116586371,-4.62589116586371
-4.617712933827876,-4.617712933827876
-4.609536536144385,-4.609536536144385
-4.601361994542821,-4.601361994542821
-4.593189330597255,-4.593189330597255
-4.585018565727568,-4.585018565727568
-4.57684972120075,-4.57684972120075
-4.5686828181321975,-4.5686828181321975
-4.560517877486981,-4.560517877486981
-4.55235492008111,-4.55235492008111
-4.5441939665827755,-4.5441939665827755
-4.5360350375135745,-4.5360350375135745
-4.527878153249734,-4.527878153249734
-4.519723334023304,-4.519723334023304
-4.511570599923349,-4.511570599923349
-4.503419970897121,-4.503419970897121
-4.4952714667512135,-4.4952714667512135
-4.487125107152713,-4.487125107152713
-4.478980911630333,-4.478980911630333
-4.470838899575523,-4.470838899575523
-4.4626990902435875,-4.4626990902435875
-4.454561502754771,-4.454561502754771
-4.4464261560953435,-4.4464261560953435
-4.438293069118671,-4.438293069118671
-4.430162260546263,-4.430162260546263
-4.422033748968829,-4.422033748968829
-4.413907552847305,-4.413907552847305
-4.405783690513873,-4.405783690513873
-4.397662180172976,-4.397662180172976
-4.38954303990231,-4.38954303990231
-4.381426287653817,-4.381426287653817
-4.373311941254654,-4.373311941254654
-4.365200018408166,-4.365200018408166
-4.357090536694836,-4.357090536694836
-4.3489835135732235,-4.3489835135732235
-4.340878966380908,-4.340878966380908
-4.332776912335405,-4.332776912335405
-4.324677368535081,-4.324677368535081
-4.3165803519600505,-4.3165803519600505
-4.308485879473081,-4.308485879473081
-4.300393967820461,-4.300393967820461
-4.292304633632885,-4.292304633632885
-4.284217893426309,-4.284217893426309
-4.276133763602811,-4.276133763602811
-4.268052260451429,-4.268052260451429
-4.259973400149006,-4.259973400149006
-4.251897198761006,-4.251897198761006
-4.2438236722423435,-4.2438236722423435
-4.23575283643818,-4.23575283643818
-4.227684707084736,-4.227684707084736
-4.219619299810072,-4.219619299810072
-4.211556630134883,-4.211556630134883
-4.203496713473265,-4.203496713473265
-4.195439565133484,-4.195439565133484
-4.187385200318736,-4.187385200318736
-4.179333634127894,-4.179333634127894
-4.171284881556258,-4.171284881556258
-4.16323895749628,-4.16323895749628
-4.155195876738299,-4.155195876738299
-4.147155653971254,-4.147155653971254
-4.139118303783403,-4.139118303783403
-4.131083840663022,-4.131083840663022
-4.123052278999102,-4.123052278999102
-4.115023633082042,-4.115023633082042
-4.10699791710433,-4.10699791710433
-4.098975145161219,-4.098975145161219
-4.090955331251393,-4.090955331251393
-4.082938489277633,-4.082938489277633
-4.07492463304747,-4.07492463304747
-4.066913776273831,-4.066913776273831
-4.058905932575684,-4.058905932575684
-4.0509011154786725,-4.0509011154786725
-4.042899338415737,-4.042899338415737
-4.03490061472775,-4.03490061472775
-4.026904957664118,-4.026904957664118
-4.018912380383404,-4.018912380383404
-4.010922895953917,-4.010922895953917
-4.002936517354324,-4.002936517354324
-3.9949532574742257,-3.9949532574742257
-3.986973129114755,-3.986973129114755
-3.978996144989148,-3.978996144989148
-3.971022317723323,-3.971022317723323
-3.9630516598564407,-3.9630516598564407
-3.955084183841477,-3.955084183841477
-3.947119902045768,-3.947119902045768
-3.9391588267515694,-3.9391588267515694
-3.9312009701565995,-3.9312009701565995
-3.923246344374577,-3.923246344374577
-3.9152949614357584,-3.9152949614357584
-3.907346833287466,-3.907346833287466
-3.8994019717946125,-3.8994019717946125
-3.8914603887402204,-3.8914603887402204
-3.8835220958259353,-3.8835220958259353
-3.875587104672534,-3.875587104672534
-3.867655426820432,-3.867655426820432
-3.859727073730176,-3.859727073730176
-3.8518020567829465,-3.8518020567829465
-3.8438803872810383,-3.8438803872810383
-3.835962076448351,-3.835962076448351
-3.8280471354308667,-3.8280471354308667
-3.820135575297126,-3.820135575297126
-3.812227407038696,-3.812227407038696
-3.8043226415706406,-3.8043226415706406
-3.7964212897319793,-3.7964212897319793
-3.7885233622861434,-3.7885233622861434
-3.780628869921429,-3.780628869921429
-3.7727378232514512,-3.7727378232514512
-3.764850232815579,-3.764850232815579
-3.756966109079379,-3.756966109079379
-3.7490854624350547,-3.7490854624350547
-3.741208303201872,-3.741208303201872
-3.733334641626589,-3.733334641626589
-3.7254644878838814,-3.7254644878838814
-3.71759785207676,-3.71759785207676
-3.7097347442369806,-3.7097347442369806
-3.7018751743254668,-3.7018751743254668
-3.6940191522327086,-3.6940191522327086
-3.6861666877791692,-3.6861666877791692
-3.6783177907156825,-3.6783177907156825
-3.6704724707238516,-3.6704724707238516
-3.6626307374164426,-3.6626307374164426
-3.6547926003377675,-3.6547926003377675
-3.6469580689640764,-3.6469580689640764
-3.639127152703933,-3.639127152703933
-3.631299860898595,-3.631299860898595
-3.6234762028223892,-3.6234762028223892
-3.6156561876830806,-3.6156561876830806
-3.607839824622241,-3.607839824622241
-3.600027122715611,-3.600027122715611
-3.592218090973466,-3.592218090973466
-3.5844127383409634,-3.5844127383409634
-3.5766110736985093,-3.5766110736985093
-3.568813105862098,-3.568813105862098
-3.5610188435836667,-3.5610188435836667
-3.5532282955514347,-3.5532282955514347
-3.5454414703902515,-3.5454414703902515
-3.537658376661924,-3.537658376661924
-3.529879022865562,-3.529879022865562
-3.522103417437904,-3.522103417437904
-3.514331568753648,-3.514331568753648
-3.506563485125775,-3.506563485125775
-3.498799174805875,-3.498799174805875
-3.4910386459844647,-3.4910386459844647
-3.483281906791304,-3.483281906791304
-3.4755289652957124,-3.4755289652957124
-3.467779829506878,-3.467779829506878
-3.4600345073741643,-3.4600345073741643
-3.4522930067874205,-3.4522930067874205
-3.444555335577279,-3.444555335577279
-3.4368215015154613,-3.4368215015154613
-3.429091512315068,-3.429091512315068
-3.421365375630879,-3.421365375630879
-3.413643099059645,-3.413643099059645
-3.4059246901403717,-3.4059246901403717
-3.3982101563546143,-3.3982101563546143
-3.390499505126753,-3.390499505126753
-3.3827927438242824,-3.3827927438242824
-3.3750898797580855,-3.3750898797580855
-3.3673909201827135,-3.3673909201827135
-3.3596958722966543,-3.3596958722966543
-3.352004743242612,-3.352004743242612
-3.3443175401077694,-3.3443175401077694
-3.3366342699240574,-3.3366342699240574
-3.3289549396684186,-3.3289549396684186
-3.3212795562630713,-3.3212795562630713
-3.3136081265757644,-3.3136081265757644
-3.3059406574200416,-3.3059406574200416
-3.2982771555554873,-3.2982771555554873
-3.29061762768799,-3.29061762768799
-3.282962080469984,-3.282962080469984
-3.275310520500702,-3.275310520500702
-3.267662954326418,-3.267662954326418
-3.2600193884406954,-3.2600193884406954
-3.252379829284626,-3.252379829284626
-3.244744283247068,-3.244744283247068
-3.2371127566648883,-3.2371127566648883
-3.2294852558231906,-3.2294852558231906
-3.2218617869555564,-3.2218617869555564
-3.2142423562442697,-3.2142423562442697
-3.206626969820551,-3.206626969820551
-3.19901563376478,-3.19901563376478
-3.1914083541067244,-3.1914083541067244
-3.1838051368257587,-3.1838051368257587
-3.1762059878510907,-3.1762059878510907
-3.1686109130619746,-3.1686109130619746
-3.1610199182879346,-3.1610199182879346
-3.1534330093089737,-3.1534330093089737
-3.1458501918557897,-3.1458501918557897
-3.1382714716099906,-3.1382714716099906
-3.130696854204298,-3.130696854204298
-3.123126345222756,-3.123126345222756
-3.1155599502009417,-3.1155599502009417
-3.1079976746261635,-3.1079976746261635
-3.1004395239376654,-3.1004395239376654
-3.0928855035268303,-3.0928855035268303
-3.085335618737376,-3.085335618737376
-3.07778987486555,-3.07778987486555
-3.0702482771603297,-3.0702482771603297
-3.062710830823612,-3.062710830823612
-3.0551775410104063,-3.0551775410104063
-3.047648412829026,-3.047648412829026
-3.040123451341275,-3.040123451341275
-3.0326026615626334,-3.0326026615626334
-3.025086048462447,-3.025086048462447
-3.0175736169641065,-3.0175736169641065
-3.0100653719452315,-3.0100653719452315
-3.0025613182378477,-3.0025613182378477
-2.9950614606285715,-2.9950614606285715
-2.987565803858781,-2.987565803858781
-2.980074352624794,-2.980074352624794
-2.9725871115780436,-2.9725871115780436
-2.9651040853252466,-2.9651040853252466
-2.957625278428578,-2.957625278428578
-2.950150695405838,-2.950150695405838
-2.9426803407306217,-2.9426803407306217
-2.9352142188324835,-2.9352142188324835
-2.9277523340971054,-2.9277523340971054
-2.9202946908664553,-2.9202946908664553
-2.912841293438952,-2.912841293438952
-2.905392146069628,-2.905392146069628
-2.897947252970284,-2.897947252970284
-2.890506618309648,-2.890506618309648
-2.883070246213535,-2.883070246213535
-2.875638140764996,-2.875638140764996
-2.8682103060044777,-2.8682103060044777
-2.8607867459299685,-2.8607867459299685
-2.853367464497155,-2.853367464497155
-2.8459524656195683,-2.8459524656195683
-2.838541753168732,-2.838541753168732
-2.8311353309743095,-2.8311353309743095
-2.823733202824251,-2.823733202824251
-2.816335372464934,-2.816335372464934
-2.8089418436013105,-2.8089418436013105
-2.8015526198970466,-2.8015526198970466
-2.7941677049746607,-2.7941677049746607
-2.7867871024156656,-2.7867871024156656
-2.779410815760707,-2.779410815760707
-2.7720388485096956,-2.7720388485096956
-2.7646712041219472,-2.7646712041219472
-2.7573078860163136,-2.7573078860163136
-2.7499488975713167,-2.7499488975713167
-2.742594242125281,-2.742594242125281
-2.735243922976461,-2.735243922976461
-2.727897943383176,-2.727897943383176
-2.720556306563933,-2.720556306563933
-2.7132190156975544,-2.7132190156975544
-2.7058860739233066,-2.7058860739233066
-2.6985574843410225,-2.6985574843410225
-2.691233250011226,-2.691233250011226
-2.6839133739552534,-2.6839133739552534
-2.676597859155374,-2.676597859155374
-2.6692867085549126,-2.6692867085549126
-2.6619799250583673,-2.6619799250583673
-2.6546775115315255,-2.6546775115315255
-2.647379470801585,-2.647379470801585
-2.6400858056572662,-2.6400858056572662
-2.632796518848927,-2.632796518848927
-2.625511613088678,-2.625511613088678
-2.618231091050495,-2.618231091050495
-2.6109549553703277,-2.6109549553703277
-2.6036832086462143,-2.6036832086462143
-2.5964158534383874,-2.5964158534383874
-2.589152892269386,-2.589152892269386
-2.5818943276241564,-2.5818943276241564
-2.574640161950167,-2.574640161950167
-2.567390397657508,-2.567390397657508
-2.5601450371189958,-2.5601450371189958
-2.552904082670279,-2.552904082670279
-2.5456675366099395,-2.5456675366099395
-2.5384354011995924,-2.5384354011995924
-2.531207678663991,-2.531207678663991
-2.523984371191119,-2.523984371191119
-2.516765480932295,-2.516765480932295
-2.5095510100022684,-2.5095510100022684
-2.5023409604793163,-2.5023409604793163
-2.4951353344053344,-2.4951353344053344
-2.4879341337859415,-2.4879341337859415
-2.4807373605905636,-2.4807373605905636
-2.473545016752532,-2.473545016752532
-2.466357104169173,-2.466357104169173
-2.4591736247019016,-2.4591736247019016
-2.451994580176309,-2.451994580176309
-2.4448199723822523,-2.4448199723822523
-2.4376498030739446,-2.4376498030739446
-2.430484073970041,-2.430484073970041
-2.423322786753722,-2.423322786753722
-2.41616594307279,-2.41616594307279
-2.409013544539739,-2.409013544539739
-2.4018655927318506,-2.4018655927318506
-2.394722089191272,-2.394722089191272
-2.3875830354250995,-2.3875830354250995
-2.3804484329054594,-2.3804484329054594
-2.3733182830695876,-2.3733182830695876
-2.366192587319914,-2.366192587319914
-2.359071347024134,-2.359071347024134
-2.3519545635152936,-2.3519545635152936
-2.344842238091862,-2.344842238091862
-2.337734372017811,-2.337734372017811
-2.3306309665226896,-2.3306309665226896
-2.323532022801699,-2.323532022801699
-2.316437542015764,-2.316437542015764
-2.3093475252916114,-2.3093475252916114
-2.302261973721841,-2.302261973721841
-2.295180888364993,-2.295180888364993
-2.288104270245624,-2.288104270245624
-2.281032120354375,-2.281032120354375
-2.2739644396480405,-2.2739644396480405
-2.26690122904964,-2.26690122904964
-2.2598424894484817,-2.2598424894484817
-2.252788221700229,-2.252788221700229
-2.2457384266269758,-2.2457384266269758
-2.2386931050173002,-2.2386931050173002
-2.2316522576263376,-2.2316522576263376
-2.224615885175842,-2.224615885175842
-2.2175839883542467,-2.2175839883542467
-2.2105565678167345,-2.2105565678167345
-2.2035336241852903,-2.2035336241852903
-2.19651515804877,-2.19651515804877
-2.1895011699629574,-2.1895011699629574
-2.1824916604506233,-2.1824916604506233
-2.175486630001588,-2.175486630001588
-2.168486079072774,-2.168486079072774
-2.1614900080882715,-2.1614900080882715
-2.154498417439388,-2.154498417439388
-2.1475113074847085,-2.1475113074847085
-2.1405286785501505,-2.1405286785501505
-2.1335505309290186,-2.1335505309290186
-2.1265768648820584,-2.1265768648820584
-2.11960768063751,-2.11960768063751
-2.1126429783911624,-2.1126429783911624
-2.105682758306404,-2.105682758306404
-2.098727020514275,-2.098727020514275
-2.091775765113516,-2.091775765113516
-2.084828992170622,-2.084828992170622
-2.077886701719891,-2.077886701719891
-2.0709488937634704,-2.0709488937634704
-2.064015568271406,-2.064015568271406
-2.0570867251816907,-2.0570867251816907
-2.050162364400313,-2.050162364400313
-2.0432424858012985,-2.0432424858012985
-2.0363270892267615,-2.0363270892267615
-2.0294161744869443,-2.0294161744869443
-2.022509741360264,-2.022509741360264
-2.0156077895933615,-2.0156077895933615
-2.0087103189011306,-2.0087103189011306
-2.001817328966778,-2.001817328966778
-1.9949288194418517,-1.9949288194418517
-1.988044789946289,-1.988044789946289
-1.9811652400684543,-1.9811652400684543
-1.974290169365182,-1.974290169365182
-1.967419577361811,-1.967419577361811
-1.9605534635522306,-1.9605534635522306
-1.953691827398911,-1.953691827398911
-1.9468346683329478,-1.9468346683329478
-1.9399819857540923,-1.9399819857540923
-1.933133779030794,-1.933133779030794
-1.9262900475002331,-1.9262900475002331
-1.9194507904683575,-1.9194507904683575
-1.9126160072099136,-1.9126160072099136
-1.9057856969684865,-1.9057856969684865
-1.8989598589565273,-1.8989598589565273
-1.8921384923553912,-1.8921384923553912
-1.8853215963153647,-1.8853215963153647
-1.8785091699557028,-1.8785091699557028
-1.8717012123646553,-1.8717012123646553
-1.8648977225995014,-1.8648977225995014
-1.858098699686575,-1.858098699686575
-1.8513041426213,-1.8513041426213
-1.8445140503682134,-1.8445140503682134
-1.837728421861031,-1.837728421861031
-1.8309472560025415,-1.8309472560025415
-1.8241705516648312,-1.8241705516648312
-1.817398307689178,-1.817398307689178
-1.8106305228861135,-1.8106305228861135
-1.8038671960354447,-1.8038671960354447
-1.7971083258862832,-1.7971083258862832
-1.790353911157065,-1.790353911157065
-1.7836039505355779,-1.7836039505355779
-1.7768584426789837,-1.7768584426789837
-1.7701173862138413,-1.7701173862138413
-1.763380779736126,-1.763380779736126
-1.756648621811258,-1.756648621811258
-1.7499209109741156,-1.7499209109741156
-1.7431976457290632,-1.7431976457290632
-1.736478824549964,-1.736478824549964
-1.729764445880207,-1.729764445880207
-1.7230545081327193,-1.7230545081327193
-1.716349009689991,-1.716349009689991
-1.7096479489040872,-1.7096479489040872
-1.702951324096671,-1.702951324096671
-1.696259133559015,-1.696259133559015
-1.6895713755520227,-1.6895713755520227
-1.68288804830624,-1.68288804830624
-1.6762091500218756,-1.6762091500218756
-1.6695346788688101,-1.6695346788688101
-1.6628646329866164,-1.6628646329866164
-1.6561990104845663,-1.6561990104845663
-1.6495378094416524,-1.6495378094416524
-1.6428810279065942,-1.6428810279065942
-1.6362286638978525,-1.6362286638978525
-1.6295807154036424,-1.6295807154036424
-1.6229371803819417,-1.6229371803819417
-1.6162980567605059,-1.6162980567605059
-1.6096633424368763,-1.6096633424368763
-1.6030330352783873,-1.6030330352783873
-1.5964071331221794,-1.5964071331221794
-1.5897856337752068,-1.5897856337752068
-1.5831685350142455,-1.5831685350142455
-1.5765558345859014,-1.5765558345859014
-1.5699475302066153,-1.5699475302066153
-1.5633436195626744,-1.5633436195626744
-1.556744100310214,-1.556744100310214
-1.5501489700752265,-1.5501489700752265
-1.5435582264535634,-1.5435582264535634
-1.536971867010944,-1.536971867010944
-1.530389889282958,-1.530389889282958
-1.5238122907750675,-1.5238122907750675
-1.5172390689626123,-1.5172390689626123
-1.510670221290815,-1.510670221290815
-1.504105745174778,-1.504105745174778
-1.4975456379994898,-1.4975456379994898
-1.4909898971198234,-1.4909898971198234
-1.4844385198605412,-1.4844385198605412
-1.4778915035162918,-1.4778915035162918
-1.47134884535161,-1.47134884535161
-1.4648105426009193,-1.4648105426009193
-1.458276592468527,-1.458276592468527
-1.4517469921286275,-1.4517469921286275
-1.4452217387252964,-1.4452217387252964
-1.438700829372487,-1.438700829372487
-1.4321842611540343,-1.4321842611540343
-1.4256720311236442,-1.4256720311236442
-1.4191641363048924,-1.4191641363048924
-1.4126605736912208,-1.4126605736912208
-1.4061613402459325,-1.4061613402459325
-1.3996664329021862,-1.3996664329021862
-1.393175848562989,-1.393175848562989
-1.3866895841011924,-1.3866895841011924
-1.3802076363594855,-1.3802076363594855
-1.373730002150387,-1.373730002150387
-1.367256678256237,-1.367256678256237
-1.360787661429189,-1.360787661429189
-1.3543229483912038,-1.3543229483912038
-1.3478625358340375,-1.3478625358340375
-1.3414064204192335,-1.3414064204192335
-1.334954598778112,-1.334954598778112
-1.32850706751176,-1.32850706751176
-1.3220638231910204,-1.3220638231910204
-1.3156248623564797,-1.3156248623564797
-1.3091901815184566,-1.3091901815184566
-1.3027597771569914,-1.3027597771569914
-1.2963336457218315,-1.2963336457218315
-1.289911783632418,-1.289911783632418
-1.2834941872778718,-1.2834941872778718
-1.2770808530169817,-1.2770808530169817
-1.2706717771781884,-1.2706717771781884
-1.2642669560595678,-1.2642669560595678
-1.2578663859288182,-1.2578663859288182
-1.2514700630232423,-1.2514700630232423
-1.245077983549733,-1.245077983549733
-1.2386901436847537,-1.2386901436847537
-1.232306539574322,-1.232306539574322
-1.2259271673339933,-1.2259271673339933
-1.2195520230488415,-1.2195520230488415
-1.213181102773438,-1.213181102773438
-1.2068144025318366,-1.2068144025318366
-1.2004519183175506,-1.2004519183175506
-1.1940936460935356,-1.1940936460935356
-1.1877395817921643,-1.1877395817921643
-1.1813897213152094,-1.1813897213152094
-1.1750440605338228,-1.1750440605338228
-1.1687025952885086,-1.1687025952885086
-1.1623653213891068,-1.1623653213891068
-1.156032234614764,-1.156032234614764
-1.1497033307139166,-1.1497033307139166
-1.1433786054042623,-1.1433786054042623
-1.1370580543727375,-1.1370580543727375
-1.1307416732754916,-1.1307416732754916
-1.1244294577378646,-1.1244294577378646
-1.1181214033543563,-1.1181214033543563
-1.1118175056886064,-1.1118175056886064
-1.1055177602733615,-1.1055177602733615
-1.099222162610455,-1.099222162610455
-1.0929307081707724,-1.0929307081707724
-1.0866433923942307,-1.0866433923942307
-1.08036021068974,-1.08036021068974
-1.074081158435188,-1.074081158435188
-1.0678062309773968,-1.0678062309773968
-1.061535423632105,-1.061535423632105
-1.0552687316839273,-1.0552687316839273
-1.049006150386332,-1.049006150386332
-1.042747674961604,-1.042747674961604
-1.0364933006008175,-1.0364933006008175
-1.0302430224637982,-1.0302430224637982
-1.0239968356790987,-1.0239968356790987
-1.017754735343957,-1.017754735343957
-1.0115167165242707,-1.0115167165242707
-1.0052827742545545,-1.0052827742545545
-0.9990529035379149,-0.9990529035379149
-0.992827099346008,-0.992827099346008
-0.9866053566190093,-0.9866053566190093
-0.9803876702655723,-0.9803876702655723
-0.9741740351627991,-0.9741740351627991
-0.967964446156196,-0.967964446156196
-0.9617588980596438,-0.9617588980596438
-0.9555573856553525,-0.9555573856553525
-0.9493599036938315,-0.9493599036938315
-0.9431664468938411,-0.9431664468938411
-0.9369770099423634,-0.9369770099423634
-0.9307915874945547,-0.9307915874945547
-0.9246101741737093,-0.9246101741737093
-0.9184327645712193,-0.9184327645712193
-0.9122593532465324,-0.9122593532465324
-0.9060899347271089,-0.9060899347271089
-0.8999245035083818,-0.8999245035083818
-0.8937630540537156,-0.8937630540537156
-0.8876055807943601,-0.8876055807943601
-0.8814520781294087,-0.8814520781294087
-0.875302540425754,-0.875302540425754
-0.8691569620180435,-0.8691569620180435
-0.8630153372086374,-0.8630153372086374
-0.8568776602675581,-0.8568776602675581
-0.8507439254324477,-0.8507439254324477
-0.8446141269085219,-0.8446141269085219
-0.8384882588685231,-0.8384882588685231
-0.8323663154526705,-0.8323663154526705
-0.8262482907686158,-0.8262482907686158
-0.8201341788913937,-0.8201341788913937
-0.8140239738633731,-0.8140239738633731
-0.8079176696942072,-0.8079176696942072
-0.8018152603607844,-0.8018152603607844
-0.7957167398071797,-0.7957167398071797
-0.7896221019446011,-0.7896221019446011
-0.7835313406513409,-0.7835313406513409
-0.777444449772722,-0.777444449772722
-0.7713614231210473,-0.7713614231210473
-0.7652822544755485,-0.7652822544755485
-0.7592069375823286,-0.7592069375823286
-0.7531354661543107,-0.7531354661543107
-0.7470678338711865,-0.7470678338711865
-0.7410040343793572,-0.7410040343793572
-0.7349440612918811,-0.7349440612918811
-0.7288879081884161,-0.7288879081884161
-0.7228355686151665,-0.7228355686151665
-0.7167870360848241,-0.7167870360848241
-0.7107423040765108,-0.7107423040765108
-0.7047013660357222,-0.7047013660357222
-0.6986642153742694,-0.6986642153742694
-0.6926308454702207,-0.6926308454702207
-0.6866012496678404,-0.6866012496678404
-0.6805754212775303,-0.6805754212775303
-0.6745533535757714,-0.6745533535757714
-0.6685350398050616,-0.6685350398050616
-0.6625204731738529,-0.6625204731738529
-0.6565096468564919,-0.6565096468564919
-0.6505025539931578,-0.6505025539931578
-0.6444991876897989,-0.6444991876897989
-0.6384995410180678,-0.6384995410180678
-0.6325036070152601,-0.6325036070152601
-0.6265113786842494,-0.6265113786842494
-0.6205228489934227,-0.6205228489934227
-0.6145380108766131,-0.6145380108766131
-0.6085568572330359,-0.6085568572330359
-0.6025793809272217,-0.6025793809272217
-0.5966055747889509,-0.5966055747889509
-0.5906354316131828,-0.5906354316131828
-0.584668944159989,-0.584668944159989
-0.578706105154489,-0.578706105154489
-0.5727469072867745,-0.5727469072867745
-0.5667913432118437,-0.5667913432118437
-0.5608394055495305,-0.5608394055495305
-0.5548910868844333,-0.5548910868844333
-0.548946379765846,-0.548946379765846
-0.5430052767076817,-0.5430052767076817
-0.5370677701884043,-0.5370677701884043
-0.5311338526509548,-0.5311338526509548
-0.5252035165026777,-0.5252035165026777
-0.5192767541152463,-0.5192767541152463
-0.5133535578245878,-0.5133535578245878
-0.5074339199308107,-0.5074339199308107
-0.5015178326981276,-0.5015178326981276
-0.4956052883547789,-0.4956052883547789
-0.4896962790929548,-0.4896962790929548
-0.4837907970687213,-0.4837907970687213
-0.4778888344019402,-0.4778888344019402
-0.47199038317619074,-0.47199038317619074
-0.466095435438689,-0.466095435438689
-0.4602039832002137,-0.4602039832002137
-0.4543160184350199,-0.4543160184350199
-0.44843153308076134,-0.44843153308076134
-0.44255051903840903,-0.44255051903840903
-0.43667296817216894,-0.43667296817216894
-0.4307988723094005,-0.4307988723094005
-0.4249282232405312,-0.4249282232405312
-0.4190610127189747,-0.4190610127189747
-0.41319723246104795,-0.41319723246104795
-0.4073368741458842,-0.4073368741458842
-0.4014799294153477,-0.4014799294153477
-0.3956263898739485,-0.3956263898739485
-0.3897762470887562,-0.3897762470887562
-0.38392949258931275,-0.38392949258931275
-0.37808611786754365,-0.37808611786754365
-0.37224611437766975,-0.37224611437766975
-0.36640947353611963,-0.36640947353611963
-0.36057618672143965,-0.36057618672143965
-0.3547462452742023,-0.3547462452742023
-0.34891964049691554,-0.34891964049691554
-0.34309636365393464,-0.34309636365393464
-0.3372764059713666,-0.3372764059713666
-0.33145975863697885,-0.33145975863697885
-0.32564641280010426,-0.32564641280010426
-0.319836359571552,-0.319836359571552
-0.314029590023508,-0.314029590023508
-0.30822609518944166,-0.30822609518944166
-0.30242586606400984,-0.30242586606400984
-0.2966288936029633,-0.2966288936029633
-0.2908351687230432,-0.2908351687230432
-0.2850446823018916,-0.2850446823018916
-0.2792574251779449,-0.2792574251779449
-0.27347338815034317,-0.27347338815034317
-0.26769256197882146,-0.26769256197882146
-0.26191493738362,-0.26191493738362
-0.2561405050453729,-0.2561405050453729
-0.2503692556050133,-0.2503692556050133
-0.24460117966367018,-0.24460117966367018
-0.23883626778256445,-0.23883626778256445
-0.2330745104829044,-0.2330745104829044
-0.2273158982457824,-0.2273158982457824
-0.22156042151207236,-0.22156042151207236
-0.21580807068232158,-0.21580807068232158
-0.2100588361166442,-0.2100588361166442
-0.20431270813461505,-0.20431270813461505
-0.19856967701516381,-0.19856967701516381
-0.19282973299646525,-0.19282973299646525
-0.18709286627582872,-0.18709286627582872
-0.18135906700959073,-0.18135906700959073
-0.17562832531300507,-0.17562832531300507
-0.16990063126013066,-0.16990063126013066
-0.16417597488371888,-0.16417597488371888
-0.15845434617510187,-0.15845434617510187
-0.15273573508408186,-0.15273573508408186
-0.1470201315188146,-0.1470201315188146
-0.1413075253456947,-0.1413075253456947
-0.13559790638924119,-0.13559790638924119
-0.12989126443198273,-0.12989126443198273
-0.1241875892143395,-0.1241875892143395
-0.11848687043450604,-0.11848687043450604
-0.11278909774833192,-0.11278909774833192
-0.10709426076920572,-0.10709426076920572
-0.1014023490679344,-0.1014023490679344
-0.09571335217262078,-0.09571335217262078
-0.09002725956854407,-0.09002725956854407
-0.08434406069803961,-0.08434406069803961
-0.07866374496037477,-0.07866374496037477
-0.07298630171162403,-0.07298630171162403
-0.06731172026454747,-0.06731172026454747
-0.06163998988846537,-0.06163998988846537
-0.05597109980913229,-0.05597109980913229
-0.0503050392086102,-0.0503050392086102
-0.04464179722514137,-0.04464179722514137
-0.03898136295302236,-0.03898136295302236
-0.03332372544247311,-0.03332372544247311
-0.02766887369950846,-0.02766887369950846
-0.02201679668580684,-0.02201679668580684
-0.016367483318581753,-0.016367483318581753
-0.010720922470447623,-0.010720922470447623
-0.005077102969287512,-0.005077102969287512
0.0005639864018803465,0.0005639864018803465
0.006202356905034638,0.006202356905034638
0.011838019847288375,0.011838019847288375
0.01747098658102675,0.01747098658102675
0.02310126850403547,0.02310126850403547
0.02872887705965021,0.02872887705965021
0.03435382373688333,0.03435382373688333
0.03997612007057352,0.03997612007057352
0.045595777641514616,0.045595777641514616
0.05121280807660907,0.05121280807660907
0.056827223048995505,0.056827223048995505
0.06243903427820549,0.06243903427820549
0.06804825353029467,0.06804825353029467
0.07365489261799699,0.07365489261799699
0.0792589634008601,0.0792589634008601
0.08486047778540048,0.08486047778540048
0.09045944772524507,0.09045944772524507
0.0960558852212771,0.0960558852212771
0.10164980232179195,0.10164980232179195
0.10724121112263688,0.10724121112263688
0.11283012376737177,0.11283012376737177
0.1184165524474107,0.1184165524474107
0.12400050940218173,0.12400050940218173
0.12958200691927352,0.12958200691927352
0.13516105733459585,0.13516105733459585
0.14073767303252707,0.14073767303252707
0.14631186644607724,0.14631186644607724
0.1518836500570376,0.1518836500570376
0.15745303639614658,0.15745303639614658
0.16302003804323723,0.16302003804323723
0.16858466762740867,0.16858466762740867
0.17414693782717652,0.17414693782717652
0.17970686137064293,0.17970686137064293
0.18526445103564787,0.18526445103564787
0.1908197196499459,0.1908197196499459
0.19637268009135828,0.19637268009135828
0.2019233452879459,0.2019233452879459
0.20747172821816978,0.20747172821816978
0.213017841911066,0.213017841911066
0.2185616994464029,0.2185616994464029
0.2241033139548612,0.2241033139548612
0.22964269861819486,0.22964269861819486
0.2351798666694101,0.2351798666694101
0.24071483139293046,0.24071483139293046
0.2462476061247756,0.2462476061247756
0.25177820425273034,0.25177820425273034
0.2573066392165249,0.2573066392165249
0.26283292450800544,0.26283292450800544
0.2683570736713187,0.2683570736713187
0.2738791003030799,0.2738791003030799
0.27939901805256356,0.27939901805256356
0.28491684062187345,0.28491684062187345
0.29043258176613285,0.29043258176613285
0.29594625529365803,0.29594625529365803
0.30145787506615224,0.30145787506615224
0.30696745499887756,0.30696745499887756
0.31247500906085424,0.31247500906085424
0.3179805512750353,0.3179805512750353
0.32348409571850406,0.32348409571850406
0.3289856565226539,0.3289856565226539
0.3344852478733886,0.3344852478733886
0.3399828840113036,0.3399828840113036
0.3454785792318854,0.3454785792318854
0.35097234788569975,0.35097234788569975
0.3564642043785918,0.3564642043785918
0.36195416317187445,0.36195416317187445
0.3674422387825337,0.3674422387825337
0.37292844578341816,0.37292844578341816
0.3784127988034463,0.3784127988034463
0.38389531252779746,0.38389531252779746
0.3893760016981246,0.3893760016981246
0.39485488111274425,0.39485488111274425
0.40033196562685214,0.40033196562685214
0.40580727015271895,0.40580727015271895
0.4112808096599046,0.4112808096599046
0.41675259917545576,0.41675259917545576
0.422222653784126,0.422222653784126
0.42769098862857546,0.42769098862857546
0.4331576189095905,0.4331576189095905
0.43862255988628596,0.43862255988628596
0.4440858268763317,0.4440858268763317
0.4495474352561523,0.4495474352561523
0.45500740046115856,0.45500740046115856
0.460465737985951,0.460465737985951
0.46592246338455057,0.46592246338455057
0.47137759227060605,0.47137759227060605
0.4768311403176295,0.4768311403176295
0.48228312325920325,0.48228312325920325
0.4877335568892187,0.4877335568892187
0.4931824570620879,0.4931824570620879
0.4986298396929813,0.4986298396929813
0.5040757207580461,0.5040757207580461
0.5095201162946449,0.5095201162946449
0.5149630424015741,0.5149630424015741
0.5204045152393092,0.5204045152393092
0.5258445510302253,0.5258445510302253
0.531283166058842,0.531283166058842
0.5367203766720511,0.5367203766720511
0.5421561992793611,0.5421561992793611
0.547590650353128,0.547590650353128
0.5530237464288035,0.5530237464288035
0.5584555041051693,0.5584555041051693
0.5638859400445868,0.5638859400445868
0.5693150709732332,0.5693150709732332
0.5747429136813577,0.5747429136813577
0.5801694850235157,0.5801694850235157
0.5855948019188331,0.5855948019188331
0.5910188813512406,0.5910188813512406
0.596441740369738,0.596441740369738
0.6018633960886381,0.6018633960886381
0.6072838656878295,0.6072838656878295
0.6127031664130235,0.6127031664130235
0.6181213155760222,0.6181213155760222
0.6235383305549671,0.6235383305549671
0.6289542287946093,0.6289542287946093
0.634369027806562,0.634369027806562
0.6397827451695768,0.6397827451695768
0.6451953985297928,0.6451953985297928
0.650607005601022,0.650607005601022
0.6560175841649992,0.6560175841649992
0.6614271520716692,0.6614271520716692
0.6668357272394431,0.6668357272394431
0.6722433276554867,0.6722433276554867
0.6776499713759795,0.6776499713759795
0.6830556765264069,0.6830556765264069
0.6884604613018248,0.6884604613018248
0.693864343967152,0.693864343967152
0.6992673428574385,0.6992673428574385
0.7046694763781601,0.7046694763781601
0.7100707630054998,0.7100707630054998
0.7154712212866298,0.7154712212866298
0.7208708698400035,0.7208708698400035
0.7262697273556482,0.7262697273556482
0.7316678125954554,0.7316678125954554
0.737065144393469,0.737065144393469
0.7424617416561847,0.7424617416561847
0.7478576233628502,0.7478576233628502
0.753252808565761,0.753252808565761
0.7586473163905586,0.7586473163905586
0.7640411660365336,0.7640411660365336
0.769434376776935,0.769434376776935
0.774826967959275,0.774826967959275
0.7802189590056283,0.7802189590056283
0.7856103694129506,0.7856103694129506
0.791001218753391,0.791001218753391
0.7963915266746018,0.7963915266746018
0.8017813129000511,0.8017813129000511
0.8071705972293449,0.8071705972293449
0.8125593995385465,0.8125593995385465
0.8179477397804976,0.8179477397804976
0.8233356379851361,0.8233356379851361
0.8287231142598251,0.8287231142598251
0.834110188789683,0.834110188789683
0.8394968818379089,0.8394968818379089
0.8448832137461108,0.8448832137461108
0.8502692049346461,0.8502692049346461
0.8556548759029468,0.8556548759029468
0.8610402472298695,0.8610402472298695
0.8664253395740192,0.8664253395740192
0.8718101736741056,0.8718101736741056
0.8771947703492726,0.8771947703492726
0.8825791504994571,0.8825791504994571
0.8879633351057221,0.8879633351057221
0.8933473452306215,0.8933473452306215
0.8987312020185368,0.8987312020185368
0.9041149266960447,0.9041149266960447
0.9094985405722601,0.9094985405722601
0.9148820650392078,0.9148820650392078
0.9202655215721703,0.9202655215721703
0.9256489317300604,0.9256489317300604
0.9310323171557775,0.9310323171557775
0.936415699576584,0.936415699576584
0.9417991008044647,0.9417991008044647
0.9471825427365083,0.9471825427365083
0.9525660473552703,0.9525660473552703
0.9579496367291629,0.9579496367291629
0.9633333330128184,0.9633333330128184
0.9687171584474846,0.9687171584474846
0.9741011353613935,0.9741011353613935
0.9794852861701632,0.9794852861701632
0.9848696333771688,0.9848696333771688
0.9902541995739482,0.9902541995739482
0.995639007440583,0.995639007440583
1.0010240797461027,1.0010240797461027
1.0064094393488732,1.0064094393488732
1.0117951091970099,1.0117951091970099
1.0171811123287644,1.0171811123287644
1.0225674718729456,1.0225674718729456
1.0279542110493136,1.0279542110493136
1.0333413531690012,1.0333413531690012
1.0387289216349187,1.0387289216349187
1.044116939942175,1.044116939942175
1.0495054316784893,1.0495054316784893
1.054894420524623,1.054894420524623
1.0602839302547842,1.0602839302547842
1.0656739847370773,1.0656739847370773
1.0710646079339097,1.0710646079339097
1.0764558239024393,1.0764558239024393
1.0818476567949975,1.0818476567949975
1.0872401308595345,1.0872401308595345
1.0926332704400508,1.0926332704400508
1.098027099977048,1.098027099977048
1.1034216440079647,1.1034216440079647
1.108816927167635,1.108816927167635
1.1142129741887254,1.1142129741887254
1.1196098099022065,1.1196098099022065
1.1250074592377912,1.1250074592377912
1.1304059472244072,1.1304059472244072
1.1358052989906524,1.1358052989906524
1.141205539765264,1.141205539765264
1.1466066948775822,1.1466066948775822
1.152008789758029,1.152008789758029
1.1574118499385724,1.1574118499385724
1.1628159010532146,1.1628159010532146
1.1682209688384602,1.1682209688384602
1.173627079133815,1.173627079133815
1.179034257882254,1.179034257882254
1.1844425311307296,1.1844425311307296
1.1898519250306467,1.1898519250306467
1.1952624658383777,1.1952624658383777
1.20067417991574,1.20067417991574
1.2060870937305208,1.2060870937305208
1.2115012338569626,1.2115012338569626
1.2169166269762883,1.2169166269762883
1.2223332998772,1.2223332998772
1.2277512794564074,1.2277512794564074
1.2331705927191314,1.2331705927191314
1.2385912667796448,1.2385912667796448
1.244013328861779,1.244013328861779
1.2494368062994687,1.2494368062994687
1.2548617265372712,1.2548617265372712
1.260288117130916,1.260288117130916
1.2657160057478296,1.2657160057478296
1.2711454201676922,1.2711454201676922
1.276576388282971,1.276576388282971
1.282008938099485,1.282008938099485
1.2874430977369418,1.2874430977369418
1.2928788954295123,1.2928788954295123
1.2983163595263763,1.2983163595263763
1.3037555184922993,1.3037555184922993
1.3091964009081898,1.3091964009081898
1.3146390354716853,1.3146390354716853
1.3200834509977108,1.3200834509977108
1.3255296764190765,1.3255296764190765
1.330977740787044,1.330977740787044
1.3364276732719325,1.3364276732719325
1.341879503163689,1.341879503163689
1.3473332598725056,1.3473332598725056
1.3527889729293954,1.3527889729293954
1.3582466719868185,1.3582466719868185
1.3637063868192756,1.3637063868192756
1.369168147323919,1.369168147323919
1.3746319835211713,1.3746319835211713
1.380097925555348,1.380097925555348
1.3855660036952782,1.3855660036952782
1.3910362483349281,1.3910362483349281
1.3965086899940355,1.3965086899940355
1.4019833593187523,1.4019833593187523
1.40746028708228,1.40746028708228
1.4129395041855097,1.4129395041855097
1.4184210416576766,1.4184210416576766
1.4239049306570157,1.4239049306570157
1.4293912024714184,1.4293912024714184
1.4348798885190892,1.4348798885190892
1.4403710203492157,1.4403710203492157
1.4458646296426465,1.4458646296426465
1.4513607482125603,1.4513607482125603
1.4568594080051456,1.4568594080051456
1.4623606411002863,1.4623606411002863
1.4678644797122604,1.4678644797122604
1.4733709561904247,1.4733709561904247
1.4788801030199146,1.4788801030199146
1.4843919528223513,1.4843919528223513
1.4899065383565513,1.4899065383565513
1.495423892519242,1.495423892519242
1.5009440483457737,1.5009440483457737
1.5064670390108443,1.5064670390108443
1.5119928978292356,1.5119928978292356
1.517521658256544,1.517521658256544
1.52305335388991,1.52305335388991
1.528588018468771,1.528588018468771
1.534125685875612,1.534125685875612
1.5396663901367156,1.5396663901367156
1.545210165422919,1.545210165422919
1.5507570460503792,1.5507570460503792
1.556307066481353,1.556307066481353
1.5618602613249615,1.5618602613249615
1.5674166653379724,1.5674166653379724
1.572976313425584,1.572976313425584
1.578539240642229,1.578539240642229
1.5841054821923612,1.5841054821923612
1.5896750734312566,1.5896750734312566
1.5952480498658261,1.5952480498658261
1.6008244471554332,1.6008244471554332
1.6064043011127103,1.6064043011127103
1.6119876477043764,1.6119876477043764
1.617574523052087,1.617574523052087
1.6231649634332495,1.6231649634332495
1.6287590052818888,1.6287590052818888
1.6343566851894742,1.6343566851894742
1.6399580399057958,1.6399580399057958
1.6455631063398073,1.6455631063398073
1.6511719215605103,1.6511719215605103
1.6567845227978115,1.6567845227978115
1.6624009474434178,1.6624009474434178
1.6680212330517081,1.6680212330517081
1.6736454173406432,1.6736454173406432
1.6792735381926422,1.6792735381926422
1.6849056336555122,1.6849056336555122
1.690541741943338,1.690541741943338
1.69618190143742,1.69618190143742
1.7018261506871808,1.7018261506871808
1.7074745284111146,1.7074745284111146
1.7131270734977089,1.7131270734977089
1.7187838250064058,1.7187838250064058
1.7244448221685384,1.7244448221685384
1.730110104388304,1.730110104388304
1.7357797112437172,1.7357797112437172
1.7414536824875961,1.7414536824875961
1.747132058048527,1.747132058048527
1.752814878031869,1.752814878031869
1.7585021827207297,1.7585021827207297
1.764194012576985,1.764194012576985
1.7698904082422713,1.7698904082422713
1.775591410539018,1.775591410539018
1.7812970604714558,1.7812970604714558
1.7870073992266617,1.7870073992266617
1.7927224681755862,1.7927224681755862
1.798442308874112,1.798442308874112
1.8041669630640953,1.8041669630640953
1.8098964726744402,1.8098964726744402
1.8156308798221572,1.8156308798221572
1.8213702268134542,1.8213702268134542
1.8271145561448072,1.8271145561448072
1.8328639105040712,1.8328639105040712
1.8386183327715642,1.8386183327715642
1.8443778660211954,1.8443778660211954
1.8501425535215683,1.8501425535215683
1.855912438737123,1.855912438737123
1.861687565329254,1.861687565329254
1.8674679771574751,1.8674679771574751
1.8732537182805484,1.8732537182805484
1.8790448329576708,1.8790448329576708
1.8848413656496203,1.8848413656496203
1.8906433610199551,1.8906433610199551
1.8964508639361832,1.8964508639361832
1.9022639194709776,1.9022639194709776
1.9080825729033641,1.9080825729033641
1.913906869719953,1.913906869719953
1.9197368556161472,1.9197368556161472
1.9255725764973939,1.9255725764973939
1.9314140784804061,1.9314140784804061
1.93726140789444,1.93726140789444
1.9431146112825284,1.9431146112825284
1.9489737354027832,1.9489737354027832
1.9548388272296493,1.9548388272296493
1.9607099339552168,1.9607099339552168
1.9665871029905055,1.9665871029905055
1.972470381966792,1.972470381966792
1.978359818736923,1.978359818736923
1.9842554613766423,1.9842554613766423
1.9901573581859362,1.9901573581859362
1.9960655576903974,1.9960655576903974
2.0019801086425733,2.0019801086425733
2.0079010600233405,2.0079010600233405
2.0138284610432944,2.0138284610432944
2.0197623611441458,2.0197623611441458
2.025702810000125,2.025702810000125
2.031649857519391,2.031649857519391
2.0376035538454653,2.0376035538454653
2.0435639493586777,2.0435639493586777
2.0495310946776093,2.0495310946776093
2.055505040660553,2.055505040660553
2.061485838406988,2.061485838406988
2.06747353925907,2.06747353925907
2.0734681948031284,2.0734681948031284
2.079469856871164,2.079469856871164
2.0854785775423768,2.0854785775423768
2.091494409144706,2.091494409144706
2.097517404256366,2.097517404256366
2.1035476157074036,2.1035476157074036
2.1095850965812653,2.1095850965812653
2.1156299002163927,2.1156299002163927
2.1216820802078096,2.1216820802078096
2.127741690408722,2.127741690408722
2.1338087849321465,2.1338087849321465
2.1398834181525497,2.1398834181525497
2.1459656447074895,2.1459656447074895
2.1520555194992688,2.1520555194992688
2.158153097696615,2.158153097696615
2.1642584347363742,2.1642584347363742
2.1703715863252055,2.1703715863252055
2.1764926084412894,2.1764926084412894
2.182621557336065,2.182621557336065
2.188758489535975,2.188758489535975
2.194903461844217,2.194903461844217
2.201056531342515,2.201056531342515
2.2072177553929055,2.2072177553929055
2.2133871916395433,2.2133871916395433
2.2195648980105176,2.2195648980105176
2.2257509327196683,2.2257509327196683
2.2319453542684435,2.2319453542684435
2.2381482214477644,2.2381482214477644
2.2443595933398948,2.2443595933398948
2.2505795293203263,2.2505795293203263
2.256808089059696,2.256808089059696
2.263045332525709,2.263045332525709
2.2692913199850784,2.2692913199850784
2.2755461120054687,2.2755461120054687
2.28180976945748,2.28180976945748
2.288082353516639,2.288082353516639
2.294363925665394,2.294363925665394
2.3006545476951406,2.3006545476951406
2.3069542817082604,2.3069542817082604
2.313263190120182,2.313263190120182
2.319581335661449,2.319581335661449
2.3259087813798116,2.3259087813798116
2.3322455906423345,2.3322455906423345
2.338591827137529,2.338591827137529
2.344947554877498,2.344947554877498
2.3513128382000845,2.3513128382000845
2.3576877417710755,2.3576877417710755
2.3640723305863798,2.3640723305863798
2.370466669974272,2.370466669974272
2.3768708255975994,2.3768708255975994
2.383284863456071,2.383284863456071
2.389708849888511,2.389708849888511
2.3961428515751693,2.3961428515751693
2.4025869355400267,2.4025869355400267
2.409041169153142,2.409041169153142
2.4155056201329956,2.4155056201329956
2.4219803565488838,2.4219803565488838
2.428465446823297,2.428465446823297
2.4349609597343567,2.4349609597343567
2.441466964418233,2.441466964418233
2.447983530371638,2.447983530371638
2.4545107274542675,2.4545107274542675
2.4610486258913435,2.4610486258913435
2.467597296276113,2.467597296276113
2.474156809572417,2.474156809572417
2.480727237117239,2.480727237117239
2.487308650623326,2.487308650623326
2.493901122181778,2.493901122181778
2.5005047242647143,2.5005047242647143
2.5071195297279063,2.5071195297279063
2.513745611813498,2.513745611813498
2.5203830441526893,2.5203830441526893
2.5270319007684923,2.5270319007684923
2.5336922560784707,2.5336922560784707
2.5403641848975473,2.5403641848975473
2.547047762440789,2.547047762440789
2.553743064326263,2.553743064326263
2.560450166577883,2.560450166577883
2.567169145628309,2.567169145628309
2.5739000783218344,2.5739000783218344
2.5806430419173605,2.5806430419173605
2.5873981140913287,2.5873981140913287
2.5941653729407377,2.5941653729407377
2.6009448969861433,2.6009448969861433
2.6077367651747214,2.6077367651747214
2.6145410568833323,2.6145410568833323
2.621357851921632,2.621357851921632
2.6281872305351976,2.6281872305351976
2.6350292734086933,2.6350292734086933
2.641884061669051,2.641884061669051
2.6487516768887067,2.6487516768887067
2.655632201088828,2.655632201088828
2.6625257167426133,2.6625257167426133
2.6694323067785803,2.6694323067785803
2.6763520545839343,2.6763520545839343
2.683285044007906,2.683285044007906
2.690231359365186,2.690231359365186
2.6971910854393366,2.6971910854393366
2.704164307486273,2.704164307486273
2.711151111237753,2.711151111237753
2.7181515829049183,2.7181515829049183
2.7251658091818527,2.7251658091818527
2.732193877249193,2.732193877249193
2.7392358747777377,2.7392358747777377
2.7462918899321536,2.7462918899321536
2.7533620113746378,2.7533620113746378
2.7604463282686917,2.7604463282686917
2.7675449302828614,2.7675449302828614
2.774657907594577,2.774657907594577
2.7817853508939847,2.7817853508939847
2.788927351387826,2.788927351387826
2.7960840008033654,2.7960840008033654
2.8032553913923506,2.8032553913923506
2.810441615935007,2.810441615935007
2.8176427677440654,2.8176427677440654
2.8248589406688405,2.8248589406688405
2.8320902290993555,2.8320902290993555
2.839336727970485,2.839336727970485
2.8465985327661483,2.8465985327661483
2.853875739523541,2.853875739523541
2.8611684448374315,2.8611684448374315
2.868476745864464,2.868476745864464
2.8758007403275148,2.8758007403275148
2.883140526520104,2.883140526520104
2.8904962033108474,2.8904962033108474
2.8978678701479486,2.8978678701479486
2.905255627063714,2.905255627063714
2.9126595746791564,2.9126595746791564
2.9200798142086177,2.9200798142086177
2.9275164474644346,2.9275164474644346
2.9349695768616573,2.9349695768616573
2.94243930542282,2.94243930542282
2.94992573678276,2.94992573678276
2.9574289751934706,2.9574289751934706
2.964949125529016,2.964949125529016
2.9724862932904883,2.9724862932904883
2.980040584611031,2.980040584611031
2.9876121062608907,2.9876121062608907
2.9952009656525296,2.9952009656525296
3.0028072708457914,3.0028072708457914
3.010431130553125,3.010431130553125
3.018072654144855,3.018072654144855
3.025731951654498,3.025731951654498
3.0334091337841445,3.0334091337841445
3.041104311909903,3.041104311909903
3.04881759808739,3.04881759808739
3.056549105057262,3.056549105057262
3.0642989462508274,3.0642989462508274
3.07206723579573,3.07206723579573
3.079854088521644,3.079854088521644
3.0876596199660593,3.0876596199660593
3.0954839463801362,3.0954839463801362
3.103327184734598,3.103327184734598
3.1111894527257027,3.1111894527257027
3.1190708687812605,3.1190708687812605
3.126971552066725,3.126971552066725
3.134891622491361,3.134891622491361
3.142831200714454,3.142831200714454
3.150790408151592,3.150790408151592
3.158769366981021,3.158769366981021
3.16676820015007,3.16676820015007
3.1747870313816393,3.1747870313816393
3.1828259851807466,3.1828259851807466
3.1908851868411596,3.1908851868411596
3.1989647624521003,3.1989647624521003
3.207064838905021,3.207064838905021
3.215185543900421,3.215185543900421
3.2233270059547885,3.2233270059547885
3.231489354407589,3.231489354407589
3.2396727194283303,3.2396727194283303
3.2478772320237,3.2478772320237
3.2561030240447977,3.2561030240447977
3.2643502281944365,3.2643502281944365
3.272618978034522,3.272618978034522
3.280909407993506,3.280909407993506
3.2892216533739456,3.2892216533739456
3.2975558503601197,3.2975558503601197
3.30591213602575,3.30591213602575
3.314290648341786,3.314290648341786
3.322691526184289,3.322691526184289
3.3311149093424195,3.3311149093424195
3.339560938526478,3.339560938526478
3.3480297553760634,3.3480297553760634
3.356521502468306,3.356521502468306
3.3650363233262097,3.3650363233262097
3.3735743624270857,3.3735743624270857
3.382135765211046,3.382135765211046
3.3907206780896417,3.3907206780896417
3.3993292484545865,3.3993292484545865
3.4079616246865547,3.4079616246865547
3.416617956164094,3.416617956164094
3.4252983932726493,3.4252983932726493
3.434003087413689,3.434003087413689
3.442732191013914,3.442732191013914
3.4514858575345917,3.4514858575345917
3.4602642414809885,3.4602642414809885
3.4690674984119303,3.4690674984119303
3.477895784949444,3.477895784949444
3.486749258788524,3.486749258788524
3.495628078707016,3.495628078707016
3.504532404575621,3.504532404575621
3.5134623973679977,3.5134623973679977
3.522418219170998,3.522418219170998
3.531400033195012,3.531400033195012
3.5404080037844405,3.5404080037844405
3.5494422964283023,3.5494422964283023
3.5585030777709474,3.5585030777709474
3.56759051562289,3.56759051562289
3.576704778971808,3.576704778971808
3.585846037993635,3.585846037993635
3.595014464063814,3.595014464063814
3.6042102297686447,3.6042102297686447
3.613433508916814,3.613433508916814
3.622684476551044,3.622684476551044
3.631963308959872,3.631963308959872
3.6412701836895818,3.6412701836895818
3.6506052795562707,3.6506052795562707
3.6599687766580926,3.6599687766580926
3.6693608563876103,3.6693608563876103
3.678781701444316,3.678781701444316
3.6882314958473015,3.6882314958473015
3.6977104249481036,3.6977104249481036
3.707218675443679,3.707218675443679
3.7167564353895397,3.7167564353895397
3.7263238942130745,3.7263238942130745
3.735921242727021,3.735921242727021
3.7455486731431056,3.7455486731431056
3.755206379085839,3.755206379085839
3.7648945556065083,3.7648945556065083
3.7746133991973414,3.7746133991973414
3.784363107805827,3.784363107805827
3.7941438808492247,3.7941438808492247
3.803955919229272,3.803955919229272
3.8137994253470655,3.8137994253470655
3.823674603118128,3.823674603118128
3.8335816579876614,3.8335816579876614
3.8435207969460117,3.8435207969460117
3.8534922285443223,3.8534922285443223
3.863496162910387,3.863496162910387
3.873532811764694,3.873532811764694
3.8836023884366946,3.8836023884366946
3.893705107881288,3.893705107881288
3.9038411866954905,3.9038411866954905
3.9140108431353378,3.9140108431353378
3.9242142971330045,3.9242142971330045
3.934451770314158,3.934451770314158
3.9447234860155302,3.9447234860155302
3.9550296693026947,3.9550296693026947
3.965370546988112,3.965370546988112
3.975746347649422,3.975746347649422
3.98615730164793,3.98615730164793
3.9966036411473667,3.9966036411473667
4.0070856001329,4.0070856001329
4.017603414430405,4.017603414430405
4.028157321725963,4.028157321725963
4.038747561585644,4.038747561585644
4.049374375475548,4.049374375475548
4.060038006782128,4.060038006782128
4.070738700832769,4.070738700832769
4.081476704916645,4.081476704916645
4.0922522683058755,4.0922522683058755
4.103065642276961,4.103065642276961
4.113917080132519,4.113917080132519
4.124806837223286,4.124806837223286
4.135735170970456,4.135735170970456
4.1467023408883295,4.1467023408883295
4.157708608607248,4.157708608607248
4.168754237896846,4.168754237896846
4.179839494689646,4.179839494689646
4.190964647104995,4.190964647104995
4.2021299654732776,4.2021299654732776
4.213335722360525,4.213335722360525
4.2245821925933305,4.2245821925933305
4.235869653284159,4.235869653284159
4.247198383856968,4.247198383856968
4.2585686660732005,4.2585686660732005
4.26998078405818,4.26998078405818
4.281435024327844,4.281435024327844
4.292931675815876,4.292931675815876
4.304471029901225,4.304471029901225
4.316053380435996,4.316053380435996
4.327679023773803,4.327679023773803
4.339348258798464,4.339348258798464
4.3510613869531385,4.3510613869531385
4.362818712269898,4.362818712269898
4.374620541399724,4.374620541399724
4.38646718364293,4.38646718364293
4.398358950980039,4.398358950980039
4.4102961581031055,4.4102961581031055
4.422279122447533,4.422279122447533
4.4343081642243165,4.4343081642243165
4.446383606452782,4.446383606452782
4.458505774993825,4.458505774993825
4.4706749985836325,4.4706749985836325
4.482891608867912,4.482891608867912
4.495155940436623,4.495155940436623
4.507468330859253,4.507468330859253
4.5198291207206225,4.5198291207206225
4.532238653657219,4.532238653657219
4.544697276394076,4.544697276394076
4.557205338782245,4.557205338782245
4.569763193836831,4.569763193836831
4.58237119777559,4.58237119777559
4.595029710058129,4.595029710058129
4.607739093425732,4.607739093425732
4.620499713941782,4.620499713941782
4.633311941032826,4.633311941032826
4.646176147530246,4.646176147530246
4.6590927097126205,4.6590927097126205
4.672062007348745,4.672062007348745
4.685084423741315,4.685084423741315
4.698160345771279,4.698160345771279
4.711290163942949,4.711290163942949
4.724474272429786,4.724474272429786
4.737713069120931,4.737713069120931
4.751006955668452,4.751006955668452
4.764356337535394,4.764356337535394
4.777761624044574,4.777761624044574
4.791223228428181,4.791223228428181
4.804741567878128,4.804741567878128
4.818317063597305,4.818317063597305
4.831950140851607,4.831950140851607
4.845641229022836,4.845641229022836
4.8593907616624525,4.8593907616624525
4.873199176546228,4.873199176546228
4.887066915729823,4.887066915729823
4.900994425605229,4.900994425605229
4.914982156958212,4.914982156958212
4.929030565026649,4.929030565026649
4.9431401095598915,4.9431401095598915
4.95731125487914,4.95731125487914
4.971544469938783,4.971544469938783
4.9858402283887795,4.9858402283887795
5.000199008638157,5.000199008638157
5.014621293919548,5.014621293919548
5.029107572354821,5.029107572354821
5.043658337021861,5.043658337021861
5.058274086022488,5.058274086022488
5.072955322551569,5.072955322551569
5.087702554967296,5.087702554967296
5.102516296862706,5.102516296862706
5.117397067138426,5.117397067138426
5.132345390076764,5.132345390076764
5.147361795417007,5.147361795417007
5.162446818432099,5.162446818432099
5.177601000006671,5.177601000006671
5.192824886716471,5.192824886716471
5.208119030909201,5.208119030909201
5.223483990786749,5.223483990786749
5.2389203304889955,5.2389203304889955
5.254428620179074,5.254428620179074
5.2700094361301755,5.2700094361301755
5.285663360813915,5.285663360813915
5.301390982990364,5.301390982990364
5.317192897799696,5.317192897799696
5.333069706855504,5.333069706855504
5.349022018339842,5.349022018339842
5.365050447100053,5.365050447100053
5.381155614747382,5.381155614747382
5.397338149757412,5.397338149757412
5.41359868757239,5.41359868757239
5.429937870705473,5.429937870705473
5.4463563488469635,5.4463563488469635
5.4628547789725275,5.4628547789725275
5.479433825453465,5.479433825453465
5.496094160169106,5.496094160169106
5.5128364626213635,5.5128364626213635
5.529661420051467,5.529661420051467
5.546569727558947,5.546569727558947
5.56356208822294,5.56356208822294
5.580639213225882,5.580639213225882
5.597801821979551,5.597801821979551
5.615050642253608,5.615050642253608
5.632386410306708,5.632386410306708
5.649809871020163,5.649809871020163
5.667321778034257,5.667321778034257
5.684922893887276,5.684922893887276
5.702613990157344,5.702613990157344
5.7203958476071035,5.7203958476071035
5.738269256331289,5.738269256331289
5.756235015907283,5.756235015907283
5.774293935548792,5.774293935548792
5.792446834262607,5.792446834262607
5.810694541008596,5.810694541008596
5.829037894862979,5.829037894862979
5.847477745184987,5.847477745184987
5.8660149517870055,5.8660149517870055
5.884650385108223,5.884650385108223
5.90338492639194,5.90338492639194
5.922219467866579,5.922219467866579
5.941154912930589,5.941154912930589
5.960192176341183,5.960192176341183
5.979332184407127,5.979332184407127
5.998575875185681,5.998575875185681
6.017924198683753,6.017924198683753
6.0373781170633825,6.0373781170633825
6.0569386048516565,6.0569386048516565
6.076606649155271,6.076606649155271
6.096383249879704,6.096383249879704
6.116269419953262,6.116269419953262
6.136266185555993,6.136266185555993
6.156374586353762,6.156374586353762
6.176595675737476,6.176595675737476
6.196930521067693,6.196930521067693
6.217380203924676,6.217380203924676
6.237945820364125,6.237945820364125
6.258628481178734,6.258628481178734
6.279429312165642,6.279429312165642
6.300349454400025,6.300349454400025
6.32139006451498,6.32139006451498
6.342552314987898,6.342552314987898
6.363837394433435,6.363837394433435
6.385246507903316,6.385246507903316
6.406780877193179,6.406780877193179
6.4284417411566555,6.4284417411566555
6.4502303560268315,6.4502303560268315
6.472147995745354,6.472147995745354
6.494195952299411,6.494195952299411
6.516375536066817,6.516375536066817
6.538688076169349,6.538688076169349
6.5611349208346645,6.5611349208346645
6.583717437767072,6.583717437767072
6.6064370145273275,6.6064370145273275
6.629295058921765,6.629295058921765
6.6522929994010385,6.6522929994010385
6.675432285468791,6.675432285468791
6.698714388100501,6.698714388100501
6.722140800172834,6.722140800172834
6.745713036903803,6.745713036903803
6.769432636304082,6.769432636304082
6.7933011596398645,6.7933011596398645
6.817320191907502,6.817320191907502
6.841491342320351,6.841491342320351
6.865816244808268,6.865816244808268
6.890296558530075,6.890296558530075
6.914933968399387,6.914933968399387
6.939730185624248,6.939730185624248
6.964686948261087,6.964686948261087
6.989806021783327,6.989806021783327
7.015089199665205,7.015089199665205
7.040538303981219,7.040538303981219
7.066155186021806,7.066155186021806
7.091941726925731,7.091941726925731
7.117899838329682,7.117899838329682
7.144031463035715,7.144031463035715
7.170338575697115,7.170338575697115
7.196823183523321,7.196823183523321
7.223487327004454,7.223487327004454
7.250333080656206,7.250333080656206
7.277362553785754,7.277362553785754
7.304577891279438,7.304577891279438
7.33198127441285,7.33198127441285
7.359574921684259,7.359574921684259
7.387361089672028,7.387361089672028
7.415342073917002,7.415342073917002
7.443520209830664,7.443520209830664
7.471897873629942,7.471897873629942
7.5004774832996715,7.5004774832996715
7.529261499583711,7.529261499583711
7.558252427005717,7.558252427005717
7.587452814920596,7.587452814920596
7.616865258597838,7.616865258597838
7.646492400337862,7.646492400337862
7.676336930622615,7.676336930622615
7.70640158930163,7.70640158930163
7.736689166814903,7.736689166814903
7.7672025054540095,7.7672025054540095
7.797944500662881,7.797944500662881
7.8289181023796885,7.8289181023796885
7.860126316421466,7.860126316421466
7.891572205913144,7.891572205913144
7.923258892762676,7.923258892762676
7.955189559184046,7.955189559184046
7.987367449269992,7.987367449269992
8.019795870616587,8.019795870616587
8.052478196001584,8.052478196001584
8.085417865118659,8.085417865118659
8.118618386369898,8.118618386369898
8.152083338718915,8.152083338718915
8.185816373606984,8.185816373606984
8.2198212169348,8.2198212169348
8.254101671112618,8.254101671112618
8.288661617181653,8.288661617181653
8.3235050170097,8.3235050170097
8.358635915564049,8.358635915564049
8.394058443265124,8.394058443265124
8.429776818424191,8.429776818424191
8.465795349768918,8.465795349768918
8.502118439060416,8.502118439060416
8.538750583805921,8.538750583805921
8.575696380071305,8.575696380071305
8.612960525397924,8.612960525397924
8.650547821828326,8.650547821828326
8.688463179045865,8.688463179045865
8.726711617633416,8.726711617633416
8.765298272456677,8.765298272456677
8.80422839617764,8.80422839617764
8.843507362904505,8.843507362904505
8.883140671984428,8.883140671984428
8.92313395194574,8.92313395194574
8.963492964596906,8.963492964596906
9.004223609289642,9.004223609289642
9.045331927354312,9.045331927354312
9.086824106715921,9.086824106715921
9.128706486699619,9.128706486699619
9.170985563035131,9.170985563035131
9.213667993070185,9.213667993070185
9.25676060120343,9.25676060120343
9.300270384548021,9.300270384548021
9.344204518837744,9.344204518837744
9.388570364588311,9.388570364588311
9.43337547352726,9.43337547352726
9.478627595306367,9.478627595306367
9.524334684511912,9.524334684511912
9.570504907988651,9.570504907988651
9.617146652494657,9.617146652494657
9.664268532704899,9.664268532704899
9.711879399583045,9.711879399583045
9.759988349141961,9.759988349141961
9.808604731614798,9.808604731614798
9.8577381610599,9.8577381610599
9.907398525424497,9.907398525424497
9.95759599709386,9.95759599709386
10.008341043954125,10.008341043954125
10.05964444099923,10.05964444099923
10.111517282514393,10.111517282514393
10.163970994870914,10.163970994870914
10.21701734996955,10.21701734996955
10.270668479372176,10.270668479372176
10.32493688916469,10.32493688916469
10.379835475596959,10.379835475596959
10.435377541549279,10.435377541549279
10.491576813878105,10.491576813878105
10.548447461698244,10.548447461698244
10.606004115662838,10.606004115662838
10.664261888307369,10.664261888307369
10.723236395528728,10.723236395528728
10.782943779276495,10.782943779276495
10.843400731539477,10.843400731539477
10.90462451971736,10.90462451971736
10.966633013474512,10.966633013474512
11.029444713181215,11.029444713181215
11.09307878005652,11.09307878005652
11.157555068136265,11.157555068136265
11.222894158200688,11.222894158200688
11.289117393807587,11.289117393807587
11.356246919590117,11.356246919590117
11.424305721992207,11.424305721992207
11.493317672630198,11.493317672630198
11.563307574486846,11.563307574486846
11.634301211162764,11.634301211162764
11.706325399431634,11.706325399431634
11.779408045368678,11.779408045368678
11.853578204348402,11.853578204348402
11.928866145236343,11.928866145236343
12.005303419131808,12.005303419131808
12.082922933054608,12.082922933054608
12.16175902900891,12.16175902900891
12.241847568902596,12.241847568902596
12.323226025850548,12.323226025850548
12.405933582446766,12.405933582446766
12.490011236654071,12.490011236654071
12.575501916031712,12.575501916031712
12.662450601101567,12.662450601101567
12.750904458745149,12.750904458745149
12.840912986626908,12.840912986626908
12.932528169756724,12.932528169756724
13.025804650437484,13.025804650437484
13.120799912995595,13.120799912995595
13.217574484865818,13.217574484865818
13.316192155800215,13.316192155800215
13.416720217198614,13.416720217198614
13.519229723819302,13.519229723819302
13.623795780430962,13.623795780430962
13.730497856315022,13.730497856315022
13.83942013093157,13.83942013093157
13.95065187453108,13.95065187453108
14.064287868041465,14.064287868041465
14.180428867198495,14.180428867198495
14.299182116637592,14.299182116637592
14.420661920545648,14.420661920545648
14.54499027751185,14.54499027751185
14.672297588448261,14.672297588448261
14.802723447915271,14.802723447915271
14.936417530933655,14.936417530933655
15.073540589458167,15.073540589458167
15.214265575205768,15.214265575205768
15.358778908574145,15.358778908574145
15.507281917079581,15.507281917079581
15.65999247124841,15.65999247124841
15.817146851420274,15.817146851420274
15.979001885729875,15.979001885729875
16.14583740797333,16.14583740797333
16.3179590945891,16.3179590945891
16.495701753190204,16.495701753190204
16.679433151767107,16.679433151767107
16.869558498904812,16.869558498904812
17.06652571256384,17.06652571256384
17.270831650128564,17.270831650128564
17.483029518240073,17.483029518240073
17.703737741183144,17.703737741183144
17.9336506466205,17.9336506466205
18.1735514348751,18.1735514348751
18.424328043766284,18.424328043766284
18.68699272137845,18.68699272137845
18.962706398192,18.962706398192
19.252809344293645,19.252809344293645
19.55886016337549,19.55886016337549
19.882686001922043,19.882686001922043
20.226448082767845,20.226448082767845
20.592728543859458,20.592728543859458
20.984647477303536,20.984647477303536
21.406023723265097,21.406023723265097
21.86160064969485,21.86160064969485
22.35737123497639,22.35737123497639
22.901059973371098,22.901059973371098
23.502862192095975,23.502862192095975
24.1766257590473,24.1766257590473
24.941836627659956,24.941836627659956
25.827169349984704,25.827169349984704
26.87736496772766,26.87736496772766
28.168061667039577,28.168061667039577
29.843037401189925,29.843037401189925
32.232966647404105,32.232966647404105
36.45382158583024,36.45382158583024
