-7.001254191264938,-7.001254191264938
-7.006733334195809,-7.006733334195809
-7.009227213162746,-7.009227213162746
-7.010402991502485,-7.010402991502485
-7.010709912839367,-7.010709912839367
-7.010367847207395,-7.010367847207395
-7.009508180984933,-7.009508180984933
-7.0082184888657855,-7.0082184888657855
-7.006561379627112,-7.006561379627112
-7.004583864172829,-7.004583864172829
-7.002322549206098,-7.002322549206098
-6.999806752026722,-6.999806752026722
-6.997060483264673,-6.997060483264673
-6.9941037695573485,-6.9941037695573485
-6.99095356998261,-6.99095356998261
-6.987624431213916,-6.987624431213916
-6.984128968380045,-6.984128968380045
-6.98047822601114,-6.98047822601114
-6.976681954276759,-6.976681954276759
-6.972748824000162,-6.972748824000162
-6.9686865965273155,-6.9686865965273155
-6.964502259712976,-6.964502259712976
-6.960202138073646,-6.960202138073646
-6.95579198296565,-6.95579198296565
-6.951277047121095,-6.951277047121095
-6.946662146793214,-6.946662146793214
-6.94195171398377,-6.94195171398377
-6.937149840655592,-6.937149840655592
-6.932260316411234,-6.932260316411234
-6.927286660802011,-6.927286660802011
-6.922232151191217,-6.922232151191217
-6.9170998469109115,-6.9170998469109115
-6.911892610308877,-6.911892610308877
-6.906613125170604,-6.906613125170604
-6.90126391291327,-6.90126391291327
-6.89584734687867,-6.89584734687867
-6.890365664996139,-6.890365664996139
-6.884820981041457,-6.884820981041457
-6.879215294681042,-6.879215294681042
-6.873550500461024,-6.873550500461024
-6.867828395876168,-6.867828395876168
-6.8620506886334915,-6.8620506886334915
-6.856219003208584,-6.856219003208584
-6.850334886778688,-6.850334886778688
-6.844399814604904,-6.844399814604904
-6.83841519492596,-6.83841519492596
-6.832382373417794,-6.832382373417794
-6.826302637266006,-6.826302637266006
-6.820177218892319,-6.820177218892319
-6.814007299371039,-6.814007299371039
-6.807794011567081,-6.807794011567081
-6.801538443023369,-6.801538443023369
-6.79524163862214,-6.79524163862214
-6.78890460304186,-6.78890460304186
-6.782528303029005,-6.782528303029005
-6.776113669501816,-6.776113669501816
-6.769661599501307,-6.769661599501307
-6.763172958003096,-6.763172958003096
-6.7566485796023,-6.7566485796023
-6.750089270082395,-6.750089270082395
-6.743495807877864,-6.743495807877864
-6.736868945439476,-6.736868945439476
-6.73020941051016,-6.73020941051016
-6.723517907318682,-6.723517907318682
-6.716795117697637,-6.716795117697637
-6.710041702131657,-6.710041702131657
-6.703258300741203,-6.703258300741203
-6.696445534206807,-6.696445534206807
-6.689604004638215,-6.689604004638215
-6.682734296392456,-6.682734296392456
-6.67583697684456,-6.67583697684456
-6.668912597114282,-6.668912597114282
-6.661961692751938,-6.661961692751938
-6.654984784386177,-6.654984784386177
-6.647982378336317,-6.647982378336317
-6.640954967191604,-6.640954967191604
-6.633903030359622,-6.633903030359622
-6.62682703458587,-6.62682703458587
-6.6197274344463874,-6.6197274344463874
-6.612604672815131,-6.612604672815131
-6.605459181307721,-6.605459181307721
-6.598291380703021,-6.598291380703021
-6.591101681343937,-6.591101681343937
-6.583890483518654,-6.583890483518654
-6.5766581778235595,-6.5766581778235595
-6.569405145508864,-6.569405145508864
-6.562131758808008,-6.562131758808008
-6.55483838125174,-6.55483838125174
-6.547525367967772,-6.547525367967772
-6.540193065966844,-6.540193065966844
-6.532841814415928,-6.532841814415928
-6.525471944899304,-6.525471944899304
-6.518083781668175,-6.518083781668175
-6.510677641879447,-6.510677641879447
-6.5032538358242205,-6.5032538358242205
-6.49581266714661,-6.49581266714661
-6.488354433053323,-6.488354433053323
-6.480879424514529,-6.480879424514529
-6.473387926456458,-6.473387926456458
-6.465880217946129,-6.465880217946129
-6.458356572368638,-6.458356572368638
-6.450817257597352,-6.450817257597352
-6.443262536157367,-6.443262536157367
-6.435692665382571,-6.435692665382571
-6.428107897566593,-6.428107897566593
-6.420508480107981,-6.420508480107981
-6.412894655649823,-6.412894655649823
-6.405266662214126,-6.405266662214126
-6.397624733331163,-6.397624733331163
-6.3899690981640385,-6.3899690981640385
-6.3822999816286865,-6.3822999816286865
-6.374617604509505,-6.374617604509505
-6.366922183570831,-6.366922183570831
-6.359213931664432,-6.359213931664432
-6.3514930578332045,-6.3514930578332045
-6.34375976741122,-6.34375976741122
-6.336014262120317,-6.336014262120317
-6.3282567401633445,-6.3282567401633445
-6.320487396314224,-6.320487396314224
-6.312706422004976,-6.312706422004976
-6.3049140054098,-6.3049140054098
-6.297110331526369,-6.297110331526369
-6.289295582254438,-6.289295582254438
-6.281469936471868,-6.281469936471868
-6.2736335701081885,-6.2736335701081885
-6.2657866562157825,-6.2657866562157825
-6.257929365038801,-6.257929365038801
-6.250061864079881,-6.250061864079881
-6.242184318164778,-6.242184318164778
-6.234296889504967,-6.234296889504967
-6.226399737758306,-6.226399737758306
-6.218493020087845,-6.218493020087845
-6.210576891218825,-6.210576891218825
-6.202651503493954,-6.202651503493954
-6.194717006927042,-6.194717006927042
-6.186773549254998,-6.186773549254998
-6.178821275988322,-6.178821275988322
-6.170860330460094,-6.170860330460094
-6.16289085387354,-6.16289085387354
-6.154912985348214,-6.154912985348214
-6.146926861964865,-6.146926861964865
-6.138932618809005,-6.138932618809005
-6.1309303890132565,-6.1309303890132565
-6.12292030379849,-6.12292030379849
-6.1149024925138455,-6.1149024925138455
-6.106877082675596,-6.106877082675596
-6.0988442000049785,-6.0988442000049785
-6.09080396846497,-6.09080396846497
-6.082756510296063,-6.082756510296063
-6.074701946051085,-6.074701946051085
-6.066640394629078,-6.066640394629078
-6.058571973308272,-6.058571973308272
-6.050496797778179,-6.050496797778179
-6.042414982170869,-6.042414982170869
-6.034326639091397,-6.034326639091397
-6.026231879647462,-6.026231879647462
-6.018130813478285,-6.018130813478285
-6.010023548782764,-6.010023548782764
-6.001910192346895,-6.001910192346895
-5.993790849570513,-5.993790849570513
-5.985665624493346,-5.985665624493346
-5.9775346198204335,-5.9775346198204335
-5.969397936946903,-5.969397936946903
-5.9612556759821365,-5.9612556759821365
-5.953107935773345,-5.953107935773345
-5.944954813928578,-5.944954813928578
-5.93679640683915,-5.93679640683915
-5.928632809701555,-5.928632809701555
-5.92046411653884,-5.92046411653884
-5.912290420221472,-5.912290420221472
-5.9041118124877165,-5.9041118124877165
-5.895928383963531,-5.895928383963531
-5.88774022418199,-5.88774022418199
-5.879547421602273,-5.879547421602273
-5.871350063628197,-5.871350063628197
-5.863148236626331,-5.863148236626331
-5.854942025943697,-5.854942025943697
-5.8467315159250655,-5.8467315159250655
-5.838516789929862,-5.838516789929862
-5.830297930348697,-5.830297930348697
-5.822075018619513,-5.822075018619513
-5.8138481352433935,-5.8138481352433935
-5.805617359800007,-5.805617359800007
-5.7973827709627175,-5.7973827709627175
-5.789144446513358,-5.789144446513358
-5.780902463356697,-5.780902463356697
-5.772656897534579,-5.772656897534579
-5.76440782423976,-5.76440782423976
-5.756155317829468,-5.756155317829468
-5.74789945183864,-5.74789945183864
-5.739640298992911,-5.739640298992911
-5.731377931221311,-5.731377931221311
-5.7231124196687055,-5.7231124196687055
-5.714843834707967,-5.714843834707967
-5.70657224595191,-5.70657224595191
-5.698297722264956,-5.698297722264956
-5.690020331774586,-5.690020331774586
-5.6817401418825355,-5.6817401418825355
-5.673457219275785,-5.673457219275785
-5.665171629937302,-5.665171629937302
-5.656883439156596,-5.656883439156596
-5.648592711540033,-5.648592711540033
-5.640299511020969,-5.640299511020969
-5.6320039008696705,-5.6320039008696705
-5.623705943703042,-5.623705943703042
-5.6154057014941605,-5.6154057014941605
-5.607103235581627,-5.607103235581627
-5.598798606678737,-5.598798606678737
-5.5904918748824715,-5.5904918748824715
-5.58218309968231,-5.58218309968231
-5.573872339968887,-5.573872339968887
-5.565559654042477,-5.565559654042477
-5.5572450996213085,-5.5572450996213085
-5.548928733849742,-5.548928733849742
-5.540610613306276,-5.540610613306276
-5.5322907940114145,-5.5322907940114145
-5.523969331435379,-5.523969331435379
-5.515646280505688,-5.515646280505688
-5.507321695614584,-5.507321695614584
-5.4989956306263394,-5.4989956306263394
-5.49066813888441,-5.49066813888441
-5.48233927321848,-5.48233927321848
-5.474009085951361,-5.474009085951361
-5.465677628905775,-5.465677628905775
-5.457344953411014,-5.457344953411014
-5.449011110309484,-5.449011110309484
-5.440676149963128,-5.440676149963128
-5.43234012225973,-5.43234012225973
-5.424003076619128,-5.424003076619128
-5.415665061999289,-5.415665061999289
-5.407326126902304,-5.407326126902304
-5.3989863193802625,-5.3989863193802625
-5.390645687041034,-5.390645687041034
-5.382304277053939,-5.382304277053939
-5.373962136155338,-5.373962136155338
-5.365619310654112,-5.365619310654112
-5.357275846437049,-5.357275846437049
-5.348931788974153,-5.348931788974153
-5.340587183323848,-5.340587183323848
-5.3322420741381045,-5.3322420741381045
-5.323896505667474,-5.323896505667474
-5.315550521766037,-5.315550521766037
-5.3072041658962785,-5.3072041658962785
-5.298857481133883,-5.298857481133883
-5.290510510172432,-5.290510510172432
-5.282163295328043,-5.282163295328043
-5.273815878543934,-5.273815878543934
-5.265468301394896,-5.265468301394896
-5.257120605091707,-5.257120605091707
-5.248772830485472,-5.248772830485472
-5.240425018071894,-5.240425018071894
-5.232077207995472,-5.232077207995472
-5.223729440053632,-5.223729440053632
-5.215381753700805,-5.215381753700805
-5.207034188052415,-5.207034188052415
-5.198686781888835,-5.198686781888835
-5.190339573659255,-5.190339573659255
-5.181992601485502,-5.181992601485502
-5.173645903165802,-5.173645903165802
-5.165299516178472,-5.165299516178472
-5.156953477685569,-5.156953477685569
-5.148607824536473,-5.148607824536473
-5.1402625932714185,-5.1402625932714185
-5.131917820124969,-5.131917820124969
-5.123573541029448,-5.123573541029448
-5.1152297916183,-5.1152297916183
-5.106886607229421,-5.106886607229421
-5.098544022908425,-5.098544022908425
-5.090202073411864,-5.090202073411864
-5.081860793210403,-5.081860793210403
-5.073520216491948,-5.073520216491948
-5.0651803771647215,-5.0651803771647215
-5.0568413088602995,-5.0568413088602995
-5.048503044936598,-5.048503044936598
-5.0401656184808195,-5.0401656184808195
-5.031829062312355,-5.031829062312355
-5.023493408985645,-5.023493408985645
-5.015158690792991,-5.015158690792991
-5.006824939767342,-5.006824939767342
-4.9984921876850255,-4.9984921876850255
-4.9901604660684455,-4.9901604660684455
-4.981829806188744,-4.981829806188744
-4.973500239068416,-4.973500239068416
-4.9651717954839025,-4.9651717954839025
-4.956844505968131,-4.956844505968131
-4.9485184008130245,-4.9485184008130245
-4.940193510071982,-4.940193510071982
-4.931869863562316,-4.931869863562316
-4.9235474908676595,-4.9235474908676595
-4.915226421340341,-4.915226421340341
-4.906906684103723,-4.906906684103723
-4.898588308054504,-4.898588308054504
-4.890271321865004,-4.890271321865004
-4.881955753985402,-4.881955753985402
-4.873641632645952,-4.873641632645952
-4.865328985859162,-4.865328985859162
-4.857017841421955,-4.857017841421955
-4.848708226917787,-4.848708226917787
-4.840400169718742,-4.840400169718742
-4.832093696987601,-4.832093696987601
-4.823788835679887,-4.823788835679887
-4.815485612545861,-4.815485612545861
-4.807184054132525,-4.807184054132525
-4.798884186785568,-4.798884186785568
-4.7905860366513044,-4.7905860366513044
-4.78228962967858,-4.78228962967858
-4.773994991620651,-4.773994991620651
-4.765702148037045,-4.765702148037045
-4.757411124295389,-4.757411124295389
-4.749121945573221,-4.749121945573221
-4.740834636859776,-4.740834636859776
-4.7325492229577435,-4.7325492229577435
-4.724265728485011,-4.724265728485011
-4.715984177876377,-4.715984177876377
-4.70770459538525,-4.70770459538525
-4.699427005085314,-4.699427005085314
-4.691151430872187,-4.691151430872187
-4.682877896465047,-4.682877896465047
-4.674606425408241,-4.674606425408241
-4.666337041072878,-4.666337041072878
-4.658069766658393,-4.658069766658393
-4.649804625194101,-4.649804625194101
-4.64154163954072,-4.64154163954072
-4.633280832391891,-4.633280832391891
-4.625022226275658,-4.625022226275658
-4.616765843555954,-4.616765843555954
-4.608511706434044,-4.608511706434044
-4.600259836949965,-4.600259836949965
-4.592010256983951,-4.592010256983951
-4.583762988257828,-4.583762988257828
-4.575518052336402,-4.575518052336402
-4.567275470628822,-4.567275470628822
-4.559035264389932,-4.559035264389932
-4.55079745472161,-4.55079745472161
-4.5425620625740795,-4.5425620625740795
-4.534329108747214,-4.534329108747214
-4.526098613891828,-4.526098613891828
-4.517870598510936,-4.517870598510936
-4.509645082961019,-4.509645082961019
-4.501422087453263,-4.501422087453263
-4.493201632054779,-4.493201632054779
-4.484983736689823,-4.484983736689823
-4.4767684211409815,-4.4767684211409815
-4.468555705050364,-4.468555705050364
-4.460345607920769,-4.460345607920769
-4.452138149116836,-4.452138149116836
-4.443933347866185,-4.443933347866185
-4.435731223260555,-4.435731223260555
-4.427531794256904,-4.427531794256904
-4.4193350796785245,-4.4193350796785245
-4.41114109821612,-4.41114109821612
-4.402949868428892,-4.402949868428892
-4.394761408745597,-4.394761408745597
-4.386575737465602,-4.386575737465602
-4.378392872759918,-4.378392872759918
-4.370212832672236,-4.370212832672236
-4.362035635119936,-4.362035635119936
-4.3538612978950955,-4.3538612978950955
-4.345689838665478,-4.345689838665478
-4.337521274975517,-4.337521274975517
-4.329355624247291,-4.329355624247291
-4.321192903781474,-4.321192903781474
-4.313033130758288,-4.313033130758288
-4.304876322238441,-4.304876322238441
-4.296722495164061,-4.296722495164061
-4.288571666359597,-4.288571666359597
-4.280423852532744,-4.280423852532744
-4.272279070275325,-4.272279070275325
-4.264137336064188,-4.264137336064188
-4.255998666262079,-4.255998666262079
-4.247863077118507,-4.247863077118507
-4.239730584770607,-4.239730584770607
-4.231601205243982,-4.231601205243982
-4.2234749544535495,-4.2234749544535495
-4.215351848204364,-4.215351848204364
-4.20723190219244,-4.20723190219244
-4.199115132005568,-4.199115132005568
-4.1910015531241145,-4.1910015531241145
-4.182891180921811,-4.182891180921811
-4.174784030666548,-4.174784030666548
-4.166680117521152,-4.166680117521152
-4.158579456544146,-4.158579456544146
-4.150482062690517,-4.150482062690517
-4.142387950812468,-4.142387950812468
-4.1342971356601605,-4.1342971356601605
-4.126209631882452,-4.126209631882452
-4.118125454027626,-4.118125454027626
-4.110044616544106,-4.110044616544106
-4.101967133781177,-4.101967133781177
-4.093893019989694,-4.093893019989694
-4.085822289322764,-4.085822289322764
-4.077754955836455,-4.077754955836455
-4.06969103349047,-4.06969103349047
-4.061630536148823,-4.061630536148823
-4.053573477580519,-4.053573477580519
-4.045519871460197,-4.045519871460197
-4.037469731368806,-4.037469731368806
-4.029423070794244,-4.029423070794244
-4.021379903131995,-4.021379903131995
-4.013340241685777,-4.013340241685777
-4.0053040996681615,-4.0053040996681615
-3.9972714902011974,-3.9972714902011974
-3.9892424263170296,-3.9892424263170296
-3.981216920958507,-3.981216920958507
-3.9731949869797853,-3.9731949869797853
-3.9651766371469255,-3.9651766371469255
-3.9571618841384835,-3.9571618841384835
-3.949150740546096,-3.949150740546096
-3.9411432188750624,-3.9411432188750624
-3.933139331544912,-3.933139331544912
-3.925139090889979,-3.925139090889979
-3.9171425091599565,-3.9171425091599565
-3.9091495985204596,-3.9091495985204596
-3.9011603710535705,-3.9011603710535705
-3.893174838758389,-3.893174838758389
-3.885193013551565,-3.885193013551565
-3.87721490726784,-3.87721490726784
-3.8692405316605694,-3.8692405316605694
-3.8612698984022535,-3.8612698984022535
-3.853303019085048,-3.853303019085048
-3.8453399052212816,-3.8453399052212816
-3.8373805682439643,-3.8373805682439643
-3.8294250195072896,-3.8294250195072896
-3.82147327028713,-3.82147327028713
-3.8135253317815376,-3.8135253317815376
-3.8055812151112245,-3.8055812151112245
-3.7976409313200485,-3.7976409313200485
-3.7897044913754967,-3.7897044913754967
-3.7817719061691544,-3.7817719061691544
-3.7738431865171775,-3.7738431865171775
-3.7659183431607537,-3.7659183431607537
-3.7579973867665686,-3.7579973867665686
-3.750080327927257,-3.750080327927257
-3.742167177161858,-3.742167177161858
-3.7342579449162576,-3.7342579449162576
-3.726352641563637,-3.726352641563637
-3.718451277404909,-3.718451277404909
-3.7105538626691503,-3.7105538626691503
-3.702660407514032,-3.702660407514032
-3.694770922026251,-3.694770922026251
-3.6868854162219464,-3.6868854162219464
-3.679003900047119,-3.679003900047119
-3.671126383378044,-3.671126383378044
-3.663252876021686,-3.663252876021686
-3.655383387716098,-3.655383387716098
-3.647517928130829,-3.647517928130829
-3.6396565068673232,-3.6396565068673232
-3.631799133459306,-3.631799133459306
-3.623945817373186,-3.623945817373186
-3.6160965680084374,-3.6160965680084374
-3.608251394697981,-3.608251394697981
-3.600410306708568,-3.600410306708568
-3.5925733132411546,-3.5925733132411546
-3.5847404234312754,-3.5847404234312754
-3.5769116463494144,-3.5769116463494144
-3.569086991001367,-3.569086991001367
-3.561266466328606,-3.561266466328606
-3.5534500812086396,-3.5534500812086396
-3.5456378444553662,-3.5456378444553662
-3.5378297648194277,-3.5378297648194277
-3.5300258509885585,-3.5300258509885585
-3.522226111587931,-3.522226111587931
-3.5144305551805015,-3.5144305551805015
-3.5066391902673435,-3.5066391902673435
-3.4988520252879898,-3.4988520252879898
-3.4910690686207615,-3.4910690686207615
-3.483290328583103,-3.483290328583103
-3.475515813431904,-3.475515813431904
-3.4677455313638292,-3.4677455313638292
-3.4599794905156314,-3.4599794905156314
-3.4522176989644784,-3.4522176989644784
-3.444460164728264,-3.444460164728264
-3.436706895765922,-3.436706895765922
-3.4289578999777297,-3.4289578999777297
-3.4212131852056267,-3.4212131852056267
-3.413472759233506,-3.413472759233506
-3.405736629787523,-3.405736629787523
-3.3980048045363933,-3.3980048045363933
-3.3902772910916847,-3.3902772910916847
-3.382554097008113,-3.382554097008113
-3.3748352297838315,-3.3748352297838315
-3.367120696860719,-3.367120696860719
-3.359410505624664,-3.359410505624664
-3.351704663405851,-3.351704663405851
-3.3440031774790335,-3.3440031774790335
-3.3363060550638175,-3.3363060550638175
-3.328613303324934,-3.328613303324934
-3.3209249293725116,-3.3209249293725116
-3.313240940262345,-3.313240940262345
-3.3055613429961674,-3.3055613429961674
-3.297886144521909,-3.297886144521909
-3.2902153517339663,-3.2902153517339663
-3.282548971473457,-3.282548971473457
-3.27488701052848,-3.27488701052848
-3.2672294756343745,-3.2672294756343745
-3.2595763734739664,-3.2595763734739664
-3.251927710677828,-3.251927710677828
-3.2442834938245184,-3.2442834938245184
-3.2366437294408366,-3.2366437294408366
-3.2290084240020636,-3.2290084240020636
-3.2213775839322043,-3.2213775839322043
-3.213751215604228,-3.213751215604228
-3.2061293253403065,-3.2061293253403065
-3.198511919412053,-3.198511919412053
-3.1908990040407472,-3.1908990040407472
-3.1832905853975784,-3.1832905853975784
-3.1756866696038673,-3.1756866696038673
-3.168087262731294,-3.168087262731294
-3.16049237080213,-3.16049237080213
-3.1529019997894525,-3.1529019997894525
-3.1453161556173748,-3.1453161556173748
-3.137734844161258,-3.137734844161258
-3.1301580712479367,-3.1301580712479367
-3.1225858426559268,-3.1225858426559268
-3.1150181641156465,-3.1150181641156465
-3.1074550413096227,-3.1074550413096227
-3.0998964798727036,-3.0998964798727036
-3.0923424853922676,-3.0923424853922676
-3.0847930634084277,-3.0847930634084277
-3.0772482194142374,-3.0772482194142374
-3.0697079588558926,-3.0697079588558926
-3.0621722871329347,-3.0621722871329347
-3.0546412095984463,-3.0546412095984463
-3.04711473155925,-3.04711473155925
-3.0395928582761074,-3.0395928582761074
-3.0320755949639064,-3.0320755949639064
-3.024562946791859,-3.024562946791859
-3.017054918883689,-3.017054918883689
-3.0095515163178246,-3.0095515163178246
-3.0020527441275786,-3.0020527441275786
-2.9945586073013404,-2.9945586073013404
-2.9870691107827576,-2.9870691107827576
-2.9795842594709163,-2.9795842594709163
-2.9721040582205265,-2.9721040582205265
-2.964628511842096,-2.964628511842096
-2.9571576251021106,-2.9571576251021106
-2.94969140272321,-2.94969140272321
-2.9422298493843613,-2.9422298493843613
-2.9347729697210325,-2.9347729697210325
-2.9273207683253637,-2.9273207683253637
-2.9198732497463347,-2.9198732497463347
-2.9124304184899374,-2.9124304184899374
-2.9049922790193405,-2.9049922790193405
-2.897558835755053,-2.897558835755053
-2.890130093075089,-2.890130093075089
-2.882706055315134,-2.882706055315134
-2.875286726768701,-2.875286726768701
-2.867872111687289,-2.867872111687289
-2.860462214280548,-2.860462214280548
-2.853057038716429,-2.853057038716429
-2.8456565891213432,-2.8456565891213432
-2.8382608695803127,-2.8382608695803127
-2.8308698841371247,-2.8308698841371247
-2.8234836367944856,-2.8234836367944856
-2.8161021315141643,-2.8161021315141643
-2.808725372217149,-2.808725372217149
-2.801353362783786,-2.801353362783786
-2.793986107053931,-2.793986107053931
-2.786623608827093,-2.786623608827093
-2.7792658718625747,-2.7792658718625747
-2.77191289987962,-2.77191289987962
-2.7645646965575486,-2.7645646965575486
-2.757221265535898,-2.757221265535898
-2.749882610414566,-2.749882610414566
-2.7425487347539383,-2.7425487347539383
-2.7352196420750334,-2.7352196420750334
-2.727895335859633,-2.727895335859633
-2.7205758195504157,-2.7205758195504157
-2.713261096551087,-2.713261096551087
-2.705951170226516,-2.705951170226516
-2.6986460439028597,-2.6986460439028597
-2.6913457208676945,-2.6913457208676945
-2.6840502043701417,-2.6840502043701417
-2.6767594976209956,-2.6767594976209956
-2.669473603792848,-2.669473603792848
-2.6621925260202106,-2.6621925260202106
-2.654916267399642,-2.654916267399642
-2.647644830989865,-2.647644830989865
-2.6403782198118875,-2.6403782198118875
-2.6331164368491273,-2.6331164368491273
-2.625859485047524,-2.625859485047524
-2.618607367315661,-2.618607367315661
-2.6113600865248774,-2.6113600865248774
-2.60411764550939,-2.60411764550939
-2.5968800470663975,-2.5968800470663975
-2.5896472939562054,-2.5896472939562054
-2.582419388902327,-2.582419388902327
-2.575196334591604,-2.575196334591604
-2.5679781336743077,-2.5679781336743077
-2.5607647887642546,-2.5607647887642546
-2.553556302438911,-2.553556302438911
-2.546352677239503,-2.546352677239503
-2.539153915671117,-2.539153915671117
-2.5319600202028103,-2.5319600202028103
-2.5247709932677127,-2.5247709932677127
-2.5175868372631296,-2.5175868372631296
-2.5104075545506417,-2.5104075545506417
-2.5032331474562124,-2.5032331474562124
-2.4960636182702807,-2.4960636182702807
-2.488898969247865,-2.488898969247865
-2.481739202608659,-2.481739202608659
-2.4745843205371303,-2.4745843205371303
-2.467434325182616,-2.467434325182616
-2.46028921865942,-2.46028921865942
-2.453149003046903,-2.453149003046903
-2.4460136803895804,-2.4460136803895804
-2.4388832526972153,-2.4388832526972153
-2.4317577219449054,-2.4317577219449054
-2.424637090073179,-2.424637090073179
-2.4175213589880813,-2.4175213589880813
-2.4104105305612675,-2.4104105305612675
-2.4033046066300883,-2.4033046066300883
-2.3962035889976763,-2.3962035889976763
-2.3891074794330356,-2.3891074794330356
-2.3820162796711246,-2.3820162796711246
-2.374929991412943,-2.374929991412943
-2.3678486163256154,-2.3678486163256154
-2.3607721560424726,-2.3607721560424726
-2.3537006121631343,-2.3537006121631343
-2.3466339862535954,-2.3466339862535954
-2.3395722798462986,-2.3395722798462986
-2.33251549444022,-2.33251549444022
-2.325463631500947,-2.325463631500947
-2.3184166924607545,-2.3184166924607545
-2.311374678718685,-2.311374678718685
-2.3043375916406226,-2.3043375916406226
-2.297305432559372,-2.297305432559372
-2.29027820277473,-2.29027820277473
-2.2832559035535622,-2.2832559035535622
-2.2762385361298754,-2.2762385361298754
-2.269226101704891,-2.269226101704891
-2.262218601447116,-2.262218601447116
-2.2552160364924148,-2.2552160364924148
-2.2482184079440795,-2.2482184079440795
-2.2412257168728993,-2.2412257168728993
-2.234237964317231,-2.234237964317231
-2.227255151283063,-2.227255151283063
-2.220277278744088,-2.220277278744088
-2.213304347641766,-2.213304347641766
-2.206336358885392,-2.206336358885392
-2.1993733133521602,-2.1993733133521602
-2.1924152118872287,-2.1924152118872287
-2.1854620553037827,-2.1854620553037827
-2.1785138443831022,-2.1785138443831022
-2.1715705798746163,-2.1715705798746163
-2.1646322624959713,-2.1646322624959713
-2.157698892933088,-2.157698892933088
-2.1507704718402247,-2.1507704718402247
-2.1438469998400356,-2.1438469998400356
-2.1369284775236275,-2.1369284775236275
-2.1300149054506226,-2.1300149054506226
-2.1231062841492117,-2.1231062841492117
-2.1162026141162134,-2.1162026141162134
-2.1093038958171295,-2.1093038958171295
-2.1024101296862,-2.1024101296862
-2.09552131612646,-2.09552131612646
-2.088637455509791,-2.088637455509791
-2.0817585481769747,-2.0817585481769747
-2.0748845944377488,-2.0748845944377488
-2.0680155945708574,-2.0680155945708574
-2.0611515488241006,-2.0611515488241006
-2.054292457414388,-2.054292457414388
-2.0474383205277884,-2.0474383205277884
-2.0405891383195778,-2.0405891383195778
-2.033744910914292,-2.033744910914292
-2.026905638405769,-2.026905638405769
-2.020071320857203,-2.020071320857203
-2.0132419583011902,-2.0132419583011902
-2.006417550739768,-2.006417550739768
-1.9995980981444723,-1.9995980981444723
-1.9927836004563748,-1.9927836004563748
-1.9859740575861287,-1.9859740575861287
-1.9791694694140158,-1.9791694694140158
-1.9723698357899877,-1.9723698357899877
-1.9655751565337072,-1.9655751565337072
-1.958785431434593,-1.958785431434593
-1.9520006602518623,-1.9520006602518623
-1.945220842714565,-1.945220842714565
-1.9384459785216337,-1.9384459785216337
-1.9316760673419164,-1.9316760673419164
-1.9249111088142183,-1.9249111088142183
-1.91815110254734,-1.91815110254734
-1.9113960481201167,-1.9113960481201167
-1.904645945081452,-1.904645945081452
-1.8979007929503613,-1.8979007929503613
-1.8911605912160006,-1.8911605912160006
-1.884425339337709,-1.884425339337709
-1.8776950367450378,-1.8776950367450378
-1.8709696828377897,-1.8709696828377897
-1.8642492769860513,-1.8642492769860513
-1.857533818530226,-1.857533818530226
-1.850823306781066,-1.850823306781066
-1.8441177410197098,-1.8441177410197098
-1.8374171204977061,-1.8374171204977061
-1.8307214444370514,-1.8307214444370514
-1.8240307120302173,-1.8240307120302173
-1.8173449224401843,-1.8173449224401843
-1.8106640748004657,-1.8106640748004657
-1.8039881682151413,-1.8039881682151413
-1.7973172017588852,-1.7973172017588852
-1.7906511744769926,-1.7906511744769926
-1.7839900853854067,-1.7839900853854067
-1.7773339334707485,-1.7773339334707485
-1.7706827176903397,-1.7706827176903397
-1.7640364369722317,-1.7640364369722317
-1.7573950902152276,-1.7573950902152276
-1.750758676288911,-1.750758676288911
-1.7441271940336653,-1.7441271940336653
-1.7375006422607022,-1.7375006422607022
-1.7308790197520834,-1.7308790197520834
-1.7242623252607756,-1.7242623252607756
-1.7176505575105365,-1.7176505575105365
-1.711043715196146,-1.711043715196146
-1.7044417969832817,-1.7044417969832817
-1.6978448015085845,-1.6978448015085845
-1.6912527273796691,-1.6912527273796691
-1.6846655731751505,-1.6846655731751505
-1.678083337444659,-1.678083337444659
-1.6715060187088617,-1.6715060187088617
-1.664933615459476,-1.664933615459476
-1.6583661261592944,-1.6583661261592944
-1.6518035492421943,-1.6518035492421943
-1.6452458831131607,-1.6452458831131607
-1.6386931261482958,-1.6386931261482958
-1.6321452766948419,-1.6321452766948419
-1.6256023330711904,-1.6256023330711904
-1.6190642935669006,-1.6190642935669006
-1.6125311564427107,-1.6125311564427107
-1.606002919930555,-1.606002919930555
-1.599479582233571,-1.599479582233571
-1.5929611415261213,-1.5929611415261213
-1.586447595953796,-1.586447595953796
-1.5799389436334317,-1.5799389436334317
-1.573435182653118,-1.573435182653118
-1.5669363110722108,-1.5669363110722108
-1.560442326921343,-1.560442326921343
-1.5539532282024322,-1.5539532282024322
-1.547469012888691,-1.547469012888691
-1.5409896789246351,-1.5409896789246351
-1.5345152242260938,-1.5345152242260938
-1.5280456466802157,-1.5280456466802157
-1.521580944145477,-1.521580944145477
-1.5151211144516876,-1.5151211144516876
-1.5086661553999987,-1.5086661553999987
-1.5022160647629088,-1.5022160647629088
-1.4957708402842675,-1.4957708402842675
-1.4893304796792832,-1.4893304796792832
-1.4828949806345242,-1.4828949806345242
-1.4764643408079274,-1.4764643408079274
-1.4700385578287973,-1.4700385578287973
-1.4636176292978118,-1.4636176292978118
-1.4572015527870257,-1.4572015527870257
-1.4507903258398698,-1.4507903258398698
-1.4443839459711558,-1.4443839459711558
-1.4379824106670758,-1.4379824106670758
-1.431585717385205,-1.431585717385205
-1.4251938635544994,-1.4251938635544994
-1.418806846575298,-1.418806846575298
-1.4124246638193225,-1.4124246638193225
-1.406047312629673,-1.406047312629673
-1.3996747903208324,-1.3996747903208324
-1.3933070941786594,-1.3933070941786594
-1.3869442214603869,-1.3869442214603869
-1.3805861693946229,-1.3805861693946229
-1.3742329351813443,-1.3742329351813443
-1.3678845159918922,-1.3678845159918922
-1.3615409089689703,-1.3615409089689703
-1.3552021112266392,-1.3552021112266392
-1.348868119850313,-1.348868119850313
-1.3425389318967498,-1.3425389318967498
-1.3362145443940492,-1.3362145443940492
-1.329894954341647,-1.329894954341647
-1.323580158710305,-1.323580158710305
-1.3172701544421057,-1.3172701544421057
-1.310964938450443,-1.310964938450443
-1.304664507620017,-1.304664507620017
-1.2983688588068238,-1.2983688588068238
-1.2920779888381448,-1.2920779888381448
-1.28579189451254,-1.28579189451254
-1.2795105725998364,-1.2795105725998364
-1.2732340198411192,-1.2732340198411192
-1.2669622329487187,-1.2669622329487187
-1.2606952086062,-1.2606952086062
-1.2544329434683539,-1.2544329434683539
-1.2481754341611808,-1.2481754341611808
-1.2419226772818799,-1.2419226772818799
-1.2356746693988359,-1.2356746693988359
-1.229431407051607,-1.229431407051607
-1.2231928867509092,-1.2231928867509092
-1.2169591049786035,-1.2169591049786035
-1.210730058187678,-1.210730058187678
-1.2045057428022372,-1.2045057428022372
-1.1982861552174835,-1.1982861552174835
-1.1920712917997016,-1.1920712917997016
-1.1858611488862416,-1.1858611488862416
-1.1796557227855036,-1.1796557227855036
-1.1734550097769196,-1.1734550097769196
-1.1672590061109334,-1.1672590061109334
-1.1610677080089857,-1.1610677080089857
-1.154881111663494,-1.154881111663494
-1.1486992132378344,-1.1486992132378344
-1.1425220088663184,-1.1425220088663184
-1.136349494654177,-1.136349494654177
-1.1301816666775397,-1.1301816666775397
-1.1240185209834115,-1.1240185209834115
-1.1178600535896535,-1.1178600535896535
-1.1117062604849592,-1.1117062604849592
-1.1055571376288342,-1.1055571376288342
-1.0994126809515743,-1.0994126809515743
-1.0932728863542387,-1.0932728863542387
-1.0871377497086292,-1.0871377497086292
-1.081007266857267,-1.081007266857267
-1.0748814336133652,-1.0748814336133652
-1.0687602457608087,-1.0687602457608087
-1.062643699054122,-1.062643699054122
-1.056531789218452,-1.056531789218452
-1.050424511949534,-1.050424511949534
-1.0443218629136712,-1.0443218629136712
-1.0382238377477013,-1.0382238377477013
-1.032130432058978,-1.032130432058978
-1.0260416414253326,-1.0260416414253326
-1.0199574613950555,-1.0199574613950555
-1.0138778874868577,-1.0138778874868577
-1.0078029151898524,-1.0078029151898524
-1.001732539963515,-1.001732539963515
-0.9956667572376611,-0.9956667572376611
-0.9896055624124087,-0.9896055624124087
-0.9835489508581554,-0.9835489508581554
-0.9774969179155385,-0.9774969179155385
-0.9714494588954107,-0.9714494588954107
-0.9654065690788008,-0.9654065690788008
-0.9593682437168882,-0.9593682437168882
-0.9533344780309624,-0.9533344780309624
-0.9473052672123964,-0.9473052672123964
-0.941280606422605,-0.941280606422605
-0.935260490793019,-0.935260490793019
-0.9292449154250417,-0.9292449154250417
-0.9232338753900203,-0.9232338753900203
-0.9172273657292045,-0.9172273657292045
-0.9112253814537163,-0.9112253814537163
-0.9052279175445055,-0.9052279175445055
-0.8992349689523209,-0.8992349689523209
-0.8932465305976659,-0.8932465305976659
-0.8872625973707632,-0.8872625973707632
-0.8812831641315172,-0.8812831641315172
-0.8753082257094742,-0.8753082257094742
-0.869337776903781,-0.869337776903781
-0.8633718124831468,-0.8633718124831468
-0.8574103271858043,-0.8574103271858043
-0.8514533157194665,-0.8514533157194665
-0.8455007727612858,-0.8455007727612858
-0.8395526929578121,-0.8395526929578121
-0.8336090709249526,-0.8336090709249526
-0.8276699012479285,-0.8276699012479285
-0.8217351784812289,-0.8217351784812289
-0.8158048971485706,-0.8158048971485706
-0.8098790517428539,-0.8098790517428539
-0.8039576367261174,-0.8039576367261174
-0.7980406465294916,-0.7980406465294916
-0.7921280755531559,-0.7921280755531559
-0.7862199181662922,-0.7862199181662922
-0.7803161687070385,-0.7803161687070385
-0.7744168214824412,-0.7744168214824412
-0.7685218707684082,-0.7685218707684082
-0.7626313108096632,-0.7626313108096632
-0.7567451358196949,-0.7567451358196949
-0.7508633399807098,-0.7508633399807098
-0.7449859174435827,-0.7449859174435827
-0.7391128623278066,-0.7391128623278066
-0.733244168721446,-0.733244168721446
-0.727379830681081,-0.727379830681081
-0.7215198422317591,-0.7215198422317591
-0.7156641973669458,-0.7156641973669458
-0.7098128900484699,-0.7098128900484699
-0.703965914206471,-0.703965914206471
-0.6981232637393483,-0.6981232637393483
-0.6922849325137067,-0.6922849325137067
-0.6864509143643033,-0.6864509143643033
-0.6806212030939913,-0.6806212030939913
-0.6747957924736673,-0.6747957924736673
-0.6689746762422158,-0.6689746762422158
-0.6631578481064532,-0.6631578481064532
-0.6573453017410705,-0.6573453017410705
-0.6515370307885772,-0.6515370307885772
-0.6457330288592459,-0.6457330288592459
-0.6399332895310536,-0.6399332895310536
-0.6341378063496211,-0.6341378063496211
-0.6283465728281575,-0.6283465728281575
-0.6225595824474003,-0.6225595824474003
-0.6167768286555555,-0.6167768286555555
-0.6109983048682367,-0.6109983048682367
-0.6052240044684052,-0.6052240044684052
-0.5994539208063098,-0.5994539208063098
-0.5936880471994248,-0.5936880471994248
-0.5879263769323859,-0.5879263769323859
-0.5821689032569295,-0.5821689032569295
-0.5764156193918294,-0.5764156193918294
-0.5706665185228346,-0.5706665185228346
-0.5649215938026009,-0.5649215938026009
-0.5591808383506297,-0.5591808383506297
-0.5534442452532039,-0.5534442452532039
-0.5477118075633193,-0.5477118075633193
-0.541983518300619,-0.541983518300619
-0.5362593704513284,-0.5362593704513284
-0.5305393569681864,-0.5305393569681864
-0.5248234707703799,-0.5248234707703799
-0.519111704743472,-0.519111704743472
-0.5134040517393361,-0.5134040517393361
-0.5077005045760861,-0.5077005045760861
-0.5020010560380072,-0.5020010560380072
-0.4963056988754836,-0.4963056988754836
-0.4906144258049287,-0.4906144258049287
-0.4849272295087149,-0.4849272295087149
-0.4792441026351012,-0.4792441026351012
-0.47356503779815995,-0.47356503779815995
-0.4678900275777029,-0.4678900275777029
-0.4622190645192114,-0.4622190645192114
-0.45655214113375986,-0.45655214113375986
-0.4508892498979412,-0.4508892498979412
-0.44523038325379066,-0.44523038325379066
-0.43957553360871476,-0.43957553360871476
-0.43392469333540995,-0.43392469333540995
-0.4282778547717884,-0.4282778547717884
-0.42263501022090033,-0.42263501022090033
-0.4169961519508566,-0.4169961519508566
-0.4113612721947504,-0.4113612721947504
-0.4057303631505766,-0.4057303631505766
-0.40010341698115415,-0.40010341698115415
-0.39448042581404635,-0.39448042581404635
-0.38886138174147944,-0.38886138174147944
-0.3832462768202603,-0.3832462768202603
-0.3776351030716965,-0.3776351030716965
-0.37202785248151377,-0.37202785248151377
-0.36642451699977313,-0.36642451699977313
-0.3608250885407869,-0.3608250885407869
-0.3552295589830343,-0.3552295589830343
-0.3496379201690789,-0.3496379201690789
-0.3440501639054824,-0.3440501639054824
-0.33846628196271766,-0.33846628196271766
-0.33288626607508354,-0.33288626607508354
-0.32731010794061927,-0.32731010794061927
-0.32173779922101564,-0.32173779922101564
-0.3161693315415265,-0.3161693315415265
-0.31060469649087974,-0.31060469649087974
-0.3050438856211918,-0.3050438856211918
-0.2994868904478733,-0.2994868904478733
-0.29393370244954076,-0.29393370244954076
-0.28838431306792467,-0.28838431306792467
-0.2828387137077812,-0.2828387137077812
-0.2772968957367933,-0.2772968957367933
-0.2717588504854861,-0.2717588504854861
-0.2662245692471253,-0.2662245692471253
-0.2606940432776314,-0.2606940432776314
-0.25516726379547605,-0.25516726379547605
-0.24964422198159664,-0.24964422198159664
-0.24412490897929087,-0.24412490897929087
-0.23860931589412646,-0.23860931589412646
-0.23309743379384287,-0.23309743379384287
-0.22758925370825306,-0.22758925370825306
-0.22208476662914345,-0.22208476662914345
-0.21658396351017645,-0.21658396351017645
-0.21108683526679242,-0.21108683526679242
-0.20559337277610729,-0.20559337277610729
-0.20010356687681102,-0.20010356687681102
-0.194617408369067,-0.194617408369067
-0.1891348880144112,-0.1891348880144112
-0.18365599653564804,-0.18365599653564804
-0.1781807246167452,-0.1781807246167452
-0.17270906290273183,-0.17270906290273183
-0.1672410019995936,-0.1672410019995936
-0.16177653247416687,-0.16177653247416687
-0.15631564485403088,-0.15631564485403088
-0.1508583296274019,-0.1508583296274019
-0.1454045772430283,-0.1454045772430283
-0.13995437811007924,-0.13995437811007924
-0.13450772259803623,-0.13450772259803623
-0.12906460103658396,-0.12906460103658396
-0.1236250037155014,-0.1236250037155014
-0.11818892088454969,-0.11818892088454969
-0.11275634275336044,-0.11275634275336044
-0.1073272594913226,-0.1073272594913226
-0.1019016612274722,-0.1019016612274722
-0.09647953805037744,-0.09647953805037744
-0.09106088000802266,-0.09106088000802266
-0.08564567710769441,-0.08564567710769441
-0.08023391931586749,-0.08023391931586749
-0.07482559655808671,-0.07482559655808671
-0.06942069871884839,-0.06942069871884839
-0.06401921564148487,-0.06401921564148487
-0.05862113712804512,-0.05862113712804512
-0.0532264529391754,-0.0532264529391754
-0.047835152793998366,-0.047835152793998366
-0.04244722636999252,-0.04244722636999252
-0.03706266330287233,-0.03706266330287233
-0.03168145318646382,-0.03168145318646382
-0.026303585572582514,-0.026303585572582514
-0.02092904997090863,-0.02092904997090863
-0.015557835848864934,-0.015557835848864934
-0.010189932631489231,-0.010189932631489231
-0.0048253297013087,-0.0048253297013087
0.0005359836017869961,0.0005359836017869961
0.005894017980671218,0.005894017980671218
0.01124878418111094,0.01124878418111094
0.016600292991897764,0.016600292991897764
0.021948555244969876,0.021948555244969876
0.0272935818155541,0.0272935818155541
0.03263538362228628,0.03263538362228628
0.03797397162735356,0.03797397162735356
0.04330935683661673,0.04330935683661673
0.04864155029975613,0.04864155029975613
0.05397056311039288,0.05397056311039288
0.05929640640623783,0.05929640640623783
0.0646190913692162,0.0646190913692162
0.06993862922561414,0.06993862922561414
0.07525503124620746,0.07525503124620746
0.08056830874640894,0.08056830874640894
0.08587847308640308,0.08587847308640308
0.0911855356712846,0.0911855356712846
0.0964895079512065,0.0964895079512065
0.10179040142151302,0.10179040142151302
0.10708822762289227,0.10708822762289227
0.11238299814151083,0.11238299814151083
0.11767472460916556,0.11767472460916556
0.12296341870342299,0.12296341870342299
0.12824909214777186,0.12824909214777186
0.13353175671176326,0.13353175671176326
0.13881142421116552,0.13881142421116552
0.14408810650810658,0.14408810650810658
0.1493618155112314,0.1493618155112314
0.1546325631758424,0.1546325631758424
0.15990036150406203,0.15990036150406203
0.1651652225449761,0.1651652225449761
0.1704271583947953,0.1704271583947953
0.17568618119699853,0.17568618119699853
0.18094230314250165,0.18094230314250165
0.1861955364698013,0.1861955364698013
0.19144589346513988,0.19144589346513988
0.1966933864626576,0.1966933864626576
0.20193802784455897,0.20193802784455897
0.20717983004126211,0.20717983004126211
0.21241880553157,0.21241880553157
0.21765496684282326,0.21765496684282326
0.22288832655107035,0.22288832655107035
0.2281188972812244,0.2281188972812244
0.23334669170723327,0.23334669170723327
0.23857172255223985,0.23857172255223985
0.24379400258875383,0.24379400258875383
0.24901354463881342,0.24901354463881342
0.25423036157416073,0.25423036157416073
0.2594444663164018,0.2594444663164018
0.26465587183718775,0.26465587183718775
0.2698645911583758,0.2698645911583758
0.275070637352211,0.275070637352211
0.2802740235414903,0.2802740235414903
0.2854747628997471,0.2854747628997471
0.2906728686514152,0.2906728686514152
0.29586835407201706,0.29586835407201706
0.3010612324883309,0.3010612324883309
0.3062515172785778,0.3062515172785778
0.3114392218725926,0.3114392218725926
0.3166243597520142,0.3166243597520142
0.3218069444504582,0.3218069444504582
0.32698698955370614,0.32698698955370614
0.3321645086998843,0.3321645086998843
0.337339515579654,0.337339515579654
0.34251202393639063,0.34251202393639063
0.3476820475663789,0.3476820475663789
0.3528496003189925,0.3528496003189925
0.35801469609689157,0.35801469609689157
0.363177348856204,0.363177348856204
0.36833757260672767,0.36833757260672767
0.3734953814121108,0.3734953814121108
0.3786507893900573,0.3786507893900573
0.38380381071251224,0.38380381071251224
0.388954459605866,0.388954459605866
0.3941027503511415,0.3941027503511415
0.399248697284204,0.399248697284204
0.4043923147959502,0.4043923147959502
0.40953361733251764,0.40953361733251764
0.4146726193954765,0.4146726193954765
0.4198093355420447,0.4198093355420447
0.42494378038527847,0.42494378038527847
0.43007596859429154,0.43007596859429154
0.4352059148944489,0.4352059148944489
0.440333634067586,0.440333634067586
0.4454591409522061,0.4454591409522061
0.4505824504437035,0.4505824504437035
0.45570357749456075,0.45570357749456075
0.46082253711457544,0.46082253711457544
0.4659393443710611,0.4659393443710611
0.47105401438907324,0.47105401438907324
0.4761665623516171,0.4761665623516171
0.48127700349987407,0.48127700349987407
0.4863853531334095,0.4863853531334095
0.491491626610406,0.491491626610406
0.4965958393478723,0.4965958393478723
0.5016980068218768,0.5016980068218768
0.5067981445677635,0.5067981445677635
0.5118962681803844,0.5118962681803844
0.5169923933143187,0.5169923933143187
0.5220865356841097,0.5220865356841097
0.5271787110644857,0.5271787110644857
0.5322689352905988,0.5322689352905988
0.5373572242582484,0.5373572242582484
0.5424435939241256,0.5424435939241256
0.5475280603060345,0.5475280603060345
0.5526106394831447,0.5526106394831447
0.5576913475962129,0.5576913475962129
0.5627702008478342,0.5627702008478342
0.5678472155026756,0.5678472155026756
0.5729224078877226,0.5729224078877226
0.5779957943925168,0.5779957943925168
0.5830673914694094,0.5830673914694094
0.5881372156337965,0.5881372156337965
0.5932052834643785,0.5932052834643785
0.5982716116033974,0.5982716116033974
0.6033362167569007,0.6033362167569007
0.6083991156949782,0.6083991156949782
0.613460325252033,0.613460325252033
0.6185198623270184,0.6185198623270184
0.6235777438837119,0.6235777438837119
0.628633986950958,0.628633986950958
0.6336886086229425,0.6336886086229425
0.6387416260594393,0.6387416260594393
0.6437930564860865,0.6437930564860865
0.6488429171946397,0.6488429171946397
0.6538912255432485,0.6538912255432485
0.6589379989567121,0.6589379989567121
0.6639832549267595,0.6639832549267595
0.6690270110123164,0.6690270110123164
0.6740692848397734,0.6740692848397734
0.6791100941032632,0.6791100941032632
0.6841494565649396,0.6841494565649396
0.6891873900552526,0.6891873900552526
0.6942239124732233,0.6942239124732233
0.699259041786726,0.699259041786726
0.7042927960327767,0.7042927960327767
0.7093251933178126,0.7093251933178126
0.7143562518179748,0.7143562518179748
0.7193859897793977,0.7193859897793977
0.7244144255185027,0.7244144255185027
0.7294415774222867,0.7294415774222867
0.7344674639486082,0.7344674639486082
0.7394921036264891,0.7394921036264891
0.7445155150564111,0.7445155150564111
0.7495377169106112,0.7495377169106112
0.7545587279333786,0.7545587279333786
0.7595785669413598,0.7595785669413598
0.7645972528238635,0.7645972528238635
0.7696148045431644,0.7696148045431644
0.7746312411348069,0.7746312411348069
0.7796465817079155,0.7796465817079155
0.784660845445511,0.784660845445511
0.7896740516048179,0.7896740516048179
0.7946862195175769,0.7946862195175769
0.7996973685903693,0.7996973685903693
0.8047075183049244,0.8047075183049244
0.8097166882184538,0.8097166882184538
0.8147248979639578,0.8147248979639578
0.8197321672505647,0.8197321672505647
0.8247385158638436,0.8247385158638436
0.8297439636661468,0.8297439636661468
0.8347485305969236,0.8347485305969236
0.8397522366730692,0.8397522366730692
0.8447551019892436,0.8447551019892436
0.8497571467182229,0.8497571467182229
0.8547583911112218,0.8547583911112218
0.8597588554982499,0.8597588554982499
0.8647585602884412,0.8647585602884412
0.8697575259704073,0.8697575259704073
0.8747557731125783,0.8747557731125783
0.8797533223635575,0.8797533223635575
0.8847501944524655,0.8847501944524655
0.8897464101893011,0.8897464101893011
0.8947419904652877,0.8947419904652877
0.8997369562532425,0.8997369562532425
0.9047313286079218,0.9047313286079218
0.9097251286663991,0.9097251286663991
0.9147183776484117,0.9147183776484117
0.9197110968567461,0.9197110968567461
0.924703307677588,0.924703307677588
0.9296950315809105,0.9296950315809105
0.9346862901208327,0.9346862901208327
0.9396771049360074,0.9396771049360074
0.9446674977499877,0.9446674977499877
0.9496574903716214,0.9496574903716214
0.954647104695416,0.954647104695416
0.9596363627019429,0.9596363627019429
0.9646252864582076,0.9646252864582076
0.9696138981180524,0.9696138981180524
0.9746022199225414,0.9746022199225414
0.9795902742003594,0.9795902742003594
0.9845780833682044,0.9845780833682044
0.9895656699311963,0.9895656699311963
0.9945530564832643,0.9945530564832643
0.9995402657075713,0.9995402657075713
1.004527320376901,1.004527320376901
1.0095142433540853,1.0095142433540853
1.0145010575924027,1.0145010575924027
1.0194877861360057,1.0194877861360057
1.024474452120326,1.024474452120326
1.0294610787725074,1.0294610787725074
1.0344476894118184,1.0344476894118184
1.0394343074500862,1.0394343074500862
1.0444209563921159,1.0444209563921159
1.0494076598361333,1.0494076598361333
1.0543944414742066,1.0543944414742066
1.0593813250926924,1.0593813250926924
1.06436833457267,1.06436833457267
1.0693554938903862,1.0693554938903862
1.0743428271176954,1.0743428271176954
1.079330358422517,1.079330358422517
1.0843181120692744,1.0843181120692744
1.0893061124193602,1.0893061124193602
1.0942943839315793,1.0942943839315793
1.0992829511626259,1.0992829511626259
1.1042718387675252,1.1042718387675252
1.1092610715001188,1.1092610715001188
1.1142506742135154,1.1142506742135154
1.1192406718605785,1.1192406718605785
1.1242310894943837,1.1242310894943837
1.1292219522687146,1.1292219522687146
1.1342132854385245,1.1342132854385245
1.1392051143604367,1.1392051143604367
1.144197464493218,1.144197464493218
1.14919036139828,1.14919036139828
1.1541838307401597,1.1541838307401597
1.1591778982870307,1.1591778982870307
1.1641725899111859,1.1641725899111859
1.1691679315895582,1.1691679315895582
1.174163949404207,1.174163949404207
1.1791606695428485,1.1791606695428485
1.1841581182993475,1.1841581182993475
1.1891563220742525,1.1891563220742525
1.1941553073752973,1.1941553073752973
1.1991551008179415,1.1991551008179415
1.2041557291258793,1.2041557291258793
1.2091572191315847,1.2091572191315847
1.214159597776831,1.214159597776831
1.21916289211324,1.21916289211324
1.2241671293028098,1.2241671293028098
1.2291723366184721,1.2291723366184721
1.234178541444624,1.234178541444624
1.2391857712776948,1.2391857712776948
1.2441940537266851,1.2441940537266851
1.2492034165137422,1.2492034165137422
1.2542138874747024,1.2542138874747024
1.2592254945596766,1.2592254945596766
1.2642382658336004,1.2642382658336004
1.2692522294768251,1.2692522294768251
1.274267413785685,1.274267413785685
1.2792838471730765,1.2792838471730765
1.2843015581690467,1.2843015581690467
1.289320575421385,1.289320575421385
1.2943409276962121,1.2943409276962121
1.2993626438785741,1.2993626438785741
1.3043857529730452,1.3043857529730452
1.3094102841043358,1.3094102841043358
1.3144362665179017,1.3144362665179017
1.3194637295805451,1.3194637295805451
1.3244927027810443,1.3244927027810443
1.3295232157307701,1.3295232157307701
1.3345552981643158,1.3345552981643158
1.3395889799401168,1.3395889799401168
1.344624291041088,1.344624291041088
1.3496612615752703,1.3496612615752703
1.3546999217764648,1.3546999217764648
1.359740302004879,1.359740302004879
1.3647824327477789,1.3647824327477789
1.369826344620151,1.369826344620151
1.374872068365357,1.374872068365357
1.379919634855794,1.379919634855794
1.3849690750935706,1.3849690750935706
1.3900204202111792,1.3900204202111792
1.395073701472176,1.395073701472176
1.4001289502718581,1.4001289502718581
1.4051861981379536,1.4051861981379536
1.4102454767313188,1.4102454767313188
1.4153068178466328,1.4153068178466328
1.420370253413094,1.420370253413094
1.425435815495132,1.425435815495132
1.4305035362931227,1.4305035362931227
1.4355734481441005,1.4355734481441005
1.440645583522478,1.440645583522478
1.4457199750407734,1.4457199750407734
1.4507966554503513,1.4507966554503513
1.4558756576421497,1.4558756576421497
1.4609570146474222,1.4609570146474222
1.4660407596384857,1.4660407596384857
1.4711269259294812,1.4711269259294812
1.476215546977125,1.476215546977125
1.4813066563814652,1.4813066563814652
1.4864002878866587,1.4864002878866587
1.4914964753817457,1.4914964753817457
1.4965952529014277,1.4965952529014277
1.501696654626841,1.501696654626841
1.5068007148863667,1.5068007148863667
1.5119074681564078,1.5119074681564078
1.5170169490622067,1.5170169490622067
1.5221291923786358,1.5221291923786358
1.5272442330310265,1.5272442330310265
1.5323621060959733,1.5323621060959733
1.537482846802173,1.537482846802173
1.542606490531239,1.542606490531239
1.547733072818553,1.547733072818553
1.5528626293540915,1.5528626293540915
1.5579951959832918,1.5579951959832918
1.5631308087078872,1.5631308087078872
1.5682695036867842,1.5682695036867842
1.5734113172369164,1.5734113172369164
1.578556285834129,1.578556285834129
1.5837044461140435,1.5837044461140435
1.5888558348729593,1.5888558348729593
1.5940104890687297,1.5940104890687297
1.599168445821675,1.599168445821675
1.6043297424154752,1.6043297424154752
1.6094944162980893,1.6094944162980893
1.6146625050826664,1.6146625050826664
1.6198340465484802,1.6198340465484802
1.625009078641847,1.625009078641847
1.63018763947708,1.63018763947708
1.6353697673374152,1.6353697673374152
1.6405555006759842,1.6405555006759842
1.6457448781167523,1.6457448781167523
1.650937938455505,1.650937938455505
1.6561347206607995,1.6561347206607995
1.661335263874967,1.661335263874967
1.6665396074150798,1.6665396074150798
1.6717477907739626,1.6717477907739626
1.6769598536211803,1.6769598536211803
1.682175835804061,1.682175835804061
1.6873957773486996,1.6873957773486996
1.6926197184609966,1.6926197184609966
1.6978476995276721,1.6978476995276721
1.7030797611173272,1.7030797611173272
1.7083159439814692,1.7083159439814692
1.7135562890555862,1.7135562890555862
1.7188008374601964,1.7188008374601964
1.724049630501929,1.724049630501929
1.7293027096745925,1.7293027096745925
1.734560116660278,1.734560116660278
1.7398218933304324,1.7398218933304324
1.7450880817469885,1.7450880817469885
1.750358724163451,1.750358724163451
1.7556338630260386,1.7556338630260386
1.760913540974794,1.760913540974794
1.7661978008447405,1.7661978008447405
1.7714866856670086,1.7714866856670086
1.7767802386700076,1.7767802386700076
1.7820785032805753,1.7820785032805753
1.7873815231251642,1.7873815231251642
1.7926893420310057,1.7926893420310057
1.7980020040273208,1.7980020040273208
1.8033195533464974,1.8033195533464974
1.808642034425321,1.808642034425321
1.8139694919061724,1.8139694919061724
1.8193019706382714,1.8193019706382714
1.8246395156789001,1.8246395156789001
1.829982172294662,1.829982172294662
1.8353299859627294,1.8353299859627294
1.8406830023721084,1.8406830023721084
1.8460412674249125,1.8460412674249125
1.8514048272376626,1.8514048272376626
1.8567737281425665,1.8567737281425665
1.8621480166888278,1.8621480166888278
1.8675277396439613,1.8675277396439613
1.872912943995125,1.872912943995125
1.8783036769504526,1.8783036769504526
1.883699985940393,1.883699985940393
1.8891019186190736,1.8891019186190736
1.8945095228656725,1.8945095228656725
1.899922846785792,1.899922846785792
1.9053419387128447,1.9053419387128447
1.9107668472094563,1.9107668472094563
1.9161976210688816,1.9161976210688816
1.9216343093164263,1.9216343093164263
1.9270769612108716,1.9270769612108716
1.9325256262459245,1.9325256262459245
1.9379803541516847,1.9379803541516847
1.9434411948960992,1.9434411948960992
1.948908198686446,1.948908198686446
1.9543814159708257,1.9543814159708257
1.95986089743967,1.95986089743967
1.965346694027258,1.965346694027258
1.970838856913231,1.970838856913231
1.9763374375241447,1.9763374375241447
1.9818424875350238,1.9818424875350238
1.9873540588709249,1.9873540588709249
1.992872203708502,1.992872203708502
1.9983969744776107,1.9983969744776107
2.0039284238629134,2.0039284238629134
2.009466604805491,2.009466604805491
2.015011570504465,2.015011570504465
2.0205633744186478,2.0205633744186478
2.0261220702682072,2.0261220702682072
2.031687712036324,2.031687712036324
2.0372603539708773,2.0372603539708773
2.042840050586141,2.042840050586141
2.0484268566645065,2.0484268566645065
2.0540208272581975,2.0540208272581975
2.059622017691007,2.059622017691007
2.065230483560056,2.065230483560056
2.070846280737567,2.070846280737567
2.0764694653726408,2.0764694653726408
2.0821000938930516,2.0821000938930516
2.087738223007062,2.087738223007062
2.093383909705259,2.093383909705259
2.099037211262389,2.099037211262389
2.104698185239214,2.104698185239214
2.1103668894843883,2.1103668894843883
2.1160433821363545,2.1160433821363545
2.1217277216252417,2.1217277216252417
2.1274199666747884,2.1274199666747884
2.133120176304278,2.133120176304278
2.1388284098305017,2.1388284098305017
2.1445447268697198,2.1445447268697198
2.150269187339653,2.150269187339653
2.1560018514614825,2.1560018514614825
2.1617427797618802,2.1617427797618802
2.1674920330750425,2.1674920330750425
2.1732496725447334,2.1732496725447334
2.179015759626385,2.179015759626385
2.1847903560891564,2.1847903560891564
2.1905735240180744,2.1905735240180744
2.19636532581613,2.19636532581613
2.202165824206451,2.202165824206451
2.2079750822344435,2.2079750822344435
2.2137931632699916,2.2137931632699916
2.2196201310096426,2.2196201310096426
2.225456049478844,2.225456049478844
2.2313009830341652,2.2313009830341652
2.237154996365577,2.237154996365577
2.2430181544987073,2.2430181544987073
2.248890522797161,2.248890522797161
2.254772166964817,2.254772166964817
2.260663153048194,2.260663153048194
2.266563547438778,2.266563547438778
2.272473416875432,2.272473416875432
2.278392828446773,2.278392828446773
2.284321849593614,2.284321849593614
2.2902605481113887,2.2902605481113887
2.2962089921526347,2.2962089921526347
2.3021672502294614,2.3021672502294614
2.308135391216081,2.308135391216081
2.314113484351313,2.314113484351313
2.3201015992411667,2.3201015992411667
2.3260998058613906,2.3260998058613906
2.332108174560097,2.332108174560097
2.33812677606036,2.33812677606036
2.3441556814628863,2.3441556814628863
2.3501949622486618,2.3501949622486618
2.356244690281666,2.356244690281666
2.362304937811574,2.362304937811574
2.3683757774765164,2.3683757774765164
2.3744572823058245,2.3744572823058245
2.38054952572285,2.38054952572285
2.3866525815477555,2.3866525815477555
2.392766524000386,2.392766524000386
2.398891427703111,2.398891427703111
2.4050273676837457,2.4050273676837457
2.411174419378453,2.411174419378453
2.4173326586347104,2.4173326586347104
2.4235021617142682,2.4235021617142682
2.4296830052961718,2.4296830052961718
2.4358752664797736,2.4358752664797736
2.4420790227878157,2.4420790227878157
2.4482943521694907,2.4482943521694907
2.454521333003584,2.454521333003584
2.460760044101596,2.460760044101596
2.467010564710939,2.467010564710939
2.473272974518117,2.473272974518117
2.479547353651986,2.479547353651986
2.4858337826869943,2.4858337826869943
2.492132342646494,2.492132342646494
2.4984431150060558,2.4984431150060558
2.5047661816968385,2.5047661816968385
2.51110162510896,2.51110162510896
2.517449528094942,2.517449528094942
2.523809973973134,2.523809973973134
2.530183046531232,2.530183046531232
2.536568830029762,2.536568830029762
2.542967409205671,2.542967409205671
2.5493788692758756,2.5493788692758756
2.5558032959409096,2.5558032959409096
2.562240775388574,2.562240775388574
2.568691394297615,2.568691394297615
2.5751552398414597,2.5751552398414597
2.5816323996919843,2.5816323996919843
2.5881229620233026,2.5881229620233026
2.5946270155155995,2.5946270155155995
2.6011446493590022,2.6011446493590022
2.6076759532575053,2.6076759532575053
2.614221017432906,2.614221017432906
2.6207799326287833,2.6207799326287833
2.6273527901145326,2.6273527901145326
2.6339396816894367,2.6339396816894367
2.640540699686758,2.640540699686758
2.647155936977883,2.647155936977883
2.6537854869765147,2.6537854869765147
2.6604294436428955,2.6604294436428955
2.6670879014880833,2.6670879014880833
2.6737609555782433,2.6737609555782433
2.680448701539018,2.680448701539018
2.687151235559924,2.687151235559924
2.6938686543987846,2.6938686543987846
2.7006010553862168,2.7006010553862168
2.7073485364301586,2.7073485364301586
2.714111196020456,2.714111196020456
2.720889133233472,2.720889133233472
2.727682447736755,2.727682447736755
2.734491239793757,2.734491239793757
2.7413156102685994,2.7413156102685994
2.7481556606308772,2.7481556606308772
2.7550114929605196,2.7550114929605196
2.761883209952697,2.761883209952697
2.7687709149227864,2.7687709149227864
2.7756747118113814,2.7756747118113814
2.78259470518934,2.78259470518934
2.7895310002629046,2.7895310002629046
2.7964837028788745,2.7964837028788745
2.8034529195298177,2.8034529195298177
2.810438757359343,2.810438757359343
2.817441324167412,2.817441324167412
2.8244607284157586,2.8244607284157586
2.8314970792332925,2.8314970792332925
2.838550486421603,2.838550486421603
2.8456210604605126,2.8456210604605126
2.852708912513689,2.852708912513689
2.8598141544343134,2.8598141544343134
2.8669368987708004,2.8669368987708004
2.8740772587725885,2.8740772587725885
2.8812353483960007,2.8812353483960007
2.888411282310148,2.888411282310148
2.8956051759028876,2.8956051759028876
2.902817145286884,2.902817145286884
2.910047307305695,2.910047307305695
2.9172957795399532,2.9172957795399532
2.924562680313573,2.924562680313573
2.9318481287000635,2.9318481287000635
2.939152244528902,2.939152244528902
2.9464751483919605,2.9464751483919605
2.953816961650002,2.953816961650002
2.9611778064392578,2.9611778064392578
2.9685578056780884,2.9685578056780884
2.9759570830736863,2.9759570830736863
2.9833757631288607,2.9833757631288607
2.990813971148911,2.990813971148911
2.998271833248567,2.998271833248567
3.0057494763590027,3.0057494763590027
3.013247028234917,3.013247028234917
3.020764617461716,3.020764617461716
3.0283023734627608,3.0283023734627608
3.0358604265066953,3.0358604265066953
3.043438907714842,3.043438907714842
3.0510379490687085,3.0510379490687085
3.0586576834175703,3.0586576834175703
3.0662982444861093,3.0662982444861093
3.073959766882168,3.073959766882168
3.0816423861045825,3.0816423861045825
3.089346238551102,3.089346238551102
3.097071461526402,3.097071461526402
3.1048181932501646,3.1048181932501646
3.1125865728652844,3.1125865728652844
3.120376740446154,3.120376740446154
3.1281888370070314,3.1281888370070314
3.1360230045105086,3.1360230045105086
3.1438793858760854,3.1438793858760854
3.1517581249888464,3.1517581249888464
3.1596593667082096,3.1596593667082096
3.167583256876796,3.167583256876796
3.1755299423294003,3.1755299423294003
3.1834995709020677,3.1834995709020677
3.191492291441265,3.191492291441265
3.199508253813157,3.199508253813157
3.2075476089129995,3.2075476089129995
3.215610508674653,3.215610508674653
3.2236971060801722,3.2236971060801722
3.231807555169549,3.231807555169549
3.2399420110505277,3.2399420110505277
3.2481006299085666,3.2481006299085666
3.2562835690169165,3.2562835690169165
3.2644909867468055,3.2644909867468055
3.272723042577731,3.272723042577731
3.280979897107907,3.280979897107907
3.289261712064821,3.289261712064821
3.297568650315912,3.297568650315912
3.3059008758793684,3.3059008758793684
3.3142585539350757,3.3142585539350757
3.3226418508356907,3.3226418508356907
3.3310509341178394,3.3310509341178394
3.33948597251345,3.33948597251345
3.3479471359612254,3.3479471359612254
3.3564345956182753,3.3564345956182753
3.3649485238718597,3.3649485238718597
3.373489094351281,3.373489094351281
3.3820564819399346,3.3820564819399346
3.390650862787503,3.390650862787503
3.399272414322307,3.399272414322307
3.4079213152637635,3.4079213152637635
3.416597745635064,3.416597745635064
3.425301886775979,3.425301886775979
3.4340339213558035,3.4340339213558035
3.4427940333864875,3.4427940333864875
3.4515824082359168,3.4515824082359168
3.460399232641389,3.460399232641389
3.4692446947232116,3.4692446947232116
3.478118983998497,3.478118983998497
3.4870222913951374,3.4870222913951374
3.4959548092659487,3.4959548092659487
3.504916731402986,3.504916731402986
3.5139082530520462,3.5139082530520462
3.5229295709273574,3.5229295709273574
3.5319808832264608,3.5319808832264608
3.5410623896452744,3.5410623896452744
3.5501742913933385,3.5501742913933385
3.5593167912092825,3.5593167912092825
3.568490093376484,3.568490093376484
3.577694403738919,3.577694403738919
3.5869299297172117,3.5869299297172117
3.596196880324923,3.596196880324923
3.6054954661850274,3.6054954661850274
3.614825899546615,3.614825899546615
3.624188394301792,3.624188394301792
3.6335831660028273,3.6335831660028273
3.643010431879533,3.643010431879533
3.6524704108568384,3.6524704108568384
3.661963323572615,3.661963323572615
3.671489392395746,3.671489392395746
3.6810488414444364,3.6810488414444364
3.690641896604756,3.690641896604756
3.700268785549415,3.700268785549415
3.709929737756841,3.709929737756841
3.7196249845304714,3.7196249845304714
3.7293547590183134,3.7293547590183134
3.7391192962327793,3.7391192962327793
3.748918833070769,3.748918833070769
3.758753608334072,3.758753608334072
3.768623862749991,3.768623862749991
3.7785298389922795,3.7785298389922795
3.788471781702356,3.788471781702356
3.7984499375108323,3.7984499375108323
3.808464555059306,3.808464555059306
3.81851588502247,3.81851588502247
3.8286041801305237,3.8286041801305237
3.8387296951919168,3.8387296951919168
3.848892687116384,3.848892687116384
3.8590934149383065,3.8590934149383065
3.8693321398404064,3.8693321398404064
3.879609125177789,3.879609125177789
3.889924636502301,3.889924636502301
3.9002789415872328,3.9002789415872328
3.910672310452389,3.910672310452389
3.9211050153895157,3.9211050153895157
3.9315773309880733,3.9315773309880733
3.9420895341613815,3.9420895341613815
3.9526419041731504,3.9526419041731504
3.9632347226643985,3.9632347226643985
3.973868273680743,3.973868273680743
3.9845428437000794,3.9845428437000794
3.9952587216606874,3.9952587216606874
4.00601619898974,4.00601619898974
4.016815569632222,4.016815569632222
4.027657130080254,4.027657130080254
4.038541179402885,4.038541179402885
4.049468019276309,4.049468019276309
4.06043795401453,4.06043795401453
4.071451290600449,4.071451290600449
4.082508338717467,4.082508338717467
4.093609410781539,4.093609410781539
4.104754821973692,4.104754821973692
4.115944890273035,4.115944890273035
4.1271799364902835,4.1271799364902835
4.138460284301798,4.138460284301798
4.149786260284096,4.149786260284096
4.16115819394891,4.16115819394891
4.1725764177788,4.1725764177788
4.184041267263301,4.184041267263301
4.195553080935596,4.195553080935596
4.207112200409782,4.207112200409782
4.218718970418708,4.218718970418708
4.230373738852402,4.230373738852402
4.242076856797082,4.242076856797082
4.253828678574771,4.253828678574771
4.265629561783553,4.265629561783553
4.277479867338452,4.277479867338452
4.28937995951295,4.28937995951295
4.301330205981143,4.301330205981143
4.313330977860602,4.313330977860602
4.325382649755894,4.325382649755894
4.337485599802798,4.337485599802798
4.3496402097132085,4.3496402097132085
4.361846864820796,4.361846864820796
4.374105954127394,4.374105954127394
4.386417870350111,4.386417870350111
4.398783009969211,4.398783009969211
4.4112017732767965,4.4112017732767965
4.423674564426275,4.423674564426275
4.436201791482622,4.436201791482622
4.448783866473462,4.448783866473462
4.461421205441021,4.461421205441021
4.474114228494934,4.474114228494934
4.486863359865889,4.486863359865889
4.49966902796021,4.49966902796021
4.5125316654153185,4.5125316654153185
4.525451709156132,4.525451709156132
4.538429600452441,4.538429600452441
4.551465784977206,4.551465784977206
4.564560712865856,4.564560712865856
4.577714838776614,4.577714838776614
4.590928621951834,4.590928621951834
4.604202526280391,4.604202526280391
4.617537020361124,4.617537020361124
4.630932577567393,4.630932577567393
4.644389676112761,4.644389676112761
4.657908799117777,4.657908799117777
4.671490434677953,4.671490434677953
4.6851350759328945,4.6851350759328945
4.698843221136705,4.698843221136705
4.71261537372956,4.71261537372956
4.726452042410568,4.726452042410568
4.740353741211934,4.740353741211934
4.754320989574441,4.754320989574441
4.768354312424267,4.768354312424267
4.782454240251156,4.782454240251156
4.796621309188045,4.796621309188045
4.81085606109209,4.81085606109209
4.825159043627177,4.825159043627177
4.8395308103478945,4.8395308103478945
4.853971920785086,4.853971920785086
4.868482940532963,4.868482940532963
4.8830644413377735,4.8830644413377735
4.897717001188137,4.897717001188137
4.912441204407058,4.912441204407058
4.927237641745656,4.927237641745656
4.942106910478594,4.942106910478594
4.957049614501336,4.957049614501336
4.972066364429229,4.972066364429229
4.987157777698447,4.987157777698447
5.002324478668842,5.002324478668842
5.01756709872874,5.01756709872874
5.032886276401761,5.032886276401761
5.048282657455679,5.048282657455679
5.063756895013366,5.063756895013366
5.079309649665863,5.079309649665863
5.094941589587675,5.094941589587675
5.110653390654301,5.110653390654301
5.126445736562039,5.126445736562039
5.142319318950151,5.142319318950151
5.158274837525437,5.158274837525437
5.174313000189288,5.174313000189288
5.19043452316722,5.19043452316722
5.20664013114101,5.20664013114101
5.222930557383489,5.222930557383489
5.239306543896026,5.239306543896026
5.255768841548797,5.255768841548797
5.272318210223855,5.272318210223855
5.288955418961175,5.288955418961175
5.305681246107637,5.305681246107637
5.322496479469075,5.322496479469075
5.339401916465438,5.339401916465438
5.3563983642891895,5.3563983642891895
5.373486640066994,5.373486640066994
5.390667571024745,5.390667571024745
5.4079419946560785,5.4079419946560785
5.42531075889439,5.42531075889439
5.442774722288555,5.442774722288555
5.46033475418231,5.46033475418231
5.477991734897462,5.477991734897462
5.4957465559210545,5.4957465559210545
5.513600120096526,5.513600120096526
5.531553341819008,5.531553341819008
5.5496071472348145,5.5496071472348145
5.567762474445342,5.567762474445342
5.586020273715371,5.586020273715371
5.604381507685985,5.604381507685985
5.622847151592128,5.622847151592128
5.641418193485042,5.641418193485042
5.660095634459636,5.660095634459636
5.678880488886936,5.678880488886936
5.6977737846517265,5.6977737846517265
5.716776563395599,5.716776563395599
5.7358898807655105,5.7358898807655105
5.7551148066679625,5.7551148066679625
5.774452425529006,5.774452425529006
5.79390383656024,5.79390383656024
5.813470154030958,5.813470154030958
5.833152507546575,5.833152507546575
5.852952042333553,5.852952042333553
5.872869919531011,5.872869919531011
5.89290731648921,5.89290731648921
5.913065427075049,5.913065427075049
5.933345461984851,5.933345461984851
5.953748649064594,5.953748649064594
5.9742762336378705,5.9742762336378705
5.994929478841694,5.994929478841694
6.015709665970437,6.015709665970437
6.036618094828183,6.036618094828183
6.057656084089701,6.057656084089701
6.078824971670233,6.078824971670233
6.100126115104435,6.100126115104435
6.121560891934779,6.121560891934779
6.143130700109595,6.143130700109595
6.1648369583911045,6.1648369583911045
6.186681106773726,6.186681106773726
6.208664606912998,6.208664606912998
6.230788942565445,6.230788942565445
6.253055620039654,6.253055620039654
6.275466168658954,6.275466168658954
6.298022141236125,6.298022141236125
6.320725114560397,6.320725114560397
6.34357668989719,6.34357668989719
6.366578493500957,6.366578493500957
6.3897321771416395,6.3897321771416395
6.413039418645045,6.413039418645045
6.436501922447681,6.436501922447681
6.4601214201664465,6.4601214201664465
6.4838996711837416,6.4838996711837416
6.507838463248465,6.507838463248465
6.531939613093355,6.531939613093355
6.5562049670692994,6.5562049670692994
6.580636401797156,6.580636401797156
6.60523582483766,6.60523582483766
6.630005175380017,6.630005175380017
6.654946424949764,6.654946424949764
6.680061578136711,6.680061578136711
6.705352673343475,6.705352673343475
6.730821783555369,6.730821783555369
6.756471017132451,6.756471017132451
6.782302518624376,6.782302518624376
6.808318469608962,6.808318469608962
6.834521089555278,6.834521089555278
6.860912636712036,6.860912636712036
6.887495409022277,6.887495409022277
6.914271745065265,6.914271745065265
6.941244025026603,6.941244025026603
6.968414671697479,6.968414671697479
6.995786151504221,6.995786151504221
7.023360975569209,7.023360975569209
7.051141700804363,7.051141700804363
7.079130931038321,7.079130931038321
7.107331318178594,7.107331318178594
7.135745563410085,7.135745563410085
7.1643764184312815,7.1643764184312815
7.193226686729524,7.193226686729524
7.2222992248968865,7.2222992248968865
7.251596943988268,7.251596943988268
7.281122810923285,7.281122810923285
7.310879849933663,7.310879849933663
7.340871144057895,7.340871144057895
7.371099836685159,7.371099836685159
7.401569133150333,7.401569133150333
7.4322823023821565,7.4322823023821565
7.463242678606743,7.463242678606743
7.494453663108646,7.494453663108646
7.525918726051915,7.525918726051915
7.557641408363456,7.557641408363456
7.589625323681385,7.589625323681385
7.621874160371103,7.621874160371103
7.654391683611941,7.654391683611941
7.687181737557211,7.687181737557211
7.720248247570997,7.720248247570997
7.7535952225448606,7.7535952225448606
7.787226757298003,7.787226757298003
7.821147035064394,7.821147035064394
7.8553603300707575,7.8553603300707575
7.889871010209491,7.889871010209491
7.924683539810675,7.924683539810675
7.959802482517583,7.959802482517583
7.99523250427042,7.99523250427042
8.030978376403272,8.030978376403272
8.067044978859421,8.067044978859421
8.103437303530406,8.103437303530406
8.140160457724734,8.140160457724734
8.177219667772317,8.177219667772317
8.21462028277101,8.21462028277101
8.252367778482048,8.252367778482048
8.290467761381525,8.290467761381525
8.328925972875611,8.328925972875611
8.367748293687352,8.367748293687352
8.406940748423633,8.406940748423633
8.446509510331138,8.446509510331138
8.486460906250976,8.486460906250976
8.526801421781864,8.526801421781864
8.567537706662542,8.567537706662542
8.608676580384682,8.608676580384682
8.650225038048346,8.650225038048346
8.692190256472593,8.692190256472593
8.734579600574724,8.734579600574724
8.777400630032474,8.777400630032474
8.820661106244414,8.820661106244414
8.86436899960473,8.86436899960473
8.908532497109498,8.908532497109498
8.953160010312843,8.953160010312843
8.998260183652523,8.998260183652523
9.043841903165717,9.043841903165717
9.089914305617084,9.089914305617084
9.136486788062875,9.136486788062875
9.183569017876312,9.183569017876312
9.231170943261244,9.231170943261244
9.27930280428283,9.27930280428283
9.327975144446176,9.327975144446176
9.37719882285592,9.37719882285592
9.426985026992213,9.426985026992213
9.47734528614081,9.47734528614081
9.528291485518091,9.528291485518091
9.579835881134573,9.579835881134573
9.631991115443869,9.631991115443869
9.684770233827292,9.684770233827292
9.738186701968415,9.738186701968415
9.792254424175901,9.792254424175901
9.846987762717514,9.846987762717514
9.90240155823285,9.90240155823285
9.958511151298106,9.958511151298106
10.015332405221786,10.015332405221786
10.0728817301568,10.0728817301568
10.13117610862104,10.13117610862104
10.1902331225267,10.1902331225267
10.250070981826635,10.250070981826635
10.31070855489533,10.31070855489533
10.372165400772154,10.372165400772154
10.43446180340566,10.43446180340566
10.497618808050053,10.497618808050053
10.561658259978277,10.561658259978277
10.62660284569098,10.62660284569098
10.692476136817154,10.692476136817154
10.759302636920507,10.759302636920507
10.827107831445531,10.827107831445531
10.895918241059462,10.895918241059462
10.965761478671402,10.965761478671402
11.03666631043724,11.03666631043724
11.10866272108967,11.10866272108967
11.181781983966658,11.181781983966658
11.256056736150176,11.256056736150176
11.33152105916971,11.33152105916971
11.408210565772727,11.408210565772727
11.486162493318067,11.486162493318067
11.5654158044087,11.5654158044087
11.646011295448442,11.646011295448442
11.727991713883622,11.727991713883622
11.81140188497752,11.81140188497752
11.896288849063733,11.896288849063733
11.982702010336043,11.982702010336043
12.07069329835889,12.07069329835889
12.160317343626886,12.160317343626886
12.251631668666667,12.251631668666667
12.344696896363187,12.344696896363187
12.439576977408475,12.439576977408475
12.536339439019628,12.536339439019628
12.635055657359786,12.635055657359786
12.735801156426902,12.735801156426902
12.838655936558942,12.838655936558942
12.94370483614997,12.94370483614997
13.05103793069175,13.05103793069175
13.160750973862262,13.160750973862262
13.272945886095162,13.272945886095162
13.3877312969014,13.3877312969014
13.505223148202605,13.505223148202605
13.625545367106717,13.625545367106717
13.748830617947705,13.748830617947705
13.875221145071558,13.875221145071558
14.004869719839537,14.004869719839537
14.137940707713144,14.137940707713144
14.274611274176705,14.274611274176705
14.415072751763432,14.415072751763432
14.559532194732391,14.559532194732391
14.708214153193591,14.708214153193591
14.861362704948814,14.861362704948814
15.01924379133621,15.01924379133621
15.182147913368217,15.182147913368217
15.350393257003313,15.350393257003313
15.524329332246607,15.524329332246607
15.704341230944856,15.704341230944856
15.890854633996698,15.890854633996698
16.084341732107855,16.084341732107855
16.285328267759926,16.285328267759926
16.494401963322844,16.494401963322844
16.712222676291674,16.712222676291674
16.93953472470385,16.93953472470385
17.1771819643593,17.1771819643593
17.426126389891433,17.426126389891433
17.687471296934095,17.687471296934095
17.96249041734275,17.96249041734275
18.252664977321245,18.252664977321245
18.559731413954133,18.559731413954133
18.88574365532532,18.88574365532532
19.233155648135792,19.233155648135792
19.604932586302496,19.604932586302496
20.00470372218086,20.00470372218086
20.436976937369423,20.436976937369423
20.907447686502238,20.907447686502238
21.423456978309964,21.423456978309964
21.994693989013047,21.994693989013047
22.634319103704378,22.634319103704378
23.36085088805966,23.36085088805966
24.20154033480801,24.20154033480801
25.19890729918784,25.19890729918784
26.424834880094203,26.424834880094203
28.0159631182229,28.0159631182229
30.286550027390984,30.286550027390984
34.29716491355482,34.29716491355482
