-7.001155156889501,-7.001155156889501
-6.996986411922405,-6.996986411922405
-6.959460532104769,-6.959460532104769
-6.909646700400613,-6.909646700400613
-6.852232413567465,-6.852232413567465
-6.789449834643044,-6.789449834643044
-6.722614772882527,-6.722614772882527
-6.652596719126582,-6.652596719126582
-6.580013393572457,-6.580013393572457
-6.505326301564685,-6.505326301564685
-6.428893270041544,-6.428893270041544
-6.350999761045619,-6.350999761045619
-6.27187870931251,-6.27187870931251
-6.191723705379354,-6.191723705379354
-6.110698101070741,-6.110698101070741
-6.028941501919122,-6.028941501919122
-5.946574521713825,-5.946574521713825
-5.8637023444845235,-5.8637023444845235
-5.780417445909906,-5.780417445909906
-5.6968017083589215,-5.6968017083589215
-5.612928089561274,-5.612928089561274
-5.528861956761164,-5.528861956761164
-5.44466216616491,-5.44466216616491
-5.360381945674672,-5.360381945674672
-5.276069623739647,-5.276069623739647
-5.191769236427484,-5.191769236427484
-5.107521037100348,-5.107521037100348
-5.0233619274437995,-5.0233619274437995
-4.939325824424157,-4.939325824424157
-4.855443974622294,-4.855443974622294
-4.77174522502024,-4.77174522502024
-4.688256257499386,-4.688256257499386
-4.605001792902529,-4.605001792902529
-4.5220047694134475,-4.5220047694134475
-4.439286499142331,-4.439286499142331
-4.356866806118544,-4.356866806118544
-4.274764148342579,-4.274764148342579
-4.192995726106658,-4.192995726106658
-4.111577578434575,-4.111577578434575
-4.030524669198813,-4.030524669198813
-3.949850964232811,-3.949850964232811
-3.86956950055829,-3.86956950055829
-3.789692448683199,-3.789692448683199
-3.7102311687891065,-3.7102311687891065
-3.6311962615121924,-3.6311962615121924
-3.552597613925686,-3.552597613925686
-3.4744444412501947,-3.4744444412501947
-3.396745324749399,-3.396745324749399
-3.3195082462098187,-3.3195082462098187
-3.242740619353189,-3.242740619353189
-3.1664493184869786,-3.1664493184869786
-3.0906407046615056,-3.0906407046615056
-3.0153206495702256,-3.0153206495702256
-2.940494557402035,-2.940494557402035
-2.8661673848304217,-2.8661673848304217
-2.7923436593033752,-2.7923436593033752
-2.7190274957796245,-2.7190274957796245
-2.6462226120408006,-2.6462226120408006
-2.5739323426949894,-2.5739323426949894
-2.5021596519747544,-2.5021596519747544
-2.4309071454217466,-2.4309071454217466
-2.360177080540301,-2.360177080540301
-2.289971376493857,-2.289971376493857
-2.2202916229099645,-2.2202916229099645
-2.1511390878539784,-2.1511390878539784
-2.0825147250233944,-2.0825147250233944
-2.0144191802112967,-2.0144191802112967
-1.946852797081173,-1.946852797081173
-1.8798156222913374,-1.8798156222913374
-1.8133074100030182,-1.8133074100030182
-1.7473276258025194,-1.7473276258025194
-1.681875450064488,-1.681875450064488
-1.6169497807802258,-1.6169497807802258
-1.5525492358721704,-1.5525492358721704
-1.488672155013052,-1.488672155013052
-1.4253166009658111,-1.4253166009658111
-1.3624803604581215,-1.3624803604581215
-1.3001609446032327,-1.3001609446032327
-1.2383555888769042,-1.2383555888769042
-1.1770612526582924,-1.1770612526582924
-1.1162746183409051,-1.1162746183409051
-1.0559920900180129,-1.0559920900180129
-0.9962097917452868,-0.9962097917452868
-0.9369235653818341,-0.9369235653818341
-0.8781289680092659,-0.8781289680092659
-0.8198212689269121,-0.8198212689269121
-0.7619954462197911,-0.7619954462197911
-0.7046461828944756,-0.7046461828944756
-0.6477678625764632,-0.6477678625764632
-0.5913545647612143,-0.5913545647612143
-0.5354000596094288,-0.5354000596094288
-0.47989780227565304,-0.47989780227565304
-0.42484092675764407,-0.42484092675764407
-0.37022223925234077,-0.37022223925234077
-0.3160342110025369,-0.3160342110025369
-0.2622689706166249,-0.2622689706166249
-0.20891829584188648,-0.20891829584188648
-0.15597360476990704,-0.15597360476990704
-0.10342594645060166,-0.10342594645060166
-0.05126599088920617,-0.05126599088920617
0.0005159816017203171,0.0005159816017203171
0.05193009172567671,0.05193009172567671
0.10298687323397834,0.10298687323397834
0.15369728570167157,0.15369728570167157
0.20407272808636195,0.20407272808636195
0.25412505311191924,0.25412505311191924
0.30386658252246096,0.30386658252246096
0.3533101232557298,0.3533101232557298
0.4024689845889825,0.4024689845889825
0.4513569963148531,0.4513569963148531
0.4999885280093282,0.4999885280093282
0.5483785094590748,0.5483785094590748
0.596542452320885,0.596542452320885
0.6444964730920185,0.6444964730920185
0.6922573174767651,0.6922573174767651
0.7398423862417143,0.7398423862417143
0.787269762659966,0.787269762659966
0.8345582416531503,0.8345582416531503
0.881727360749316,0.881727360749316
0.9287974329851285,0.9287974329851285
0.9757895818919505,0.9757895818919505
1.022725778717776,1.022725778717776
1.0696288820505575,1.0696288820505575
1.116522680023447,1.116522680023447
1.1634319352989668,1.1634319352989668
1.2103824330474056,1.2103824330474056
1.2574010321548774,1.2574010321548774
1.3045157199188795,1.3045157199188795
1.3517556705139608,1.3517556705139608
1.3991513075376696,1.3991513075376696
1.4467343709776188,1.4467343709776188
1.494537988974635,1.494537988974635
1.5425967547950872,1.5425967547950872
1.5909468094680754,1.5909468094680754
1.6396259305908503,1.6396259305908503
1.6886736278592849,1.6886736278592849
1.7381312459402976,1.7381312459402976
1.7880420753706683,1.7880420753706683
1.8384514722429046,1.8384514722429046
1.8894069875247266,1.8894069875247266
1.9409585069562492,1.9409585069562492
1.9931584025790077,1.9931584025790077
2.046061697076625,2.046061697076625
2.0997262422492873,2.0997262422492873
2.154212913107209,2.154212913107209
2.2095858192542837,2.2095858192542837
2.2659125354463954,2.2659125354463954
2.3232643534539816,2.3232643534539816
2.381716557640564,2.381716557640564
2.441348726994831,2.441348726994831
2.5022450667310343,2.5022450667310343
2.5644947730103755,2.5644947730103755
2.628192434845837,2.628192434845837
2.6934384778482037,2.6934384778482037
2.760339655168344,2.760339655168344
2.8290095918101237,2.8290095918101237
2.899569389454483,2.899569389454483
2.9721483000782625,2.9721483000782625
3.0468844780087827,3.0468844780087827
3.123925821673354,3.123925821673354
3.203430918239518,3.203430918239518
3.285570106669462,3.285570106669462
3.3705266775213594,3.3705266775213594
3.4584982312378223,3.4584982312378223
3.5496982208126173,3.5496982208126173
3.6443577098115383,3.6443577098115383
3.742727382982608,3.742727382982608
3.845079854441897,3.845079854441897
3.9517123280742723,3.9517123280742723
4.062949676888031,4.062949676888031
4.179148023327153,4.179148023327153
4.3006989219415095,4.3006989219415095
4.428034270644261,4.428034270644261
4.561632108825104,4.561632108825104
4.702023502282225,4.702023502282225
4.849800769690764,4.849800769690764
5.0056273779350455,5.0056273779350455
5.170249930930167,5.170249930930167
5.344512808418077,5.344512808418077
5.529376192109487,5.529376192109487
5.725938467981909,5.725938467981909
5.9354643481099,5.9354643481099
6.15942056329718,6.15942056329718
6.399521717929998,6.399521717929998
6.657789997724082,6.657789997724082
6.9366340882565725,6.9366340882565725
7.238955250646617,7.238955250646617
7.568292626289948,7.568292626289948
7.929026615542568,7.929026615542568
8.326670676111918,8.326670676111918
8.768302188683162,8.768302188683162
9.263220530153326,9.263220530153326
9.823993524547136,9.823993524547136
10.468205079630994,10.468205079630994
11.221557322232893,11.221557322232893
12.123824369149919,12.123824369149919
13.24153338439765,13.24153338439765
14.699255175446245,14.699255175446245
16.77658908174987,16.77658908174987
20.368026267552015,20.368026267552015
