-7.001987045643266,-7.001987045643266
-7.012842438487887,-7.012842438487887
-7.019884412393457,-7.019884412393457
-7.0252404668419315,-7.0252404668419315
-7.029483890338999,-7.029483890338999
-7.032895263301186,-7.032895263301186
-7.0356422504352105,-7.0356422504352105
-7.037836607507045,-7.037836607507045
-7.039558230792022,-7.039558230792022
-7.040867111816783,-7.040867111816783
-7.041809965105507,-7.041809965105507
-7.042424203033321,-7.042424203033321
-7.042740466031007,-7.042740466031007
-7.042784310479123,-7.042784310479123
-7.042577378185989,-7.042577378185989
-7.042138232443852,-7.042138232443852
-7.0414829716633145,-7.0414829716633145
-7.040625689983596,-7.040625689983596
-7.0395788297852455,-7.0395788297852455
-7.038353456074066,-7.038353456074066
-7.0369594732542415,-7.0369594732542415
-7.0354057986628105,-7.0354057986628105
-7.033700503137995,-7.033700503137995
-7.031850926097196,-7.031850926097196
-7.0298637706537725,-7.0298637706537725
-7.027745182921926,-7.027745182921926
-7.0255008186651,-7.0255008186651
-7.023135899716457,-7.023135899716457
-7.020655262061344,-7.020655262061344
-7.018063397067487,-7.018063397067487
-7.015364487041773,-7.015364487041773
-7.012562436057207,-7.012562436057207
-7.009660896811327,-7.009660896811327
-7.006663294134876,-7.006663294134876
-7.003572845657236,-7.003572845657236
-7.000392580045918,-7.000392580045918
-6.997125353165975,-6.997125353165975
-6.9937738624476875,-6.9937738624476875
-6.990340659704174,-6.990340659704174
-6.986828162602511,-6.986828162602511
-6.983238664960644,-6.983238664960644
-6.9795743460166335,-6.9795743460166335
-6.975837278795297,-6.975837278795297
-6.972029437679538,-6.972029437679538
-6.968152705278664,-6.968152705278664
-6.964208878673446,-6.964208878673446
-6.9601996751070585,-6.9601996751070585
-6.956126737182016,-6.956126737182016
-6.951991637615596,-6.951991637615596
-6.947795883599635,-6.947795883599635
-6.943540920805034,-6.943540920805034
-6.939228137066418,-6.939228137066418
-6.934858865778284,-6.934858865778284
-6.930434389030315,-6.930434389030315
-6.925955940506449,-6.925955940506449
-6.921424708169518,-6.921424708169518
-6.916841836750959,-6.916841836750959
-6.912208430062945,-6.912208430062945
-6.9075255531484965,-6.9075255531484965
-6.902794234283545,-6.902794234283545
-6.898015466843437,-6.898015466843437
-6.893190211045197,-6.893190211045197
-6.888319395575698,-6.888319395575698
-6.883403919114932,-6.883403919114932
-6.878444651762703,-6.878444651762703
-6.87344243637627,-6.87344243637627
-6.8683980898257655,-6.8683980898257655
-6.863312404173666,-6.863312404173666
-6.858186147783896,-6.858186147783896
-6.8530200663658025,-6.8530200663658025
-6.847814883957668,-6.847814883957668
-6.842571303854105,-6.842571303854105
-6.837290009481265,-6.837290009481265
-6.831971665223468,-6.831971665223468
-6.826616917204618,-6.826616917204618
-6.821226394027409,-6.821226394027409
-6.815800707473165,-6.815800707473165
-6.81034045316487,-6.81034045316487
-6.804846211195832,-6.804846211195832
-6.799318546726095,-6.799318546726095
-6.793758010548729,-6.793758010548729
-6.788165139627809,-6.788165139627809
-6.7825404576098745,-6.7825404576098745
-6.776884475310448,-6.776884475310448
-6.771197691177157,-6.771197691177157
-6.765480591730794,-6.765480591730794
-6.759733651985674,-6.759733651985674
-6.753957335850436,-6.753957335850436
-6.748152096510449,-6.748152096510449
-6.742318376792848,-6.742318376792848
-6.736456609515189,-6.736456609515189
-6.730567217818603,-6.730567217818603
-6.724650615486344,-6.724650615486344
-6.718707207248488,-6.718707207248488
-6.7127373890735385,-6.7127373890735385
-6.706741548447633,-6.706741548447633
-6.700720064642021,-6.700720064642021
-6.694673308969384,-6.694673308969384
-6.688601645029608,-6.688601645029608
-6.682505428945532,-6.682505428945532
-6.6763850095891835,-6.6763850095891835
-6.670240728798961,-6.670240728798961
-6.664072921588236,-6.664072921588236
-6.657881916345773,-6.657881916345773
-6.651668035028371,-6.651668035028371
-6.645431593346113,-6.645431593346113
-6.639172900940555,-6.639172900940555
-6.632892261556197,-6.632892261556197
-6.626589973205552,-6.626589973205552
-6.620266328328103,-6.620266328328103
-6.613921613943439,-6.613921613943439
-6.607556111798814,-6.607556111798814
-6.601170098511402,-6.601170098511402
-6.594763845705478,-6.594763845705478
-6.588337620144732,-6.588337620144732
-6.581891683859963,-6.581891683859963
-6.57542629427232,-6.57542629427232
-6.568941704312303,-6.568941704312303
-6.562438162534696,-6.562438162534696
-6.5559159132296125,-6.5559159132296125
-6.549375196529799,-6.549375196529799
-6.542816248514377,-6.542816248514377
-6.536239301309153,-6.536239301309153
-6.529644583183636,-6.529644583183636
-6.523032318644912,-6.523032318644912
-6.516402728528486,-6.516402728528486
-6.509756030086219,-6.509756030086219
-6.50309243707148,-6.50309243707148
-6.4964121598216105,-6.4964121598216105
-6.489715405337823,-6.489715405337823
-6.483002377362609,-6.483002377362609
-6.476273276454783,-6.476273276454783
-6.469528300062228,-6.469528300062228
-6.462767642592433,-6.462767642592433
-6.4559914954809265,-6.4559914954809265
-6.449200047257647,-6.449200047257647
-6.442393483611369,-6.442393483611369
-6.435571987452214,-6.435571987452214
-6.428735738972358,-6.428735738972358
-6.4218849157049664,-6.4218849157049664
-6.415019692581441,-6.415019692581441
-6.408140241987024,-6.408140241987024
-6.401246733814837,-6.401246733814837
-6.394339335518384,-6.394339335518384
-6.387418212162608,-6.387418212162608
-6.380483526473499,-6.380483526473499
-6.373535438886369,-6.373535438886369
-6.366574107592776,-6.366574107592776
-6.359599688586187,-6.359599688586187
-6.352612335706405,-6.352612335706405
-6.345612200682801,-6.345612200682801
-6.338599433176399,-6.338599433176399
-6.3315741808208355,-6.3315741808208355
-6.324536589262254,-6.324536589262254
-6.317486802198153,-6.317486802198153
-6.3104249614152215,-6.3104249614152215
-6.303351206826199,-6.303351206826199
-6.296265676505797,-6.296265676505797
-6.289168506725697,-6.289168506725697
-6.282059831988673,-6.282059831988673
-6.274939785061842,-6.274939785061842
-6.2678084970090975,-6.2678084970090975
-6.260666097222727,-6.260666097222727
-6.253512713454257,-6.253512713454257
-6.246348471844534,-6.246348471844534
-6.239173496953079,-6.239173496953079
-6.231987911786719,-6.231987911786719
-6.224791837827551,-6.224791837827551
-6.217585395060207,-6.217585395060207
-6.210368701998493,-6.210368701998493
-6.203141875711388,-6.203141875711388
-6.195905031848436,-6.195905031848436
-6.18865828466453,-6.18865828466453
-6.181401747044148,-6.181401747044148
-6.174135530524991,-6.174135530524991
-6.166859745321118,-6.166859745321118
-6.15957450034552,-6.15957450034552
-6.152279903232193,-6.152279903232193
-6.1449760603577195,-6.1449760603577195
-6.137663076862352,-6.137663076862352
-6.130341056670633,-6.130341056670633
-6.123010102511557,-6.123010102511557
-6.115670315938283,-6.115670315938283
-6.108321797347413,-6.108321797347413
-6.10096464599786,-6.10096464599786
-6.093598960029286,-6.093598960029286
-6.086224836480165,-6.086224836480165
-6.078842371305437,-6.078842371305437
-6.071451659393797,-6.071451659393797
-6.064052794584606,-6.064052794584606
-6.05664586968446,-6.05664586968446
-6.049230976483391,-6.049230976483391
-6.041808205770738,-6.041808205770738
-6.034377647350693,-6.034377647350693
-6.026939390057517,-6.026939390057517
-6.019493521770435,-6.019493521770435
-6.0120401294282475,-6.0120401294282475
-6.004579299043618,-6.004579299043618
-5.997111115717093,-5.997111115717093
-5.989635663650823,-5.989635663650823
-5.982153026162013,-5.982153026162013
-5.9746632856961,-5.9746632856961
-5.967166523839684,-5.967166523839684
-5.959662821333178,-5.959662821333178
-5.9521522580832285,-5.9521522580832285
-5.9446349131748795,-5.9446349131748795
-5.937110864883514,-5.937110864883514
-5.929580190686544,-5.929580190686544
-5.922042967274892,-5.922042967274892
-5.9144992705642405,-5.9144992705642405
-5.906949175706068,-5.906949175706068
-5.899392757098485,-5.899392757098485
-5.891830088396846,-5.891830088396846
-5.884261242524176,-5.884261242524176
-5.876686291681398,-5.876686291681398
-5.8691053073573585,-5.8691053073573585
-5.861518360338688,-5.861518360338688
-5.853925520719457,-5.853925520719457
-5.846326857910661,-5.846326857910661
-5.838722440649543,-5.838722440649543
-5.831112337008724,-5.831112337008724
-5.823496614405189,-5.823496614405189
-5.81587533960909,-5.81587533960909
-5.80824857875241,-5.80824857875241
-5.800616397337456,-5.800616397337456
-5.792978860245207,-5.792978860245207
-5.7853360317435145,-5.7853360317435145
-5.777687975495151,-5.777687975495151
-5.770034754565726,-5.770034754565726
-5.762376431431454,-5.762376431431454
-5.7547130679867955,-5.7547130679867955
-5.7470447255519534,-5.7470447255519534
-5.739371464880252,-5.739371464880252
-5.731693346165378,-5.731693346165378
-5.7240104290485085,-5.7240104290485085
-5.716322772625302,-5.716322772625302
-5.7086304354527835,-5.7086304354527835
-5.700933475556104,-5.700933475556104
-5.6932319504351945,-5.6932319504351945
-5.6855259170713,-5.6855259170713
-5.677815431933404,-5.677815431933404
-5.670100550984556,-5.670100550984556
-5.662381329688077,-5.662381329688077
-5.654657823013677,-5.654657823013677
-5.646930085443468,-5.646930085443468
-5.63919817097787,-5.63919817097787
-5.631462133141433,-5.631462133141433
-5.623722024988557,-5.623722024988557
-5.615977899109116,-5.615977899109116
-5.608229807633998,-5.608229807633998
-5.600477802240552,-5.600477802240552
-5.592721934157954,-5.592721934157954
-5.584962254172474,-5.584962254172474
-5.577198812632673,-5.577198812632673
-5.569431659454504,-5.569431659454504
-5.561660844126354,-5.561660844126354
-5.553886415713981,-5.553886415713981
-5.546108422865388,-5.546108422865388
-5.538326913815623,-5.538326913815623
-5.530541936391493,-5.530541936391493
-5.5227535380162225,-5.5227535380162225
-5.51496176571402,-5.51496176571402
-5.507166666114586,-5.507166666114586
-5.499368285457551,-5.499368285457551
-5.491566669596849,-5.491566669596849
-5.483761864005012,-5.483761864005012
-5.475953913777415,-5.475953913777415
-5.4681428636364435,-5.4681428636364435
-5.460328757935608,-5.460328757935608
-5.452511640663596,-5.452511640663596
-5.444691555448256,-5.444691555448256
-5.436868545560529,-5.436868545560529
-5.4290426539183185,-5.4290426539183185
-5.421213923090313,-5.421213923090313
-5.41338239529973,-5.41338239529973
-5.405548112428035,-5.405548112428035
-5.397711116018577,-5.397711116018577
-5.389871447280192,-5.389871447280192
-5.382029147090745,-5.382029147090745
-5.374184256000626,-5.374184256000626
-5.366336814236186,-5.366336814236186
-5.358486861703133,-5.358486861703133
-5.350634437989881,-5.350634437989881
-5.34277958237084,-5.34277958237084
-5.334922333809669,-5.334922333809669
-5.327062730962482,-5.327062730962482
-5.319200812181004,-5.319200812181004
-5.3113366155156845,-5.3113366155156845
-5.303470178718774,-5.303470178718774
-5.295601539247348,-5.295601539247348
-5.287730734266289,-5.287730734266289
-5.279857800651242,-5.279857800651242
-5.271982774991509,-5.271982774991509
-5.264105693592914,-5.264105693592914
-5.256226592480631,-5.256226592480631
-5.248345507401968,-5.248345507401968
-5.240462473829116,-5.240462473829116
-5.232577526961857,-5.232577526961857
-5.224690701730241,-5.224690701730241
-5.21680203279722,-5.21680203279722
-5.208911554561256,-5.208911554561256
-5.201019301158881,-5.201019301158881
-5.193125306467237,-5.193125306467237
-5.185229604106569,-5.185229604106569
-5.1773322274426965,-5.1773322274426965
-5.169433209589445,-5.169433209589445
-5.161532583411045,-5.161532583411045
-5.153630381524504,-5.153630381524504
-5.145726636301944,-5.145726636301944
-5.137821379872911,-5.137821379872911
-5.129914644126649,-5.129914644126649
-5.122006460714354,-5.122006460714354
-5.11409686105139,-5.11409686105139
-5.106185876319479,-5.106185876319479
-5.098273537468863,-5.098273537468863
-5.090359875220438,-5.090359875220438
-5.082444920067867,-5.082444920067867
-5.074528702279651,-5.074528702279651
-5.066611251901191,-5.066611251901191
-5.058692598756811,-5.058692598756811
-5.05077277245176,-5.05077277245176
-5.0428518023741935,-5.0428518023741935
-5.0349297176971195,-5.0349297176971195
-5.027006547380331,-5.027006547380331
-5.019082320172305,-5.019082320172305
-5.011157064612086,-5.011157064612086
-5.00323080903114,-5.00323080903114
-4.9953035815551905,-4.9953035815551905
-4.987375410106025,-4.987375410106025
-4.979446322403287,-4.979446322403287
-4.971516345966245,-4.971516345966245
-4.963585508115528,-4.963585508115528
-4.955653835974855,-4.955653835974855
-4.947721356472744,-4.947721356472744
-4.939788096344181,-4.939788096344181
-4.931854082132287,-4.931854082132287
-4.923919340189967,-4.923919340189967
-4.915983896681516,-4.915983896681516
-4.908047777584235,-4.908047777584235
-4.900111008690011,-4.900111008690011
-4.892173615606872,-4.892173615606872
-4.8842356237605475,-4.8842356237605475
-4.8762970583959815,-4.8762970583959815
-4.868357944578853,-4.868357944578853
-4.860418307197057,-4.860418307197057
-4.852478170962187,-4.852478170962187
-4.844537560410985,-4.844537560410985
-4.836596499906786,-4.836596499906786
-4.828655013640935,-4.828655013640935
-4.820713125634198,-4.820713125634198
-4.812770859738145,-4.812770859738145
-4.804828239636535,-4.804828239636535
-4.79688528884666,-4.79688528884666
-4.788942030720697,-4.788942030720697
-4.780998488447025,-4.780998488447025
-4.773054685051552,-4.773054685051552
-4.76511064339899,-4.76511064339899
-4.757166386194156,-4.757166386194156
-4.749221935983227,-4.749221935983227
-4.7412773151549965,-4.7412773151549965
-4.733332545942113,-4.733332545942113
-4.725387650422302,-4.725387650422302
-4.71744265051958,-4.71744265051958
-4.7094975680054505,-4.7094975680054505
-4.7015524245000835,-4.7015524245000835
-4.693607241473494,-4.693607241473494
-4.685662040246689,-4.685662040246689
-4.677716841992819,-4.677716841992819
-4.66977166773831,-4.66977166773831
-4.661826538363978,-4.661826538363978
-4.653881474606138,-4.653881474606138
-4.645936497057698,-4.645936497057698
-4.637991626169246,-4.637991626169246
-4.630046882250113,-4.630046882250113
-4.622102285469436,-4.622102285469436
-4.614157855857206,-4.614157855857206
-4.606213613305305,-4.606213613305305
-4.598269577568523,-4.598269577568523
-4.590325768265585,-4.590325768265585
-4.58238220488014,-4.58238220488014
-4.574438906761762,-4.574438906761762
-4.566495893126927,-4.566495893126927
-4.558553183059983,-4.558553183059983
-4.550610795514115,-4.550610795514115
-4.542668749312291,-4.542668749312291
-4.534727063148202,-4.534727063148202
-4.526785755587192,-4.526785755587192
-4.5188448450671785,-4.5188448450671785
-4.510904349899564,-4.510904349899564
-4.502964288270133,-4.502964288270133
-4.495024678239948,-4.495024678239948
-4.487085537746226,-4.487085537746226
-4.479146884603215,-4.479146884603215
-4.471208736503057,-4.471208736503057
-4.463271111016637,-4.463271111016637
-4.455334025594437,-4.455334025594437
-4.447397497567366,-4.447397497567366
-4.439461544147588,-4.439461544147588
-4.431526182429347,-4.431526182429347
-4.423591429389772,-4.423591429389772
-4.415657301889681,-4.415657301889681
-4.407723816674378,-4.407723816674378
-4.399790990374433,-4.399790990374433
-4.39185883950647,-4.39185883950647
-4.3839273804739225,-4.3839273804739225
-4.375996629567811,-4.375996629567811
-4.368066602967486,-4.368066602967486
-4.360137316741381,-4.360137316741381
-4.35220878684775,-4.35220878684775
-4.344281029135394,-4.344281029135394
-4.336354059344398,-4.336354059344398
-4.3284278931068325,-4.3284278931068325
-4.320502545947475,-4.320502545947475
-4.312578033284506,-4.312578033284506
-4.304654370430208,-4.304654370430208
-4.29673157259165,-4.29673157259165
-4.2888096548713746,-4.2888096548713746
-4.280888632268068,-4.280888632268068
-4.272968519677233,-4.272968519677233
-4.265049331891845,-4.265049331891845
-4.257131083603009,-4.257131083603009
-4.2492137894006135,-4.2492137894006135
-4.241297463773962,-4.241297463773962
-4.233382121112417,-4.233382121112417
-4.225467775706027,-4.225467775706027
-4.217554441746151,-4.217554441746151
-4.209642133326069,-4.209642133326069
-4.201730864441605,-4.201730864441605
-4.193820648991721,-4.193820648991721
-4.185911500779124,-4.185911500779124
-4.178003433510853,-4.178003433510853
-4.170096460798872,-4.170096460798872
-4.162190596160647,-4.162190596160647
-4.1542858530197275,-4.1542858530197275
-4.146382244706313,-4.146382244706313
-4.138479784457821,-4.138479784457821
-4.130578485419444,-4.130578485419444
-4.1226783606447075,-4.1226783606447075
-4.114779423096013,-4.114779423096013
-4.10688168564519,-4.10688168564519
-4.098985161074026,-4.098985161074026
-4.091089862074807,-4.091089862074807
-4.08319580125084,-4.08319580125084
-4.07530299111698,-4.07530299111698
-4.0674114441001485,-4.0674114441001485
-4.059521172539844,-4.059521172539844
-4.051632188688654,-4.051632188688654
-4.043744504712752,-4.043744504712752
-4.035858132692406,-4.035858132692406
-4.027973084622466,-4.027973084622466
-4.020089372412854,-4.020089372412854
-4.012207007889052,-4.012207007889052
-4.0043260027925776,-4.0043260027925776
-3.996446368781465,-3.996446368781465
-3.988568117430732,-3.988568117430732
-3.980691260232852,-3.980691260232852
-3.9728158085982104,-3.9728158085982104
-3.964941773855567,-3.964941773855567
-3.9570691672525107,-3.9570691672525107
-3.9491979999559024,-3.9491979999559024
-3.9413282830523317,-3.9413282830523317
-3.933460027548547,-3.933460027548547
-3.9255932443719033,-3.9255932443719033
-3.9177279443707844,-3.9177279443707844
-3.9098641383150428,-3.9098641383150428
-3.9020018368964164,-3.9020018368964164
-3.894141050728958,-3.894141050728958
-3.886281790349444,-3.886281790349444
-3.878424066217796,-3.878424066217796
-3.8705678887174844,-3.8705678887174844
-3.86271326815594,-3.86271326815594
-3.8548602147649507,-3.8548602147649507
-3.8470087387010667,-3.8470087387010667
-3.8391588500459872,-3.8391588500459872
-3.831310558806961,-3.831310558806961
-3.8234638749171657,-3.8234638749171657
-3.815618808236099,-3.815618808236099
-3.807775368549957,-3.807775368549957
-3.7999335655720086,-3.7999335655720086
-3.7920934089429736,-3.7920934089429736
-3.7842549082313908,-3.7842549082313908
-3.7764180729339865,-3.7764180729339865
-3.768582912476038,-3.768582912476038
-3.760749436211732,-3.760749436211732
-3.752917653424526,-3.752917653424526
-3.7450875733274973,-3.7450875733274973
-3.737259205063699,-3.737259205063699
-3.7294325577065037,-3.7294325577065037
-3.721607640259949,-3.721607640259949
-3.7137844616590807,-3.7137844616590807
-3.70596303077029,-3.70596303077029
-3.6981433563916477,-3.6981433563916477
-3.6903254472532367,-3.6903254472532367
-3.6825093120174834,-3.6825093120174834
-3.674694959279484,-3.674694959279484
-3.666882397567323,-3.666882397567323
-3.6590716353424,-3.6590716353424
-3.651262680999745,-3.651262680999745
-3.6434555428683306,-3.6434555428683306
-3.6356502292113904,-3.6356502292113904
-3.6278467482267196,-3.6278467482267196
-3.620045108046989,-3.620045108046989
-3.6122453167400463,-3.6122453167400463
-3.604447382309215,-3.604447382309215
-3.5966513126935946,-3.5966513126935946
-3.588857115768358,-3.588857115768358
-3.58106479934504,-3.58106479934504
-3.5732743711718324,-3.5732743711718324
-3.5654858389338697,-3.5654858389338697
-3.5576992102535137,-3.5576992102535137
-3.5499144926906387,-3.5499144926906387
-3.542131693742909,-3.542131693742909
-3.53435082084606,-3.53435082084606
-3.5265718813741675,-3.5265718813741675
-3.5187948826399293,-3.5187948826399293
-3.51101983189493,-3.51101983189493
-3.503246736329907,-3.503246736329907
-3.495475603075023,-3.495475603075023
-3.4877064392001236,-3.4877064392001236
-3.4799392517150003,-3.4799392517150003
-3.4721740475696516,-3.4721740475696516
-3.464410833654534,-3.464410833654534
-3.456649616800822,-3.456649616800822
-3.4488904037806547,-3.4488904037806547
-3.441133201307391,-3.441133201307391
-3.4333780160358516,-3.4333780160358516
-3.4256248545625683,-3.4256248545625683
-3.417873723426024,-3.417873723426024
-3.4101246291068983,-3.4101246291068983
-3.402377578028302,-3.402377578028302
-3.394632576556014,-3.394632576556014
-3.386889630998719,-3.386889630998719
-3.379148747608236,-3.379148747608236
-3.3714099325797537,-3.3714099325797537
-3.3636731920520555,-3.3636731920520555
-3.355938532107747,-3.355938532107747
-3.3482059587734785,-3.3482059587734785
-3.3404754780201733,-3.3404754780201733
-3.3327470957632395,-3.3327470957632395
-3.325020817862797,-3.325020817862797
-3.317296650123887,-3.317296650123887
-3.309574598296695,-3.309574598296695
-3.3018546680767544,-3.3018546680767544
-3.294136865105164,-3.294136865105164
-3.2864211949687934,-3.2864211949687934
-3.278707663200494,-3.278707663200494
-3.270996275279299,-3.270996275279299
-3.263287036630633,-3.263287036630633
-3.255579952626509,-3.255579952626509
-3.247875028585731,-3.247875028585731
-3.2401722697740922,-3.2401722697740922
-3.2324716814045686,-3.2324716814045686
-3.224773268637516,-3.224773268637516
-3.217077036580865,-3.217077036580865
-3.2093829902903073,-3.2093829902903073
-3.2016911347694896,-3.2016911347694896
-3.1940014749701984,-3.1940014749701984
-3.186314015792549,-3.186314015792549
-3.1786287620851668,-3.1786287620851668
-3.1709457186453713,-3.1709457186453713
-3.1632648902193634,-3.1632648902193634
-3.1555862815023916,-3.1555862815023916
-3.147909897138944,-3.147909897138944
-3.1402357417229156,-3.1402357417229156
-3.132563819797787,-3.132563819797787
-3.124894135856797,-3.124894135856797
-3.1172266943431155,-3.1172266943431155
-3.1095614996500105,-3.1095614996500105
-3.101898556121017,-3.101898556121017
-3.09423786805011,-3.09423786805011
-3.086579439681863,-3.086579439681863
-3.0789232752116154,-3.0789232752116154
-3.071269378785635,-3.071269378785635
-3.0636177545012773,-3.0636177545012773
-3.055968406407149,-3.055968406407149
-3.048321338503262,-3.048321338503262
-3.0406765547411934,-3.0406765547411934
-3.0330340590242395,-3.0330340590242395
-3.025393855207568,-3.025393855207568
-3.017755947098374,-3.017755947098374
-3.010120338456031,-3.010120338456031
-3.002487032992236,-3.002487032992236
-2.994856034371163,-2.994856034371163
-2.9872273462096075,-2.9872273462096075
-2.979600972077134,-2.979600972077134
-2.9719769154962177,-2.9719769154962177
-2.964355179942389,-2.964355179942389
-2.9567357688443767,-2.9567357688443767
-2.949118685584245,-2.949118685584245
-2.941503933497536,-2.941503933497536
-2.9338915158734054,-2.9338915158734054
-2.9262814359547584,-2.9262814359547584
-2.918673696938385,-2.918673696938385
-2.9110683019750994,-2.9110683019750994
-2.903465254169864,-2.903465254169864
-2.8958645565819254,-2.8958645565819254
-2.8882662122249463,-2.8882662122249463
-2.88067022406713,-2.88067022406713
-2.8730765950313524,-2.8730765950313524
-2.8654853279952848,-2.8654853279952848
-2.857896425791522,-2.857896425791522
-2.8503098912077065,-2.8503098912077065
-2.8427257269866484,-2.8427257269866484
-2.8351439358264514,-2.8351439358264514
-2.8275645203806272,-2.8275645203806272
-2.819987483258225,-2.819987483258225
-2.8124128270239384,-2.8124128270239384
-2.8048405541982304,-2.8048405541982304
-2.797270667257445,-2.797270667257445
-2.789703168633926,-2.789703168633926
-2.782138060716127,-2.782138060716127
-2.774575345848727,-2.774575345848727
-2.76701502633274,-2.76701502633274
-2.759457104425624,-2.759457104425624
-2.7519015823413953,-2.7519015823413953
-2.744348462250731,-2.744348462250731
-2.7367977462810824,-2.7367977462810824
-2.7292494365167737,-2.7292494365167737
-2.7217035349991114,-2.7217035349991114
-2.714160043726491,-2.714160043726491
-2.706618964654494,-2.706618964654494
-2.6990802996959915,-2.6990802996959915
-2.6915440507212476,-2.6915440507212476
-2.6840102195580178,-2.6840102195580178
-2.676478807991646,-2.676478807991646
-2.6689498177651645,-2.6689498177651645
-2.6614232505793898,-2.6614232505793898
-2.6538991080930185,-2.6538991080930185
-2.6463773919227234,-2.6463773919227234
-2.6388581036432432,-2.6388581036432432
-2.63134124478748,-2.63134124478748
-2.623826816846589,-2.623826816846589
-2.6163148212700675,-2.6163148212700675
-2.6088052594658486,-2.6088052594658486
-2.6012981328003892,-2.6012981328003892
-2.593793442598753,-2.593793442598753
-2.586291190144704,-2.586291190144704
-2.578791376680788,-2.578791376680788
-2.571294003408423,-2.571294003408423
-2.563799071487976,-2.563799071487976
-2.5563065820388524,-2.5563065820388524
-2.5488165361395745,-2.5488165361395745
-2.5413289348278645,-2.5413289348278645
-2.5338437791007284,-2.5338437791007284
-2.5263610699145267,-2.5263610699145267
-2.518880808185062,-2.518880808185062
-2.511402994787652,-2.511402994787652
-2.5039276305572082,-2.5039276305572082
-2.496454716288311,-2.496454716288311
-2.4889842527353028,-2.4889842527353028
-2.4815162406122693,-2.4815162406122693
-2.4740506805933054,-2.4740506805933054
-2.4665875733123905,-2.4665875733123905
-2.4591269193635603,-2.4591269193635603
-2.4516687193009568,-2.4516687193009568
-2.4442129736389013,-2.4442129736389013
-2.436759682851979,-2.436759682851979
-2.429308847375028,-2.429308847375028
-2.4218604676033086,-2.4218604676033086
-2.4144145438925966,-2.4144145438925966
-2.4069710765590497,-2.4069710765590497
-2.399530065879492,-2.399530065879492
-2.392091512091369,-2.392091512091369
-2.3846554153928325,-2.3846554153928325
-2.3772217759428043,-2.3772217759428043
-2.3697905938610337,-2.3697905938610337
-2.3623618692281636,-2.3623618692281636
-2.354935602085788,-2.354935602085788
-2.347511792436512,-2.347511792436512
-2.3400904402440084,-2.3400904402440084
-2.3326715454330786,-2.3326715454330786
-2.325255107889706,-2.325255107889706
-2.317841127461115,-2.317841127461115
-2.310429603955826,-2.310429603955826
-2.303020537143708,-2.303020537143708
-2.2956139267560336,-2.2956139267560336
-2.2882097724855344,-2.2882097724855344
-2.280808073986447,-2.280808073986447
-2.2734088308745726,-2.2734088308745726
-2.2660120427273225,-2.2660120427273225
-2.258617709083768,-2.258617709083768
-2.2512258294446927,-2.2512258294446927
-2.2438364032726397,-2.2438364032726397
-2.2364494299919566,-2.2364494299919566
-2.2290649089888492,-2.2290649089888492
-2.2216828396114194,-2.2216828396114194
-2.21430322116972,-2.21430322116972
-2.2069260529357893,-2.2069260529357893
-2.199551334143705,-2.199551334143705
-2.1921790639896215,-2.1921790639896215
-2.184809241631816,-2.184809241631816
-2.1774418661907244,-2.1774418661907244
-2.1700769367489943,-2.1700769367489943
-2.162714452351513,-2.162714452351513
-2.155354412005454,-2.155354412005454
-2.147996814680317,-2.147996814680317
-2.1406416593079616,-2.1406416593079616
-2.1332889447826497,-2.1332889447826497
-2.12593866996108,-2.12593866996108
-2.1185908336624255,-2.1185908336624255
-2.1112454346683696,-2.1112454346683696
-2.1039024717231376,-2.1039024717231376
-2.0965619435335374,-2.0965619435335374
-2.0892238487689867,-2.0892238487689867
-2.0818881860615512,-2.0818881860615512
-2.074554954005972,-2.074554954005972
-2.067224151159703,-2.067224151159703
-2.059895776042935,-2.059895776042935
-2.0525698271386337,-2.0525698271386337
-2.0452463028925605,-2.0452463028925605
-2.0379252017133105,-2.0379252017133105
-2.030606521972335,-2.030606521972335
-2.0232902620039708,-2.0232902620039708
-2.0159764201054657,-2.0159764201054657
-2.0086649945370088,-2.0086649945370088
-2.001355983521752,-2.001355983521752
-1.9940493852458367,-1.9940493852458367
-1.986745197858419,-1.986745197858419
-1.9794434194716932,-1.9794434194716932
-1.97214404816091,-1.97214404816091
-1.9648470819644108,-1.9648470819644108
-1.9575525188836338,-1.9575525188836338
-1.950260356883151,-1.950260356883151
-1.9429705938906745,-1.9429705938906745
-1.9356832277970883,-1.9356832277970883
-1.9283982564564586,-1.9283982564564586
-1.9211156776860598,-1.9211156776860598
-1.913835489266385,-1.913835489266385
-1.906557688941171,-1.906557688941171
-1.8992822744174087,-1.8992822744174087
-1.8920092433653652,-1.8920092433653652
-1.8847385934185925,-1.8847385934185925
-1.8774703221739488,-1.8774703221739488
-1.8702044271916087,-1.8702044271916087
-1.8629409059950786,-1.8629409059950786
-1.8556797560712102,-1.8556797560712102
-1.8484209748702125,-1.8484209748702125
-1.8411645598056623,-1.8411645598056623
-1.8339105082545173,-1.8339105082545173
-1.826658817557125,-1.826658817557125
-1.8194094850172364,-1.8194094850172364
-1.8121625079020103,-1.8121625079020103
-1.8049178834420259,-1.8049178834420259
-1.7976756088312889,-1.7976756088312889
-1.7904356812272417,-1.7904356812272417
-1.7831980977507673,-1.7831980977507673
-1.775962855486198,-1.775962855486198
-1.7687299514813195,-1.7687299514813195
-1.7614993827473793,-1.7614993827473793
-1.7542711462590868,-1.7542711462590868
-1.7470452389546203,-1.7470452389546203
-1.7398216577356325,-1.7398216577356325
-1.7326003994672472,-1.7326003994672472
-1.7253814609780682,-1.7253814609780682
-1.7181648390601754,-1.7181648390601754
-1.7109505304691313,-1.7109505304691313
-1.7037385319239782,-1.7037385319239782
-1.6965288401072363,-1.6965288401072363
-1.6893214516649095,-1.6893214516649095
-1.6821163632064766,-1.6821163632064766
-1.6749135713048968,-1.6749135713048968
-1.6677130724966014,-1.6677130724966014
-1.6605148632814932,-1.6605148632814932
-1.6533189401229442,-1.6533189401229442
-1.6461252994477904,-1.6461252994477904
-1.6389339376463263,-1.6389339376463263
-1.631744851072299,-1.631744851072299
-1.6245580360429073,-1.6245580360429073
-1.6173734888387892,-1.6173734888387892
-1.6101912057040189,-1.6101912057040189
-1.6030111828460951,-1.6030111828460951
-1.5958334164359405,-1.5958334164359405
-1.588657902607885,-1.588657902607885
-1.581484637459661,-1.581484637459661
-1.5743136170523904,-1.5743136170523904
-1.5671448374105785,-1.5671448374105785
-1.5599782945221006,-1.5599782945221006
-1.5528139843381898,-1.5528139843381898
-1.5456519027734257,-1.5456519027734257
-1.5384920457057225,-1.5384920457057225
-1.531334408976315,-1.531334408976315
-1.5241789883897445,-1.5241789883897445
-1.5170257797138444,-1.5170257797138444
-1.5098747786797277,-1.5098747786797277
-1.5027259809817681,-1.5027259809817681
-1.495579382277586,-1.495579382277586
-1.48843497818803,-1.48843497818803
-1.4812927642971636,-1.4812927642971636
-1.474152736152244,-1.474152736152244
-1.4670148892637047,-1.4670148892637047
-1.459879219105136,-1.459879219105136
-1.4527457211132677,-1.4527457211132677
-1.4456143906879486,-1.4456143906879486
-1.4384852231921224,-1.4384852231921224
-1.431358213951812,-1.431358213951812
-1.4242333582560942,-1.4242333582560942
-1.4171106513570806,-1.4171106513570806
-1.40999008846989,-1.40999008846989
-1.4028716647726285,-1.4028716647726285
-1.3957553754063667,-1.3957553754063667
-1.3886412154751149,-1.3886412154751149
-1.381529180045793,-1.381529180045793
-1.3744192641482094,-1.3744192641482094
-1.3673114627750385,-1.3673114627750385
-1.3602057708817854,-1.3602057708817854
-1.3531021833867662,-1.3531021833867662
-1.3460006951710743,-1.3460006951710743
-1.3389013010785575,-1.3389013010785575
-1.3318039959157855,-1.3318039959157855
-1.3247087744520216,-1.3247087744520216
-1.317615631419192,-1.317615631419192
-1.3105245615118568,-1.3105245615118568
-1.303435559387177,-1.303435559387177
-1.2963486196648843,-1.2963486196648843
-1.2892637369272475,-1.2892637369272475
-1.282180905719042,-1.282180905719042
-1.2751001205475125,-1.2751001205475125
-1.2680213758823449,-1.2680213758823449
-1.2609446661556223,-1.2609446661556223
-1.253869985761804,-1.253869985761804
-1.2467973290576748,-1.2467973290576748
-1.2397266903623214,-1.2397266903623214
-1.2326580639570843,-1.2326580639570843
-1.2255914440855329,-1.2255914440855329
-1.2185268249534162,-1.2185268249534162
-1.2114642007286325,-1.2114642007286325
-1.204403565541184,-1.204403565541184
-1.1973449134831444,-1.1973449134831444
-1.1902882386086113,-1.1902882386086113
-1.1832335349336724,-1.1832335349336724
-1.1761807964363573,-1.1761807964363573
-1.169130017056603,-1.169130017056603
-1.1620811906962056,-1.1620811906962056
-1.1550343112187818,-1.1550343112187818
-1.1479893724497203,-1.1479893724497203
-1.1409463681761445,-1.1409463681761445
-1.1339052921468602,-1.1339052921468602
-1.1268661380723182,-1.1268661380723182
-1.119828899624561,-1.119828899624561
-1.1127935704371845,-1.1127935704371845
-1.1057601441052813,-1.1057601441052813
-1.0987286141854045,-1.0987286141854045
-1.091698974195509,-1.091698974195509
-1.0846712176149096,-1.0846712176149096
-1.0776453378842303,-1.0776453378842303
-1.0706213284053547,-1.0706213284053547
-1.0635991825413733,-1.0635991825413733
-1.0565788936165343,-1.0565788936165343
-1.0495604549161948,-1.0495604549161948
-1.0425438596867638,-1.0425438596867638
-1.0355291011356527,-1.0355291011356527
-1.0285161724312204,-1.0285161724312204
-1.0215050667027208,-1.0215050667027208
-1.0144957770402498,-1.0144957770402498
-1.0074882964946854,-1.0074882964946854
-1.0004826180776367,-1.0004826180776367
-0.9934787347613865,-0.9934787347613865
-0.9864766394788351,-0.9864766394788351
-0.9794763251234395,-0.9794763251234395
-0.9724777845491606,-0.9724777845491606
-0.9654810105704019,-0.9654810105704019
-0.9584859959619515,-0.9584859959619515
-0.9514927334589209,-0.9514927334589209
-0.944501215756685,-0.944501215756685
-0.937511435510824,-0.937511435510824
-0.9305233853370587,-0.9305233853370587
-0.9235370578111899,-0.9235370578111899
-0.9165524454690352,-0.9165524454690352
-0.9095695408063662,-0.9095695408063662
-0.9025883362788464,-0.9025883362788464
-0.895608824301963,-0.895608824301963
-0.8886309972509628,-0.8886309972509628
-0.8816548474607908,-0.8816548474607908
-0.8746803672260196,-0.8746803672260196
-0.8677075488007824,-0.8677075488007824
-0.8607363843987081,-0.8607363843987081
-0.8537668661928522,-0.8537668661928522
-0.8467989863156288,-0.8467989863156288
-0.839832736858738,-0.839832736858738
-0.8328681098731012,-0.8328681098731012
-0.8259050973687863,-0.8259050973687863
-0.8189436913149402,-0.8189436913149402
-0.8119838836397131,-0.8119838836397131
-0.8050256662301881,-0.8050256662301881
-0.7980690309323105,-0.7980690309323105
-0.7911139695508115,-0.7911139695508115
-0.7841604738491329,-0.7841604738491329
-0.777208535549355,-0.777208535549355
-0.7702581463321199,-0.7702581463321199
-0.7633092978365573,-0.7633092978365573
-0.7563619816602027,-0.7563619816602027
-0.7494161893589254,-0.7494161893589254
-0.7424719124468488,-0.7424719124468488
-0.7355291423962719,-0.7355291423962719
-0.7285878706375879,-0.7285878706375879
-0.7216480885592071,-0.7216480885592071
-0.7147097875074753,-0.7147097875074753
-0.7077729587865936,-0.7077729587865936
-0.7008375936585346,-0.7008375936585346
-0.6939036833429596,-0.6939036833429596
-0.6869712190171403,-0.6869712190171403
-0.6800401918158696,-0.6800401918158696
-0.6731105928313793,-0.6731105928313793
-0.6661824131132547,-0.6661824131132547
-0.6592556436683499,-0.6592556436683499
-0.6523302754607015,-0.6523302754607015
-0.6454062994114386,-0.6454062994114386
-0.6384837063986981,-0.6384837063986981
-0.6315624872575358,-0.6315624872575358
-0.6246426327798383,-0.6246426327798383
-0.6177241337142301,-0.6177241337142301
-0.6108069807659848,-0.6108069807659848
-0.6038911645969359,-0.6038911645969359
-0.5969766758253843,-0.5969766758253843
-0.5900635050260041,-0.5900635050260041
-0.5831516427297494,-0.5831516427297494
-0.5762410794237641,-0.5762410794237641
-0.569331805551285,-0.569331805551285
-0.5624238115115465,-0.5624238115115465
-0.5555170876596828,-0.5555170876596828
-0.5486116243066382,-0.5486116243066382
-0.541707411719063,-0.541707411719063
-0.5348044401192177,-0.5348044401192177
-0.5279026996848756,-0.5279026996848756
-0.5210021805492228,-0.5210021805492228
-0.5141028728007591,-0.5141028728007591
-0.5072047664831942,-0.5072047664831942
-0.5003078515953492,-0.5003078515953492
-0.493412118091055,-0.493412118091055
-0.48651755587904816,-0.48651755587904816
-0.4796241548228656,-0.4796241548228656
-0.4727319047407432,-0.4727319047407432
-0.4658407954055101,-0.4658407954055101
-0.458950816544483,-0.458950816544483
-0.45206195783935893,-0.45206195783935893
-0.44517420892610754,-0.44517420892610754
-0.4382875593948661,-0.4382875593948661
-0.43140199878982877,-0.43140199878982877
-0.42451751660913667,-0.42451751660913667
-0.4176341023047677,-0.4176341023047677
-0.4107517452824292,-0.4107517452824292
-0.40387043490144253,-0.40387043490144253
-0.39699016047463187,-0.39699016047463187
-0.39011091126820957,-0.39011091126820957
-0.38323267650166765,-0.38323267650166765
-0.3763554453476568,-0.3763554453476568
-0.36947920693187436,-0.36947920693187436
-0.3626039503329465,-0.3626039503329465
-0.3557296645823156,-0.3557296645823156
-0.34885633866411475,-0.34885633866411475
-0.3419839615150586,-0.3419839615150586
-0.3351125220243147,-0.3351125220243147
-0.3282420090333935,-0.3282420090333935
-0.32137241133601624,-0.32137241133601624
-0.31450371767800595,-0.31450371767800595
-0.30763591675715307,-0.30763591675715307
-0.3007689972231001,-0.3007689972231001
-0.2939029476772159,-0.2939029476772159
-0.2870377566724708,-0.2870377566724708
-0.2801734127133086,-0.2801734127133086
-0.2733099042555224,-0.2733099042555224
-0.2664472197061295,-0.2664472197061295
-0.25958534742324024,-0.25958534742324024
-0.25272427571592937,-0.25272427571592937
-0.24586399284410682,-0.24586399284410682
-0.23900448701838944,-0.23900448701838944
-0.23214574639996782,-0.23214574639996782
-0.22528775910047244,-0.22528775910047244
-0.2184305131818435,-0.2184305131818435
-0.21157399665619703,-0.21157399665619703
-0.20471819748568987,-0.20471819748568987
-0.197863103582382,-0.197863103582382
-0.19100870280810178,-0.19100870280810178
-0.18415498297431165,-0.18415498297431165
-0.17730193184196627,-0.17730193184196627
-0.17044953712137406,-0.17044953712137406
-0.16359778647205817,-0.16359778647205817
-0.15674666750261704,-0.15674666750261704
-0.1498961677705817,-0.1498961677705817
-0.14304627478227305,-0.14304627478227305
-0.13619697599265762,-0.13619697599265762
-0.12934825880520676,-0.12934825880520676
-0.12250011057175005,-0.12250011057175005
-0.11565251859232718,-0.11565251859232718
-0.10880547011504266,-0.10880547011504266
-0.10195895233592027,-0.10195895233592027
-0.09511295239875228,-0.09511295239875228
-0.08826745739494819,-0.08826745739494819
-0.08142245436338728,-0.08142245436338728
-0.07457793029026644,-0.07457793029026644
-0.06773387210894763,-0.06773387210894763
-0.06089026669980381,-0.06089026669980381
-0.054047100890065036,-0.054047100890065036
-0.04720436145366539,-0.04720436145366539
-0.0403620351110844,-0.0403620351110844
-0.03352010852919111,-0.03352010852919111
-0.02667856832108488,-0.02667856832108488
-0.019837401045939573,-0.019837401045939573
-0.012996593208840735,-0.012996593208840735
-0.0061561312606252805,-0.0061561312606252805
0.0006839984022804202,0.0006839984022804202
0.0075238094380207345,0.0075238094380207345
0.014363315559477395,0.014363315559477395
0.021202530534436704,0.021202530534436704
0.02804146818574515,0.02804146818574515
0.0348801423914907,0.0348801423914907
0.0417185670851564,0.0417185670851564
0.04855675625580196,0.04855675625580196
0.0553947239482199,0.0553947239482199
0.06223248426312168,0.06223248426312168
0.0690700513572925,0.0690700513572925
0.0759074394437812,0.0759074394437812
0.0827446627920596,0.0827446627920596
0.08958173572820922,0.08958173572820922
0.09641867263508579,0.09641867263508579
0.10325548795250711,0.10325548795250711
0.11009219617742501,0.11009219617742501
0.11692881186410221,0.11692881186410221
0.12376534962430108,0.12376534962430108
0.13060182412745344,0.13060182412745344
0.13743825010085536,0.13743825010085536
0.14427464232983875,0.14427464232983875
0.15111101565796536,0.15111101565796536
0.15794738498720437,0.15794738498720437
0.16478376527812724,0.16478376527812724
0.17162017155008638,0.17162017155008638
0.17845661888141323,0.17845661888141323
0.18529312240959925,0.18529312240959925
0.1921296973314974,0.1921296973314974
0.198966358903501,0.198966358903501
0.2058031224417515,0.2058031224417515
0.21264000332232105,0.21264000332232105
0.21947701698141867,0.21947701698141867
0.22631417891557362,0.22631417891557362
0.23315150468185,0.23315150468185
0.239989009898031,0.239989009898031
0.24682671024282876,0.24682671024282876
0.25366462145607904,0.25366462145607904
0.2605027593389532,0.2605027593389532
0.26734113975414914,0.26734113975414914
0.2741797786261092,0.2741797786261092
0.28101869194121615,0.28101869194121615
0.2878578957480091,0.2878578957480091
0.2946974061573848,0.2946974061573848
0.3015372393428142,0.3015372393428142
0.30837741154054643,0.30837741154054643
0.3152179390498293,0.3152179390498293
0.3220588382331144,0.3220588382331144
0.3289001255162816,0.3289001255162816
0.33574181738884296,0.33574181738884296
0.34258393040417434,0.34258393040417434
0.3494264811797204,0.3494264811797204
0.35626948639722655,0.35626948639722655
0.36311296280294875,0.36311296280294875
0.3699569272078886,0.3699569272078886
0.3768013964880023,0.3768013964880023
0.3836463875844422,0.3836463875844422
0.39049191750376805,0.39049191750376805
0.39733800331818775,0.39733800331818775
0.40418466216577387,0.40418466216577387
0.4110319112507076,0.4110319112507076
0.41787976784349806,0.41787976784349806
0.42472824928122505,0.42472824928122505
0.43157737296776594,0.43157737296776594
0.43842715637403934,0.43842715637403934
0.44527761703823315,0.44527761703823315
0.4521287725660541,0.4521287725660541
0.45898064063095667,0.45898064063095667
0.4658332389743951,0.4658332389743951
0.4726865854060552,0.4726865854060552
0.4795406978041116,0.4795406978041116
0.4863955941154589,0.4863955941154589
0.49325129235597276,0.49325129235597276
0.5001078106107474,0.5001078106107474
0.5069651670343556,0.5069651670343556
0.513823379851088,0.513823379851088
0.5206824673552201,0.5206824673552201
0.5275424479112547,0.5275424479112547
0.5344033399541879,0.5344033399541879
0.5412651619897548,0.5412651619897548
0.548127932594704,0.548127932594704
0.5549916704170397,0.5549916704170397
0.5618563941763027,0.5618563941763027
0.5687221226638172,0.5687221226638172
0.5755888747429699,0.5755888747429699
0.5824566693494628,0.5824566693494628
0.5893255254915977,0.5893255254915977
0.5961954622505276,0.5961954622505276
0.6030664987805464,0.6030664987805464
0.6099386543093456,0.6099386543093456
0.6168119481383014,0.6168119481383014
0.6236863996427419,0.6236863996427419
0.630562028272234,0.630562028272234
0.6374388535508504,0.6374388535508504
0.6443168950774654,0.6443168950774654
0.6511961725260232,0.6511961725260232
0.6580767056458352,0.6580767056458352
0.6649585142618547,0.6649585142618547
0.6718416182749757,0.6718416182749757
0.6787260376623101,0.6787260376623101
0.685611792477491,0.685611792477491
0.6924989028509562,0.6924989028509562
0.6993873889902501,0.6993873889902501
0.7062772711803105,0.7062772711803105
0.7131685697837808,0.7131685697837808
0.7200613052412917,0.7200613052412917
0.7269554980717831,0.7269554980717831
0.7338511688727881,0.7338511688727881
0.7407483383207529,0.7407483383207529
0.7476470271713341,0.7476470271713341
0.7545472562597154,0.7545472562597154
0.7614490465009082,0.7614490465009082
0.7683524188900772,0.7683524188900772
0.77525739450284,0.77525739450284
0.7821639944955978,0.7821639944955978
0.7890722401058384,0.7890722401058384
0.7959821526524736,0.7959821526524736
0.8028937535361398,0.8028937535361398
0.8098070642395457,0.8098070642395457
0.8167221063277734,0.8167221063277734
0.8236389014486288,0.8236389014486288
0.8305574713329505,0.8305574713329505
0.8374778377949608,0.8374778377949608
0.84440002273258,0.84440002273258
0.8513240481277794,0.8513240481277794
0.8582499360469033,0.8582499360469033
0.8651777086410237,0.8651777086410237
0.8721073881462649,0.8721073881462649
0.8790389968841615,0.8790389968841615
0.8859725572619991,0.8859725572619991
0.8929080917731568,0.8929080917731568
0.8998456229974613,0.8998456229974613
0.9067851736015414,0.9067851736015414
0.9137267663391799,0.9137267663391799
0.9206704240516648,0.9206704240516648
0.9276161696681497,0.9276161696681497
0.934564026206021,0.934564026206021
0.9415140167712532,0.9415140167712532
0.9484661645587741,0.9484661645587741
0.9554204928528288,0.9554204928528288
0.9623770250273584,0.9623770250273584
0.9693357845463667,0.9693357845463667
0.9762967949642847,0.9762967949642847
0.9832600799263568,0.9832600799263568
0.9902256631690185,0.9902256631690185
0.9971935685202744,0.9971935685202744
1.0041638199000746,1.0041638199000746
1.0111364413207078,1.0111364413207078
1.0181114568871863,1.0181114568871863
1.025088890797638,1.025088890797638
1.032068767343689,1.032068767343689
1.0390511109108653,1.0390511109108653
1.0460359459789912,1.0460359459789912
1.0530232971225846,1.0530232971225846
1.0600131890112547,1.0600131890112547
1.0670056464101172,1.0670056464101172
1.074000694180184,1.074000694180184
1.080998357278793,1.080998357278793
1.0879986607599956,1.0879986607599956
1.0950016297749945,1.0950016297749945
1.1020072895725375,1.1020072895725375
1.109015665499357,1.109015665499357
1.1160267830005726,1.1160267830005726
1.1230406676201317,1.1230406676201317
1.1300573450012206,1.1300573450012206
1.137076840886709,1.137076840886709
1.1440991811195662,1.1440991811195662
1.1511243916433116,1.1511243916433116
1.158152498502436,1.158152498502436
1.1651835278428562,1.1651835278428562
1.1722175059123432,1.1722175059123432
1.1792544590609813,1.1792544590609813
1.1862944137416025,1.1862944137416025
1.1933373965102514,1.1933373965102514
1.2003834340266228,1.2003834340266228
1.2074325530545353,1.2074325530545353
1.2144847804623726,1.2144847804623726
1.221540143223564,1.221540143223564
1.2285986684170283,1.2285986684170283
1.2356603832276642,1.2356603832276642
1.2427253149467985,1.2427253149467985
1.2497934909726804,1.2497934909726804
1.2568649388109396,1.2568649388109396
1.263939686075081,1.263939686075081
1.2710177604869515,1.2710177604869515
1.2780991898772458,1.2780991898772458
1.285184002185969,1.285184002185969
1.2922722254629548,1.2922722254629548
1.2993638878683373,1.2993638878683373
1.3064590176730657,1.3064590176730657
1.3135576432593912,1.3135576432593912
1.320659793121383,1.320659793121383
1.3277654958654246,1.3277654958654246
1.3348747802107352,1.3348747802107352
1.3419876749898674,1.3419876749898674
1.349104209149244,1.349104209149244
1.3562244117496582,1.3562244117496582
1.3633483119668113,1.3633483119668113
1.3704759390918289,1.3704759390918289
1.3776073225317997,1.3776073225317997
1.3847424918102986,1.3847424918102986
1.3918814765679337,1.3918814765679337
1.3990243065628751,1.3990243065628751
1.4061710116714117,1.4061710116714117
1.4133216218884797,1.4133216218884797
1.4204761673282331,1.4204761673282331
1.4276346782245806,1.4276346782245806
1.434797184931754,1.434797184931754
1.4419637179248594,1.4419637179248594
1.4491343078004528,1.4491343078004528
1.456308985277094,1.456308985277094
1.4634877811959341,1.4634877811959341
1.4706707265212742,1.4706707265212742
1.4778578523411594,1.4778578523411594
1.4850491898679476,1.4850491898679476
1.49224477043891,1.49224477043891
1.4994446255168044,1.4994446255168044
1.5066487866904874,1.5066487866904874
1.5138572856754942,1.5138572856754942
1.521070154314657,1.521070154314657
1.5282874245786922,1.5282874245786922
1.5355091285668314,1.5355091285668314
1.5427352985074096,1.5427352985074096
1.549965966758507,1.549965966758507
1.5572011658085492,1.5572011658085492
1.5644409282769498,1.5644409282769498
1.5716852869147222,1.5716852869147222
1.578934274605132,1.578934274605132
1.5861879243643164,1.5861879243643164
1.5934462693419404,1.5934462693419404
1.6007093428218289,1.6007093428218289
1.6079771782226322,1.6079771782226322
1.6152498090984642,1.6152498090984642
1.622527269139574,1.622527269139574
1.629809592172998,1.629809592172998
1.6370968121632383,1.6370968121632383
1.6443889632129203,1.6443889632129203
1.6516860795634847,1.6516860795634847
1.6589881955958519,1.6589881955958519
1.666295345831121,1.666295345831121
1.6736075649312439,1.6736075649312439
1.6809248876997382,1.6809248876997382
1.688247349082365,1.688247349082365
1.6955749841678518,1.6955749841678518
1.7029078281885788,1.7029078281885788
1.7102459165213155,1.7102459165213155
1.717589284687915,1.717589284687915
1.7249379683560542,1.7249379683560542
1.7322920033399418,1.7322920033399418
1.7396514256010722,1.7396514256010722
1.7470162712489463,1.7470162712489463
1.7543865765418123,1.7543865765418123
1.761762377887416,1.761762377887416
1.7691437118437585,1.7691437118437585
1.7765306151198443,1.7765306151198443
1.7839231245764413,1.7839231245764413
1.791321277226848,1.791321277226848
1.7987251102376753,1.7987251102376753
1.8061346609296138,1.8061346609296138
1.8135499667782118,1.8135499667782118
1.8209710654146694,1.8209710654146694
1.8283979946266344,1.8283979946266344
1.8358307923589952,1.8358307923589952
1.8432694967146817,1.8432694967146817
1.850714145955474,1.850714145955474
1.8581647785028261,1.8581647785028261
1.8656214329386795,1.8656214329386795
1.8730841480062828,1.8730841480062828
1.8805529626110289,1.8805529626110289
1.8880279158212954,1.8880279158212954
1.8955090468692821,1.8955090468692821
1.9029963951518554,1.9029963951518554
1.9104900002314067,1.9104900002314067
1.9179899018367135,1.9179899018367135
1.9254961398638064,1.9254961398638064
1.933008754376834,1.933008754376834
1.9405277856089418,1.9405277856089418
1.948053273963162,1.948053273963162
1.955585260013302,1.955585260013302
1.9631237845048315,1.9631237845048315
1.9706688883557908,1.9706688883557908
1.9782206126577042,1.9782206126577042
1.9857789986764898,1.9857789986764898
1.9933440878533752,1.9933440878533752
2.0009159218058272,2.0009159218058272
2.008494542328498,2.008494542328498
2.016079991394152,2.016079991394152
2.0236723111546118,2.0236723111546118
2.031271543941715,2.031271543941715
2.038877732268285,2.038877732268285
2.0464909188290843,2.0464909188290843
2.054111146501788,2.054111146501788
2.0617384583479677,2.0617384583479677
2.0693728976140875,2.0693728976140875
2.0770145077324873,2.0770145077324873
2.084663332322381,2.084663332322381
2.092319415190881,2.092319415190881
2.099982800333994,2.099982800333994
2.107653531937663,2.107653531937663
2.1153316543787772,2.1153316543787772
2.1230172122262325,2.1230172122262325
2.1307102502419486,2.1307102502419486
2.13841081338195,2.13841081338195
2.146118946797401,2.146118946797401
2.1538346958356898,2.1538346958356898
2.1615581060414897,2.1615581060414897
2.169289223157857,2.169289223157857
2.177028093127304,2.177028093127304
2.1847747620929128,2.1847747620929128
2.1925292763994246,2.1925292763994246
2.2002916825943752,2.2002916825943752
2.208062027429192,2.208062027429192
2.2158403578603463,2.2158403578603463
2.223626721050471,2.223626721050471
2.231421164369529,2.231421164369529
2.2392237353959463,2.2392237353959463
2.24703448191779,2.24703448191779
2.2548534519339296,2.2548534519339296
2.26268069365523,2.26268069365523
2.2705162555057217,2.2705162555057217
2.278360186123818,2.278360186123818
2.2862125343634996,2.2862125343634996
2.2940733492955547,2.2940733492955547
2.3019426802087746,2.3019426802087746
2.3098205766112123,2.3098205766112123
2.3177070882314035,2.3177070882314035
2.325602265019632,2.325602265019632
2.3335061571491793,2.3335061571491793
2.3414188150176045,2.3414188150176045
2.3493402892480106,2.3493402892480106
2.357270630690344,2.357270630690344
2.3652098904226815,2.3652098904226815
2.3731581197525524,2.3731581197525524
2.381115370218237,2.381115370218237
2.3890816935901107,2.3890816935901107
2.3970571418719637,2.3970571418719637
2.405041767302368,2.405041767302368
2.4130356223560128,2.4130356223560128
2.4210387597450898,2.4210387597450898
2.4290512324206532,2.4290512324206532
2.4370730935740292,2.4370730935740292
2.4451043966381816,2.4451043966381816
2.45314519528916,2.45314519528916
2.4611955434474826,2.4611955434474826
2.469255495279591,2.469255495279591
2.477325105199272,2.477325105199272
2.4854044278691294,2.4854044278691294
2.493493518202025,2.493493518202025
2.5015924313625684,2.5015924313625684
2.5097012227685918,2.5097012227685918
2.517819948092657,2.517819948092657
2.5259486632635455,2.5259486632635455
2.534087424467799,2.534087424467799
2.542236288151226,2.542236288151226
2.550395311020472,2.550395311020472
2.5585645500445438,2.5585645500445438
2.566744062456402,2.566744062456402
2.5749339057545186,2.5749339057545186
2.5831341377044845,2.5831341377044845
2.5913448163406008,2.5913448163406008
2.599565999967495,2.599565999967495
2.6077977471617455,2.6077977471617455
2.616040116773539,2.616040116773539
2.6242931679283057,2.6242931679283057
2.632556960028386,2.632556960028386
2.640831552754714,2.640831552754714
2.6491170060685127,2.6491170060685127
2.657413380212998,2.657413380212998
2.6657207357150865,2.6657207357150865
2.674039133387135,2.674039133387135
2.682368634328691,2.682368634328691
2.6907092999282467,2.6907092999282467
2.699061191865009,2.699061191865009
2.7074243721106854,2.7074243721106854
2.715798902931296,2.715798902931296
2.724184846888984,2.724184846888984
2.7325822668438366,2.7325822668438366
2.740991225955733,2.740991225955733
2.7494117876862183,2.7494117876862183
2.75784401580036,2.75784401580036
2.7662879743686393,2.7662879743686393
2.7747437277688554,2.7747437277688554
2.783211340688053,2.783211340688053
2.791690878124453,2.791690878124453
2.800182405389389,2.800182405389389
2.808685988109288,2.808685988109288
2.8172016922276497,2.8172016922276497
2.8257295840070458,2.8257295840070458
2.8342697300311177,2.8342697300311177
2.842822197206623,2.842822197206623
2.851387052765481,2.851387052765481
2.8599643642668306,2.8599643642668306
2.8685541995991026,2.8685541995991026
2.8771566269821287,2.8771566269821287
2.885771714969254,2.885771714969254
2.8943995324494627,2.8943995324494627
2.903040148649527,2.903040148649527
2.911693633136171,2.911693633136171
2.920360055818265,2.920360055818265
2.9290394869490197,2.9290394869490197
2.937731997128204,2.937731997128204
2.9464376573043793,2.9464376573043793
2.9551565387771728,2.9551565387771728
2.9638887131995446,2.9638887131995446
2.9726342525800677,2.9726342525800677
2.981393229285262,2.981393229285262
2.9901657160419166,2.9901657160419166
2.998951785939449,2.998951785939449
3.007751512432264,3.007751512432264
3.0165649693421503,3.0165649693421503
3.0253922308607053,3.0253922308607053
3.0342333715517484,3.0342333715517484
3.043088466353783,3.043088466353783
3.0519575905824605,3.0519575905824605
3.0608408199330888,3.0608408199330888
3.069738230483137,3.069738230483137
3.078649898694769,3.078649898694769
3.0875759014174036,3.0875759014174036
3.0965163158902995,3.0965163158902995
3.1054712197451564,3.1054712197451564
3.1144406910087183,3.1144406910087183
3.1234248081054528,3.1234248081054528
3.1324236498601836,3.1324236498601836
3.1414372955008196,3.1414372955008196
3.1504658246610258,3.1504658246610258
3.159509317383003,3.159509317383003
3.1685678541202185,3.1685678541202185
3.1776415157402096,3.1776415157402096
3.186730383527376,3.186730383527376
3.195834539185835,3.195834539185835
3.2049540648422545,3.2049540648422545
3.214089043048758,3.214089043048758
3.2232395567858125,3.2232395567858125
3.2324056894651827,3.2324056894651827
3.241587524932864,3.241587524932864
3.2507851474721,3.2507851474721
3.259998641806353,3.259998641806353
3.269228093102383,3.269228093102383
3.2784735869732735,3.2784735869732735
3.287735209481557,3.287735209481557
3.2970130471422987,3.2970130471422987
3.3063071869262783,3.3063071869262783
3.3156177162631253,3.3156177162631253
3.3249447230445575,3.3249447230445575
3.3342882956275792,3.3342882956275792
3.343648522837765,3.343648522837765
3.3530254939725292,3.3530254939725292
3.362419298804461,3.362419298804461
3.371830027584649,3.371830027584649
3.3812577710460823,3.3812577710460823
3.3907026204070343,3.3907026204070343
3.400164667374526,3.400164667374526
3.409644004147768,3.409644004147768
3.4191407234216884,3.4191407234216884
3.4286549183904325,3.4286549183904325
3.4381866827509655,3.4381866827509655
3.447736110706629,3.447736110706629
3.457303296970808,3.457303296970808
3.4668883367705536,3.4668883367705536
3.4764913258503207,3.4764913258503207
3.4861123604756563,3.4861123604756563
3.495751537437,3.495751537437
3.5054089540534528,3.5054089540534528
3.5150847081766288,3.5150847081766288
3.5247788981945094,3.5247788981945094
3.53449162303537,3.53449162303537
3.5442229821716866,3.5442229821716866
3.5539730756241505,3.5539730756241505
3.563742003965644,3.563742003965644
3.5735298683253283,3.5735298683253283
3.5833367703926986,3.5833367703926986
3.593162812421742,3.593162812421742
3.603008097235073,3.603008097235073
3.6128727282281674,3.6128727282281674
3.6227568093735787,3.6227568093735787
3.632660445225249,3.632660445225249
3.642583740922808,3.642583740922808
3.652526802195965,3.652526802195965
3.6624897353688826,3.6624897353688826
3.672472647364664,3.672472647364664
3.6824756457098062,3.6824756457098062
3.6924988385387647,3.6924988385387647
3.7025423345985033,3.7025423345985033
3.7126062432531373,3.7126062432531373
3.7226906744885895,3.7226906744885895
3.7327957389172925,3.7327957389172925
3.7429215477829456,3.7429215477829456
3.7530682129653337,3.7530682129653337
3.7632358469851512,3.7632358469851512
3.7734245630089025,3.7734245630089025
3.7836344748538435,3.7836344748538435
3.793865696992979,3.793865696992979
3.8041183445600955,3.8041183445600955
3.814392533354835,3.814392533354835
3.824688379847844,3.824688379847844
3.835006001185968,3.835006001185968
3.8453455151974762,3.8453455151974762
3.855707040397346,3.855707040397346
3.8660906959926153,3.8660906959926153
3.876496601887773,3.876496601887773
3.8869248786902144,3.8869248786902144
3.897375647715719,3.897375647715719
3.9078490309940217,3.9078490309940217
3.9183451512744325,3.9183451512744325
3.928864132031487,3.928864132031487
3.939406097470673,3.939406097470673
3.9499711725342124,3.9499711725342124
3.960559482906905,3.960559482906905
3.9711711550220232,3.9711711550220232
3.9818063160672597,3.9818063160672597
3.9924650939907473,3.9924650939907473
4.003147617507151,4.003147617507151
4.013854016103791,4.013854016103791
4.024584420046843,4.024584420046843
4.035338960387607,4.035338960387607
4.046117768968841,4.046117768968841
4.056920978431155,4.056920978431155
4.067748722219445,4.067748722219445
4.078601134589442,4.078601134589442
4.089478350614299,4.089478350614299
4.100380506191253,4.100380506191253
4.111307738048332,4.111307738048332
4.122260183751167,4.122260183751167
4.133237981709881,4.133237981709881
4.1442412711859875,4.1442412711859875
4.155270192299429,4.155270192299429
4.16632488603565,4.16632488603565
4.177405494252764,4.177405494252764
4.188512159688786,4.188512159688786
4.19964502596893,4.19964502596893
4.210804237613004,4.210804237613004
4.221989940042883,4.221989940042883
4.23320227959004,4.23320227959004
4.2444414035031635,4.2444414035031635
4.255707459955876,4.255707459955876
4.267000598054511,4.267000598054511
4.27832096784599,4.27832096784599
4.289668720325759,4.289668720325759
4.301044007445834,4.301044007445834
4.3124469821229345,4.3124469821229345
4.323877798246689,4.323877798246689
4.33533661068792,4.33533661068792
4.346823575307048,4.346823575307048
4.358338848962572,4.358338848962572
4.369882589519641,4.369882589519641
4.381454955858709,4.381454955858709
4.393056107884296,4.393056107884296
4.4046862065338575,4.4046862065338575
4.416345413786726,4.416345413786726
4.428033892673157,4.428033892673157
4.439751807283477,4.439751807283477
4.451499322777347,4.451499322777347
4.463276605393114,4.463276605393114
4.475083822457243,4.475083822457243
4.4869211423938955,4.4869211423938955
4.498788734734608,4.498788734734608
4.510686770128042,4.510686770128042
4.522615420349879,4.522615420349879
4.534574858312812,4.534574858312812
4.546565258076655,4.546565258076655
4.558586794858569,4.558586794858569
4.5706396450433715,4.5706396450433715
4.58272398619401,4.58272398619401
4.594839997062135,4.594839997062135
4.606987857598778,4.606987857598778
4.619167748965157,4.619167748965157
4.631379853543617,4.631379853543617
4.6436243549487095,4.6436243549487095
4.655901438038343,4.655901438038343
4.668211288925124,4.668211288925124
4.680554094987777,4.680554094987777
4.692930044882749,4.692930044882749
4.705339328555905,4.705339328555905
4.717782137254363,4.717782137254363
4.730258663538493,4.730258663538493
4.742769101294035,4.742769101294035
4.755313645744364,4.755313645744364
4.7678924934629,4.7678924934629
4.78050584238564,4.78050584238564
4.793153891823883,4.793153891823883
4.805836842477078,4.805836842477078
4.81855489644582,4.81855489644582
4.831308257244986,4.831308257244986
4.844097129817076,4.844097129817076
4.856921720545677,4.856921720545677
4.869782237269085,4.869782237269085
4.882678889294094,4.882678889294094
4.8956118874099595,4.8956118874099595
4.908581443902537,4.908581443902537
4.921587772568564,4.921587772568564
4.934631088730127,4.934631088730127
4.947711609249303,4.947711609249303
4.960829552543003,4.960829552543003
4.973985138597951,4.973985138597951
4.98717858898587,4.98717858898587
5.0004101268788546,5.0004101268788546
5.013679977064933,5.013679977064933
5.026988365963824,5.026988365963824
5.040335521642847,5.040335521642847
5.053721673833092,5.053721673833092
5.067147053945752,5.067147053945752
5.080611895088663,5.080611895088663
5.094116432083044,5.094116432083044
5.107660901480452,5.107660901480452
5.121245541579973,5.121245541579973
5.134870592445583,5.134870592445583
5.148536295923749,5.148536295923749
5.162242895661253,5.162242895661253
5.175990637123258,5.175990637123258
5.189779767611567,5.189779767611567
5.203610536283131,5.203610536283131
5.21748319416879,5.21748319416879
5.231397994192274,5.231397994192274
5.245355191189418,5.245355191189418
5.259355041927621,5.259355041927621
5.27339780512558,5.27339780512558
5.2874837414732765,5.2874837414732765
5.301613113652206,5.301613113652206
5.31578618635585,5.31578618635585
5.330003226310467,5.330003226310467
5.344264502296125,5.344264502296125
5.358570285168002,5.358570285168002
5.372920847877967,5.372920847877967
5.387316465496453,5.387316465496453
5.40175741523464,5.40175741523464
5.416243976466873,5.416243976466873
5.430776430753424,5.430776430753424
5.445355061863539,5.445355061863539
5.459980155798811,5.459980155798811
5.474652000816831,5.474652000816831
5.489370887455166,5.489370887455166
5.504137108555691,5.504137108555691
5.518950959289202,5.518950959289202
5.533812737180407,5.533812737180407
5.548722742133195,5.548722742133195
5.563681276456302,5.563681276456302
5.578688644889325,5.578688644889325
5.593745154629044,5.593745154629044
5.608851115356142,5.608851115356142
5.624006839262288,5.624006839262288
5.639212641077582,5.639212641077582
5.654468838098397,5.654468838098397
5.669775750215571,5.669775750215571
5.68513369994301,5.68513369994301
5.70054301244673,5.70054301244673
5.716004015574223,5.716004015574223
5.73151703988429,5.73151703988429
5.747082418677269,5.747082418677269
5.76270048802572,5.76270048802572
5.778371586805511,5.778371586805511
5.794096056727327,5.794096056727327
5.809874242368685,5.809874242368685
5.825706491206361,5.825706491206361
5.8415931536493,5.8415931536493
5.857534583071954,5.857534583071954
5.873531135848167,5.873531135848167
5.8895831713855085,5.8895831713855085
5.9056910521600985,5.9056910521600985
5.9218551437519364,5.9218551437519364
5.938075814880772,5.938075814880772
5.95435343744248,5.95435343744248
5.970688386545945,5.970688386545945
5.987081040550522,5.987081040550522
6.00353178110403,6.00353178110403
6.020040993181314,6.020040993181314
6.036609065123372,6.036609065123372
6.053236388677045,6.053236388677045
6.069923359035334,6.069923359035334
6.086670374878291,6.086670374878291
6.103477838414544,6.103477838414544
6.120346155423407,6.120346155423407
6.137275735297662,6.137275735297662
6.154266991086983,6.154266991086983
6.171320339542005,6.171320339542005
6.188436201159044,6.188436201159044
6.20561500022555,6.20561500022555
6.222857164866218,6.222857164866218
6.2401631270898195,6.2401631270898195
6.25753332283673,6.25753332283673
6.2749681920272256,6.2749681920272256
6.292468178610522,6.292468178610522
6.310033730614555,6.310033730614555
6.327665300196535,6.327665300196535
6.345363343694308,6.345363343694308
6.363128321678547,6.363128321678547
6.380960699005705,6.380960699005705
6.398860944871834,6.398860944871834
6.416829532867263,6.416829532867263
6.434866941032151,6.434866941032151
6.452973651912903,6.452973651912903
6.471150152619473,6.471150152619473
6.489396934883636,6.489396934883636
6.507714495118175,6.507714495118175
6.526103334477017,6.526103334477017
6.544563958916317,6.544563958916317
6.563096879256594,6.563096879256594
6.5817026112458565,6.5817026112458565
6.600381675623731,6.600381675623731
6.61913459818667,6.61913459818667
6.637961909854229,6.637961909854229
6.6568641467364635,6.6568641467364635
6.675841850202383,6.675841850202383
6.694895566949615,6.694895566949615
6.714025849075166,6.714025849075166
6.7332332541473985,6.7332332541473985
6.752518345279256,6.752518345279256
6.77188169120265,6.77188169120265
6.79132386634414,6.79132386634414
6.810845450901897,6.810845450901897
6.830447030924006,6.830447030924006
6.850129198388063,6.850129198388063
6.869892551282134,6.869892551282134
6.8897376936871515,6.8897376936871515
6.909665235860718,6.909665235860718
6.929675794322347,6.929675794322347
6.949769991940182,6.949769991940182
6.96994845801925,6.96994845801925
6.990211828391277,6.990211828391277
7.010560745506043,7.010560745506043
7.030995858524344,7.030995858524344
7.051517823412653,7.051517823412653
7.072127303039437,7.072127303039437
7.092824967273173,7.092824967273173
7.113611493082114,7.113611493082114
7.134487564635905,7.134487564635905
7.155453873408982,7.155453873408982
7.1765111182858465,7.1765111182858465
7.197660005668255,7.197660005668255
7.218901249584377,7.218901249584377
7.240235571799951,7.240235571799951
7.261663701931463,7.261663701931463
7.283186377561405,7.283186377561405
7.304804344355704,7.304804344355704
7.326518356183317,7.326518356183317
7.348329175238036,7.348329175238036
7.3702375721625835,7.3702375721625835
7.392244326175046,7.392244326175046
7.414350225197704,7.414350225197704
7.436556065988285,7.436556065988285
7.458862654273679,7.458862654273679
7.481270804886265,7.481270804886265
7.503781341902831,7.503781341902831
7.526395098786149,7.526395098786149
7.549112918529266,7.549112918529266
7.571935653802622,7.571935653802622
7.594864167104062,7.594864167104062
7.617899330911703,7.617899330911703
7.641042027839817,7.641042027839817
7.664293150797834,7.664293150797834
7.68765360315245,7.68765360315245
7.711124298892947,7.711124298892947
7.7347061627997995,7.7347061627997995
7.758400130616693,7.758400130616693
7.782207149225978,7.782207149225978
7.806128176827648,7.806128176827648
7.830164183121941,7.830164183121941
7.854316149495685,7.854316149495685
7.878585069212441,7.878585069212441
7.902971947606515,7.902971947606515
7.927477802280979,7.927477802280979
7.9521036633097975,7.9521036633097975
7.976850573444162,7.976850573444162
8.001719588323086,8.001719588323086
8.026711776688444,8.026711776688444
8.051828220604499,8.051828220604499
8.077070015682128,8.077070015682128
8.102438271307744,8.102438271307744
8.12793411087708,8.12793411087708
8.153558672034054,8.153558672034054
8.179313106914694,8.179313106914694
8.20519858239637,8.20519858239637
8.231216280352363,8.231216280352363
8.257367397912068,8.257367397912068
8.283653147726808,8.283653147726808
8.31007475824155,8.31007475824155
8.336633473972523,8.336633473972523
8.363330555791093,8.363330555791093
8.390167281213897,8.390167281213897
8.41714494469948,8.41714494469948
8.444264857951568,8.444264857951568
8.471528350229198,8.471528350229198
8.498936768663933,8.498936768663933
8.52649147858423,8.52649147858423
8.554193863847205,8.554193863847205
8.582045327178108,8.582045327178108
8.610047290517608,8.610047290517608
8.638201195377091,8.638201195377091
8.666508503202264,8.666508503202264
8.69497069574529,8.69497069574529
8.72358927544568,8.72358927544568
8.752365765820148,8.752365765820148
8.781301711861762,8.781301711861762
8.810398680448598,8.810398680448598
8.839658260762262,8.839658260762262
8.869082064716395,8.869082064716395
8.89867172739561,8.89867172739561
8.928428907505127,8.928428907505127
8.958355287831395,8.958355287831395
8.988452575714012,8.988452575714012
9.0187225035293,9.0187225035293
9.049166829185939,9.049166829185939
9.079787336632904,9.079787336632904
9.110585836380205,9.110585836380205
9.141564166032655,9.141564166032655
9.172724190837252,9.172724190837252
9.204067804244481,9.204067804244481
9.235596928483954,9.235596928483954
9.267313515154855,9.267313515154855
9.299219545831695,9.299219545831695
9.331317032685803,9.331317032685803
9.36360801912305,9.36360801912305
9.396094580438312,9.396094580438312
9.428778824487244,9.428778824487244
9.461662892375918,9.461662892375918
9.494748959168836,9.494748959168836
9.528039234615921,9.528039234615921
9.561535963899184,9.561535963899184
9.59524142839969,9.59524142839969
9.629157946485334,9.629157946485334
9.663287874320313,9.663287874320313
9.697633606696904,9.697633606696904
9.732197577890386,9.732197577890386
9.766982262537722,9.766982262537722
9.80199017654091,9.80199017654091
9.837223877995894,9.837223877995894
9.872685968147811,9.872685968147811
9.908379092373439,9.908379092373439
9.944305941191956,9.944305941191956
9.980469251304784,9.980469251304784
10.016871806665714,10.016871806665714
10.053516439582284,10.053516439582284
10.090406031849492,10.090406031849492
10.127543515917038,10.127543515917038
10.1649318760913,10.1649318760913
10.202574149773307,10.202574149773307
10.240473428733907,10.240473428733907
10.278632860427582,10.278632860427582
10.317055649346338,10.317055649346338
10.35574505841508,10.35574505841508
10.394704410430059,10.394704410430059
10.433937089541901,10.433937089541901
10.473446542785073,10.473446542785073
10.513236281655407,10.513236281655407
10.553309883737496,10.553309883737496
10.593670994383906,10.593670994383906
10.634323328448282,10.634323328448282
10.675270672074312,10.675270672074312
10.71651688454278,10.71651688454278
10.758065900178932,10.758065900178932
10.799921730322676,10.799921730322676
10.842088465364057,10.842088465364057
10.884570276846462,10.884570276846462
10.927371419640524,10.927371419640524
10.970496234191462,10.970496234191462
11.013949148842952,11.013949148842952
11.057734682240516,11.057734682240516
11.10185744581787,11.10185744581787
11.146322146369679,11.146322146369679
11.191133588714333,11.191133588714333
11.23629667845046,11.23629667845046
11.281816424811337,11.281816424811337
11.32769794362127,11.32769794362127
11.373946460358495,11.373946460358495
11.420567313329036,11.420567313329036
11.46756595695656,11.46756595695656
11.514947965193308,11.514947965193308
11.562719035057505,11.562719035057505
11.610884990302885,11.610884990302885
11.659451785226285,11.659451785226285
11.708425508619705,11.708425508619705
11.757812387873445,11.757812387873445
11.807618793237163,11.807618793237163
11.857851242246346,11.857851242246346
11.908516404321997,11.908516404321997
11.959621105551674,11.959621105551674
12.011172333660534,12.011172333660534
12.063177243181514,12.063177243181514
12.115643160834413,12.115643160834413
12.168577591124025,12.168577591124025
12.221988222168086,12.221988222168086
12.275882931766473,12.275882931766473
12.330269793723877,12.330269793723877
12.385157084438665,12.385157084438665
12.440553289771474,12.440553289771474
12.496467112207945,12.496467112207945
12.55290747833097,12.55290747833097
12.609883546618638,12.609883546618638
12.667404715584789,12.667404715584789
12.725480632280872,12.725480632280872
12.784121201178198,12.784121201178198
12.843336593451443,12.843336593451443
12.90313725668514,12.90313725668514
12.963533925026722,12.963533925026722
13.02453762981094,13.02453762981094
13.086159710682256,13.086159710682256
13.148411827243336,13.148411827243336
13.21130597125998,13.21130597125998
13.274854479454737,13.274854479454737
13.33907004692357,13.33907004692357
13.403965741212316,13.403965741212316
13.469555017092405,13.469555017092405
13.53585173207798,13.53585173207798
13.602870162729513,13.602870162729513
13.67062502179228,13.67062502179228
13.739131476221495,13.739131476221495
13.808405166149994,13.808405166149994
13.878462224858128,13.878462224858128
13.949319299810108,13.949319299810108
14.020993574826019,14.020993574826019
14.093502793463937,14.093502793463937
14.16686528369241,14.16686528369241
14.241099983939591,14.241099983939591
14.31622647061242,14.31622647061242
14.392264987186673,14.392264987186673
14.469236474976876,14.469236474976876
14.547162605703631,14.547162605703631
14.626065815986232,14.626065815986232
14.705969343898834,14.705969343898834
14.786897267740231,14.786897267740231
14.868874547180063,14.868874547180063
14.951927066958643,14.951927066958643
15.036081683333203,15.036081683333203
15.121366273480419,15.121366273480419
15.207809788083944,15.207809788083944
15.295442307356899,15.295442307356899
15.384295100772373,15.384295100772373
15.474400690800579,15.474400690800579
15.56579292097955,15.56579292097955
15.658507028678367,15.658507028678367
15.752579722946718,15.752579722946718
15.848049267883779,15.848049267883779
15.944955572002915,15.944955572002915
16.043340284117704,16.043340284117704
16.143246896329202,16.143246896329202
16.244720854755446,16.244720854755446
16.347809678712554,16.347809678712554
16.452563089134188,16.452563089134188
16.559033147102816,16.559033147102816
16.66727440346413,16.66727440346413
16.777344060606342,16.777344060606342
16.889302147611886,16.889302147611886
17.003211710131026,17.003211710131026
17.119139016488546,17.119139016488546
17.237153781718597,17.237153781718597
17.357329411433543,17.357329411433543
17.479743267673136,17.479743267673136
17.604476959156305,17.604476959156305
17.73161665867501,17.73161665867501
17.861253450735962,17.861253450735962
17.993483712978332,17.993483712978332
18.128409535385636,18.128409535385636
18.266139181878664,18.266139181878664
18.40678759954019,18.40678759954019
18.550476981496594,18.550476981496594
18.697337390390818,18.697337390390818
18.847507450449523,18.847507450449523
19.001135117408534,19.001135117408534
19.158378537054823,19.158378537054823
19.319407004919068,19.319407004919068
19.484402041771155,19.484402041771155
19.653558602109396,19.653558602109396
19.8270864358884,19.8270864358884
20.005211627420262,20.005211627420262
20.188178339863025,20.188178339863025
20.376250799174166,20.376250799174166
20.569715558105994,20.569715558105994
20.768884089077215,20.768884089077215
20.97409576498949,20.97409576498949
21.18572129982138,21.18572129982138
21.404166736848257,21.404166736848257
21.629878092569175,21.629878092569175
21.86334679016172,21.86334679016172
22.10511604928012,22.10511604928012
22.35578844164585,22.35578844164585
22.616034877440658,22.616034877440658
22.88660536058438,22.88660536058438
23.168341948029685,23.168341948029685
23.462194478466127,23.462194478466127
23.7692398126533,23.7692398126533
24.09070557060848,24.09070557060848
24.427999689297256,24.427999689297256
24.782747602654574,24.782747602654574
25.156839532179365,25.156839532179365
25.55249137892731,25.55249137892731
25.97232420037861,25.97232420037861
26.41946952553226,26.41946952553226
26.897711295879336,26.897711295879336
27.411680870768894,27.411680870768894
27.967130845375195,27.967130845375195
28.57132929986557,28.57132929986557
29.233644237918718,29.233644237918718
29.96644020530848,29.96644020530848
30.78651142480264,30.78651142480264
31.717489797375425,31.717489797375425
32.79415084359906,32.79415084359906
34.07075497575543,34.07075497575543
35.63903361109114,35.63903361109114
37.673355756762845,37.673355756762845
40.574752161746005,40.574752161746005
45.69663589558195,45.69663589558195
