-0.19607190688854628,-0.19607190688854628
-0.19217534212293047,-0.19217534212293047
-0.18831769892712055,-0.18831769892712055
-0.18449899434954178,-0.18449899434954178
-0.18071924433159636,-0.18071924433159636
-0.17697846370517123,-0.17697846370517123
-0.1732766663222655,-0.1732766663222655
-0.16961386514172871,-0.16961386514172871
-0.16599007215482894,-0.16599007215482894
-0.16240529862979144,-0.16240529862979144
-0.15885955498208873,-0.15885955498208873
-0.15535285097614965,-0.15535285097614965
-0.15188519559068905,-0.15188519559068905
-0.14845659730228983,-0.14845659730228983
-0.14506706390834212,-0.14506706390834212
-0.14171660267022304,-0.14171660267022304
-0.1384052203450536,-0.1384052203450536
-0.1351329231997854,-0.1351329231997854
-0.1318997170416284,-0.1318997170416284
-0.12870560727954775,-0.12870560727954775
-0.125550598905525,-0.125550598905525
-0.12243469657601593,-0.12243469657601593
-0.11935790455715879,-0.11935790455715879
-0.11632022687881267,-0.11632022687881267
-0.11332166720075301,-0.11332166720075301
-0.11036222893917173,-0.11036222893917173
-0.10744191528530303,-0.10744191528530303
-0.10456072913359034,-0.10456072913359034
-0.1017186731967047,-0.1017186731967047
-0.09891575001990423,-0.09891575001990423
-0.0961519618773847,-0.0961519618773847
-0.09342731092816328,-0.09342731092816328
-0.09074179916647876,-0.09074179916647876
-0.08809542839951061,-0.08809542839951061
-0.08548820035432775,-0.08548820035432775
-0.08292011657591224,-0.08292011657591224
-0.08039117850659937,-0.08039117850659937
-0.077901387479616,-0.077901387479616
-0.07545074476289465,-0.07545074476289465
-0.07303925146050934,-0.07303925146050934
-0.07066690864656892,-0.07066690864656892
-0.06833371728944419,-0.06833371728944419
-0.0660396782931491,-0.0660396782931491
-0.06378479244550442,-0.06378479244550442
-0.06156906056401697,-0.06156906056401697
-0.0593924833307811,-0.0593924833307811
-0.05725506137545529,-0.05725506137545529
-0.055156795325152434,-0.055156795325152434
-0.05309768573452329,-0.05309768573452329
-0.05107773303984766,-0.05107773303984766
-0.049096937778984,-0.049096937778984
-0.04715530032796152,-0.04715530032796152
-0.04525282110010261,-0.04525282110010261
-0.043389500428636804,-0.043389500428636804
-0.04156533864647031,-0.04156533864647031
-0.03978033600604855,-0.03978033600604855
-0.03803449281722538,-0.03803449281722538
-0.03632780927519219,-0.03632780927519219
-0.034660285590030926,-0.034660285590030926
-0.03303192194999949,-0.03303192194999949
-0.03144271851361613,-0.03144271851361613
-0.029892675418660905,-0.029892675418660905
-0.02838179276186765,-0.02838179276186765
-0.026910070641613822,-0.026910070641613822
-0.025477509148367283,-0.025477509148367283
-0.02408410831834424,-0.02408410831834424
-0.02272986817008153,-0.02272986817008153
-0.02141478874036053,-0.02141478874036053
-0.02013887001430255,-0.02013887001430255
-0.018902111957981773,-0.018902111957981773
-0.01770451456789287,-0.01770451456789287
-0.016546077764076544,-0.016546077764076544
-0.015426801472088832,-0.015426801472088832
-0.01434668560069197,-0.01434668560069197
-0.013305730062981285,-0.013305730062981285
-0.012303934707730994,-0.012303934707730994
-0.01134129943469898,-0.01134129943469898
-0.010417824040762764,-0.010417824040762764
-0.00953350838626648,-0.00953350838626648
-0.00868835226285563,-0.00868835226285563
-0.007882355480154753,-0.007882355480154753
-0.007115517800612651,-0.007115517800612651
-0.006387839008554133,-0.006387839008554133
-0.005699318859344683,-0.005699318859344683
-0.005049957019225526,-0.005049957019225526
-0.004439753280258249,-0.004439753280258249
-0.003868707292224796,-0.003868707292224796
-0.003336818728273936,-0.003336818728273936
-0.0028440872634773297,-0.0028440872634773297
-0.002390512532664785,-0.002390512532664785
-0.0019760941722797003,-0.0019760941722797003
-0.001600831768767909,-0.001600831768767909
-0.001264724919149717,-0.001264724919149717
-0.0009677731952032711,-0.0009677731952032711
-0.0007099761150423282,-0.0007099761150423282
-0.0004913332393967094,-0.0004913332393967094
-0.00031184405176314914,-0.00031184405176314914
-0.00017150808059213058,-0.00017150808059213058
-7.032474994873161e-5,-7.032474994873161e-5
-8.293500725981303e-6,-8.293500725981303e-6
1.4586222967042313e-5,1.4586222967042313e-5
-1.684968804237662e-6,-1.684968804237662e-6
-5.710641212031422e-5,-5.710641212031422e-5
-0.00015167751334019323,-0.00015167751334019323
-0.00028539755026375384,-0.00028539755026375384
-0.00045826584092126206,-0.00045826584092126206
-0.0006702816408493626,-0.0006702816408493626
-0.000921444178907059,-0.000921444178907059
-0.001211752707533498,-0.001211752707533498
-0.0015412063751863822,-0.0015412063751863822
-0.0019098043313319551,-0.0019098043313319551
-0.0023175456900951783,-0.0023175456900951783
-0.0027644295628484377,-0.0027644295628484377
-0.0032504549585246883,-0.0032504549585246883
-0.003775620936469062,-0.003775620936469062
-0.004339926419623614,-0.004339926419623614
-0.004943370379207199,-0.004943370379207199
-0.005585951678849176,-0.005585951678849176
-0.00626766918220078,-0.00626766918220078
-0.006988521672265261,-0.006988521672265261
-0.0077485079666269946,-0.0077485079666269946
-0.008547626723702323,-0.008547626723702323
-0.009385876630987104,-0.009385876630987104
-0.010263256265845098,-0.010263256265845098
-0.011179764165836931,-0.011179764165836931
-0.01213539886724306,-0.01213539886724306
-0.013130158754750258,-0.013130158754750258
-0.01416404220798758,-0.01416404220798758
-0.01523704748064914,-0.01523704748064914
-0.01634917286407229,-0.01634917286407229
-0.01750041643743123,-0.01750041643743123
-0.01869077632606268,-0.01869077632606268
-0.019920250479972017,-0.019920250479972017
-0.021188836743979735,-0.021188836743979735
-0.022496532968001894,-0.022496532968001894
-0.02384333684910292,-0.02384333684910292
-0.0252292459882083,-0.0252292459882083
-0.02665425784052268,-0.02665425784052268
-0.02811836980168547,-0.02811836980168547
-0.02962157909820245,-0.02962157909820245
-0.0311638828464859,-0.0311638828464859
-0.03274527803707097,-0.03274527803707097
-0.034365761489154864,-0.034365761489154864
-0.03602532986532121,-0.03602532986532121
-0.03772397970059136,-0.03772397970059136
-0.03946170729457385,-0.03946170729457385
-0.04123850882904318,-0.04123850882904318
-0.04305438022594395,-0.04305438022594395
-0.04490931726572029,-0.04490931726572029
-0.04680331544294937,-0.04680331544294937
-0.04873637005856573,-0.04873637005856573
-0.05070847615357302,-0.05070847615357302
-0.05271962847481869,-0.05271962847481869
-0.0547698215756528,-0.0547698215756528
-0.05685904963900359,-0.05685904963900359
-0.05898730650927095,-0.05898730650927095
-0.061154585728053115,-0.061154585728053115
-0.06336088052966082,-0.06336088052966082
-0.0656061837010112,-0.0656061837010112
-0.06789048765675423,-0.06789048765675423
-0.07021378434528301,-0.07021378434528301
-0.07257606532409175,-0.07257606532409175
-0.07497732163640251,-0.07497732163640251
-0.07741754379701937,-0.07741754379701937
-0.07989672180508592,-0.07989672180508592
-0.08241484507725402,-0.08241484507725402
-0.08497190243777479,-0.08497190243777479
-0.08756788206244889,-0.08756788206244889
-0.09020277136510339,-0.09020277136510339
1.0464371567954602,1.0464371567954602
0.8579337218860665,0.8579337218860665
0.6615214257801201,0.6615214257801201
0.4581750339309121,0.4581750339309121
0.24859568489101402,0.24859568489101402
0.033321919191754645,0.033321919191754645
-0.18721396125238687,-0.18721396125238687
-0.4126537358930058,-0.4126537358930058
-0.6426933628041587,-0.6426933628041587
-0.877069895722367,-0.877069895722367
-1.115552473985037,-1.115552473985037
-1.3579358826288672,-1.3579358826288672
-1.6040358078188826,-1.6040358078188826
-1.8536852513680797,-1.8536852513680797
-2.1067317626659827,-2.1067317626659827
-2.363035262193365,-2.363035262193365
-2.622466302367915,-2.622466302367915
-2.8849046583272298,-2.8849046583272298
-3.1502381721879784,-3.1502381721879784
-3.418361794261523,-3.418361794261523
-3.6891767801484194,-3.6891767801484194
-3.962590012214279,-3.962590012214279
-4.238513421445549,-4.238513421445549
-4.516863491534837,-4.516863491534837
-4.797560830298419,-4.797560830298419
-5.080529797276223,-5.080529797276223
-5.3656981779403,-5.3656981779403
-5.652996897922889,-5.652996897922889
-5.942359769961178,-5.942359769961178
-6.233723270175458,-6.233723270175458
-6.527026338171449,-6.527026338171449
-6.822210198774528,-6.822210198774528
