-7.002076176581183,-7.002076176581183
-7.0135854376585565,-7.0135854376585565
-7.021180558245853,-7.021180558245853
-7.027045024653497,-7.027045024653497
-7.0317672119268035,-7.0317672119268035
-7.0356350841774695,-7.0356350841774695
-7.038820718341337,-7.038820718341337
-7.041438811125588,-7.041438811125588
-7.043571361339118,-7.043571361339118
-7.045279939232952,-7.045279939232952
-7.046612488660852,-7.046612488660852
-7.047607406534135,-7.047607406534135
-7.048296139610707,-7.048296139610707
-7.048704916807459,-7.048704916807459
-7.048855949453978,-7.048855949453978
-7.048768289350207,-7.048768289350207
-7.0484584585491294,-7.0484584585491294
-7.047940922088365,-7.047940922088365
-7.047228449779532,-7.047228449779532
-7.046332397812795,-7.046332397812795
-7.0452629312345545,-7.0452629312345545
-7.044029202048613,-7.044029202048613
-7.04263949348367,-7.04263949348367
-7.0411013380996925,-7.0411013380996925
-7.039421615407758,-7.039421615407758
-7.037606633261915,-7.037606633261915
-7.03566219626149,-7.03566219626149
-7.033593663656302,-7.033593663656302
-7.031405998694477,-7.031405998694477
-7.029103810937624,-7.029103810937624
-7.026691392753338,-7.026691392753338
-7.0241727509533884,-7.0241727509533884
-7.021551634358933,-7.021551634358933
-7.0188315579278395,-7.0188315579278395
-7.016015823963945,-7.016015823963945
-7.013107540836541,-7.013107540836541
-7.0101096395650195,-7.0101096395650195
-7.007024888564672,-7.007024888564672
-7.003855906801593,-7.003855906801593
-7.000605175565675,-7.000605175565675
-6.997275049038497,-6.997275049038497
-6.993867763806486,-6.993867763806486
-6.990385447447747,-6.990385447447747
-6.986830126302624,-6.986830126302624
-6.983203732522781,-6.983203732522781
-6.979508110480584,-6.979508110480584
-6.975745022609817,-6.975745022609817
-6.971916154739379,-6.971916154739379
-6.968023120973843,-6.968023120973843
-6.964067468167988,-6.964067468167988
-6.960050680036687,-6.960050680036687
-6.955974180936528,-6.955974180936528
-6.951839339351339,-6.951839339351339
-6.947647471110002,-6.947647471110002
-6.943399842361824,-6.943399842361824
-6.939097672331816,-6.939097672331816
-6.934742135875927,-6.934742135875927
-6.930334365854018,-6.930334365854018
-6.925875455336558,-6.925875455336558
-6.921366459659371,-6.921366459659371
-6.91680839833926,-6.91680839833926
-6.912202256862119,-6.912202256862119
-6.907548988353948,-6.907548988353948
-6.902849515144216,-6.902849515144216
-6.898104730230087,-6.898104730230087
-6.893315498649273,-6.893315498649273
-6.888482658768494,-6.888482658768494
-6.883607023493969,-6.883607023493969
-6.878689381409733,-6.878689381409733
-6.873730497849057,-6.873730497849057
-6.868731115903866,-6.868731115903866
-6.863691957376527,-6.863691957376527
-6.858613723678085,-6.858613723678085
-6.853497096676662,-6.853497096676662
-6.8483427394994205,-6.8483427394994205
-6.843151297291234,-6.843151297291234
-6.837923397932928,-6.837923397932928
-6.832659652721786,-6.832659652721786
-6.827360657016721,-6.827360657016721
-6.822026990850412,-6.822026990850412
-6.816659219510484,-6.816659219510484
-6.811257894091645,-6.811257894091645
-6.805823552020606,-6.805823552020606
-6.800356717555406,-6.800356717555406
-6.794857902260713,-6.794857902260713
-6.789327605460499,-6.789327605460499
-6.783766314669453,-6.783766314669453
-6.7781745060043415,-6.7781745060043415
-6.77255264457646,-6.77255264457646
-6.766901184866291,-6.766901184866291
-6.761220571081325,-6.761220571081325
-6.755511237497986,-6.755511237497986
-6.749773608788563,-6.749773608788563
-6.7440081003339225,-6.7440081003339225
-6.738215118522788,-6.738215118522788
-6.732395061038308,-6.732395061038308
-6.726548317132548,-6.726548317132548
-6.720675267889579,-6.720675267889579
-6.714776286477703,-6.714776286477703
-6.708851738391415,-6.708851738391415
-6.702901981683583,-6.702901981683583
-6.696927367188356,-6.696927367188356
-6.690928238735244,-6.690928238735244
-6.6849049333548205,-6.6849049333548205
-6.6788577814764345,-6.6788577814764345
-6.672787107118327,-6.672787107118327
-6.6666932280705185,-6.6666932280705185
-6.660576456070782,-6.660576456070782
-6.654437096974068,-6.654437096974068
-6.648275450915634,-6.648275450915634
-6.642091812468215,-6.642091812468215
-6.635886470793469,-6.635886470793469
-6.629659709787968,-6.629659709787968
-6.623411808223992,-6.623411808223992
-6.617143039885334,-6.617143039885334
-6.610853673698332,-6.610853673698332
-6.604543973858383,-6.604543973858383
-6.598214199952051,-6.598214199952051
-6.591864607075032,-6.591864607075032
-6.5854954459461315,-6.5854954459461315
-6.5791069630173755,-6.5791069630173755
-6.572699400580496,-6.572699400580496
-6.566272996869871,-6.566272996869871
-6.559827986162103,-6.559827986162103
-6.553364598872361,-6.553364598872361
-6.546883061647607,-6.546883061647607
-6.540383597456859,-6.540383597456859
-6.533866425678576,-6.533866425678576
-6.527331762185289,-6.527331762185289
-6.520779819425612,-6.520779819425612
-6.514210806503681,-6.514210806503681
-6.507624929256176,-6.507624929256176
-6.501022390326974,-6.501022390326974
-6.494403389239554,-6.494403389239554
-6.487768122467219,-6.487768122467219
-6.481116783501221,-6.481116783501221
-6.474449562916883,-6.474449562916883
-6.467766648437751,-6.467766648437751
-6.461068224997898,-6.461068224997898
-6.454354474802417,-6.454354474802417
-6.447625577386169,-6.447625577386169
-6.440881709670845,-6.440881709670845
-6.434123046020443,-6.434123046020443
-6.427349758295136,-6.427349758295136
-6.420562015903682,-6.420562015903682
-6.413759985854334,-6.413759985854334
-6.406943832804385,-6.406943832804385
-6.4001137191083295,-6.4001137191083295
-6.393269804864725,-6.393269804864725
-6.38641224796179,-6.38641224796179
-6.379541204121776,-6.379541204121776
-6.372656826944152,-6.372656826944152
-6.365759267947652,-6.365759267947652
-6.358848676611214,-6.358848676611214
-6.351925200413848,-6.351925200413848
-6.344988984873471,-6.344988984873471
-6.338040173584737,-6.338040173584737
-6.331078908255904,-6.331078908255904
-6.324105328744749,-6.324105328744749
-6.317119573093593,-6.317119573093593
-6.310121777563425,-6.310121777563425
-6.303112076667186,-6.303112076667186
-6.296090603202227,-6.296090603202227
-6.289057488281956,-6.289057488281956
-6.282012861366714,-6.282012861366714
-6.274956850293903,-6.274956850293903
-6.267889581307378,-6.267889581307378
-6.260811179086127,-6.260811179086127
-6.253721766772273,-6.253721766772273
-6.246621465998409,-6.246621465998409
-6.239510396914276,-6.239510396914276
-6.232388678212825,-6.232388678212825
-6.225256427155658,-6.225256427155658
-6.218113759597896,-6.218113759597896
-6.210960790012447,-6.210960790012447
-6.203797631513735,-6.203797631513735
-6.196624395880884,-6.196624395880884
-6.1894411935803655,-6.1894411935803655
-6.182248133788142,-6.182248133788142
-6.175045324411317,-6.175045324411317
-6.16783287210929,-6.16783287210929
-6.16061088231445,-6.16061088231445
-6.153379459252405,-6.153379459252405
-6.146138705961776,-6.146138705961776
-6.13888872431355,-6.13888872431355
-6.131629615030014,-6.131629615030014
-6.124361477703284,-6.124361477703284
-6.117084410813432,-6.117084410813432
-6.109798511746222,-6.109798511746222
-6.1025038768104745,-6.1025038768104745
-6.095200601255062,-6.095200601255062
-6.087888779285542,-6.087888779285542
-6.0805685040804525,-6.0805685040804525
-6.073239867807248,-6.073239867807248
-6.065902961637936,-6.065902961637936
-6.058557875764351,-6.058557875764351
-6.05120469941316,-6.05120469941316
-6.043843520860514,-6.043843520860514
-6.03647442744645,-6.03647442744645
-6.029097505588962,-6.029097505588962
-6.0217128407978135,-6.0217128407978135
-6.014320517688063,-6.014320517688063
-6.006920619993319,-6.006920619993319
-5.9995132305787475,-5.9995132305787475
-5.9920984314537975,-5.9920984314537975
-5.984676303784704,-5.984676303784704
-5.977246927906724,-5.977246927906724
-5.96981038333615,-5.96981038333615
-5.962366748782086,-5.962366748782086
-5.954916102157996,-5.954916102157996
-5.947458520593029,-5.947458520593029
-5.939994080443142,-5.939994080443142
-5.932522857301987,-5.932522857301987
-5.925044926011615,-5.925044926011615
-5.917560360672973,-5.917560360672973
-5.910069234656197,-5.910069234656197
-5.90257162061072,-5.90257162061072
-5.895067590475192,-5.895067590475192
-5.8875572154872176,-5.8875572154872176
-5.880040566192913,-5.880040566192913
-5.8725177124562835,-5.8725177124562835
-5.864988723468445,-5.864988723468445
-5.857453667756659,-5.857453667756659
-5.849912613193224,-5.849912613193224
-5.842365627004193,-5.842365627004193
-5.8348127757779364,-5.8348127757779364
-5.827254125473568,-5.827254125473568
-5.819689741429195,-5.819689741429195
-5.812119688370048,-5.812119688370048
-5.804544030416455,-5.804544030416455
-5.796962831091673,-5.796962831091673
-5.789376153329599,-5.789376153329599
-5.781784059482326,-5.781784059482326
-5.774186611327588,-5.774186611327588
-5.7665838700760625,-5.7665838700760625
-5.758975896378562,-5.758975896378562
-5.751362750333081,-5.751362750333081
-5.7437444914917535,-5.7437444914917535
-5.736121178867663,-5.736121178867663
-5.72849287094156,-5.72849287094156
-5.7208596256684565,-5.7208596256684565
-5.713221500484113,-5.713221500484113
-5.70557855231141,-5.70557855231141
-5.6979308375666315,-5.6979308375666315
-5.690278412165627,-5.690278412165627
-5.682621331529883,-5.682621331529883
-5.674959650592487,-5.674959650592487
-5.667293423804009,-5.667293423804009
-5.659622705138267,-5.659622705138267
-5.651947548098013,-5.651947548098013
-5.644268005720531,-5.644268005720531
-5.6365841305831275,-5.6365841305831275
-5.628895974808556,-5.628895974808556
-5.621203590070338,-5.621203590070338
-5.613507027598008,-5.613507027598008
-5.605806338182275,-5.605806338182275
-5.598101572180103,-5.598101572180103
-5.590392779519704,-5.590392779519704
-5.582680009705472,-5.582680009705472
-5.574963311822812,-5.574963311822812
-5.567242734542931,-5.567242734542931
-5.559518326127511,-5.559518326127511
-5.551790134433356,-5.551790134433356
-5.544058206916926,-5.544058206916926
-5.536322590638837,-5.536322590638837
-5.528583332268267,-5.528583332268267
-5.520840478087313,-5.520840478087313
-5.513094073995261,-5.513094073995261
-5.505344165512827,-5.505344165512827
-5.497590797786288,-5.497590797786288
-5.489834015591597,-5.489834015591597
-5.482073863338402,-5.482073863338402
-5.4743103850740304,-5.4743103850740304
-5.466543624487392,-5.466543624487392
-5.4587736249128485,-5.4587736249128485
-5.451000429334002,-5.451000429334002
-5.443224080387453,-5.443224080387453
-5.435444620366479,-5.435444620366479
-5.427662091224678,-5.427662091224678
-5.419876534579556,-5.419876534579556
-5.412087991716052,-5.412087991716052
-5.404296503590025,-5.404296503590025
-5.396502110831688,-5.396502110831688
-5.388704853748987,-5.388704853748987
-5.380904772330944,-5.380904772330944
-5.373101906250936,-5.373101906250936
-5.365296294869944,-5.365296294869944
-5.3574879772397495,-5.3574879772397495
-5.349676992106078,-5.349676992106078
-5.341863377911719,-5.341863377911719
-5.33404717279958,-5.33404717279958
-5.326228414615716,-5.326228414615716
-5.318407140912306,-5.318407140912306
-5.310583388950589,-5.310583388950589
-5.302757195703773,-5.302757195703773
-5.294928597859882,-5.294928597859882
-5.287097631824587,-5.287097631824587
-5.2792643337239795,-5.2792643337239795
-5.2714287394073205,-5.2714287394073205
-5.263590884449747,-5.263590884449747
-5.255750804154942,-5.255750804154942
-5.2479085335577675,-5.2479085335577675
-5.240064107426869,-5.240064107426869
-5.2322175602672365,-5.2322175602672365
-5.224368926322737,-5.224368926322737
-5.21651823957861,-5.21651823957861
-5.208665533763937,-5.208665533763937
-5.200810842354065,-5.200810842354065
-5.192954198573017,-5.192954198573017
-5.185095635395851,-5.185095635395851
-5.177235185551003,-5.177235185551003
-5.169372881522596,-5.169372881522596
-5.161508755552712,-5.161508755552712
-5.153642839643646,-5.153642839643646
-5.145775165560118,-5.145775165560118
-5.137905764831472,-5.137905764831472
-5.130034668753833,-5.130034668753833
-5.122161908392243,-5.122161908392243
-5.114287514582771,-5.114287514582771
-5.106411517934592,-5.106411517934592
-5.09853394883204,-5.09853394883204
-5.090654837436643,-5.090654837436643
-5.08277421368912,-5.08277421368912
-5.074892107311363,-5.074892107311363
-5.067008547808388,-5.067008547808388
-5.059123564470269,-5.059123564470269
-5.051237186374037,-5.051237186374037
-5.043349442385561,-5.043349442385561
-5.035460361161418,-5.035460361161418
-5.027569971150714,-5.027569971150714
-5.019678300596907,-5.019678300596907
-5.011785377539592,-5.011785377539592
-5.00389122981627,-5.00389122981627
-4.9959958850641035,-4.9959958850641035
-4.98809937072163,-4.98809937072163
-4.980201714030477,-4.980201714030477
-4.972302942037042,-4.972302942037042
-4.964403081594159,-4.964403081594159
-4.956502159362739,-4.956502159362739
-4.948600201813404,-4.948600201813404
-4.940697235228077,-4.940697235228077
-4.932793285701586,-4.932793285701586
-4.9248883791432165,-4.9248883791432165
-4.916982541278268,-4.916982541278268
-4.909075797649583,-4.909075797649583
-4.901168173619059,-4.901168173619059
-4.893259694369141,-4.893259694369141
-4.885350384904305,-4.885350384904305
-4.877440270052511,-4.877440270052511
-4.869529374466648,-4.869529374466648
-4.861617722625964,-4.861617722625964
-4.853705338837469,-4.853705338837469
-4.845792247237334,-4.845792247237334
-4.8378784717922665,-4.8378784717922665
-4.829964036300868,-4.829964036300868
-4.8220489643949875,-4.8220489643949875
-4.814133279541042,-4.814133279541042
-4.806217005041344,-4.806217005041344
-4.798300164035391,-4.798300164035391
-4.790382779501154,-4.790382779501154
-4.782464874256352,-4.782464874256352
-4.774546470959704,-4.774546470959704
-4.766627592112174,-4.766627592112174
-4.7587082600581985,-4.7587082600581985
-4.750788496986901,-4.750788496986901
-4.742868324933296,-4.742868324933296
-4.734947765779471,-4.734947765779471
-4.727026841255762,-4.727026841255762
-4.719105572941925,-4.719105572941925
-4.711183982268268,-4.711183982268268
-4.7032620905168,-4.7032620905168
-4.6953399188223495,-4.6953399188223495
-4.687417488173675,-4.687417488173675
-4.679494819414564,-4.679494819414564
-4.671571933244922,-4.671571933244922
-4.663648850221844,-4.663648850221844
-4.655725590760682,-4.655725590760682
-4.647802175136091,-4.647802175136091
-4.639878623483075,-4.639878623483075
-4.6319549557980135,-4.6319549557980135
-4.624031191939678,-4.624031191939678
-4.616107351630242,-4.616107351630242
-4.608183454456273,-4.608183454456273
-4.600259519869725,-4.600259519869725
-4.592335567188907,-4.592335567188907
-4.584411615599446,-4.584411615599446
-4.576487684155252,-4.576487684155252
-4.568563791779448,-4.568563791779448
-4.560639957265317,-4.560639957265317
-4.552716199277218,-4.552716199277218
-4.544792536351502,-4.544792536351502
-4.536868986897419,-4.536868986897419
-4.528945569198013,-4.528945569198013
-4.5210223014110085,-4.5210223014110085
-4.513099201569684,-4.513099201569684
-4.505176287583741,-4.505176287583741
-4.497253577240167,-4.497253577240167
-4.48933108820408,-4.48933108820408
-4.481408838019569,-4.481408838019569
-4.473486844110531,-4.473486844110531
-4.465565123781491,-4.465565123781491
-4.457643694218416,-4.457643694218416
-4.449722572489526,-4.449722572489526
-4.441801775546091,-4.441801775546091
-4.433881320223214,-4.433881320223214
-4.425961223240625,-4.425961223240625
-4.41804150120345,-4.41804150120345
-4.410122170602973,-4.410122170602973
-4.402203247817404,-4.402203247817404
-4.394284749112619,-4.394284749112619
-4.386366690642912,-4.386366690642912
-4.378449088451727,-4.378449088451727
-4.3705319584723865,-4.3705319584723865
-4.362615316528813,-4.362615316528813
-4.3546991783362445,-4.3546991783362445
-4.346783559501935,-4.346783559501935
-4.338868475525863,-4.338868475525863
-4.330953941801417,-4.330953941801417
-4.323039973616086,-4.323039973616086
-4.315126586152135,-4.315126586152135
-4.307213794487278,-4.307213794487278
-4.299301613595345,-4.299301613595345
-4.291390058346939,-4.291390058346939
-4.283479143510091,-4.283479143510091
-4.275568883750902,-4.275568883750902
-4.2676592936341855,-4.2676592936341855
-4.259750387624102,-4.259750387624102
-4.251842180084783,-4.251842180084783
-4.243934685280956,-4.243934685280956
-4.2360279173785536,-4.2360279173785536
-4.228121890445328,-4.228121890445328
-4.220216618451452,-4.220216618451452
-4.212312115270117,-4.212312115270117
-4.20440839467812,-4.20440839467812
-4.196505470356459,-4.196505470356459
-4.188603355890901,-4.188603355890901
-4.180702064772568,-4.180702064772568
-4.172801610398496,-4.172801610398496
-4.164902006072204,-4.164902006072204
-4.1570032650042545,-4.1570032650042545
-4.149105400312797,-4.149105400312797
-4.141208425024124,-4.141208425024124
-4.13331235207321,-4.13331235207321
-4.125417194304249,-4.125417194304249
-4.117522964471185,-4.117522964471185
-4.109629675238241,-4.109629675238241
-4.101737339180441,-4.101737339180441
-4.09384596878412,-4.09384596878412
-4.08595557644745,-4.08595557644745
-4.078066174480932,-4.078066174480932
-4.07017777510791,-4.07017777510791
-4.06229039046506,-4.06229039046506
-4.054404032602889,-4.054404032602889
-4.046518713486221,-4.046518713486221
-4.038634444994679,-4.038634444994679
-4.030751238923171,-4.030751238923171
-4.022869106982355,-4.022869106982355
-4.014988060799116,-4.014988060799116
-4.007108111917031,-4.007108111917031
-3.9992292717968287,-3.9992292717968287
-3.991351551816848,-3.991351551816848
-3.9834749632734905,-3.9834749632734905
-3.9755995173816716,-3.9755995173816716
-3.967725225275261,-3.967725225275261
-3.9598520980075254,-3.9598520980075254
-3.9519801465515667,-3.9519801465515667
-3.9441093818007547,-3.9441093818007547
-3.9362398145691477,-3.9362398145691477
-3.92837145559193,-3.92837145559193
-3.9205043155258217,-3.9205043155258217
-3.912638404949499,-3.912638404949499
-3.9047737343640105,-3.9047737343640105
-3.8969103141931822,-3.8969103141931822
-3.889048154784022,-3.889048154784022
-3.8811872664071263,-3.8811872664071263
-3.8733276592570736,-3.8733276592570736
-3.865469343452821,-3.865469343452821
-3.8576123290380964,-3.8576123290380964
-3.849756625981781,-3.849756625981781
-3.841902244178298,-3.841902244178298
-3.8340491934479894,-3.8340491934479894
-3.826197483537495,-3.826197483537495
-3.8183471241201272,-3.8183471241201272
-3.8104981247962346,-3.8104981247962346
-3.8026504950935753,-3.8026504950935753
-3.7948042444676777,-3.7948042444676777
-3.7869593823022005,-3.7869593823022005
-3.77911591790929,-3.77911591790929
-3.7712738605299307,-3.7712738605299307
-3.763433219334303,-3.763433219334303
-3.755594003422123,-3.755594003422123
-3.7477562218229896,-3.7477562218229896
-3.7399198834967264,-3.7399198834967264
-3.732084997333716,-3.732084997333716
-3.724251572155243,-3.724251572155243
-3.7164196167138153,-3.7164196167138153
-3.7085891396934993,-3.7085891396934993
-3.700760149710248,-3.700760149710248
-3.6929326553122186,-3.6929326553122186
-3.685106664980095,-3.685106664980095
-3.677282187127407,-3.677282187127407
-3.6694592301008413,-3.6694592301008413
-3.6616378021805582,-3.6616378021805582
-3.6538179115804943,-3.6538179115804943
-3.6459995664486744,-3.6459995664486744
-3.6381827748675093,-3.6381827748675093
-3.630367544854104,-3.630367544854104
-3.6225538843605496,-3.6225538843605496
-3.6147418012742194,-3.6147418012742194
-3.6069313034180643,-3.6069313034180643
-3.599122398550903,-3.599122398550903
-3.5913150943677072,-3.5913150943677072
-3.5835093984998876,-3.5835093984998876
-3.5757053185155776,-3.5757053185155776
-3.5679028619199125,-3.5679028619199125
-3.5601020361553077,-3.5601020361553077
-3.552302848601732,-3.552302848601732
-3.5445053065769825,-3.5445053065769825
-3.536709417336954,-3.536709417336954
-3.528915188075907,-3.528915188075907
-3.5211226259267328,-3.5211226259267328
-3.5133317379612174,-3.5133317379612174
-3.505542531190303,-3.505542531190303
-3.4977550125643417,-3.4977550125643417
-3.489969188973361,-3.489969188973361
-3.4821850672473067,-3.4821850672473067
-3.4744026541563056,-3.4744026541563056
-3.466621956410905,-3.466621956410905
-3.4588429806623293,-3.4588429806623293
-3.4510657335027166,-3.4510657335027166
-3.443290221465369,-3.443290221465369
-3.435516451024987,-3.435516451024987
-3.427744428597912,-3.427744428597912
-3.419974160542365,-3.419974160542365
-3.412205653158675,-3.412205653158675
-3.404438912689516,-3.404438912689516
-3.396673945320136,-3.396673945320136
-3.3889107571785853,-3.3889107571785853
-3.3811493543359425,-3.3811493543359425
-3.373389742806541,-3.373389742806541
-3.365631928548187,-3.365631928548187
-3.3578759174623833,-3.3578759174623833
-3.3501217153945504,-3.3501217153945504
-3.3423693281342337,-3.3423693281342337
-3.334618761415327,-3.334618761415327
-3.326870020916283,-3.326870020916283
-3.31912311226032,-3.31912311226032
-3.311378041015636,-3.311378041015636
-3.303634812695614,-3.303634812695614
-3.2958934327590272,-3.2958934327590272
-3.28815390661024,-3.28815390661024
-3.2804162395994125,-3.2804162395994125
-3.272680437022701,-3.272680437022701
-3.264946504122454,-3.264946504122454
-3.257214446087408,-3.257214446087408
-3.249484268052885,-3.249484268052885
-3.2417559751009803,-3.2417559751009803
-3.2340295722607615,-3.2340295722607615
-3.226305064508448,-3.226305064508448
-3.218582456767606,-3.218582456767606
-3.210861753909334,-3.210861753909334
-3.2031429607524426,-3.2031429607524426
-3.1954260820636406,-3.1954260820636406
-3.1877111225577175,-3.1877111225577175
-3.179998086897717,-3.179998086897717
-3.1722869796951225,-3.1722869796951225
-3.164577805510028,-3.164577805510028
-3.1568705688513146,-3.1568705688513146
-3.1491652741768212,-3.1491652741768212
-3.141461925893522,-3.141461925893522
-3.1337605283576897,-3.1337605283576897
-3.1260610858750675,-3.1260610858750675
-3.118363602701035,-3.118363602701035
-3.1106680830407734,-3.1106680830407734
-3.1029745310494303,-3.1029745310494303
-3.095282950832284,-3.095282950832284
-3.087593346444898,-3.087593346444898
-3.079905721893287,-3.079905721893287
-3.0722200811340716,-3.0722200811340716
-3.064536428074636,-3.064536428074636
-3.056854766573284,-3.056854766573284
-3.0491751004393888,-3.0491751004393888
-3.041497433433551,-3.041497433433551
-3.0338217692677447,-3.0338217692677447
-3.026148111605468,-3.026148111605468
-3.0184764640618966,-3.0184764640618966
-3.01080683020402,-3.01080683020402
-3.003139213550797,-3.003139213550797
-2.995473617573293,-2.995473617573293
-2.9878100456948293,-2.9878100456948293
-2.980148501291116,-2.980148501291116
-2.9724889876903995,-2.9724889876903995
-2.964831508173595,-2.964831508173595
-2.957176065974434,-2.957176065974434
-2.949522664279587,-2.949522664279587
-2.9418713062288084,-2.9418713062288084
-2.9342219949150654,-2.9342219949150654
-2.9265747333846757,-2.9265747333846757
-2.9189295246374303,-2.9189295246374303
-2.91128637162673,-2.91128637162673
-2.9036452772597094,-2.9036452772597094
-2.896006244397373,-2.896006244397373
-2.8883692758547084,-2.8883692758547084
-2.8807343744008214,-2.8807343744008214
-2.8731015427590556,-2.8731015427590556
-2.8654707836071154,-2.8654707836071154
-2.85784209957719,-2.85784209957719
-2.850215493256069,-2.850215493256069
-2.842590967185263,-2.842590967185263
-2.8349685238611246,-2.8349685238611246
-2.8273481657349633,-2.8273481657349633
-2.819729895213158,-2.819729895213158
-2.812113714657276,-2.812113714657276
-2.8044996263841835,-2.8044996263841835
-2.7968876326661585,-2.7968876326661585
-2.7892777357310043,-2.7892777357310043
-2.781669937762154,-2.781669937762154
-2.7740642408987846,-2.7740642408987846
-2.7664606472359208,-2.7664606472359208
-2.7588591588245484,-2.7588591588245484
-2.7512597776717085,-2.7512597776717085
-2.743662505740614,-2.743662505740614
-2.7360673449507456,-2.7360673449507456
-2.7284742971779568,-2.7284742971779568
-2.7208833642545756,-2.7208833642545756
-2.713294547969502,-2.713294547969502
-2.705707850068312,-2.705707850068312
-2.6981232722533526,-2.6981232722533526
-2.6905408161838396,-2.6905408161838396
-2.6829604834759517,-2.6829604834759517
-2.675382275702931,-2.675382275702931
-2.6678061943951747,-2.6678061943951747
-2.6602322410403247,-2.6602322410403247
-2.6526604170833634,-2.6526604170833634
-2.6450907239267067,-2.6450907239267067
-2.637523162930291,-2.637523162930291
-2.629957735411661,-2.629957735411661
-2.622394442646064,-2.622394442646064
-2.614833285866531,-2.614833285866531
-2.607274266263967,-2.607274266263967
-2.599717384987235,-2.599717384987235
-2.592162643143239,-2.592162643143239
-2.5846100417970113,-2.5846100417970113
-2.5770595819717923,-2.5770595819717923
-2.5695112646491314,-2.5695112646491314
-2.561965090768872,-2.561965090768872
-2.554421061229425,-2.554421061229425
-2.546879176887653,-2.546879176887653
-2.5393394385590478,-2.5393394385590478
-2.5318018470178028,-2.5318018470178028
-2.5242664029967954,-2.5242664029967954
-2.516733107187879,-2.516733107187879
-2.5092019602416773,-2.5092019602416773
-2.501672962767857,-2.501672962767857
-2.4941461153352065,-2.4941461153352065
-2.486621418471518,-2.486621418471518
-2.4790988726638656,-2.4790988726638656
-2.4715784783585737,-2.4715784783585737
-2.464060235961305,-2.464060235961305
-2.456544145837131,-2.456544145837131
-2.449030208310596,-2.449030208310596
-2.4415184236657868,-2.4415184236657868
-2.4340087921463973,-2.4340087921463973
-2.4265013139557947,-2.4265013139557947
-2.418995989257081,-2.418995989257081
-2.4114928181731585,-2.4114928181731585
-2.4039918007867915,-2.4039918007867915
-2.39649293714067,-2.39649293714067
-2.3889962272374654,-2.3889962272374654
-2.3815016710398966,-2.3815016710398966
-2.3740092684707843,-2.3740092684707843
-2.3665190194131123,-2.3665190194131123
-2.359030923710085,-2.359030923710085
-2.351544981165183,-2.351544981165183
-2.3440611915422194,-2.3440611915422194
-2.336579554565396,-2.336579554565396
-2.3291000699193574,-2.3291000699193574
-2.3216227372492413,-2.3216227372492413
-2.314147556160739,-2.314147556160739
-2.3066745262201396,-2.3066745262201396
-2.299203646954387,-2.299203646954387
-2.2917349178511253,-2.2917349178511253
-2.284268338358755,-2.284268338358755
-2.2768039078864755,-2.2768039078864755
-2.2693416258043384,-2.2693416258043384
-2.261881491443293,-2.261881491443293
-2.2544235040952327,-2.2544235040952327
-2.2469676630130406,-2.2469676630130406
-2.2395139674106384,-2.2395139674106384
-2.232062416463026,-2.232062416463026
-2.224613009306331,-2.224613009306331
-2.217165745037843,-2.217165745037843
-2.209720622716067,-2.209720622716067
-2.2022776413607574,-2.2022776413607574
-2.1948367999529603,-2.1948367999529603
-2.187398097435056,-2.187398097435056
-2.179961532710797,-2.179961532710797
-2.172527104645345,-2.172527104645345
-2.1650948120653135,-2.1650948120653135
-2.1576646537587996,-2.1576646537587996
-2.150236628475426,-2.150236628475426
-2.142810734926372,-2.142810734926372
-2.1353869717844143,-2.1353869717844143
-2.1279653376839547,-2.1279653376839547
-2.12054583122106,-2.12054583122106
-2.1131284509534924,-2.1131284509534924
-2.1057131954007424,-2.1057131954007424
-2.09830006304406,-2.09830006304406
-2.0908890523264865,-2.0908890523264865
-2.0834801616528855,-2.0834801616528855
-2.076073389389971,-2.076073389389971
-2.068668733866338,-2.068668733866338
-2.0612661933724907,-2.0612661933724907
-2.0538657661608672,-2.0538657661608672
-2.0464674504458724,-2.0464674504458724
-2.0390712444038974,-2.0390712444038974
-2.0316771461733536,-2.0316771461733536
-2.0242851538546884,-2.0242851538546884
-2.0168952655104166,-2.0168952655104166
-2.0095074791651393,-2.0095074791651393
-2.0021217928055743,-2.0021217928055743
-1.9947382043805666,-1.9947382043805666
-1.9873567118011233,-1.9873567118011233
-1.9799773129404241,-1.9799773129404241
-1.972600005633849,-1.972600005633849
-1.9652247876789923,-1.9652247876789923
-1.9578516568356878,-1.9578516568356878
-1.9504806108260218,-1.9504806108260218
-1.9431116473343553,-1.9431116473343553
-1.935744764007336,-1.935744764007336
-1.9283799584539225,-1.9283799584539225
-1.9210172282453926,-1.9210172282453926
-1.9136565709153635,-1.9136565709153635
-1.9062979839598044,-1.9062979839598044
-1.8989414648370497,-1.8989414648370497
-1.8915870109678166,-1.8915870109678166
-1.8842346197352133,-1.8842346197352133
-1.8768842884847543,-1.8768842884847543
-1.8695360145243685,-1.8695360145243685
-1.8621897951244133,-1.8621897951244133
-1.8548456275176854,-1.8548456275176854
-1.8475035088994274,-1.8475035088994274
-1.840163436427338,-1.840163436427338
-1.8328254072215822,-1.8328254072215822
-1.8254894183647965,-1.8254894183647965
-1.8181554669020992,-1.8181554669020992
-1.8108235498410938,-1.8108235498410938
-1.8034936641518762,-1.8034936641518762
-1.796165806767043,-1.796165806767043
-1.78883997458169,-1.78883997458169
-1.7815161644534219,-1.7815161644534219
-1.7741943732023553,-1.7741943732023553
-1.7668745976111182,-1.7668745976111182
-1.7595568344248556,-1.7595568344248556
-1.7522410803512287,-1.7522410803512287
-1.7449273320604204,-1.7449273320604204
-1.7376155861851315,-1.7376155861851315
-1.7303058393205808,-1.7303058393205808
-1.7229980880245086,-1.7229980880245086
-1.7156923288171695,-1.7156923288171695
-1.7083885581813376,-1.7083885581813376
-1.701086772562298,-1.701086772562298
-1.6937869683678448,-1.6937869683678448
-1.686489141968281,-1.686489141968281
-1.679193289696413,-1.679193289696413
-1.6718994078475415,-1.6718994078475415
-1.664607492679461,-1.664607492679461
-1.6573175404124536,-1.6573175404124536
-1.6500295472292803,-1.6500295472292803
-1.6427435092751739,-1.6427435092751739
-1.635459422657831,-1.635459422657831
-1.628177283447409,-1.628177283447409
-1.6208970876765105,-1.6208970876765105
-1.6136188313401751,-1.6136188313401751
-1.606342510395871,-1.606342510395871
-1.5990681207634851,-1.5990681207634851
-1.5917956583253106,-1.5917956583253106
-1.5845251189260339,-1.5845251189260339
-1.577256498372723,-1.577256498372723
-1.5699897924348172,-1.5699897924348172
-1.5627249968441097,-1.5627249968441097
-1.5554621072947346,-1.5554621072947346
-1.5482011194431533,-1.5482011194431533
-1.5409420289081386,-1.5409420289081386
-1.5336848312707587,-1.5336848312707587
-1.5264295220743616,-1.5264295220743616
-1.5191760968245542,-1.5191760968245542
-1.5119245509891914,-1.5119245509891914
-1.504674879998353,-1.504674879998353
-1.4974270792443256,-1.4974270792443256
-1.4901811440815842,-1.4901811440815842
-1.482937069826772,-1.482937069826772
-1.4756948517586812,-1.4756948517586812
-1.468454485118228,-1.468454485118228
-1.4612159651084358,-1.4612159651084358
-1.45397928689441,-1.45397928689441
-1.446744445603317,-1.446744445603317
-1.439511436324358,-1.439511436324358
-1.4322802541087476,-1.4322802541087476
-1.42505089396969,-1.42505089396969
-1.4178233508823521,-1.4178233508823521
-1.4105976197838372,-1.4105976197838372
-1.4033736955731595,-1.4033736955731595
-1.3961515731112208,-1.3961515731112208
-1.3889312472207773,-1.3889312472207773
-1.3817127126864157,-1.3817127126864157
-1.3744959642545211,-1.3744959642545211
-1.3672809966332538,-1.3672809966332538
-1.3600678044925143,-1.3600678044925143
-1.3528563824639146,-1.3528563824639146
-1.3456467251407471,-1.3456467251407471
-1.3384388270779561,-1.3384388270779561
-1.3312326827921002,-1.3312326827921002
-1.3240282867613267,-1.3240282867613267
-1.3168256334253305,-1.3168256334253305
-1.3096247171853306,-1.3096247171853306
-1.3024255324040237,-1.3024255324040237
-1.2952280734055621,-1.2952280734055621
-1.2880323344755051,-1.2880323344755051
-1.280838309860797,-1.280838309860797
-1.2736459937697167,-1.2736459937697167
-1.266455380371854,-1.266455380371854
-1.2592664637980582,-1.2592664637980582
-1.2520792381404133,-1.2520792381404133
-1.2448936974521885,-1.2448936974521885
-1.2377098357478051,-1.2377098357478051
-1.2305276470027924,-1.2305276470027924
-1.2233471251537515,-1.2233471251537515
-1.2161682640983096,-1.2161682640983096
-1.2089910576950829,-1.2089910576950829
-1.201815499763628,-1.201815499763628
-1.1946415840844067,-1.1946415840844067
-1.1874693043987354,-1.1874693043987354
-1.180298654408748,-1.180298654408748
-1.1731296277773429,-1.1731296277773429
-1.1659622181281466,-1.1659622181281466
-1.15879641904546,-1.15879641904546
-1.1516322240742196,-1.1516322240742196
-1.1444696267199426,-1.1444696267199426
-1.1373086204486877,-1.1373086204486877
-1.1301491986869978,-1.1301491986869978
-1.1229913548218606,-1.1229913548218606
-1.1158350822006524,-1.1158350822006524
-1.1086803741310898,-1.1086803741310898
-1.1015272238811822,-1.1015272238811822
-1.0943756246791783,-1.0943756246791783
-1.087225569713513,-1.087225569713513
-1.0800770521327574,-1.0800770521327574
-1.0729300650455666,-1.0729300650455666
-1.0657846015206243,-1.0657846015206243
-1.0586406545865892,-1.0586406545865892
-1.0514982172320404,-1.0514982172320404
-1.0443572824054224,-1.0443572824054224
-1.0372178430149916,-1.0372178430149916
-1.0300798919287546,-1.0300798919287546
-1.0229434219744151,-1.0229434219744151
-1.0158084259393165,-1.0158084259393165
-1.008674896570382,-1.008674896570382
-1.001542826574055,-1.001542826574055
-0.9944122086162424,-0.9944122086162424
-0.9872830353222535,-0.9872830353222535
-0.9801552992767385,-0.9801552992767385
-0.9730289930236281,-0.9730289930236281
-0.96590410906607,-0.96590410906607
-0.9587806398663706,-0.9587806398663706
-0.9516585778459276,-0.9516585778459276
-0.9445379153851674,-0.9445379153851674
-0.9374186448234825,-0.9374186448234825
-0.9303007584591642,-0.9303007584591642
-0.9231842485493413,-0.9231842485493413
-0.9160691073099083,-0.9160691073099083
-0.9089553269154607,-0.9089553269154607
-0.9018428994992315,-0.9018428994992315
-0.894731817153019,-0.894731817153019
-0.8876220719271177,-0.8876220719271177
-0.8805136558302521,-0.8805136558302521
-0.8734065608295052,-0.8734065608295052
-0.8663007788502495,-0.8663007788502495
-0.8591963017760725,-0.8591963017760725
-0.8520931214487081,-0.8520931214487081
-0.8449912296679638,-0.8449912296679638
-0.8378906181916481,-0.8378906181916481
-0.8307912787354941,-0.8307912787354941
-0.823693202973087,-0.823693202973087
-0.8165963825357915,-0.8165963825357915
-0.8095008090126741,-0.8095008090126741
-0.802406473950425,-0.802406473950425
-0.7953133688532846,-0.7953133688532846
-0.7882214851829644,-0.7882214851829644
-0.7811308143585711,-0.7811308143585711
-0.774041347756523,-0.774041347756523
-0.7669530767104753,-0.7669530767104753
-0.759865992511239,-0.759865992511239
-0.7527800864066992,-0.7527800864066992
-0.7456953496017342,-0.7456953496017342
-0.738611773258133,-0.738611773258133
-0.7315293484945133,-0.7315293484945133
-0.7244480663862402,-0.7244480663862402
-0.7173679179653374,-0.7173679179653374
-0.7102888942204052,-0.7102888942204052
-0.7032109860965381,-0.7032109860965381
-0.696134184495234,-0.696134184495234
-0.6890584802743097,-0.6890584802743097
-0.6819838642478134,-0.6819838642478134
-0.6749103271859376,-0.6749103271859376
-0.6678378598149298,-0.6678378598149298
-0.6607664528170021,-0.6607664528170021
-0.6536960968302421,-0.6536960968302421
-0.6466267824485231,-0.6466267824485231
-0.6395585002214126,-0.6395585002214126
-0.6324912406540778,-0.6324912406540778
-0.6254249942071944,-0.6254249942071944
-0.6183597512968547,-0.6183597512968547
-0.6112955022944728,-0.6112955022944728
-0.604232237526688,-0.604232237526688
-0.5971699472752686,-0.5971699472752686
-0.5901086217770205,-0.5901086217770205
-0.5830482512236868,-0.5830482512236868
-0.5759888257618498,-0.5759888257618498
-0.5689303354928319,-0.5689303354928319
-0.561872770472602,-0.561872770472602
-0.5548161207116694,-0.5548161207116694
-0.5477603761749862,-0.5477603761749862
-0.5407055267818456,-0.5407055267818456
-0.5336515624057808,-0.5336515624057808
-0.5265984728744627,-0.5265984728744627
-0.5195462479695937,-0.5195462479695937
-0.5124948774268054,-0.5124948774268054
-0.5054443509355562,-0.5054443509355562
-0.49839465813902273,-0.49839465813902273
-0.49134578863399325,-0.49134578863399325
-0.4842977319707625,-0.4842977319707625
-0.47725047765302325,-0.47725047765302325
-0.47020401513775856,-0.47020401513775856
-0.46315833383513116,-0.46315833383513116
-0.4561134231083733,-0.4561134231083733
-0.44906927227367804,-0.44906927227367804
-0.44202587060008713,-0.44202587060008713
-0.43498320730937684,-0.43498320730937684
-0.4279412715759456,-0.4279412715759456
-0.42090005252670337,-0.42090005252670337
-0.413859539240954,-0.413859539240954
-0.4068197207502799,-0.4068197207502799
-0.3997805860384254,-0.3997805860384254
-0.39274212404118497,-0.39274212404118497
-0.3857043236462792,-0.3857043236462792
-0.37866717369323927,-0.37866717369323927
-0.37163066297328695,-0.37163066297328695
-0.3645947802292185,-0.3645947802292185
-0.3575595141552755,-0.3575595141552755
-0.3505248533970336,-0.3505248533970336
-0.3434907865512702,-0.3434907865512702
-0.33645730216585107,-0.33645730216585107
-0.32942438873959545,-0.32942438873959545
-0.3223920347221638,-0.3223920347221638
-0.31536022851392015,-0.31536022851392015
-0.3083289584658131,-0.3083289584658131
-0.30129821287924785,-0.30129821287924785
-0.2942679800059568,-0.2942679800059568
-0.28723824804786924,-0.28723824804786924
-0.2802090051569834,-0.2802090051569834
-0.27318023943523806,-0.27318023943523806
-0.26615193893437805,-0.26615193893437805
-0.2591240916558222,-0.2591240916558222
-0.2520966855505306,-0.2520966855505306
-0.24506970851887325,-0.24506970851887325
-0.23804314841049323,-0.23804314841049323
-0.23101699302416903,-0.23101699302416903
-0.2239912301076814,-0.2239912301076814
-0.2169658473576758,-0.2169658473576758
-0.20994083241952374,-0.20994083241952374
-0.20291617288718147,-0.20291617288718147
-0.19589185630305178,-0.19589185630305178
-0.18886787015784612,-0.18886787015784612
-0.18184420189043898,-0.18184420189043898
-0.17482083888772598,-0.17482083888772598
-0.1677977684844807,-0.1677977684844807
-0.16077497796321216,-0.16077497796321216
-0.153752454554018,-0.153752454554018
-0.1467301854344381,-0.1467301854344381
-0.1397081577293065,-0.1397081577293065
-0.13268635851060692,-0.13268635851060692
-0.1256647747973224,-0.1256647747973224
-0.11864339355528314,-0.11864339355528314
-0.11162220169701745,-0.11162220169701745
-0.10460118608160236,-0.10460118608160236
-0.09758033351450889,-0.09758033351450889
-0.09055963074744681,-0.09055963074744681
-0.08353906447821326,-0.08353906447821326
-0.07651862135053661,-0.07651862135053661
-0.06949828795391992,-0.06949828795391992
-0.06247805082348285,-0.06247805082348285
-0.05545789643980358,-0.05545789643980358
-0.048437811228761854,-0.048437811228761854
-0.041417781561376085,-0.041417781561376085
-0.0343977937536435,-0.0343977937536435
-0.02737783406637659,-0.02737783406637659
-0.020357888705043247,-0.020357888705043247
-0.01333794381959971,-0.01333794381959971
-0.0063179855043259455,-0.0063179855043259455
0.0007020002023404312,0.0007020002023404312
0.007722027317968648,0.007722027317968648
0.014742109916305746,0.014742109916305746
0.021762262127448195,0.021762262127448195
0.028782498138001603,0.028782498138001603
0.03580283219126676,0.03580283219126676
0.04282327858739736,0.04282327858739736
0.049843851683586224,0.049843851683586224
0.056864565894225685,0.056864565894225685
0.06388543569109857,0.06388543569109857
0.07090647560353704,0.07090647560353704
0.07792770021861756,0.07792770021861756
0.08494912418132433,0.08494912418132433
0.09197076219474107,0.09197076219474107
0.09899262902021963,0.09899262902021963
0.1060147394775731,0.1060147394775731
0.113037108445252,0.113037108445252
0.12005975086052596,0.12005975086052596
0.12708268171967743,0.12708268171967743
0.13410591607817593,0.13410591607817593
0.14112946905087792,0.14112946905087792
0.14815335581220296,0.14815335581220296
0.15517759159633293,0.15517759159633293
0.16220219169739397,0.16220219169739397
0.16922717146965693,0.16922717146965693
0.1762525463277203,0.1762525463277203
0.1832783317467136,0.1832783317467136
0.1903045432624835,0.1903045432624835
0.19733119647180003,0.19733119647180003
0.20435830703254051,0.20435830703254051
0.21138589066390293,0.21138589066390293
0.2184139631465927,0.2184139631465927
0.22544254032303504,0.22544254032303504
0.23247163809756247,0.23247163809756247
0.23950127243663558,0.23950127243663558
0.2465314593690319,0.2465314593690319
0.2535622149860612,0.2535622149860612
0.26059355544176543,0.26059355544176543
0.2676254969531363,0.2676254969531363
0.274658055800311,0.274658055800311
0.28169124832679643,0.28169124832679643
0.28872509093966925,0.28872509093966925
0.29575960010979885,0.29575960010979885
0.3027947923720529,0.3027947923720529
0.30983068432551986,0.30983068432551986
0.3168672926337189,0.3168672926337189
0.323904634024825,0.323904634024825
0.3309427252918807,0.3309427252918807
0.33798158329302597,0.33798158329302597
0.3450212249517074,0.3450212249517074
0.35206166725691596,0.35206166725691596
0.35910292726339743,0.35910292726339743
0.3661450220918906,0.3661450220918906
0.3731879689293423,0.3731879689293423
0.38023178502914895,0.38023178502914895
0.38727648771137096,0.38727648771137096
0.3943220943629803,0.3943220943629803
0.4013686224380779,0.4013686224380779
0.40841608945814034,0.40841608945814034
0.4154645130122418,0.4154645130122418
0.4225139107573054,0.4225139107573054
0.42956430041832716,0.42956430041832716
0.43661569978862597,0.43661569978862597
0.44366812673007583,0.44366812673007583
0.4507215991733564,0.4507215991733564
0.457776135118187,0.457776135118187
0.46483175263358206,0.46483175263358206
0.47188846985808736,0.47188846985808736
0.4789463050000373,0.4789463050000373
0.4860052763377937,0.4860052763377937
0.49306540222000955,0.49306540222000955
0.5001267010658661,0.5001267010658661
0.5071891913653408,0.5071891913653408
0.5142528916794515,0.5142528916794515
0.5213178206405232,0.5213178206405232
0.5283839969524328,0.5283839969524328
0.5354514393908841,0.5354514393908841
0.5425201668036564,0.5425201668036564
0.5495901981108774,0.5495901981108774
0.5566615523052751,0.5566615523052751
0.5637342484524598,0.5637342484524598
0.5708083056911728,0.5708083056911728
0.5778837432335743,0.5778837432335743
0.5849605803654969,0.5849605803654969
0.5920388364467327,0.5920388364467327
0.5991185309112912,0.5991185309112912
0.6061996832676928,0.6061996832676928
0.613282313099226,0.613282313099226
0.6203664400642454,0.6203664400642454
0.627452083896434,0.627452083896434
0.6345392644050993,0.6345392644050993
0.6416280014754461,0.6416280014754461
0.6487183150688722,0.6487183150688722
0.6558102252232417,0.6558102252232417
0.6629037520531889,0.6629037520531889
0.6699989157503927,0.6699989157503927
0.6770957365838839,0.6770957365838839
0.6841942349003253,0.6841942349003253
0.6912944311243178,0.6912944311243178
0.6983963457586873,0.6983963457586873
0.705499999384794,0.705499999384794
0.712605412662824,0.712605412662824
0.7197126063320993,0.7197126063320993
0.726821601211372,0.726821601211372
0.7339324181991441,0.7339324181991441
0.7410450782739579,0.7410450782739579
0.7481596024947255,0.7481596024947255
0.7552760120010201,0.7552760120010201
0.7623943280134051,0.7623943280134051
0.7695145718337384,0.7695145718337384
0.7766367648454982,0.7766367648454982
0.7837609285140907,0.7837609285140907
0.7908870843871852,0.7908870843871852
0.7980152540950208,0.7980152540950208
0.8051454593507459,0.8051454593507459
0.8122777219507299,0.8122777219507299
0.8194120637749079,0.8194120637749079
0.8265485067870919,0.8265485067870919
0.8336870730353241,0.8336870730353241
0.8408277846521895,0.8408277846521895
0.8479706638551725,0.8479706638551725
0.8551157329469764,0.8551157329469764
0.8622630143158817,0.8622630143158817
0.8694125304360697,0.8694125304360697
0.8765643038679851,0.8765643038679851
0.8837183572586649,0.8837183572586649
0.8908747133421042,0.8908747133421042
0.8980333949395887,0.8980333949395887
0.9051944249600615,0.9051944249600615
0.9123578264004737,0.9123578264004737
0.9195236223461358,0.9195236223461358
0.9266918359710798,0.9266918359710798
0.9338624905384252,0.9338624905384252
0.9410356094007385,0.9410356094007385
0.9482112160003939,0.9482112160003939
0.9553893338699444,0.9553893338699444
0.9625699866324962,0.9625699866324962
0.969753198002077,0.969753198002077
0.9769389917840062,0.9769389917840062
0.9841273918752728,0.9841273918752728
0.9913184222649218,0.9913184222649218
0.9985121070344302,0.9985121070344302
1.005708470358083,1.005708470358083
1.0129075365033675,1.0129075365033675
1.0201093298313624,1.0201093298313624
1.0273138747971249,1.0273138747971249
1.034521195950078,1.034521195950078
1.041731317934412,1.041731317934412
1.0489442654894823,1.0489442654894823
1.056160063450209,1.056160063450209
1.063378736747472,1.063378736747472
1.0706003104085213,1.0706003104085213
1.0778248095573872,1.0778248095573872
1.0850522594152858,1.0850522594152858
1.0922826853010261,1.0922826853010261
1.0995161126314374,1.0995161126314374
1.1067525669217695,1.1067525669217695
1.113992073786131,1.113992073786131
1.1212346589378919,1.1212346589378919
1.1284803481901273,1.1284803481901273
1.1357291674560268,1.1357291674560268
1.1429811427493415,1.1429811427493415
1.1502363001847995,1.1502363001847995
1.1574946659785577,1.1574946659785577
1.1647562664486224,1.1647562664486224
1.1720211280153083,1.1720211280153083
1.1792892772016617,1.1792892772016617
1.1865607406339267,1.1865607406339267
1.1938355450419755,1.1938355450419755
1.2011137172597752,1.2011137172597752
1.2083952842258279,1.2083952842258279
1.2156802729836402,1.2156802729836402
1.2229687106821727,1.2229687106821727
1.2302606245763124,1.2302606245763124
1.2375560420273253,1.2375560420273253
1.2448549905033408,1.2448549905033408
1.2521574975798058,1.2521574975798058
1.2594635909399758,1.2594635909399758
1.2667732983753732,1.2667732983753732
1.2740866477862884,1.2740866477862884
1.2814036671822424,1.2814036671822424
1.2887243846824898,1.2887243846824898
1.2960488285164926,1.2960488285164926
1.3033770270244274,1.3033770270244274
1.3107090086576632,1.3107090086576632
1.3180448019792805,1.3180448019792805
1.3253844356645492,1.3253844356645492
1.3327279385014554,1.3327279385014554
1.3400753393911906,1.3400753393911906
1.3474266673486746,1.3474266673486746
1.3547819515030612,1.3547819515030612
1.362141221098264,1.362141221098264
1.3695045054934645,1.3695045054934645
1.3768718341636517,1.3768718341636517
1.3842432367001294,1.3842432367001294
1.391618742811069,1.391618742811069
1.39899838232202,1.39899838232202
1.4063821851764666,1.4063821851764666
1.4137701814363528,1.4137701814363528
1.421162401282639,1.421162401282639
1.4285588750158353,1.4285588750158353
1.4359596330565663,1.4359596330565663
1.4433647059461117,1.4433647059461117
1.4507741243469776,1.4507741243469776
1.458187919043442,1.458187919043442
1.465606120942137,1.465606120942137
1.4730287610725987,1.4730287610725987
1.4804558705878552,1.4804558705878552
1.48788748076499,1.48788748076499
1.495323623005731,1.495323623005731
1.5027643288370203,1.5027643288370203
1.5102096299116194,1.5102096299116194
1.517659558008679,1.517659558008679
1.5251141450343508,1.5251141450343508
1.53257342302237,1.53257342302237
1.5400374241346737,1.5400374241346737
1.5475061806619863,1.5475061806619863
1.5549797250244506,1.5549797250244506
1.5624580897722207,1.5624580897722207
1.5699413075860986,1.5699413075860986
1.5774294112781346,1.5774294112781346
1.5849224337922772,1.5849224337922772
1.5924204082049762,1.5924204082049762
1.5999233677258393,1.5999233677258393
1.607431345698251,1.607431345698251
1.6149443756000303,1.6149443756000303
1.6224624910440597,1.6224624910440597
1.629985725778955,1.629985725778955
1.6375141136896962,1.6375141136896962
1.6450476887983105,1.6450476887983105
1.6525864852645118,1.6525864852645118
1.660130537386389,1.660130537386389
1.6676798796010583,1.6676798796010583
1.6752345464853555,1.6752345464853555
1.682794572756501,1.682794572756501
1.6903599932728004,1.6903599932728004
1.6979308430343165,1.6979308430343165
1.7055071571835803,1.7055071571835803
1.7130889710062727,1.7130889710062727
1.720676319931943,1.720676319931943
1.7282692395347012,1.7282692395347012
1.7358677655339456,1.7358677655339456
1.7434719337950624,1.7434719337950624
1.7510817803301668,1.7510817803301668
1.7586973412988085,1.7586973412988085
1.7663186530087225,1.7663186530087225
1.7739457519165478,1.7739457519165478
1.7815786746285855,1.7815786746285855
1.7892174579015234,1.7892174579015234
1.7968621386432095,1.7968621386432095
1.8045127539133958,1.8045127539133958
1.8121693409244948,1.8121693409244948
1.8198319370423517,1.8198319370423517
1.8275005797870194,1.8275005797870194
1.8351753068335284,1.8351753068335284
1.8428561560126673,1.8428561560126673
1.8505431653117697,1.8505431653117697
1.858236372875513,1.858236372875513
1.865935817006713,1.865935817006713
1.8736415361671162,1.8736415361671162
1.8813535689782173,1.8813535689782173
1.8890719542220766,1.8890719542220766
1.8967967308421312,1.8967967308421312
1.9045279379440196,1.9045279379440196
1.9122656147964117,1.9122656147964117
1.9200098008318522,1.9200098008318522
1.9277605356475962,1.9277605356475962
1.9355178590064528,1.9355178590064528
1.943281810837639,1.943281810837639
1.9510524312376496,1.9510524312376496
1.9588297604711098,1.9588297604711098
1.966613838971646,1.966613838971646
1.974404707342764,1.974404707342764
1.982202406358737,1.982202406358737
1.9900069769654904,1.9900069769654904
1.997818460281493,1.997818460281493
2.0056368975986554,2.0056368975986554
2.0134623303832497,2.0134623303832497
2.0212948002768143,2.0212948002768143
2.0291343490970686,2.0291343490970686
2.0369810188388424,2.0369810188388424
2.0448348516750174,2.0448348516750174
2.052695889957455,2.052695889957455
2.0605641762179427,2.0605641762179427
2.0684397531691436,2.0684397531691436
2.0763226637055685,2.0763226637055685
2.0842129509045284,2.0842129509045284
2.092110658027106,2.092110658027106
2.1000158285191346,2.1000158285191346
2.1079285060121933,2.1079285060121933
2.115848734324592,2.115848734324592
2.123776557462367,2.123776557462367
2.1317120196202883,2.1317120196202883
2.1396551651828846,2.1396551651828846
2.1476060387254527,2.1476060387254527
2.1555646850150807,2.1555646850150807
2.163531149011699,2.163531149011699
2.171505475869105,2.171505475869105
2.179487710936028,2.179487710936028
2.1874778997571727,2.1874778997571727
2.1954760880742965,2.1954760880742965
2.2034823218272686,2.2034823218272686
2.2114966471551654,2.2114966471551654
2.219519110397338,2.219519110397338
2.227549758094529,2.227549758094529
2.235588636989956,2.235588636989956
2.2436357940304386,2.2436357940304386
2.251691276367502,2.251691276367502
2.2597551313585216,2.2597551313585216
2.2678274065678363,2.2678274065678363
2.2759081497679174,2.2759081497679174
2.283997408940492,2.283997408940492
2.2920952322777297,2.2920952322777297
2.3002016681833846,2.3002016681833846
2.3083167652739967,2.3083167652739967
2.3164405723800563,2.3164405723800563
2.3245731385472124,2.3245731385472124
2.3327145130374607,2.3327145130374607
2.3408647453303746,2.3408647453303746
2.3490238851243,2.3490238851243
2.3571919823376093,2.3571919823376093
2.3653690871099142,2.3653690871099142
2.373555249803339,2.373555249803339
2.3817505210037493,2.3817505210037493
2.389954951522041,2.389954951522041
2.3981685923953946,2.3981685923953946
2.4063914948885765,2.4063914948885765
2.4146237104952175,2.4146237104952175
2.4228652909391273,2.4228652909391273
2.431116288175596,2.431116288175596
2.439376754392728,2.439376754392728
2.447646742012759,2.447646742012759
2.4559263036934174,2.4559263036934174
2.4642154923292505,2.4642154923292505
2.472514361053016,2.472514361053016
2.4808229632370233,2.4808229632370233
2.4891413524945425,2.4891413524945425
2.4974695826811777,2.4974695826811777
2.5058077078962833,2.5058077078962833
2.514155782484362,2.514155782484362
2.52251386103651,2.52251386103651
2.5308819983918256,2.5308819983918256
2.539260249638883,2.539260249638883
2.5476486701171606,2.5476486701171606
2.5560473154185352,2.5560473154185352
2.564456241388734,2.564456241388734
2.5728755041288505,2.5728755041288505
2.581305159996822,2.581305159996822
2.5897452656089595,2.5897452656089595
2.598195877841458,2.598195877841458
2.6066570538319462,2.6066570538319462
2.6151288509810153,2.6151288509810153
2.623611326953802,2.623611326953802
2.6321045396815292,2.6321045396815292
2.6406085473631236,2.6406085473631236
2.6491234084667763,2.6491234084667763
2.657649181731579,2.657649181731579
2.6661859261691188,2.6661859261691188
2.674733701065137,2.674733701065137
2.683292565981151,2.683292565981151
2.691862580756122,2.691862580756122
2.700443805508116,2.700443805508116
2.709036300636009,2.709036300636009
2.7176401268211636,2.7176401268211636
2.726255345029141,2.726255345029141
2.7348820165114245,2.7348820165114245
2.743520202807166,2.743520202807166
2.7521699657449283,2.7521699657449283
2.76083136744444,2.76083136744444
2.769504470318384,2.769504470318384
2.7781893370741915,2.7781893370741915
2.786886030715841,2.786886030715841
2.7955946145456756,2.7955946145456756
2.804315152166238,2.804315152166238
2.8130477074821285,2.8130477074821285
2.821792344701861,2.821792344701861
2.8305491283397366,2.8305491283397366
2.839318123217736,2.839318123217736
2.8480993944674435,2.8480993944674435
2.856893007531958,2.856893007531958
2.865699028167823,2.865699028167823
2.8745175224469923,2.8745175224469923
2.8833485567588006,2.8833485567588006
2.8921921978119474,2.8921921978119474
2.9010485126364878,2.9010485126364878
2.9099175685858576,2.9099175685858576
2.9187994333389127,2.9187994333389127
2.927694174901977,2.927694174901977
2.9366018616108946,2.9366018616108946
2.9455225621331222,2.9455225621331222
2.954456345469845,2.954456345469845
2.9634032809580724,2.9634032809580724
2.972363438272773,2.972363438272773
2.9813368874290376,2.9813368874290376
2.9903236987842443,2.9903236987842443
2.9993239430402485,2.9993239430402485
3.008337691245578,3.008337691245578
3.0173650147976594,3.0173650147976594
3.026405985445072,3.026405985445072
3.035460675289794,3.035460675289794
3.044529156789482,3.044529156789482
3.0536115027597672,3.0536115027597672
3.0627077863765826,3.0627077863765826
3.07181808117849,3.07181808117849
3.080942461069028,3.080942461069028
3.0900810003190955,3.0900810003190955
3.099233773569346,3.099233773569346
3.108400855832603,3.108400855832603
3.1175823224962818,3.1175823224962818
3.126778249324849,3.126778249324849
3.1359887124623143,3.1359887124623143
3.1452137884347007,3.1452137884347007
3.1544535541525778,3.1544535541525778
3.163708086913588,3.163708086913588
3.1729774644050237,3.1729774644050237
3.1822617647063884,3.1822617647063884
3.191561066292011,3.191561066292011
3.200875448033662,3.200875448033662
3.210204989203213,3.210204989203213
3.2195497694753024,3.2195497694753024
3.2289098689300118,3.2289098689300118
3.2382853680556076,3.2382853680556076
3.247676347751253,3.247676347751253
3.257082889329799,3.257082889329799
3.2665050745205377,3.2665050745205377
3.27594298547204,3.27594298547204
3.2853967047549713,3.2853967047549713
3.2948663153649633,3.2948663153649633
3.3043519007254774,3.3043519007254774
3.313853544690738,3.313853544690738
3.323371331548641,3.323371331548641
3.3329053460237366,3.3329053460237366
3.3424556732801878,3.3424556732801878
3.3520223989248046,3.3520223989248046
3.361605609010057,3.361605609010057
3.3712053900371663,3.3712053900371663
3.3808218289591636,3.3808218289591636
3.3904550131840367,3.3904550131840367
3.4001050305778455,3.4001050305778455
3.4097719694679265,3.4097719694679265
3.419455918646057,3.419455918646057
3.4291569673717186,3.4291569673717186
3.4388752053753247,3.4388752053753247
3.448610722861532,3.448610722861532
3.458363610512527,3.458363610512527
3.4681339594914027,3.4681339594914027
3.4779218614455036,3.4779218614455036
3.4877274085098557,3.4877274085098557
3.4975506933105738,3.4975506933105738
3.5073918089683604,3.5073918089683604
3.5172508491019694,3.5172508491019694
3.527127907831763,3.527127907831763
3.537023079783248,3.537023079783248
3.5469364600906927,3.5469364600906927
3.5568681444007204,3.5568681444007204
3.566818228876004,3.566818228876004
3.5767868101989224,3.5767868101989224
3.5867739855753156,3.5867739855753156
3.596779852738214,3.596779852738214
3.606804509951658,3.606804509951658
3.616848056014503,3.616848056014503
3.6269105902643033,3.6269105902643033
3.636992212581188,3.636992212581188
3.647093023391817,3.647093023391817
3.6572131236733263,3.6572131236733263
3.667352614957367,3.667352614957367
3.677511599334113,3.677511599334113
3.6876901794563786,3.6876901794563786
3.697888458543701,3.697888458543701
3.708106540386535,3.708106540386535
3.718344529350415,3.718344529350415
3.728602530380222,3.728602530380222
3.7388806490044315,3.7388806490044315
3.7491789913394493,3.7491789913394493
3.7594976640939506,3.7594976640939506
3.7698367745732964,3.7698367745732964
3.780196430683949,3.780196430683949
3.7905767409379783,3.7905767409379783
3.8009778144575517,3.8009778144575517
3.8113997609795383,3.8113997609795383
3.8218426908600778,3.8218426908600778
3.8323067150792722,3.8323067150792722
3.8427919452458474,3.8427919452458474
3.8532984936019194,3.8532984936019194
3.8638264730277774,3.8638264730277774
3.8743759970467093,3.8743759970467093
3.8849471798298807,3.8849471798298807
3.8955401362012783,3.8955401362012783
3.9061549816426693,3.9061549816426693
3.9167918322986255,3.9167918322986255
3.927450804981592,3.927450804981592
3.9381320171770207,3.9381320171770207
3.948835587048534,3.948835587048534
3.959561633443136,3.959561633443136
3.970310275896488,3.970310275896488
3.9810816346382456,3.9810816346382456
3.991875830597425,3.991875830597425
4.002692985407818,4.002692985407818
4.013533221413488,4.013533221413488
4.024396661674309,4.024396661674309
4.035283429971552,4.035283429971552
4.0461936508135175,4.0461936508135175
4.057127449441248,4.057127449441248
4.068084951834302,4.068084951834302
4.079066284716543,4.079066284716543
4.090071575562023,4.090071575562023
4.101100952600917,4.101100952600917
4.112154544825525,4.112154544825525
4.123232481996305,4.123232481996305
4.134334894647993,4.134334894647993
4.145461914095783,4.145461914095783
4.1566136724415665,4.1566136724415665
4.167790302580223,4.167790302580223
4.178991938205986,4.178991938205986
4.190218713818877,4.190218713818877
4.201470764731196,4.201470764731196
4.212748227074095,4.212748227074095
4.224051237804185,4.224051237804185
4.2353799347102346,4.2353799347102346
4.246734456419957,4.246734456419957
4.258114942406828,4.258114942406828
4.269521532996989,4.269521532996989
4.280954369376215,4.280954369376215
4.292413593596999,4.292413593596999
4.303899348585635,4.303899348585635
4.31541177814943,4.31541177814943
4.326951026983974,4.326951026983974
4.338517240680486,4.338517240680486
4.350110565733245,4.350110565733245
4.361731149547078,4.361731149547078
4.373379140444943,4.373379140444943
4.385054687675608,4.385054687675608
4.396757941421375,4.396757941421375
4.408489052805897,4.408489052805897
4.4202481739021025,4.4202481739021025
4.432035457740174,4.432035457740174
4.443851058315639,4.443851058315639
4.4556951305975065,4.4556951305975065
4.467567830536533,4.467567830536533
4.4794693150735565,4.4794693150735565
4.4913997421479355,4.4913997421479355
4.503359270706041,4.503359270706041
4.515348060709883,4.515348060709883
4.527366273145817,4.527366273145817
4.539414070033335,4.539414070033335
4.551491614433957,4.551491614433957
4.563599070460217,4.563599070460217
4.575736603284767,4.575736603284767
4.5879043791495535,4.5879043791495535
4.6001025653751,4.6001025653751
4.612331330369903,4.612331330369903
4.62459084363993,4.62459084363993
4.636881275798216,4.636881275798216
4.649202798574559,4.649202798574559
4.661555584825333,4.661555584825333
4.673939808543432,4.673939808543432
4.686355644868273,4.686355644868273
4.698803270095949,4.698803270095949
4.711282861689485,4.711282861689485
4.723794598289218,4.723794598289218
4.736338659723288,4.736338659723288
4.748915227018217,4.748915227018217
4.761524482409662,4.761524482409662
4.774166609353264,4.774166609353264
4.786841792535609,4.786841792535609
4.799550217885312,4.799550217885312
4.81229207258426,4.81229207258426
4.825067545078958,4.825067545078958
4.837876825092005,4.837876825092005
4.850720103633701,4.850720103633701
4.8635975730137915,4.8635975730137915
4.876509426853369,4.876509426853369
4.889455860096871,4.889455860096871
4.902437069024236,4.902437069024236
4.915453251263211,4.915453251263211
4.928504605801794,4.928504605801794
4.941591333000815,4.941591333000815
4.95471363460668,4.95471363460668
4.967871713764231,4.967871713764231
4.981065775029798,4.981065775029798
4.994296024384393,4.994296024384393
5.007562669247046,5.007562669247046
5.020865918488297,5.020865918488297
5.034205982443862,5.034205982443862
5.047583072928479,5.047583072928479
5.060997403249871,5.060997403249871
5.074449188222906,5.074449188222906
5.087938644183929,5.087938644183929
5.1014659890052565,5.1014659890052565
5.115031442109865,5.115031442109865
5.128635224486206,5.128635224486206
5.142277558703254,5.142277558703254
5.155958668925735,5.155958668925735
5.169678780929498,5.169678780929498
5.183438122117099,5.183438122117099
5.197236921533583,5.197236921533583
5.211075409882455,5.211075409882455
5.224953819541842,5.224953819541842
5.23887238458084,5.23887238458084
5.2528313407760905,5.2528313407760905
5.2668309256285575,5.2668309256285575
5.2808713783804935,5.2808713783804935
5.294952940032621,5.294952940032621
5.309075853361539,5.309075853361539
5.323240362937365,5.323240362937365
5.337446715141544,5.337446715141544
5.351695158184923,5.351695158184923
5.365985942126046,5.365985942126046
5.380319318889683,5.380319318889683
5.39469554228558,5.39469554228558
5.409114868027448,5.409114868027448
5.423577553752203,5.423577553752203
5.438083859039464,5.438083859039464
5.452634045431268,5.452634045431268
5.467228376452056,5.467228376452056
5.481867117628909,5.481867117628909
5.496550536512072,5.496550536512072
5.511278902695711,5.511278902695711
5.526052487838924,5.526052487838924
5.540871565687082,5.540871565687082
5.555736412093414,5.555736412093414
5.570647305040869,5.570647305040869
5.585604524664254,5.585604524664254
5.600608353272702,5.600608353272702
5.615659075372418,5.615659075372418
5.63075697768971,5.63075697768971
5.64590234919433,5.64590234919433
5.661095481123132,5.661095481123132
5.676336667004068,5.676336667004068
5.691626202680456,5.691626202680456
5.70696438633559,5.70696438633559
5.722351518517707,5.722351518517707
5.73778790216526,5.73778790216526
5.753273842632549,5.753273842632549
5.768809647715671,5.768809647715671
5.784395627678862,5.784395627678862
5.800032095281174,5.800032095281174
5.815719365803517,5.815719365803517
5.831457757076066,5.831457757076066
5.847247589506058,5.847247589506058
5.863089186105966,5.863089186105966
5.878982872522064,5.878982872522064
5.894928977063375,5.894928977063375
5.91092783073101,5.91092783073101
5.926979767247986,5.926979767247986
5.943085123089362,5.943085123089362
5.959244237512849,5.959244237512849
5.975457452589854,5.975457452589854
5.99172511323695,5.99172511323695
6.008047567247787,6.008047567247787
6.024425165325441,6.024425165325441
6.040858261115256,6.040858261115256
6.057347211238134,6.057347211238134
6.0738923753243075,6.0738923753243075
6.090494116047559,6.090494116047559
6.107152799159987,6.107152799159987
6.123868793527259,6.123868793527259
6.1406424711643375,6.1406424711643375
6.157474207271753,6.157474207271753
6.174364380272401,6.174364380272401
6.191313371848887,6.191313371848887
6.208321566981391,6.208321566981391
6.225389353986089,6.225389353986089
6.242517124554164,6.242517124554164
6.259705273791375,6.259705273791375
6.276954200258226,6.276954200258226
6.294264306010681,6.294264306010681
6.311635996641554,6.311635996641554
6.329069681322484,6.329069681322484
6.3465657728465334,6.3465657728465334
6.3641246876714215,6.3641246876714215
6.381746845963417,6.381746845963417
6.399432671641931,6.399432671641931
6.417182592424717,6.417182592424717
6.434997039873784,6.434997039873784
6.452876449442041,6.452876449442041
6.470821260520622,6.470821260520622
6.48883191648695,6.48883191648695
6.506908864753515,6.506908864753515
6.525052556817446,6.525052556817446
6.543263448310829,6.543263448310829
6.561541999051811,6.561541999051811
6.579888673096472,6.579888673096472
6.598303938791557,6.598303938791557
6.616788268828012,6.616788268828012
6.635342140295359,6.635342140295359
6.653966034736912,6.653966034736912
6.672660438205905,6.672660438205905
6.691425841322502,6.691425841322502
6.710262739331692,6.710262739331692
6.72917163216212,6.72917163216212
6.748153024485865,6.748153024485865
6.767207425779211,6.767207425779211
6.786335350384337,6.786335350384337
6.805537317572041,6.805537317572041
6.824813851605484,6.824813851605484
6.844165481804987,6.844165481804987
6.863592742613861,6.863592742613861
6.883096173665297,6.883096173665297
6.902676319850423,6.902676319850423
6.922333731387455,6.922333731387455
6.942068963891951,6.942068963891951
6.961882578448322,6.961882578448322
6.981775141682437,6.981775141682437
7.00174722583552,7.00174722583552
7.021799408839267,7.021799408839267
7.0419322743922255,7.0419322743922255
7.062146412037436,7.062146412037436
7.082442417241451,7.082442417241451
7.102820891474671,7.102820891474671
7.123282442293045,7.123282442293045
7.143827683421169,7.143827683421169
7.164457234836845,7.164457234836845
7.185171722857085,7.185171722857085
7.205971780225598,7.205971780225598
7.226858046201797,7.226858046201797
7.247831166651368,7.247831166651368
7.268891794138448,7.268891794138448
7.290040588019393,7.290040588019393
7.311278214538175,7.311278214538175
7.332605346923547,7.332605346923547
7.354022665487878,7.354022665487878
7.375530857727764,7.375530857727764
7.397130618426413,7.397130618426413
7.418822649757936,7.418822649757936
7.440607661393461,7.440607661393461
7.462486370609191,7.462486370609191
7.484459502396403,7.484459502396403
7.5065277895734726,7.5065277895734726
7.528691972899983,7.528691972899983
7.55095280119285,7.55095280119285
7.573311031444634,7.573311031444634
7.595767428944044,7.595767428944044
7.6183227673987,7.6183227673987
7.640977829060123,7.640977829060123
7.663733404851107,7.663733404851107
7.686590294495478,7.686590294495478
7.7095493066503105,7.7095493066503105
7.7326112590406435,7.7326112590406435
7.755776978596705,7.755776978596705
7.779047301593832,7.779047301593832
7.8024230737950475,7.8024230737950475
7.8259051505963475,7.8259051505963475
7.849494397174807,7.849494397174807
7.87319168863957,7.87319168863957
7.896997910185785,7.896997910185785
7.92091395725152,7.92091395725152
7.944940735677743,7.944940735677743
7.9690791618714965,7.9690791618714965
7.993330162972287,7.993330162972287
8.017694677021742,8.017694677021742
8.04217365313667,8.04217365313667
8.066768051685589,8.066768051685589
8.091478844468803,8.091478844468803
8.116307014902095,8.116307014902095
8.141253558204133,8.141253558204133
8.166319481587715,8.166319481587715
8.19150580445491,8.19150580445491
8.216813558596195,8.216813558596195
8.242243788393674,8.242243788393674
8.267797551028512,8.267797551028512
8.29347591669273,8.29347591669273
8.319279968805311,8.319279968805311
8.345210804232915,8.345210804232915
8.37126953351518,8.37126953351518
8.397457281094853,8.397457281094853
8.42377518555272,8.42377518555272
8.450224399847567,8.450224399847567
8.4768060915613,8.4768060915613
8.503521443149328,8.503521443149328
8.530371652196312,8.530371652196312
8.557357931677466,8.557357931677466
8.584481510225581,8.584481510225581
8.611743632403867,8.611743632403867
8.639145558984787,8.639145558984787
8.666688567234994,8.666688567234994
8.694373951206687,8.694373951206687
8.722203022035352,8.722203022035352
8.750177108244243,8.750177108244243
8.778297556055593,8.778297556055593
8.80656572970895,8.80656572970895
8.834983011786708,8.834983011786708
8.863550803547012,8.863550803547012
8.892270525264275,8.892270525264275
8.921143616577574,8.921143616577574
8.950171536847057,8.950171536847057
8.979355765518632,8.979355765518632
9.0086978024971,9.0086978024971
9.038199168528102,9.038199168528102
9.067861405589026,9.067861405589026
9.097686077289136,9.097686077289136
9.127674769279217,9.127674769279217
9.15782908967097,9.15782908967097
9.18815066946657,9.18815066946657
9.218641162998445,9.218641162998445
9.249302248379745,9.249302248379745
9.280135627965828,9.280135627965828
9.311143028826997,9.311143028826997
9.342326203232842,9.342326203232842
9.373686929148535,9.373686929148535
9.405227010743502,9.405227010743502
9.43694827891276,9.43694827891276
9.468852591811304,9.468852591811304
9.500941835401978,9.500941835401978
9.53321792401722,9.53321792401722
9.565682800935166,9.565682800935166
9.598338438970417,9.598338438970417
9.631186841080027,9.631186841080027
9.6642300409852,9.6642300409852
9.697470103809154,9.697470103809154
9.730909126731596,9.730909126731596
9.764549239660415,9.764549239660415
9.79839260592116,9.79839260592116
9.832441422964802,9.832441422964802
9.866697923094375,9.866697923094375
9.901164374211119,9.901164374211119
9.935843080580785,9.935843080580785
9.970736383620778,9.970736383620778
10.005846662708676,10.005846662708676
10.041176336012992,10.041176336012992
10.076727861346866,10.076727861346866
10.112503737045438,10.112503737045438
10.148506502867706,10.148506502867706
10.184738740923606,10.184738740923606
10.22120307662741,10.22120307662741
10.25790217967806,10.25790217967806
10.294838765067519,10.294838765067519
10.332015594118104,10.332015594118104
10.369435475549691,10.369435475549691
10.40710126657801,10.40710126657801
10.445015874045017,10.445015874045017
10.483182255582417,10.483182255582417
10.521603420809637,10.521603420809637
10.560282432567432,10.560282432567432
10.599222408188439,10.599222408188439
10.638426520805895,10.638426520805895
10.67789800070204,10.67789800070204
10.717640136697602,10.717640136697602
10.757656277583942,10.757656277583942
10.797949833599315,10.797949833599315
10.838524277950942,10.838524277950942
10.879383148384726,10.879383148384726
10.92053004880428,10.92053004880428
10.961968650941158,10.961968650941158
11.003702696078264,11.003702696078264
11.045735996828544,11.045735996828544
11.08807243897105,11.08807243897105
11.130715983346583,11.130715983346583
11.173670667815262,11.173670667815262
11.216940609278584,11.216940609278584
11.260530005768421,11.260530005768421
11.304443138605627,11.304443138605627
11.34868437463111,11.34868437463111
11.393258168512338,11.393258168512338
11.438169065128339,11.438169065128339
11.483421702036361,11.483421702036361
11.529020812023651,11.529020812023651
11.574971225747873,11.574971225747873
11.621277874470017,11.621277874470017
11.667945792883415,11.667945792883415
11.714980122043261,11.714980122043261
11.762386112400824,11.762386112400824
11.81016912694692,11.81016912694692
11.85833464446932,11.85833464446932
11.90688826292915,11.90688826292915
11.955835702961599,11.955835702961599
12.005182811506435,12.005182811506435
12.05493556557406,12.05493556557406
12.10510007615334,12.10510007615334
12.15568259226764,12.15568259226764
12.206689505185953,12.206689505185953
12.258127352796086,12.258127352796086
12.310002824147617,12.310002824147617
12.362322764172623,12.362322764172623
12.415094178592556,12.415094178592556
12.46832423902007,12.46832423902007
12.522020288265287,12.522020288265287
12.576189845856423,12.576189845856423
12.630840613785233,12.630840613785233
12.685980482488345,12.685980482488345
12.741617537076165,12.741617537076165
12.797760063821924,12.797760063821924
12.854416556923946,12.854416556923946
12.911595725554983,12.911595725554983
12.969306501213463,12.969306501213463
13.027558045392363,13.027558045392363
13.086359757582334,13.086359757582334
13.145721283626544,13.145721283626544
13.205652524446206,13.205652524446206
13.266163645156624,13.266163645156624
13.327265084594952,13.327265084594952
13.388967565282167,13.388967565282167
13.451282103843264,13.451282103843264
13.514220021911283,13.514220021911283
13.577792957542368,13.577792957542368
13.642012877170846,13.642012877170846
13.706892088135294,13.706892088135294
13.77244325180886,13.77244325180886
13.838679397368978,13.838679397368978
13.905613936244269,13.905613936244269
13.9732606772791,13.9732606772791
14.041633842659024,14.041633842659024
14.110748084643502,14.110748084643502
14.180618503155289,14.180618503155289
14.251260664280009,14.251260664280009
14.32269061973294,14.32269061973294
14.394924927354445,14.394924927354445
14.467980672699902,14.467980672699902
14.541875491795176,14.541875491795176
14.616627595134092,14.616627595134092
14.69225579300016,14.69225579300016
14.768779522201216,14.768779522201216
14.846218874312804,14.846218874312804
14.924594625533743,14.924594625533743
15.003928268265796,15.003928268265796
15.08424204453799,15.08424204453799
15.165558981406976,15.165558981406976
15.24790292847517,15.24790292847517
15.331298597680814,15.331298597680814
15.41577160552696,15.41577160552696
15.501348517931294,15.501348517931294
15.588056897894656,15.588056897894656
15.675925356203646,15.675925356203646
15.764983605401996,15.764983605401996
15.855262517287395,15.855262517287395
15.946794184213806,15.946794184213806
16.039611984505907,16.039611984505907
16.133750652321172,16.133750652321172
16.229246352327852,16.229246352327852
16.326136759603266,16.326136759603266
16.42446114519656,16.42446114519656
16.524260467845153,16.524260467845153
16.62557747238402,16.62557747238402
16.728456795443183,16.728456795443183
16.832945079091168,16.832945079091168
16.939091093152413,16.939091093152413
17.046945867006194,17.046945867006194
17.156562831763473,17.156562831763473
17.267997973818506,17.267997973818506
17.381310000885517,17.381310000885517
17.496560521759623,17.496560521759623
17.61381424118716,17.61381424118716
17.733139171396196,17.733139171396196
17.854606862027037,17.854606862027037
17.978292650418695,17.978292650418695
18.104275934454066,18.104275934454066
18.232640470449947,18.232640470449947
18.36347469890336,18.36347469890336
18.496872101281703,18.496872101281703
18.632931591477817,18.632931591477817
18.771757946053736,18.771757946053736
18.913462277980788,18.913462277980788
19.05816255926499,19.05816255926499
19.2059841986413,19.2059841986413
19.357060681453788,19.357060681453788
19.511534279935095,19.511534279935095
19.66955684339303,19.66955684339303
19.831290679345795,19.831290679345795
19.99690953846963,19.99690953846963
20.166599718396764,20.166599718396764
20.34056130400707,20.34056130400707
20.519009564990785,20.519009564990785
20.70217653524717,20.70217653524717
20.890312803280533,20.890312803280533
21.08368954836302,21.08368954836302
21.282600864108844,21.282600864108844
21.487366419579306,21.487366419579306
21.698334518541902,21.698334518541902
21.915885630606212,21.915885630606212
22.140436484396957,22.140436484396957
22.372444833689475,22.372444833689475
22.612415033850247,22.612415033850247
22.860904599787556,22.860904599787556
23.11853196037343,23.11853196037343
23.385985681320737,23.385985681320737
23.664035503494556,23.664035503494556
23.953545643241053,23.953545643241053
24.25549093500477,24.25549093500477
24.57097657798634,24.57097657798634
24.901262497992974,24.901262497992974
25.247793682963035,25.247793682963035
25.612238341408695,25.612238341408695
25.996536437499937,25.996536437499937
26.402962185478092,26.402962185478092
26.834205618020214,26.834205618020214
27.293480672783176,27.293480672783176
27.784670868665696,27.784670868665696
28.312529442894448,28.312529442894448
28.88296037472723,28.88296037472723
29.503423009598936,29.503423009598936
30.18353187760086,30.18353187760086
30.93597690729034,30.93597690729034
31.77799427466593,31.77799427466593
32.733837772832736,32.733837772832736
33.83919806764121,33.83919806764121
35.14976347695957,35.14976347695957
36.75967940269887,36.75967940269887
38.847903510098774,38.847903510098774
41.82601998889727,41.82601998889727
47.0830580420447,47.0830580420447
