-8.554938892762161,-8.554938892762161
-8.519998568141554,-8.519998568141554
-8.484043900703478,-8.484043900703478
-8.447118354710694,-8.447118354710694
-8.409263919679109,-8.409263919679109
-8.370521155453853,-8.370521155453853
-8.330929236096386,-8.330929236096386
-8.2905259926083,-8.2905259926083
-8.24934795451696,-8.24934795451696
-8.2074303903479,-8.2074303903479
-8.164807347008283,-8.164807347008283
-8.121511688105409,-8.121511688105409
-8.0775751312239,-8.0775751312239
-8.033028284184663,-8.033028284184663
-7.987900680308479,-7.987900680308479
-7.942220812706535,-7.942220812706535
-7.896016167619968,-7.896016167619968
-7.849313256830002,-7.849313256830002
-7.802137649159922,-7.802137649159922
-7.754514001089746,-7.754514001089746
-7.7064660865041406,-7.7064660865041406
-7.658016825593659,-7.658016825593659
-7.609188312929114,-7.609188312929114
-7.560001844728496,-7.560001844728496
-7.510477945335511,-7.510477945335511
-7.460636392928452,-7.460636392928452
-7.410496244477815,-7.410496244477815
-7.360075859970662,-7.360075859970662
-7.309392925919468,-7.309392925919468
-7.258464478172846,-7.258464478172846
-7.207306924045168,-7.207306924045168
-7.155936063781846,-7.155936063781846
-7.104367111376681,-7.104367111376681
-7.052614714757389,-7.052614714757389
-7.0006929753550855,-7.0006929753550855
-6.948615467073248,-6.948615467073248
-6.8963952546713125,-6.8963952546713125
-6.84404491157783,-6.84404491157783
-6.791576537147752,-6.791576537147752
-6.739001773378193,-6.739001773378193
-6.686331821096664,-6.686331821096664
-6.633577455635538,-6.633577455635538
-6.5807490420062305,-6.5807490420062305
-6.527856549586241,-6.527856549586241
-6.4749095663320615,-6.4749095663320615
-6.4219173125305264,-6.4219173125305264
-6.368888654101068,-6.368888654101068
-6.315832115460965,-6.315832115460965
-6.26275589196553,-6.26275589196553
-6.209667861934792,-6.209667861934792
-6.156575598278146,-6.156575598278146
-6.103486379728033,-6.103486379728033
-6.050407201693624,-6.050407201693624
-5.997344786745101,-5.997344786745101
-5.944305594739048,-5.944305594739048
-5.891295832595088,-5.891295832595088
-5.838321463733779,-5.838321463733779
-5.785388217185511,-5.785388217185511
-5.732501596379947,-5.732501596379947
-5.679666887625331,-5.679666887625331
-5.626889168286738,-5.626889168286738
-5.574173314672216,-5.574173314672216
-5.521524009635469,-5.521524009635469
-5.468945749903586,-5.468945749903586
-5.416442853138124,-5.416442853138124
-5.364019464737579,-5.364019464737579
-5.311679564389239,-5.311679564389239
-5.259426972378036,-5.259426972378036
-5.207265355659992,-5.207265355659992
-5.155198233707549,-5.155198233707549
-5.103228984133994,-5.103228984133994
-5.0513608481038945,-5.0513608481038945
-4.999596935536435,-4.999596935536435
-4.947940230108227,-4.947940230108227
-4.8963935940620775,-4.8963935940620775
-4.84495977282805,-4.84495977282805
-4.793641399462913,-4.793641399462913
-4.742440998913989,-4.742440998913989
-4.691360992113221,-4.691360992113221
-4.640403699907119,-4.640403699907119
-4.589571346828114,-4.589571346828114
-4.538866064712692,-4.538866064712692
-4.488289896171523,-4.488289896171523
-4.437844797916681,-4.437844797916681
-4.387532643950895,-4.387532643950895
-4.337355228623612,-4.337355228623612
-4.287314269558589,-4.287314269558589
-4.2374114104575,-4.2374114104575
-4.187648223784009,-4.187648223784009
-4.138026213332569,-4.138026213332569
-4.088546816686093,-4.088546816686093
-4.039211407566551,-4.039211407566551
-3.990021298082415,-3.990021298082415
-3.940977740876712,-3.940977740876712
-3.892081931179413,-3.892081931179413
-3.84333500876769,-3.84333500876769
-3.794738059837527,-3.794738059837527
-3.746292118790027,-3.746292118790027
-3.6979981699356625,-3.6979981699356625
-3.6498571491196232,-3.6498571491196232
-3.6018699452712855,-3.6018699452712855
-3.554037401880771,-3.554037401880771
-3.506360318405426,-3.506360318405426
-3.4588394516089864,-3.4588394516089864
-3.4114755168360817,-3.4114755168360817
-3.3642691892246637,-3.3642691892246637
-3.317221104858825,-3.317221104858825
-3.2703318618644337,-3.2703318618644337
-3.2236020214498624,-3.2236020214498624
-3.1770321088940867,-3.1770321088940867
-3.130622614484269,-3.130622614484269
-3.084373994404931,-3.084373994404931
-3.0382866715807038,-3.0382866715807038
-2.992361036474565,-2.992361036474565
-2.946597447843463,-2.946597447843463
-2.9009962334530512,-2.9009962334530512
-2.8555576907533005,-2.8555576907533005
-2.8102820875166046,-2.8102820875166046
-2.7651696624399733,-2.7651696624399733
-2.72022062571284,-2.72022062571284
-2.6754351595519283,-2.6754351595519283
-2.630813418704586,-2.630813418704586
-2.586355530921929,-2.586355530921929
-2.5420615974030656,-2.5420615974030656
-2.497931693211653,-2.497931693211653
-2.4539658676659344,-2.4539658676659344
-2.4101641447034057,-2.4101641447034057
-2.3665265232211703,-2.3665265232211703
-2.3230529773930098,-2.3230529773930098
-2.2797434569641486,-2.2797434569641486
-2.2365978875246495,-2.2365978875246495
-2.1936161707623114,-2.1936161707623114
-2.1507981846959336,-2.1507981846959336
-2.108143783889727,-2.108143783889727
-2.065652799649654,-2.065652799649654
-2.023325040202394,-2.023325040202394
-1.9811602908576507,-1.9811602908576507
-1.9391583141544118,-1.9391583141544118
-1.897318849991804,-1.897318849991804
-1.8556416157451008,-1.8556416157451008
-1.8141263063674344,-1.8141263063674344
-1.772772594477722,-1.772772594477722
-1.7315801304352854,-1.7315801304352854
-1.6905485424016198,-1.6905485424016198
-1.6496774363897286,-1.6496774363897286
-1.6089663963014174,-1.6089663963014174
-1.568414983952919,-1.568414983952919
-1.528022739089186,-1.528022739089186
-1.4877891793871705,-1.4877891793871705
-1.4477138004483778,-1.4477138004483778
-1.4077960757809689,-1.4077960757809689
-1.3680354567716522,-1.3680354567716522
-1.3284313726475943,-1.3284313726475943
-1.2889832304285476,-1.2889832304285476
-1.249690414869385,-1.249690414869385
-1.210552288393202,-1.210552288393202
-1.1715681910151312,-1.1715681910151312
-1.1327374402570018,-1.1327374402570018
-1.0940593310529512,-1.0940593310529512
-1.0555331356460824,-1.0555331356460824
-1.0171581034762498,-1.0171581034762498
-0.9789334610590285,-0.9789334610590285
-0.940858411855924,-0.940858411855924
-0.9029321361358466,-0.9029321361358466
-0.8651537908278774,-0.8651537908278774
-0.8275225093653258,-0.8275225093653258
-0.7900374015210777,-0.7900374015210777
-0.7526975532342084,-0.7526975532342084
-0.7155020264278327,-0.7155020264278327
-0.6784498588181475,-0.6784498588181475
-0.6415400637146104,-0.6415400637146104
-0.6047716298111877,-0.6047716298111877
-0.568143520968599,-0.568143520968599
-0.531654675987461,-0.531654675987461
-0.4953040083722401,-0.4953040083722401
-0.4590904060859015,-0.4590904060859015
-0.4230127312951333,-0.4230127312951333
-0.38706982010601965,-0.38706982010601965
-0.35126048229002177,-0.35126048229002177
-0.3155835010001169,-0.3155835010001169
-0.28003763247693764,-0.28003763247693764
-0.24462160574474157,-0.24462160574474157
-0.20933412229703185,-0.20933412229703185
-0.1741738557716419,-0.1741738557716419
-0.13913945161508373,-0.13913945161508373
-0.10422952673595116,-0.10422952673595116
-0.06944266914716114,-0.06944266914716114
-0.03477743759680153,-0.03477743759680153
-0.00023236118734745907,-0.00023236118734745907
0.03419406101700517,0.03419406101700517
0.06850336039514916,0.06850336039514916
0.1026970991862919,0.1026970991862919
0.13677687091988058,0.13677687091988058
0.17074430085852252,0.17074430085852252
0.20460104645420873,0.20460104645420873
0.23834879781816012,0.23834879781816012
0.2719892782046301,0.2719892782046301
0.30552424450900817,0.30552424450900817
0.33895548778058765,0.33895548778058765
0.3722848337503675,0.3722848337503675
0.40551414337428143,0.40551414337428143
0.4386453133922543,0.4386453133922543
0.4716802769035103,0.4716802769035103
0.5046210039585647,0.5046210039585647
0.5374695021683559,0.5374695021683559
0.5702278173309872,0.5702278173309872
0.602898034076568,0.602898034076568
0.6354822765306621,0.6354822765306621
0.6679827089968753,0.6679827089968753
0.7004015366591222,0.7004015366591222
0.7327410063041522,0.7327410063041522
0.7650034070649199,0.7650034070649199
0.7971910711854177,0.7971910711854177
0.8293063748076083,0.8293063748076083
0.861351738781122,0.861351738781122
0.8933296294964057,0.8933296294964057
0.9252425597420397,0.9252425597420397
0.9570930895869698,0.9570930895869698
0.9888838272884174,0.9888838272884174
1.020617430226279,1.020617430226279
1.0522966058648389,1.0522966058648389
1.0839241127426646,1.0839241127426646
1.1155027614915758,1.1155027614915758
1.1470354158856222,1.1470354158856222
1.1785249939210347,1.1785249939210347
1.2099744689281455,1.2099744689281455
1.2413868707163316,1.2413868707163316
1.2727652867530383,1.2727652867530383
1.304112863378022,1.304112863378022
1.3354328070539563,1.3354328070539563
1.3667283856546164,1.3667283856546164
1.3980029297918757,1.3980029297918757
1.4292598341828155,1.4292598341828155
1.4605025590582865,1.4605025590582865
1.4917346316143003,1.4917346316143003
1.5229596475077005,1.5229596475077005
1.5541812723975905,1.5541812723975905
1.5854032435340666,1.5854032435340666
1.6166293713958473,1.6166293713958473
1.647863541378453,1.647863541378453
1.6791097155346428,1.6791097155346428
1.7103719343688788,1.7103719343688788
1.7416543186876439,1.7416543186876439
1.7729610715075097,1.7729610715075097
1.8042964800229044,1.8042964800229044
1.835664917635607,1.835664917635607
1.8670708460480556,1.8670708460480556
1.8985188174226304,1.8985188174226304
1.9300134766091401,1.9300134766091401
1.9615595634428187,1.9615595634428187
1.9931619151152093,1.9931619151152093
2.0248254686203926,2.0248254686203926
2.056555263279096,2.056555263279096
2.088356443343299,2.088356443343299
2.1202342606840343,2.1202342606840343
2.152194077565167,2.152194077565167
2.1842413695060316,2.1842413695060316
2.2163817282358753,2.2163817282358753
2.248620864743169,2.248620864743169
2.2809646124229275,2.2809646124229275
2.313418930325283,2.313418930325283
2.345989906508646,2.345989906508646
2.378683761500891,2.378683761500891
2.411506851872122,2.411506851872122
2.4444656739226387,2.4444656739226387
2.4775668674898874,2.4775668674898874
2.5108172198782164,2.5108172198782164
2.544223669915456,2.544223669915456
2.5777933121403716,2.5777933121403716
2.61153340112521,2.61153340112521
2.6454513559376602,2.6454513559376602
2.679554764746663,2.679554764746663
2.7138513895766567,2.7138513895766567
2.74834917121491,2.74834917121491
2.7830562342768164,2.7830562342768164
2.8179808924340652,2.8179808924340652
2.8531316538107756,2.8531316538107756
2.888517226552849,2.888517226552849
2.924146524575869,2.924146524575869
2.9600286734970545,2.9600286734970545
2.9961730167569525,2.9961730167569525
3.03258912193661,3.03258912193661
3.069286787276216,3.069286787276216
3.106276048401298,3.106276048401298
3.1435671852627114,3.1435671852627114
3.181170729296875,3.181170729296875
3.2190974708127773,3.2190974708127773
3.257358466612535,3.257358466612535
3.2959650478523868,3.2959650478523868
3.33492882815121,3.33492882815121
3.374261711953795,3.374261711953795
3.413975903156336,3.413975903156336
3.4540839140016986,3.4540839140016986
3.4945985742522905,3.4945985742522905
3.5355330406484917,3.5355330406484917
3.5769008066607997,3.5769008066607997
3.6187157125440743,3.6187157125440743
3.660991955702383,3.660991955702383
3.7037441013732386,3.7037441013732386
3.746987093640149,3.746987093640149
3.7907362667826496,3.7907362667826496
3.835007356973165,3.835007356973165
3.8798165143302854,3.8798165143302854
3.925180315338233,3.925180315338233
3.9711157756425317,3.9711157756425317
4.017640363232103,4.017640363232103
4.064772012018242,4.064772012018242
4.1125291358211395,4.1125291358211395
4.160930642774896,4.160930642774896
4.209995950162123,4.209995950162123
4.259744999689571,4.259744999689571
4.310198273216358,4.310198273216358
4.361376808946735,4.361376808946735
4.413302218099443,4.413302218099443
4.4659967020660964,4.4659967020660964
4.5194830700711925,4.5194830700711925
4.573784757346655,4.573784757346655
4.628925843834064,4.628925843834064
4.684931073428012,4.684931073428012
4.741825873774262,4.741825873774262
4.799636376636709,4.799636376636709
4.858389438847378,4.858389438847378
4.918112663854008,4.918112663854008
4.97883442388005,4.97883442388005
5.040583882712178,5.040583882712178
5.103391019130746,5.103391019130746
5.167286650998892,5.167286650998892
5.232302460026307,5.232302460026307
5.2984710172239735,5.2984710172239735
5.365825809066549,5.365825809066549
5.434401264379291,5.434401264379291
5.50423278196682,5.50423278196682
5.575356759001338,5.575356759001338
5.647810620188151,5.647810620188151
5.72163284772681,5.72163284772681
5.796863012086462,5.796863012086462
5.8735418036142715,5.8735418036142715
5.951711064996276,5.951711064996276
6.031413824590225,6.031413824590225
6.112694330650427,6.112694330650427
6.195598086464919,6.195598086464919
6.2801718864256415,6.2801718864256415
6.366463853052743,6.366463853052743
6.454523474994352,6.454523474994352
6.544401646023718,6.544401646023718
6.636150705055867,6.636150705055867
6.729824477206352,6.729824477206352
6.825478315915076,6.825478315915076
6.923169146158523,6.923169146158523
7.022955508774192,7.022955508774192
7.124897605921349,7.124897605921349
7.229057347702705,7.229057347702705
7.335498399971982,7.335498399971982
7.444286233352766,7.444286233352766
7.555488173494463,7.555488173494463
7.66917345259162,7.66917345259162
7.785413262193284,7.785413262193284
7.9042808073295046,7.9042808073295046
8.025851361982536,8.025851361982536
8.15020232593077,8.15020232593077
8.277413282993818,8.277413282993818
8.40756606070765,8.40756606070765
11.00967662205613,11.00967662205613
10.98600118982218,10.98600118982218
10.962315815529188,10.962315815529188
10.938931720226453,10.938931720226453
10.916124703442499,10.916124703442499
10.894145247128426,10.894145247128426
10.873225248653085,10.873225248653085
10.85358271579957,10.85358271579957
10.83542516381181,10.83542516381181
10.818952150389368,10.818952150389368
10.804357218011344,10.804357218011344
10.791829416833103,10.791829416833103
10.781554523385477,10.781554523385477
10.773716033959191,10.773716033959191
10.768495988043167,10.768495988043167
10.766075661538778,10.766075661538778
10.766636158804753,10.766636158804753
10.770358925154241,10.770358925154241
10.777426196143907,10.777426196143907
10.788021396178769,10.788021396178769
10.802329496152812,10.802329496152812
10.820537337758923,10.820537337758923
10.842833930526162,10.842833930526162
10.869410726440993,10.869410726440993
10.900461876080906,10.900461876080906
10.936184469465738,10.936184469465738
10.976778764263283,10.976778764263283
11.022448403534263,11.022448403534263
11.07340062484033,11.07340062484033
11.129846462248564,11.129846462248564
11.192000942528866,11.192000942528866
11.260083276649175,11.260083276649175
11.334317047513562,11.334317047513562
11.414930394758967,11.414930394758967
11.502156197316323,11.502156197316323
11.59623225435225,11.59623225435225
11.697401465130678,11.697401465130678
