-7.07654458843062,-7.07654458843062
-7.090303142491228,-7.090303142491228
-7.0997783920208475,-7.0997783920208475
-7.107359108367638,-7.107359108367638
-7.113688983888865,-7.113688983888865
-7.1190830562451906,-7.1190830562451906
-7.123729580545911,-7.123729580545911
-7.12775403694931,-7.12775403694931
-7.131246133554009,-7.131246133554009
-7.1342732292671105,-7.1342732292671105
-7.136887775484189,-7.136887775484189
-7.139131779082575,-7.139131779082575
-7.141039643352975,-7.141039643352975
-7.14264006317882,-7.14264006317882
-7.1439573381343635,-7.1439573381343635
-7.145012311214414,-7.145012311214414
-7.1458230578273625,-7.1458230578273625
-7.146405402971632,-7.146405402971632
-7.146773317039418,-7.146773317039418
-7.146939223896886,-7.146939223896886
-7.146914244278557,-7.146914244278557
-7.146708390633039,-7.146708390633039
-7.14633072495412,-7.14633072495412
-7.145789487991166,-7.145789487991166
-7.145092206046894,-7.145092206046894
-7.144245780021462,-7.144245780021462
-7.143256560245756,-7.143256560245756
-7.142130409830687,-7.142130409830687
-7.140872758654549,-7.140872758654549
-7.1394886496565375,-7.1394886496565375
-7.137982778760175,-7.137982778760175
-7.136359529486029,-7.136359529486029
-7.134623003108531,-7.134623003108531
-7.132777045051669,-7.132777045051669
-7.1308252680922966,-7.1308252680922966
-7.1287710728395455,-7.1287710728395455
-7.126617665878741,-7.126617665878741
-7.124368075903529,-7.124368075903529
-7.12202516810759,-7.12202516810759
-7.11959165706448,-7.11959165706448
-7.117070118289086,-7.117070118289086
-7.114462998645197,-7.114462998645197
-7.111772625739626,-7.111772625739626
-7.109001216423347,-7.109001216423347
-7.1061508845033075,-7.1061508845033075
-7.103223647754406,-7.103223647754406
-7.10022143430933,-7.10022143430933
-7.0971460884937105,-7.0971460884937105
-7.093999376165542,-7.093999376165542
-7.090782989610396,-7.090782989610396
-7.087498552037705,-7.087498552037705
-7.084147621717926,-7.084147621717926
-7.080731695795755,-7.080731695795755
-7.077252213810489,-7.077252213810489
-7.073710560951108,-7.073710560951108
-7.070108071070616,-7.070108071070616
-7.066446029481506,-7.066446029481506
-7.06272567555183,-7.06272567555183
-7.058948205119368,-7.058948205119368
-7.055114772739548,-7.055114772739548
-7.051226493781182,-7.051226493781182
-7.047284446382685,-7.047284446382685
-7.043289673280191,-7.043289673280191
-7.0392431835179075,-7.0392431835179075
-7.035145954049997,-7.035145954049997
-7.030998931242502,-7.030998931242502
-7.026803032282945,-7.026803032282945
-7.02255914650463,-7.02255914650463
-7.0182681366319635,-7.0182681366319635
-7.013930839952635,-7.013930839952635
-7.009548069421905,-7.009548069421905
-7.005120614703906,-7.005120614703906
-7.000649243154311,-7.000649243154311
-6.996134700748501,-6.996134700748501
-6.991577712958926,-6.991577712958926
-6.986978985585107,-6.986978985585107
-6.982339205539402,-6.982339205539402
-6.977659041591483,-6.977659041591483
-6.972939145074182,-6.972939145074182
-6.968180150553165,-6.968180150553165
-6.963382676462756,-6.963382676462756
-6.958547325709986,-6.958547325709986
-6.953674686248864,-6.953674686248864
-6.948765331626646,-6.948765331626646
-6.943819821503824,-6.943819821503824
-6.938838702149357,-6.938838702149357
-6.933822506912652,-6.933822506912652
-6.9287717566735845,-6.9287717566735845
-6.923686960271867,-6.923686960271867
-6.918568614916917,-6.918568614916917
-6.913417206579318,-6.913417206579318
-6.908233210364906,-6.908233210364906
-6.903017090872421,-6.903017090872421
-6.897769302535633,-6.897769302535633
-6.892490289950754,-6.892490289950754
-6.887180488189942,-6.887180488189942
-6.881840323101615,-6.881840323101615
-6.876470211598258,-6.876470211598258
-6.871070561932374,-6.871070561932374
-6.865641773961188,-6.865641773961188
-6.860184239400658,-6.860184239400658
-6.85469834206934,-6.85469834206934
-6.849184458122595,-6.849184458122595
-6.843642956277632,-6.843642956277632
-6.838074198029807,-6.838074198029807
-6.8324785378606165,-6.8324785378606165
-6.826856323437772,-6.826856323437772
-6.821207895807728,-6.821207895807728
-6.815533589581027,-6.815533589581027
-6.809833733110772,-6.809833733110772
-6.804108648664573,-6.804108648664573
-6.798358652590223,-6.798358652590223
-6.792584055475427,-6.792584055475427
-6.786785162301823,-6.786785162301823
-6.780962272593561,-6.780962272593561
-6.775115680560656,-6.775115680560656
-6.769245675237382,-6.769245675237382
-6.763352540615879,-6.763352540615879
-6.757436555775204,-6.757436555775204
-6.751497995006009,-6.751497995006009
-6.745537127931028,-6.745537127931028
-6.739554219621556,-6.739554219621556
-6.733549530710075,-6.733549530710075
-6.727523317499193,-6.727523317499193
-6.721475832067043,-6.721475832067043
-6.715407322369277,-6.715407322369277
-6.709318032337811,-6.709318032337811
-6.7032082019764285,-6.7032082019764285
-6.697078067453371,-6.697078067453371
-6.690927861191052,-6.690927861191052
-6.684757811952971,-6.684757811952971
-6.678568144927975,-6.678568144927975
-6.672359081811929,-6.672359081811929
-6.66613084088693,-6.66613084088693
-6.659883637098129,-6.659883637098129
-6.653617682128265,-6.653617682128265
-6.647333184469996,-6.647333184469996
-6.641030349496093,-6.641030349496093
-6.634709379527595,-6.634709379527595
-6.6283704738999845,-6.6283704738999845
-6.622013829027468,-6.622013829027468
-6.615639638465404,-6.615639638465404
-6.609248092970983,-6.609248092970983
-6.602839380562173,-6.602839380562173
-6.596413686575052,-6.596413686575052
-6.589971193719504,-6.589971193719504
-6.58351208213342,-6.58351208213342
-6.577036529435394,-6.577036529435394
-6.570544710775985,-6.570544710775985
-6.564036798887602,-6.564036798887602
-6.55751296413305,-6.55751296413305
-6.5509733745527745,-6.5509733745527745
-6.54441819591086,-6.54441819591086
-6.537847591739819,-6.537847591739819
-6.53126172338421,-6.53126172338421
-6.5246607500431235,-6.5246607500431235
-6.518044828811564,-6.518044828811564
-6.511414114720788,-6.511414114720788
-6.504768760777595,-6.504768760777595
-6.498108918002642,-6.498108918002642
-6.491434735467783,-6.491434735467783
-6.484746360332474,-6.484746360332474
-6.478043937879286,-6.478043937879286
-6.471327611548529,-6.471327611548529
-6.464597522972028,-6.464597522972028
-6.457853812006089,-6.457853812006089
-6.451096616763644,-6.451096616763644
-6.44432607364564,-6.44432607364564
-6.437542317371664,-6.437542317371664
-6.430745481009849,-6.430745481009849
-6.423935696006068,-6.423935696006068
-6.417113092212437,-6.417113092212437
-6.410277797915159,-6.410277797915159
-6.4034299398617085,-6.4034299398617085
-6.396569643287406,-6.396569643287406
-6.389697031941368,-6.389697031941368
-6.382812228111865,-6.382812228111865
-6.375915352651103,-6.375915352651103
-6.369006524999454,-6.369006524999454
-6.362085863209135,-6.362085863209135
-6.3551534839673485,-6.3551534839673485
-6.348209502618932,-6.348209502618932
-6.341254033188483,-6.341254033188483
-6.334287188402014,-6.334287188402014
-6.327309079708126,-6.327309079708126
-6.320319817298722,-6.320319817298722
-6.313319510129281,-6.313319510129281
-6.306308265938683,-6.306308265938683
-6.299286191268619,-6.299286191268619
-6.292253391482586,-6.292253391482586
-6.285209970784479,-6.285209970784479
-6.2781560322367875,-6.2781560322367875
-6.271091677778424,-6.271091677778424
-6.26401700824216,-6.26401700824216
-6.2569321233717305,-6.2569321233717305
-6.249837121838546,-6.249837121838546
-6.242732101258101,-6.242732101258101
-6.235617158206016,-6.235617158206016
-6.228492388233786,-6.228492388233786
-6.221357885884172,-6.221357885884172
-6.214213744706317,-6.214213744706317
-6.207060057270541,-6.207060057270541
-6.199896915182846,-6.199896915182846
-6.192724409099135,-6.192724409099135
-6.185542628739153,-6.185542628739153
-6.178351662900143,-6.178351662900143
-6.171151599470252,-6.171151599470252
-6.163942525441663,-6.163942525441663
-6.156724526923482,-6.156724526923482
-6.149497689154369,-6.149497689154369
-6.1422620965149335,-6.1422620965149335
-6.135017832539896,-6.135017832539896
-6.127764979930003,-6.127764979930003
-6.12050362056374,-6.12050362056374
-6.113233835508811,-6.113233835508811
-6.105955705033392,-6.105955705033392
-6.098669308617213,-6.098669308617213
-6.091374724962383,-6.091374724962383
-6.084072032004058,-6.084072032004058
-6.076761306920897,-6.076761306920897
-6.069442626145315,-6.069442626145315
-6.062116065373575,-6.062116065373575
-6.054781699575675,-6.054781699575675
-6.047439603005068,-6.047439603005068
-6.040089849208204,-6.040089849208204
-6.032732511033902,-6.032732511033902
-6.025367660642556,-6.025367660642556
-6.017995369515175,-6.017995369515175
-6.010615708462266,-6.010615708462266
-6.003228747632565,-6.003228747632565
-5.995834556521601,-5.995834556521601
-5.988433203980131,-5.988433203980131
-5.981024758222414,-5.981024758222414
-5.9736092868343444,-5.9736092868343444
-5.9661868567814516,-5.9661868567814516
-5.95875753441676,-5.95875753441676
-5.951321385488503,-5.951321385488503
-5.9438784751477325,-5.9438784751477325
-5.936428867955772,-5.936428867955772
-5.928972627891563,-5.928972627891563
-5.921509818358878,-5.921509818358878
-5.91404050219342,-5.91404050219342
-5.9065647416697935,-5.9065647416697935
-5.89908259850838,-5.89908259850838
-5.891594133882071,-5.891594133882071
-5.884099408422922,-5.884099408422922
-5.876598482228671,-5.876598482228671
-5.86909141486917,-5.86909141486917
-5.8615782653926995,-5.8615782653926995
-5.854059092332187,-5.854059092332187
-5.846533953711322,-5.846533953711322
-5.839002907050584,-5.839002907050584
-5.831466009373151,-5.831466009373151
-5.823923317210741,-5.823923317210741
-5.816374886609339,-5.816374886609339
-5.808820773134851,-5.808820773134851
-5.801261031878653,-5.801261031878653
-5.793695717463067,-5.793695717463067
-5.786124884046742,-5.786124884046742
-5.778548585329954,-5.778548585329954
-5.77096687455983,-5.77096687455983
-5.763379804535481,-5.763379804535481
-5.7557874276130665,-5.7557874276130665
-5.748189795710763,-5.748189795710763
-5.74058696031369,-5.74058696031369
-5.732978972478731,-5.732978972478731
-5.725365882839282,-5.725365882839282
-5.717747741609954,-5.717747741609954
-5.710124598591183,-5.710124598591183
-5.702496503173774,-5.702496503173774
-5.694863504343377,-5.694863504343377
-5.687225650684914,-5.687225650684914
-5.6795829903869075,-5.6795829903869075
-5.671935571245776,-5.671935571245776
-5.664283440670051,-5.664283440670051
-5.65662664568453,-5.65662664568453
-5.648965232934377,-5.648965232934377
-5.641299248689165,-5.641299248689165
-5.633628738846848,-5.633628738846848
-5.625953748937684,-5.625953748937684
-5.618274324128107,-5.618274324128107
-5.610590509224526,-5.610590509224526
-5.602902348677085,-5.602902348677085
-5.595209886583372,-5.595209886583372
-5.587513166692055,-5.587513166692055
-5.57981223240649,-5.57981223240649
-5.572107126788264,-5.572107126788264
-5.564397892560687,-5.564397892560687
-5.556684572112251,-5.556684572112251
-5.548967207500025,-5.548967207500025
-5.541245840452999,-5.541245840452999
-5.533520512375406,-5.533520512375406
-5.52579126434997,-5.52579126434997
-5.518058137141125,-5.518058137141125
-5.510321171198191,-5.510321171198191
-5.502580406658496,-5.502580406658496
-5.494835883350465,-5.494835883350465
-5.4870876407966565,-5.4870876407966565
-5.47933571821678,-5.47933571821678
-5.471580154530643,-5.471580154530643
-5.463820988361073,-5.463820988361073
-5.456058258036814,-5.456058258036814
-5.448292001595353,-5.448292001595353
-5.440522256785743,-5.440522256785743
-5.43274906107136,-5.43274906107136
-5.424972451632635,-5.424972451632635
-5.417192465369759,-5.417192465369759
-5.409409138905336,-5.409409138905336
-5.401622508587017,-5.401622508587017
-5.3938326104900725,-5.3938326104900725
-5.386039480419977,-5.386039480419977
-5.378243153914912,-5.378243153914912
-5.3704436662482715,-5.3704436662482715
-5.3626410524311074,-5.3626410524311074
-5.354835347214571,-5.354835347214571
-5.3470265850923,-5.3470265850923
-5.339214800302795,-5.339214800302795
-5.331400026831739,-5.331400026831739
-5.323582298414319,-5.323582298414319
-5.315761648537496,-5.315761648537496
-5.307938110442251,-5.307938110442251
-5.300111717125811,-5.300111717125811
-5.292282501343836,-5.292282501343836
-5.284450495612581,-5.284450495612581
-5.276615732211042,-5.276615732211042
-5.268778243183055,-5.268778243183055
-5.2609380603393925,-5.2609380603393925
-5.25309521525981,-5.25309521525981
-5.245249739295087,-5.245249739295087
-5.23740166356904,-5.23740166356904
-5.229551018980489,-5.229551018980489
-5.221697836205229,-5.221697836205229
-5.213842145697969,-5.213842145697969
-5.20598397769423,-5.20598397769423
-5.198123362212245,-5.198123362212245
-5.190260329054818,-5.190260329054818
-5.1823949078111715,-5.1823949078111715
-5.174527127858765,-5.174527127858765
-5.166657018365088,-5.166657018365088
-5.158784608289459,-5.158784608289459
-5.150909926384747,-5.150909926384747
-5.143033001199141,-5.143033001199141
-5.135153861077842,-5.135153861077842
-5.127272534164767,-5.127272534164767
-5.119389048404223,-5.119389048404223
-5.111503431542559,-5.111503431542559
-5.103615711129801,-5.103615711129801
-5.095725914521272,-5.095725914521272
-5.087834068879186,-5.087834068879186
-5.0799402011742245,-5.0799402011742245
-5.072044338187102,-5.072044338187102
-5.064146506510104,-5.064146506510104
-5.056246732548616,-5.056246732548616
-5.048345042522621,-5.048345042522621
-5.040441462468201,-5.040441462468201
-5.032536018239,-5.032536018239
-5.0246287355076795,-5.0246287355076795
-5.016719639767369,-5.016719639767369
-5.008808756333072,-5.008808756333072
-5.000896110343085,-5.000896110343085
-4.992981726760378,-4.992981726760378
-4.985065630373979,-4.985065630373979
-4.97714784580033,-4.97714784580033
-4.969228397484622,-4.969228397484622
-4.961307309702141,-4.961307309702141
-4.953384606559562,-4.953384606559562
-4.945460311996269,-4.945460311996269
-4.937534449785618,-4.937534449785618
-4.9296070435362305,-4.9296070435362305
-4.921678116693235,-4.921678116693235
-4.913747692539508,-4.913747692539508
-4.905815794196914,-4.905815794196914
-4.897882444627514,-4.897882444627514
-4.889947666634769,-4.889947666634769
-4.882011482864726,-4.882011482864726
-4.874073915807203,-4.874073915807203
-4.86613498779694,-4.86613498779694
-4.858194721014758,-4.858194721014758
-4.850253137488697,-4.850253137488697
-4.842310259095135,-4.842310259095135
-4.83436610755991,-4.83436610755991
-4.826420704459414,-4.826420704459414
-4.818474071221692,-4.818474071221692
-4.8105262291275075,-4.8105262291275075
-4.802577199311425,-4.802577199311425
-4.794627002762848,-4.794627002762848
-4.786675660327077,-4.786675660327077
-4.778723192706337,-4.778723192706337
-4.770769620460796,-4.770769620460796
-4.762814964009585,-4.762814964009585
-4.7548592436317865,-4.7548592436317865
-4.746902479467437,-4.746902479467437
-4.738944691518497,-4.738944691518497
-4.730985899649829,-4.730985899649829
-4.723026123590147,-4.723026123590147
-4.715065382932972,-4.715065382932972
-4.707103697137571,-4.707103697137571
-4.699141085529885,-4.699141085529885
-4.691177567303449,-4.691177567303449
-4.683213161520302,-4.683213161520302
-4.675247887111891,-4.675247887111891
-4.667281762879959,-4.667281762879959
-4.659314807497427,-4.659314807497427
-4.651347039509276,-4.651347039509276
-4.643378477333398,-4.643378477333398
-4.635409139261464,-4.635409139261464
-4.627439043459763,-4.627439043459763
-4.619468207970041,-4.619468207970041
-4.611496650710342,-4.611496650710342
-4.603524389475811,-4.603524389475811
-4.595551441939524,-4.595551441939524
-4.58757782565328,-4.58757782565328
-4.579603558048409,-4.579603558048409
-4.571628656436551,-4.571628656436551
-4.563653138010443,-4.563653138010443
-4.555677019844691,-4.555677019844691
-4.547700318896536,-4.547700318896536
-4.539723052006608,-4.539723052006608
-4.53174523589968,-4.53174523589968
-4.523766887185411,-4.523766887185411
-4.515788022359075,-4.515788022359075
-4.507808657802302,-4.507808657802302
-4.499828809783785,-4.499828809783785
-4.491848494459999,-4.491848494459999
-4.4838677278759125,-4.4838677278759125
-4.475886525965679,-4.475886525965679
-4.467904904553339,-4.467904904553339
-4.4599228793534955,-4.4599228793534955
-4.451940465972005,-4.451940465972005
-4.443957679906642,-4.443957679906642
-4.435974536547766,-4.435974536547766
-4.427991051178984,-4.427991051178984
-4.420007238977806,-4.420007238977806
-4.412023115016283,-4.412023115016283
-4.4040386942616605,-4.4040386942616605
-4.396053991577001,-4.396053991577001
-4.38806902172182,-4.38806902172182
-4.3800837993527075,-4.3800837993527075
-4.372098339023937,-4.372098339023937
-4.364112655188092,-4.364112655188092
-4.356126762196652,-4.356126762196652
-4.348140674300604,-4.348140674300604
-4.34015440565103,-4.34015440565103
-4.332167970299696,-4.332167970299696
-4.324181382199641,-4.324181382199641
-4.316194655205736,-4.316194655205736
-4.308207803075274,-4.308207803075274
-4.300220839468519,-4.300220839468519
-4.2922337779492805,-4.2922337779492805
-4.2842466319854635,-4.2842466319854635
-4.2762594149496085,-4.2762594149496085
-4.26827214011945,-4.26827214011945
-4.2602848206784465,-4.2602848206784465
-4.252297469716321,-4.252297469716321
-4.244310100229588,-4.244310100229588
-4.236322725122071,-4.236322725122071
-4.2283353572054345,-4.2283353572054345
-4.22034800919969,-4.22034800919969
-4.212360693733707,-4.212360693733707
-4.204373423345719,-4.204373423345719
-4.196386210483821,-4.196386210483821
-4.188399067506472,-4.188399067506472
-4.18041200668298,-4.18041200668298
-4.17242504019399,-4.17242504019399
-4.164438180131964,-4.164438180131964
-4.156451438501664,-4.156451438501664
-4.148464827220619,-4.148464827220619
-4.140478358119598,-4.140478358119598
-4.132492042943073,-4.132492042943073
-4.124505893349681,-4.124505893349681
-4.1165199209126735,-4.1165199209126735
-4.108534137120375,-4.108534137120375
-4.100548553376632,-4.100548553376632
-4.092563181001248,-4.092563181001248
-4.084578031230427,-4.084578031230427
-4.076593115217219,-4.076593115217219
-4.068608444031931,-4.068608444031931
-4.060624028662573,-4.060624028662573
-4.052639880015273,-4.052639880015273
-4.0446560089147,-4.0446560089147
-4.036672426104474,-4.036672426104474
-4.028689142247587,-4.028689142247587
-4.0207061679268055,-4.0207061679268055
-4.01272351364508,-4.01272351364508
-4.004741189825936,-4.004741189825936
-3.996759206813885,-3.996759206813885
-3.98877757487481,-3.98877757487481
-3.9807963041963585,-3.9807963041963585
-3.9728154048883253,-3.9728154048883253
-3.964834886983045,-3.964834886983045
-3.956854760435761,-3.956854760435761
-3.94887503512501,-3.94887503512501
-3.9408957208529922,-3.9408957208529922
-3.932916827345938,-3.932916827345938
-3.924938364254483,-3.924938364254483
-3.9169603411540206,-3.9169603411540206
-3.908982767545069,-3.908982767545069
-3.9010056528536277,-3.9010056528536277
-3.8930290064315245,-3.8930290064315245
-3.8850528375567763,-3.8850528375567763
-3.8770771554339256,-3.8770771554339256
-3.869101969194393,-3.869101969194393
-3.8611272878968124,-3.8611272878968124
-3.853153120527373,-3.853153120527373
-3.8451794760001508,-3.8451794760001508
-3.837206363157445,-3.837206363157445
-3.829233790770103,-3.829233790770103
-3.821261767537848,-3.821261767537848
-3.813290302089603,-3.813290302089603
-3.8053194029838093,-3.8053194029838093
-3.7973490787087476,-3.7973490787087476
-3.789379337682847,-3.789379337682847
-3.7814101882550024,-3.7814101882550024
-3.773441638704881,-3.773441638704881
-3.765473697243229,-3.765473697243229
-3.757506372012176,-3.757506372012176
-3.749539671085534,-3.749539671085534
-3.741573602469098,-3.741573602469098
-3.733608174100942,-3.733608174100942
-3.725643393851709,-3.725643393851709
-3.7176792695249037,-3.7176792695249037
-3.7097158088571813,-3.7097158088571813
-3.7017530195186326,-3.7017530195186326
-3.693790909113061,-3.693790909113061
-3.6858294851782754,-3.6858294851782754
-3.677868755186353,-3.677868755186353
-3.6699087265439267,-3.6699087265439267
-3.661949406592453,-3.661949406592453
-3.6539908026084817,-3.6539908026084817
-3.646032921803927,-3.646032921803927
-3.6380757713263314,-3.6380757713263314
-3.630119358259129,-3.630119358259129
-3.6221636896219076,-3.6221636896219076
-3.6142087723706675,-3.6142087723706675
-3.6062546133980784,-3.6062546133980784
-3.598301219533731,-3.598301219533731
-3.5903485975443927,-3.5903485975443927
-3.582396754134256,-3.582396754134256
-3.5744456959451845,-3.5744456959451845
-3.566495429556961,-3.566495429556961
-3.5585459614875266,-3.5585459614875266
-3.5505972981932294,-3.5505972981932294
-3.542649446069056,-3.542649446069056
-3.5347024114488703,-3.5347024114488703
-3.526756200605648,-3.526756200605648
-3.5188108197517143,-3.5188108197517143
-3.5108662750389676,-3.5108662750389676
-3.502922572559111,-3.502922572559111
-3.494979718343878,-3.494979718343878
-3.4870377183652614,-3.4870377183652614
-3.4790965785357275,-3.4790965785357275
-3.471156304708444,-3.471156304708444
-3.4632169026774955,-3.4632169026774955
-3.4552783781781016,-3.4552783781781016
-3.4473407368868285,-3.4473407368868285
-3.4394039844218045,-3.4394039844218045
-3.431468126342932,-3.431468126342932
-3.423533168152094,-3.423533168152094
-3.41559911529336,-3.41559911529336
-3.4076659731531977,-3.4076659731531977
-3.399733747060671,-3.399733747060671
-3.3918024422876396,-3.3918024422876396
-3.3838720640489663,-3.3838720640489663
-3.37594261750271,-3.37594261750271
-3.368014107750322,-3.368014107750322
-3.3600865398368427,-3.3600865398368427
-3.352159918751093,-3.352159918751093
-3.3442342494258654,-3.3442342494258654
-3.336309536738113,-3.336309536738113
-3.328385785509141,-3.328385785509141
-3.320463000504785,-3.320463000504785
-3.3125411864356016,-3.3125411864356016
-3.3046203479570493,-3.3046203479570493
-3.296700489669669,-3.296700489669669
-3.2887816161192642,-3.2887816161192642
-3.280863731797076,-3.280863731797076
-3.2729468411399614,-3.2729468411399614
-3.265030948530571,-3.265030948530571
-3.257116058297514,-3.257116058297514
-3.2492021747155353,-3.2492021747155353
-3.2412893020056854,-3.2412893020056854
-3.233377444335484,-3.233377444335484
-3.2254666058190917,-3.2254666058190917
-3.2175567905174725,-3.2175567905174725
-3.209648002438556,-3.209648002438556
-3.2017402455374047,-3.2017402455374047
-3.1938335237163673,-3.1938335237163673
-3.185927840825245,-3.185927840825245
-3.178023200661444,-3.178023200661444
-3.170119606970132,-3.170119606970132
-3.162217063444398,-3.162217063444398
-3.154315573725398,-3.154315573725398
-3.146415141402511,-3.146415141402511
-3.138515770013493,-3.138515770013493
-3.130617463044616,-3.130617463044616
-3.1227202239308265,-3.1227202239308265
-3.114824056055883,-3.114824056055883
-3.106928962752508,-3.106928962752508
-3.099034947302524,-3.099034947302524
-3.0911420129370026,-3.0911420129370026
-3.0832501628364017,-3.0832501628364017
-3.0753594001307043,-3.0753594001307043
-3.067469727899557,-3.067469727899557
-3.0595811491724096,-3.0595811491724096
-3.051693666928646,-3.051693666928646
-3.04380728409772,-3.04380728409772
-3.0359220035592918,-3.0359220035592918
-3.0280378281433538,-3.0280378281433538
-3.020154760630362,-3.020154760630362
-3.012272803751369,-3.012272803751369
-3.0043919601881486,-3.0043919601881486
-2.9965122325733216,-2.9965122325733216
-2.988633623490482,-2.988633623490482
-2.9807561354743206,-2.9807561354743206
-2.97287977101075,-2.97287977101075
-2.9650045325370233,-2.9650045325370233
-2.957130422441855,-2.957130422441855
-2.949257443065541,-2.949257443065541
-2.9413855967000737,-2.9413855967000737
-2.933514885589266,-2.933514885589266
-2.9256453119288572,-2.9256453119288572
-2.917776877866635,-2.917776877866635
-2.9099095855025428,-2.9099095855025428
-2.902043436888797,-2.902043436888797
-2.894178434029997,-2.894178434029997
-2.8863145788832285,-2.8863145788832285
-2.8784518733581823,-2.8784518733581823
-2.870590319317255,-2.870590319317255
-2.862729918575656,-2.862729918575656
-2.8548706729015136,-2.8548706729015136
-2.847012584015982,-2.847012584015982
-2.8391556535933407,-2.8391556535933407
-2.8312998832610954,-2.8312998832610954
-2.8234452746000827,-2.8234452746000827
-2.8155918291445685,-2.8155918291445685
-2.8077395483823464,-2.8077395483823464
-2.799888433754835,-2.799888433754835
-2.7920384866571726,-2.7920384866571726
-2.7841897084383196,-2.7841897084383196
-2.7763421004011453,-2.7763421004011453
-2.7684956638025247,-2.7684956638025247
-2.7606503998534313,-2.7606503998534313
-2.7528063097190274,-2.7528063097190274
-2.744963394518756,-2.744963394518756
-2.7371216553264275,-2.7371216553264275
-2.7292810931703104,-2.7292810931703104
-2.7214417090332184,-2.7214417090332184
-2.7136035038525947,-2.7136035038525947
-2.7057664785205993,-2.7057664785205993
-2.6979306338841953,-2.6979306338841953
-2.6900959707452246,-2.6900959707452246
-2.6822624898605016,-2.6822624898605016
-2.6744301919418847,-2.6744301919418847
-2.66659907765636,-2.66659907765636
-2.6587691476261246,-2.6587691476261246
-2.65094040242866,-2.65094040242866
-2.643112842596811,-2.643112842596811
-2.6352864686188635,-2.6352864686188635
-2.62746128093862,-2.62746128093862
-2.619637279955475,-2.619637279955475
-2.6118144660244846,-2.6118144660244846
-2.6039928394564456,-2.6039928394564456
-2.596172400517963,-2.596172400517963
-2.588353149431524,-2.588353149431524
-2.580535086375565,-2.580535086375565
-2.572718211484543,-2.572718211484543
-2.5649025248490043,-2.5649025248490043
-2.557088026515651,-2.557088026515651
-2.5492747164874077,-2.5492747164874077
-2.5414625947234843,-2.5414625947234843
-2.5336516611394515,-2.5336516611394515
-2.5258419156072867,-2.5258419156072867
-2.5180333579554537,-2.5180333579554537
-2.5102259879689592,-2.5102259879689592
-2.502419805389409,-2.502419805389409
-2.494614809915074,-2.494614809915074
-2.4868110012009517,-2.4868110012009517
-2.4790083788588166,-2.4790083788588166
-2.4712069424572873,-2.4712069424572873
-2.4634066915218775,-2.4634066915218775
-2.4556076255350554,-2.4556076255350554
-2.447809743936295,-2.447809743936295
-2.440013046122137,-2.440013046122137
-2.432217531446234,-2.432217531446234
-2.424423199219416,-2.424423199219416
-2.4166300487097248,-2.4166300487097248
-2.4088380791424817,-2.4088380791424817
-2.401047289700331,-2.401047289700331
-2.3932576795232854,-2.3932576795232854
-2.3854692477087824,-2.3854692477087824
-2.3776819933117292,-2.3776819933117292
-2.369895915344549,-2.369895915344549
-2.362111012777227,-2.362111012777227
-2.3543272845373573,-2.3543272845373573
-2.3465447295101907,-2.3465447295101907
-2.3387633465386695,-2.3387633465386695
-2.3309831344234815,-2.3309831344234815
-2.323204091923094,-2.323204091923094
-2.315426217753802,-2.315426217753802
-2.307649510589764,-2.307649510589764
-2.2998739690630448,-2.2998739690630448
-2.2920995917636526,-2.2920995917636526
-2.2843263772395823,-2.2843263772395823
-2.2765543239968467,-2.2765543239968467
-2.2687834304995182,-2.2687834304995182
-2.2610136951697655,-2.2610136951697655
-2.2532451163878844,-2.2532451163878844
-2.2454776924923356,-2.2454776924923356
-2.2377114217797835,-2.2377114217797835
-2.2299463025051174,-2.2299463025051174
-2.222182332881497,-2.222182332881497
-2.2144195110803744,-2.2144195110803744
-2.206657835231535,-2.206657835231535
-2.1988973034231134,-2.1988973034231134
-2.191137913701639,-2.191137913701639
-2.1833796640720537,-2.1833796640720537
-2.175622552497747,-2.175622552497747
-2.167866576900575,-2.167866576900575
-2.1601117351608967,-2.1601117351608967
-2.1523580251175916,-2.1523580251175916
-2.1446054445680938,-2.1446054445680938
-2.1368539912684064,-2.1368539912684064
-2.129103662933135,-2.129103662933135
-2.1213544572355003,-2.1213544572355003
-2.113606371807372,-2.113606371807372
-2.105859404239281,-2.105859404239281
-2.0981135520804477,-2.0981135520804477
-2.0903688128387943,-2.0903688128387943
-2.0826251839809715,-2.0826251839809715
-2.0748826629323744,-2.0748826629323744
-2.067141247077161,-2.067141247077161
-2.0594009337582673,-2.0594009337582673
-2.0516617202774285,-2.0516617202774285
-2.043923603895194,-2.043923603895194
-2.0361865818309353,-2.0361865818309353
-2.0284506512628746,-2.0284506512628746
-2.020715809328088,-2.020715809328088
-2.012982053122523,-2.012982053122523
-2.005249379701006,-2.005249379701006
-1.9975177860772624,-1.9975177860772624
-1.9897872692239242,-1.9897872692239242
-1.9820578260725399,-1.9820578260725399
-1.9743294535135825,-1.9743294535135825
-1.9666021483964633,-1.9666021483964633
-1.9588759075295368,-1.9588759075295368
-1.951150727680112,-1.951150727680112
-1.9434266055744558,-1.9434266055744558
-1.9357035378978016,-1.9357035378978016
-1.927981521294357,-1.927981521294357
-1.9202605523673049,-1.9202605523673049
-1.91254062767881,-1.91254062767881
-1.904821743750026,-1.904821743750026
-1.8971038970610925,-1.8971038970610925
-1.8893870840511433,-1.8893870840511433
-1.881671301118303,-1.881671301118303
-1.8739565446196946,-1.8739565446196946
-1.8662428108714355,-1.8662428108714355
-1.8585300961486373,-1.8585300961486373
-1.8508183966854075,-1.8508183966854075
-1.8431077086748464,-1.8431077086748464
-1.8353980282690494,-1.8353980282690494
-1.8276893515790962,-1.8276893515790962
-1.8199816746750526,-1.8199816746750526
-1.8122749935859686,-1.8122749935859686
-1.8045693042998698,-1.8045693042998698
-1.7968646027637551,-1.7968646027637551
-1.7891608848835856,-1.7891608848835856
-1.7814581465242847,-1.7814581465242847
-1.7737563835097294,-1.7737563835097294
-1.7660555916227367,-1.7660555916227367
-1.7583557666050622,-1.7583557666050622
-1.750656904157389,-1.750656904157389
-1.7429589999393182,-1.7429589999393182
-1.735262049569353,-1.735262049569353
-1.7275660486248958,-1.7275660486248958
-1.7198709926422329,-1.7198709926422329
-1.712176877116522,-1.712176877116522
-1.7044836975017792,-1.7044836975017792
-1.6967914492108662,-1.6967914492108662
-1.689100127615476,-1.689100127615476
-1.681409728046118,-1.681409728046118
-1.6737202457921014,-1.6737202457921014
-1.6660316761015201,-1.6660316761015201
-1.6583440141812373,-1.6583440141812373
-1.6506572551968663,-1.6506572551968663
-1.6429713942727528,-1.6429713942727528
-1.6352864264919544,-1.6352864264919544
-1.6276023468962264,-1.6276023468962264
-1.6199191504859987,-1.6199191504859987
-1.6122368322203542,-1.6122368322203542
-1.604555387017008,-1.604555387017008
-1.596874809752289,-1.596874809752289
-1.589195095261114,-1.589195095261114
-1.5815162383369652,-1.5815162383369652
-1.573838233731867,-1.573838233731867
-1.5661610761563625,-1.5661610761563625
-1.558484760279489,-1.558484760279489
-1.550809280728748,-1.550809280728748
-1.5431346320900836,-1.5431346320900836
-1.5354608089078567,-1.5354608089078567
-1.5277878056848138,-1.5277878056848138
-1.5201156168820582,-1.5201156168820582
-1.5124442369190263,-1.5124442369190263
-1.504773660173455,-1.504773660173455
-1.4971038809813513,-1.4971038809813513
-1.4894348936369648,-1.4894348936369648
-1.4817666923927508,-1.4817666923927508
-1.4740992714593455,-1.4740992714593455
-1.4664326250055293,-1.4664326250055293
-1.4587667471581944,-1.4587667471581944
-1.4511016320023098,-1.4511016320023098
-1.4434372735808916,-1.4434372735808916
-1.4357736658949611,-1.4357736658949611
-1.428110802903517,-1.428110802903517
-1.4204486785234909,-1.4204486785234909
-1.4127872866297198,-1.4127872866297198
-1.405126621054899,-1.405126621054899
-1.3974666755895524,-1.3974666755895524
-1.389807443981985,-1.389807443981985
-1.382148919938256,-1.382148919938256
-1.3744910971221227,-1.3744910971221227
-1.366833969155017,-1.366833969155017
-1.3591775296159878,-1.3591775296159878
-1.351521772041674,-1.351521772041674
-1.3438666899262501,-1.3438666899262501
-1.3362122767213909,-1.3362122767213909
-1.3285585258362227,-1.3285585258362227
-1.3209054306372834,-1.3209054306372834
-1.3132529844484724,-1.3132529844484724
-1.3056011805510113,-1.3056011805510113
-1.2979500121833891,-1.2979500121833891
-1.290299472541325,-1.290299472541325
-1.2826495547777124,-1.2826495547777124
-1.275000252002577,-1.275000252002577
-1.2673515572830218,-1.2673515572830218
-1.259703463643186,-1.259703463643186
-1.2520559640641844,-1.2520559640641844
-1.2444090514840673,-1.2444090514840673
-1.2367627187977595,-1.2367627187977595
-1.2291169588570177,-1.2291169588570177
-1.221471764470367,-1.221471764470367
-1.2138271284030597,-1.2138271284030597
-1.2061830433770107,-1.2061830433770107
-1.1985395020707486,-1.1985395020707486
-1.1908964971193596,-1.1908964971193596
-1.1832540211144331,-1.1832540211144331
-1.175612066604,-1.175612066604
-1.1679706260924794,-1.1679706260924794
-1.1603296920406225,-1.1603296920406225
-1.1526892568654514,-1.1526892568654514
-1.145049312940199,-1.145049312940199
-1.1374098525942509,-1.1374098525942509
-1.1297708681130851,-1.1297708681130851
-1.122132351738213,-1.122132351738213
-1.1144942956671111,-1.1144942956671111
-1.1068566920531657,-1.1068566920531657
-1.0992195330056063,-1.0992195330056063
-1.0915828105894438,-1.0915828105894438
-1.083946516825402,-1.083946516825402
-1.0763106436898577,-1.0763106436898577
-1.068675183114773,-1.068675183114773
-1.061040126987629,-1.061040126987629
-1.0534054671513584,-1.0534054671513584
-1.0457711954042763,-1.0457711954042763
-1.0381373035000174,-1.0381373035000174
-1.0305037831474602,-1.0305037831474602
-1.0228706260106628,-1.0228706260106628
-1.0152378237087878,-1.0152378237087878
-1.0076053678160355,-1.0076053678160355
-0.999973249861572,-0.999973249861572
-0.9923414613294526,-0.9923414613294526
-0.9847099936585512,-0.9847099936585512
-0.9770788382424903,-0.9770788382424903
-0.969447986429562,-0.969447986429562
-0.9618174295226525,-0.9618174295226525
-0.9541871587791698,-0.9541871587791698
-0.9465571654109658,-0.9465571654109658
-0.9389274405842594,-0.9389274405842594
-0.9312979754195568,-0.9312979754195568
-0.9236687609915755,-0.9236687609915755
-0.9160397883291649,-0.9160397883291649
-0.908411048415226,-0.908411048415226
-0.90078253218663,-0.90078253218663
-0.8931542305341361,-0.8931542305341361
-0.8855261343023144,-0.8855261343023144
-0.8778982342894606,-0.8778982342894606
-0.870270521247508,-0.870270521247508
-0.8626429858819513,-0.8626429858819513
-0.8550156188517567,-0.8550156188517567
-0.8473884107692802,-0.8473884107692802
-0.8397613522001761,-0.8397613522001761
-0.8321344336633147,-0.8321344336633147
-0.8245076456306946,-0.8245076456306946
-0.816880978527353,-0.816880978527353
-0.8092544227312756,-0.8092544227312756
-0.8016279685733086,-0.8016279685733086
-0.7940016063370685,-0.7940016063370685
-0.7863753262588516,-0.7863753262588516
-0.7787491185275389,-0.7787491185275389
-0.771122973284505,-0.771122973284505
-0.7634968806235282,-0.7634968806235282
-0.755870830590692,-0.755870830590692
-0.7482448131842917,-0.7482448131842917
-0.7406188183547389,-0.7406188183547389
-0.7329928360044662,-0.7329928360044662
-0.7253668559878305,-0.7253668559878305
-0.7177408681110117,-0.7177408681110117
-0.7101148621319184,-0.7101148621319184
-0.7024888277600867,-0.7024888277600867
-0.6948627546565818,-0.6948627546565818
-0.6872366324338948,-0.6872366324338948
-0.6796104506558416,-0.6796104506558416
-0.6719841988374634,-0.6719841988374634
-0.6643578664449225,-0.6643578664449225
-0.6567314428953968,-0.6567314428953968
-0.6491049175569752,-0.6491049175569752
-0.6414782797485562,-0.6414782797485562
-0.6338515187397389,-0.6338515187397389
-0.6262246237507163,-0.6262246237507163
-0.6185975839521654,-0.6185975839521654
-0.6109703884651465,-0.6109703884651465
-0.6033430263609861,-0.6033430263609861
-0.5957154866611699,-0.5957154866611699
-0.5880877583372327,-0.5880877583372327
-0.5804598303106469,-0.5804598303106469
-0.5728316914527101,-0.5728316914527101
-0.5652033305844298,-0.5652033305844298
-0.5575747364764123,-0.5575747364764123
-0.5499458978487484,-0.5499458978487484
-0.5423168033708964,-0.5423168033708964
-0.5346874416615649,-0.5346874416615649
-0.5270578012885975,-0.5270578012885975
-0.5194278707688548,-0.5194278707688548
-0.511797638568096,-0.511797638568096
-0.5041670931008583,-0.5041670931008583
-0.4965362227303355,-0.4965362227303355
-0.4889050157682606,-0.4889050157682606
-0.4812734604747816,-0.4812734604747816
-0.4736415450583378,-0.4736415450583378
-0.46600925767553564,-0.46600925767553564
-0.45837658643102897,-0.45837658643102897
-0.4507435193773896,-0.4507435193773896
-0.4431100445149809,-0.4431100445149809
-0.4354761497918313,-0.4354761497918313
-0.4278418231035104,-0.4278418231035104
-0.42020705229299476,-0.42020705229299476
-0.4125718251505406,-0.4125718251505406
-0.4049361294135531,-0.4049361294135531
-0.3972999527664588,-0.3972999527664588
-0.38966328284056484,-0.38966328284056484
-0.38202610721393687,-0.38202610721393687
-0.3743884134112543,-0.3743884134112543
-0.3667501889036866,-0.3667501889036866
-0.3591114211087455,-0.3591114211087455
-0.3514720973901621,-0.3514720973901621
-0.34383220505773626,-0.34383220505773626
-0.3361917313672065,-0.3361917313672065
-0.32855066352011036,-0.32855066352011036
-0.32090898866364226,-0.32090898866364226
-0.3132666938905112,-0.3132666938905112
-0.30562376623880055,-0.30562376623880055
-0.29798019269182785,-0.29798019269182785
-0.290335960177998,-0.290335960177998
-0.28269105557065793,-0.28269105557065793
-0.27504546568795213,-0.27504546568795213
-0.2673991772926784,-0.2673991772926784
-0.25975217709213866,-0.25975217709213866
-0.2521044517379879,-0.2521044517379879
-0.244455987826089,-0.244455987826089
-0.23680677189636162,-0.23680677189636162
-0.22915679043263104,-0.22915679043263104
-0.22150602986247334,-0.22150602986247334
-0.21385447655706438,-0.21385447655706438
-0.20620211683102838,-0.20620211683102838
-0.19854893694227949,-0.19854893694227949
-0.19089492309186581,-0.19089492309186581
-0.18324006142381322,-0.18324006142381322
-0.17558433802496917,-0.17558433802496917
-0.1679277389248421,-0.1679277389248421
-0.1602702500954416,-0.1602702500954416
-0.15261185745111597,-0.15261185745111597
-0.14495254684839437,-0.14495254684839437
-0.13729230408582233,-0.13729230408582233
-0.12963111490379542,-0.12963111490379542
-0.12196896498439572,-0.12196896498439572
-0.11430583995122895,-0.11430583995122895
-0.10664172536925487,-0.10664172536925487
-0.09897660674461747,-0.09897660674461747
-0.09131046952447945,-0.09131046952447945
-0.08364329909685131,-0.08364329909685131
-0.0759750807904202,-0.0759750807904202
-0.06830579987437684,-0.06830579987437684
-0.06063544155824265,-0.06063544155824265
-0.052963990991698046,-0.052963990991698046
-0.04529143326440421,-0.04529143326440421
-0.03761775340582815,-0.03761775340582815
-0.029942936385063925,-0.029942936385063925
-0.02226696711065756,-0.02226696711065756
-0.014589830430424448,-0.014589830430424448
-0.006911511131269171,-0.006911511131269171
0.0007680060609961823,0.0007680060609961823
0.008448736481831963,0.008448736481831963
0.01613069552815802,0.01613069552815802
0.023813898658541412,0.023813898658541412
0.031498361393371206,0.031498361393371206
0.03918409931506193,0.03918409931506193
0.046871128068226145,0.046871128068226145
0.054559463359878276,0.054559463359878276
0.06224912095960988,0.06224912095960988
0.06994011669979877,0.06994011669979877
0.0776324664757827,0.0776324664757827
0.08532618624607269,0.08532618624607269
0.09302129203253177,0.09302129203253177
0.10071779992058488,0.10071779992058488
0.10841572605940328,0.10841572605940328
0.11611508666211579,0.11611508666211579
0.12381589800600164,0.12381589800600164
0.13151817643268912,0.13151817643268912
0.13922193834836766,0.13922193834836766
0.14692720022397812,0.14692720022397812
0.15463397859543196,0.15463397859543196
0.16234229006380352,0.16234229006380352
0.17005215129554818,0.17005215129554818
0.17776357902270148,0.17776357902270148
0.18547659004309805,0.18547659004309805
0.1931912012205722,0.1931912012205722
0.2009074294851802,0.2009074294851802
0.2086252918334038,0.2086252918334038
0.21634480532837608,0.21634480532837608
0.22406598710008252,0.22406598710008252
0.2317888543455943,0.2317888543455943
0.23951342432927297,0.23951342432927297
0.2472397143830025,0.2472397143830025
0.25496774190639465,0.25496774190639465
0.26269752436703003,0.26269752436703003
0.27042907930066545,0.27042907930066545
0.2781624243114687,0.2781624243114687
0.285897577072238,0.285897577072238
0.29363455532463945,0.29363455532463945
0.3013733768794213,0.3013733768794213
0.3091140596166594,0.3091140596166594
0.31685662148597643,0.31685662148597643
0.32460108050678477,0.32460108050678477
0.33234745476851235,0.33234745476851235
0.3400957624308457,0.3400957624308457
0.34784602172395973,0.34784602172395973
0.35559825094876363,0.35559825094876363
0.3633524684771332,0.3633524684771332
0.37110869275216163,0.37110869275216163
0.3788669422883889,0.3788669422883889
0.38662723567206136,0.38662723567206136
0.39438959156136255,0.39438959156136255
0.4021540286866733,0.4021540286866733
0.40992056585080733,0.40992056585080733
0.4176892219292751,0.4176892219292751
0.42546001587051885,0.42546001587051885
0.4332329666961833,0.4332329666961833
0.4410080935013529,0.4410080935013529
0.44878541545482264,0.44878541545482264
0.4565649517993406,0.4565649517993406
0.46434672185188214,0.46434672185188214
0.47213074500389635,0.47213074500389635
0.47991704072157765,0.47991704072157765
0.487705628546122,0.487705628546122
0.4954965280939993,0.4954965280939993
0.5032897590572102,0.5032897590572102
0.5110853412035654,0.5110853412035654
0.5188832943769438,0.5188832943769438
0.5266836384975748,0.5266836384975748
0.5344863935622984,0.5344863935622984
0.5422915796448549,0.5422915796448549
0.550099216896143,0.550099216896143
0.5579093255445149,0.5579093255445149
0.5657219258960409,0.5657219258960409
0.5735370383348029,0.5735370383348029
0.5813546833231619,0.5813546833231619
0.5891748814020594,0.5891748814020594
0.5969976531912876,0.5969976531912876
0.6048230193897899,0.6048230193897899
0.6126510007759352,0.6126510007759352
0.6204816182078271,0.6204816182078271
0.6283148926235759,0.6283148926235759
0.6361508450416132,0.6361508450416132
0.6439894965609696,0.6439894965609696
0.6518308683615885,0.6518308683615885
0.6596749817046084,0.6596749817046084
0.6675218579326844,0.6675218579326844
0.6753715184702686,0.6753715184702686
0.6832239848239369,0.6832239848239369
0.6910792785826763,0.6910792785826763
0.6989374214182071,0.6989374214182071
0.7067984350852837,0.7067984350852837
0.7146623414220169,0.7146623414220169
0.722529162350172,0.722529162350172
0.7303989198755025,0.7303989198755025
0.7382716360880515,0.7382716360880515
0.7461473331624839,0.7461473331624839
0.7540260333583968,0.7540260333583968
0.7619077590206532,0.7619077590206532
0.769792532579695,0.769792532579695
0.7776803765518823,0.7776803765518823
0.7855713135398111,0.7855713135398111
0.7934653662326547,0.7934653662326547
0.8013625574064835,0.8013625574064835
0.8092629099246165,0.8092629099246165
0.8171664467379371,0.8171664467379371
0.8250731908852553,0.8250731908852553
0.8329831654936254,0.8329831654936254
0.8408963937787065,0.8408963937787065
0.8488128990450954,0.8488128990450954
0.8567327046866825,0.8567327046866825
0.8646558341869899,0.8646558341869899
0.8725823111195353,0.8725823111195353
0.8805121591481703,0.8805121591481703
0.8884454020274501,0.8884454020274501
0.896382063602976,0.896382063602976
0.9043221678117711,0.9043221678117711
0.9122657386826206,0.9122657386826206
0.9202128003364599,0.9202128003364599
0.9281633769867149,0.9281633769867149
0.9361174929396939,0.9361174929396939
0.944075172594935,0.944075172594935
0.9520364404456004,0.9520364404456004
0.9600013210788283,0.9600013210788283
0.9679698391761306,0.9679698391761306
0.9759420195137531,0.9759420195137531
0.9839178869630754,0.9839178869630754
0.9918974664909735,0.9918974664909735
0.9998807831602234,0.9998807831602234
1.0078678621298827,1.0078678621298827
1.0158587286556746,1.0158587286556746
1.0238534080903876,1.0238534080903876
1.031851925884271,1.031851925884271
1.0398543075854336,1.0398543075854336
1.0478605788402313,1.0478605788402313
1.0558707653936803,1.0558707653936803
1.0638848930898628,1.0638848930898628
1.0719029878723303,1.0719029878723303
1.0799250757845085,1.0799250757845085
1.0879511829701127,1.0879511829701127
1.095981335673568,1.095981335673568
1.1040155602404218,1.1040155602404218
1.1120538831177553,1.1120538831177553
1.1200963308546146,1.1200963308546146
1.1281429301024353,1.1281429301024353
1.1361937076154691,1.1361937076154691
1.1442486902512035,1.1442486902512035
1.1523079049708047,1.1523079049708047
1.1603713788395498,1.1603713788395498
1.1684391390272661,1.1684391390272661
1.176511212808763,1.176511212808763
1.1845876275642795,1.1845876275642795
1.1926684107799335,1.1926684107799335
1.2007535900481672,1.2007535900481672
1.2088431930681904,1.2088431930681904
1.2169372476464488,1.2169372476464488
1.2250357816970616,1.2250357816970616
1.2331388232423017,1.2331388232423017
1.2412464004130352,1.2412464004130352
1.249358541449208,1.249358541449208
1.257475274700292,1.257475274700292
1.265596628625776,1.265596628625776
1.2737226317956185,1.2737226317956185
1.2818533128907434,1.2818533128907434
1.2899887007034998,1.2899887007034998
1.2981288241381626,1.2981288241381626
1.3062737122113992,1.3062737122113992
1.3144233940527756,1.3144233940527756
1.322577898905228,1.322577898905228
1.3307372561255757,1.3307372561255757
1.3389014951850002,1.3389014951850002
1.3470706456695605,1.3470706456695605
1.3552447372806833,1.3552447372806833
1.3634237998356808,1.3634237998356808
1.3716078632682454,1.3716078632682454
1.3797969576289808,1.3797969576289808
1.387991113085897,1.387991113085897
1.396190359924949,1.396190359924949
1.4043947285505376,1.4043947285505376
1.412604249486057,1.412604249486057
1.4208189533744013,1.4208189533744013
1.4290388709785158,1.4290388709785158
1.437264033181916,1.437264033181916
1.4454944709892381,1.4454944709892381
1.4537302155267668,1.4537302155267668
1.4619712980430006,1.4619712980430006
1.4702177499091744,1.4702177499091744
1.4784696026198376,1.4784696026198376
1.486726887793387,1.486726887793387
1.494989637172642,1.494989637172642
1.5032578826253933,1.5032578826253933
1.5115316561449827,1.5115316561449827
1.5198109898508572,1.5198109898508572
1.5280959159891585,1.5280959159891585
1.536386466933279,1.536386466933279
1.5446826751844658,1.5446826751844658
1.5529845733723797,1.5529845733723797
1.5612921942557043,1.5612921942557043
1.5696055707227206,1.5696055707227206
1.5779247357919144,1.5779247357919144
1.586249722612562,1.586249722612562
1.5945805644653472,1.5945805644653472
1.6029172947629522,1.6029172947629522
1.6112599470506819,1.6112599470506819
1.6196085550070634,1.6196085550070634
1.62796315244448,1.62796315244448
1.6363237733097755,1.6363237733097755
1.6446904516848941,1.6446904516848941
1.6530632217875005,1.6530632217875005
1.6614421179716208,1.6614421179716208
1.6698271747282702,1.6698271747282702
1.6782184266861098,1.6782184266861098
1.6866159086120742,1.6866159086120742
1.6950196554120387,1.6950196554120387
1.7034297021314562,1.7034297021314562
1.7118460839560368,1.7118460839560368
1.7202688362123841,1.7202688362123841
1.7286979943686902,1.7286979943686902
1.7371335940353776,1.7371335940353776
1.7455756709658046,1.7455756709658046
1.754024261056914,1.754024261056914
1.7624794003499484,1.7624794003499484
1.77094112503111,1.77094112503111
1.7794094714322777,1.7794094714322777
1.787884476031682,1.787884476031682
1.7963661754546312,1.7963661754546312
1.8048546064741928,1.8048546064741928
1.8133498060119286,1.8133498060119286
1.821851811138588,1.821851811138588
1.8303606590748478,1.8303606590748478
1.8388763871920204,1.8388763871920204
1.8473990330128007,1.8473990330128007
1.8559286342119832,1.8559286342119832
1.8644652286172168,1.8644652286172168
1.8730088542097345,1.8730088542097345
1.8815595491251182,1.8815595491251182
1.8901173516540342,1.8901173516540342
1.898682300243013,1.898682300243013
1.907254433495193,1.907254433495193
1.915833790171107,1.915833790171107
1.9244204091894375,1.9244204091894375
1.9330143296278188,1.9330143296278188
1.9416155907235955,1.9416155907235955
1.9502242318746377,1.9502242318746377
1.9588402926401092,1.9588402926401092
1.967463812741296,1.967463812741296
1.976094832062382,1.976094832062382
1.984733390651287,1.984733390651287
1.993379528720455,1.993379528720455
2.002033286647704,2.002033286647704
2.010694704977036,2.010694704977036
2.0193638244194654,2.0193638244194654
2.0280406858538655,2.0280406858538655
2.0367253303278163,2.0367253303278163
2.0454177990584443,2.0454177990584443
2.0541181334332808,2.0541181334332808
2.062826375011116,2.062826375011116
2.0715425655228814,2.0715425655228814
2.080266746872509,2.080266746872509
2.08899896113781,2.08899896113781
2.097739250571358,2.097739250571358
2.10648765760139,2.10648765760139
2.115244224832693,2.115244224832693
2.1240089950475025,2.1240089950475025
2.132782011206416,2.132782011206416
2.141563316449311,2.141563316449311
2.150352954096261,2.150352954096261
2.159150967648459,2.159150967648459
2.167957400789151,2.167957400789151
2.1767722973845887,2.1767722973845887
2.1855957014849583,2.1855957014849583
2.194427657325339,2.194427657325339
2.2032682093266622,2.2032682093266622
2.2121174020966787,2.2121174020966787
2.220975280430929,2.220975280430929
2.229841889313722,2.229841889313722
2.238717273919116,2.238717273919116
2.2476014796119177,2.2476014796119177
2.2564945519486845,2.2564945519486845
2.2653965366787157,2.2653965366787157
2.274307479745071,2.274307479745071
2.2832274272856066,2.2832274272856066
2.2921564256339817,2.2921564256339817
2.3010945213206995,2.3010945213206995
2.3100417610741433,2.3100417610741433
2.318998191821641,2.318998191821641
2.327963860690507,2.327963860690507
2.336938815009104,2.336938815009104
2.3459231023079177,2.3459231023079177
2.354916770320643,2.354916770320643
2.363919866985258,2.363919866985258
2.3729324404451186,2.3729324404451186
2.3819545390500596,2.3819545390500596
2.3909862113575135,2.3909862113575135
2.400027506133618,2.400027506133618
2.409078472354331,2.409078472354331
2.4181391592065857,2.4181391592065857
2.427209616089408,2.427209616089408
2.4362898926150836,2.4362898926150836
2.4453800386102964,2.4453800386102964
2.454480104117314,2.454480104117314
2.4635901393951367,2.4635901393951367
2.4727101949207024,2.4727101949207024
2.4818403213900537,2.4818403213900537
2.4909805697195595,2.4909805697195595
2.500130991047097,2.500130991047097
2.5092916367332903,2.5092916367332903
2.5184625583627147,2.5184625583627147
2.5276438077451475,2.5276438077451475
2.5368354369167894,2.5368354369167894
2.5460374981415397,2.5460374981415397
2.5552500439122285,2.5552500439122285
2.564473126951913,2.564473126951913
2.5737068002151275,2.5737068002151275
2.5829511168891983,2.5829511168891983
2.592206130395515,2.592206130395515
2.601471894390858,2.601471894390858
2.6107484627686914,2.6107484627686914
2.620035889660515,2.620035889660515
2.6293342294371684,2.6293342294371684
2.6386435367102052,2.6386435367102052
2.6479638663332166,2.6479638663332166
2.657295273403227,2.657295273403227
2.666637813262039,2.666637813262039
2.6759915414976416,2.6759915414976416
2.6853565139455817,2.6853565139455817
2.694732786690391,2.694732786690391
2.7041204160669814,2.7041204160669814
2.713519458662086,2.713519458662086
2.722929971315678,2.722929971315678
2.732352011122436,2.732352011122436
2.741785635433184,2.741785635433184
2.751230901856375,2.751230901856375
2.7606878682595486,2.7606878682595486
2.7701565927708516,2.7701565927708516
2.7796371337805006,2.7796371337805006
2.7891295499423316,2.7891295499423316
2.798633900175293,2.798633900175293
2.8081502436650063,2.8081502436650063
2.817678639865285,2.817678639865285
2.827219148499722,2.827219148499722
2.8367718295632267,2.8367718295632267
2.8463367433236435,2.8463367433236435
2.8559139503233055,2.8559139503233055
2.8655035113806786,2.8655035113806786
2.8751054875919415,2.8751054875919415
2.8847199403326487,2.8847199403326487
2.894346931259349,2.894346931259349
2.903986522311252,2.903986522311252
2.9136387757118882,2.9136387757118882
2.9233037539708024,2.9233037539708024
2.93298151988522,2.93298151988522
2.9426721365417876,2.9426721365417876
2.952375667318252,2.952375667318252
2.962092175885234,2.962092175885234
2.9718217262079354,2.9718217262079354
2.9815643825479263,2.9815643825479263
2.991320209464891,2.991320209464891
3.0010892718184436,3.0010892718184436
3.0108716347699036,3.0108716347699036
3.0206673637841153,3.0206673637841153
3.0304765246312746,3.0304765246312746
3.0402991833887807,3.0402991833887807
3.050135406443083,3.050135406443083
3.059985260491546,3.059985260491546
3.069848812544341,3.069848812544341
3.0797261299263523,3.0797261299263523
3.089617280279083,3.089617280279083
3.09952233156258,3.09952233156258
3.1094413520573845,3.1094413520573845
3.1193744103664978,3.1193744103664978
3.1293215754173493,3.1293215754173493
3.139282916463785,3.139282916463785
3.1492585030880735,3.1492585030880735
3.1592484052029395,3.1592484052029395
3.169252693053596,3.169252693053596
3.179271437219788,3.179271437219788
3.189304708617876,3.189304708617876
3.199352578502923,3.199352578502923
3.2094151184707975,3.2094151184707975
3.219492400460284,3.219492400460284
3.2295844967552276,3.2295844967552276
3.239691479986696,3.239691479986696
3.249813423135147,3.249813423135147
3.259950399532607,3.259950399532607
3.270102482864885,3.270102482864885
3.280269747173808,3.280269747173808
3.2904522668594547,3.2904522668594547
3.3006501166824074,3.3006501166824074
3.3108633717660414,3.3108633717660414
3.321092107598826,3.321092107598826
3.331336400036638,3.331336400036638
3.3415963253050855,3.3415963253050855
3.351871960001871,3.351871960001871
3.362163381099174,3.362163381099174
3.3724706659460293,3.3724706659460293
3.382793892270741,3.382793892270741
3.3931331381833156,3.3931331381833156
3.4034884821779237,3.4034884821779237
3.4138600031353628,3.4138600031353628
3.4242477803255484,3.4242477803255484
3.4346518934100265,3.4346518934100265
3.4450724224445146,3.4450724224445146
3.4555094478814605,3.4555094478814605
3.465963050572596,3.465963050572596
3.4764333117715562,3.4764333117715562
3.4869203131364923,3.4869203131364923
3.4974241367327137,3.4974241367327137
3.5079448650353413,3.5079448650353413
3.518482580931999,3.518482580931999
3.5290373677255307,3.5290373677255307
3.539609309136719,3.539609309136719
3.5501984893070393,3.5501984893070393
3.5608049928014336,3.5608049928014336
3.5714289046111256,3.5714289046111256
3.582070310156431,3.582070310156431
3.592729295289604,3.592729295289604
3.6034059462977126,3.6034059462977126
3.614100349905536,3.614100349905536
3.624812593278494,3.624812593278494
3.6355427640255598,3.6355427640255598
3.646290950202278,3.646290950202278
3.657057240313713,3.657057240313713
3.6678417233175167,3.6678417233175167
3.6786444886269285,3.6786444886269285
3.68946562611389,3.68946562611389
3.700305226112121,3.700305226112121
3.7111633794202605,3.7111633794202605
3.7220401773050034,3.7220401773050034
3.7329357115043034,3.7329357115043034
3.74385007423056,3.74385007423056
3.7547833581738783,3.7547833581738783
3.7657356565053086,3.7657356565053086
3.7767070628801647,3.7767070628801647
3.7876976714413204,3.7876976714413204
3.79870757682259,3.79870757682259
3.8097368741520743,3.8097368741520743
3.8207856590556077,3.8207856590556077
3.8318540276601625,3.8318540276601625
3.8429420765973537,3.8429420765973537
3.854049903006903,3.854049903006903
3.86517760454021,3.86517760454021
3.8763252793638805,3.8763252793638805
3.8874930261633516,3.8874930261633516
3.8986809441464834,3.8986809441464834
3.909889133047261,3.909889133047261
3.9211176931294407,3.9211176931294407
3.932366725190321,3.932366725190321
3.943636330564454,3.943636330564454
3.954926611127479,3.954926611127479
3.966237669299914,3.966237669299914
3.9775696080510436,3.9775696080510436
3.9889225309027876,3.9889225309027876
4.000296541933665,4.000296541933665
4.0116917457827155,4.0116917457827155
4.023108247653546,4.023108247653546
4.034546153318335,4.034546153318335
4.046005569121929,4.046005569121929
4.057486601985936,4.057486601985936
4.068989359412896,4.068989359412896
4.080513949490445,4.080513949490445
4.092060480895566,4.092060480895566
4.103629062898828,4.103629062898828
4.115219805368713,4.115219805368713
4.126832818775932,4.126832818775932
4.138468214197851,4.138468214197851
4.1501261033228625,4.1501261033228625
4.161806598454902,4.161806598454902
4.173509812517905,4.173509812517905
4.185235859060404,4.185235859060404
4.196984852260078,4.196984852260078
4.208756906928422,4.208756906928422
4.220552138515392,4.220552138515392
4.232370663114149,4.232370663114149
4.244212597465806,4.244212597465806
4.256078058964266,4.256078058964266
4.26796716566104,4.26796716566104
4.27988003627019,4.27988003627019
4.291816790173232,4.291816790173232
4.303777547424173,4.303777547424173
4.315762428754519,4.315762428754519
4.327771555578401,4.327771555578401
4.339805049997669,4.339805049997669
4.351863034807119,4.351863034807119
4.363945633499719,4.363945633499719
4.37605297027188,4.37605297027188
4.388185170028815,4.388185170028815
4.400342358389923,4.400342358389923
4.4125246616942375,4.4125246616942375
4.424732207005901,4.424732207005901
4.436965122119725,4.436965122119725
4.449223535566804,4.449223535566804
4.461507576620162,4.461507576620162
4.473817375300451,4.473817375300451
4.486153062381726,4.486153062381726
4.498514769397293,4.498514769397293
4.510902628645553,4.510902628645553
4.523316773195959,4.523316773195959
4.535757336895007,4.535757336895007
4.548224454372302,4.548224454372302
4.560718261046671,4.560718261046671
4.573238893132323,4.573238893132323
4.5857864876451,4.5857864876451
4.59836118240879,4.59836118240879
4.610963116061468,4.610963116061468
4.6235924280619285,4.6235924280619285
4.636249258696171,4.636249258696171
4.648933749083975,4.648933749083975
4.661646041185503,4.661646041185503
4.674386277807991,4.674386277807991
4.687154602612498,4.687154602612498
4.699951160120757,4.699951160120757
4.7127760957220355,4.7127760957220355
4.725629555680111,4.725629555680111
4.738511687140305,4.738511687140305
4.7514226381365905,4.7514226381365905
4.764362557598773,4.764362557598773
4.777331595359722,4.777331595359722
4.790329902162711,4.790329902162711
4.803357629668825,4.803357629668825
4.8164149304644335,4.8164149304644335
4.829501958068731,4.829501958068731
4.842618866941371,4.842618866941371
4.855765812490205,4.855765812490205
4.868942951079049,4.868942951079049
4.882150440035549,4.882150440035549
4.895388437659153,4.895388437659153
4.908657103229148,4.908657103229148
4.92195659701278,4.92195659701278
4.9352870802734445,4.9352870802734445
4.948648715278996,4.948648715278996
4.962041665310139,4.962041665310139
4.975466094668874,4.975466094668874
4.988922168687067,4.988922168687067
5.0024100537350975,5.0024100537350975
5.015929917230602,5.015929917230602
5.029481927647323,5.029481927647323
5.043066254524001,5.043066254524001
5.056683068473427,5.056683068473427
5.070332541191571,5.070332541191571
5.084014845466781,5.084014845466781
5.097730155189108,5.097730155189108
5.111478645359723,5.111478645359723
5.125260492100452,5.125260492100452
5.139075872663391,5.139075872663391
5.15292496544063,5.15292496544063
5.166807949974085,5.166807949974085
5.180725006965459,5.180725006965459
5.1946763182862865,5.1946763182862865
5.2086620669880785,5.2086620669880785
5.222682437312609,5.222682437312609
5.236737614702303,5.236737614702303
5.250827785810741,5.250827785810741
5.2649531385132535,5.2649531385132535
5.279113861917673,5.279113861917673
5.2933101463751955,5.2933101463751955
5.307542183491338,5.307542183491338
5.32181016613704,5.32181016613704
5.336114288459886,5.336114288459886
5.350454745895458,5.350454745895458
5.36483173517881,5.36483173517881
5.37924545435606,5.37924545435606
5.3936961027961265,5.3936961027961265
5.408183881202618,5.408183881202618
5.422708991625815,5.422708991625815
5.437271637474805,5.437271637474805
5.451872023529767,5.451872023529767
5.466510355954403,5.466510355954403
5.481186842308476,5.481186842308476
5.4959016915605226,5.4959016915605226
5.510655114100686,5.510655114100686
5.5254473217537585,5.5254473217537585
5.540278527792281,5.540278527792281
5.555148946949868,5.555148946949868
5.5700587954346465,5.5700587954346465
5.58500829094289,5.58500829094289
5.599997652672774,5.599997652672774
5.615027101338311,5.615027101338311
5.630096859183433,5.630096859183433
5.645207149996262,5.645207149996262
5.660358199123544,5.660358199123544
5.675550233485248,5.675550233485248
5.69078348158931,5.69078348158931
5.706058173546606,5.706058173546606
5.72137454108607,5.72137454108607
5.736732817570007,5.736732817570007
5.752133238009548,5.752133238009548
5.767576039080352,5.767576039080352
5.783061459138464,5.783061459138464
5.798589738236367,5.798589738236367
5.814161118139202,5.814161118139202
5.829775842341239,5.829775842341239
5.845434156082514,5.845434156082514
5.861136306365666,5.861136306365666
5.8768825419729795,5.8768825419729795
5.89267311348365,5.89267311348365
5.908508273291252,5.908508273291252
5.9243882756214346,5.9243882756214346
5.940313376549784,5.940313376549784
5.956283834019981,5.956283834019981
5.9722999078621415,5.9722999078621415
5.988361859811369,5.988361859811369
6.004469953526585,6.004469953526585
6.020624454609532,6.020624454609532
6.036825630624102,6.036825630624102
6.053073751115807,6.053073751115807
6.06936908763156,6.06936908763156
6.085711913739677,6.085711913739677
6.102102505050164,6.102102505050164
6.118541139235225,6.118541139235225
6.135028096050027,6.135028096050027
6.151563657353763,6.151563657353763
6.168148107130972,6.168148107130972
6.184781731513112,6.184781731513112
6.20146481880043,6.20146481880043
6.218197659484089,6.218197659484089
6.2349805462686305,6.2349805462686305
6.251813774094681,6.251813774094681
6.268697640161938,6.268697640161938
6.285632443952517,6.285632443952517
6.302618487254565,6.302618487254565
6.319656074186178,6.319656074186178
6.336745511219629,6.336745511219629
6.3538871072059315,6.3538871072059315
6.371081173399734,6.371081173399734
6.388328023484526,6.388328023484526
6.405627973598151,6.405627973598151
6.4229813423587085,6.4229813423587085
6.440388450890793,6.440388450890793
6.457849622852052,6.457849622852052
6.475365184460108,6.475365184460108
6.4929354645198645,6.4929354645198645
6.510560794451175,6.510560794451175
6.528241508316859,6.528241508316859
6.545977942851113,6.545977942851113
6.563770437488308,6.563770437488308
6.581619334392197,6.581619334392197
6.599524978485485,6.599524978485485
6.617487717479813,6.617487717479813
6.635507901906179,6.635507901906179
6.653585885145751,6.653585885145751
6.671722023461117,6.671722023461117
6.689916676027957,6.689916676027957
6.7081702049671526,6.7081702049671526
6.726482975377383,6.726482975377383
6.7448553553681165,6.7448553553681165
6.763287716093089,6.763287716093089
6.781780431784265,6.781780431784265
6.80033387978627,6.80033387978627
6.818948440591306,6.818948440591306
6.837624497874533,6.837624497874533
6.856362438530001,6.856362438530001
6.875162652707073,6.875162652707073
6.894025533847372,6.894025533847372
6.912951478722212,6.912951478722212
6.931940887470647,6.931940887470647
6.950994163638016,6.950994163638016
6.970111714215053,6.970111714215053
6.989293949677548,6.989293949677548
7.00854128402662,7.00854128402662
7.027854134829561,7.027854134829561
7.047232923261272,7.047232923261272
7.066678074146287,7.066678074146287
7.086190016001452,7.086190016001452
7.105769181079228,7.105769181079228
7.125416005411611,7.125416005411611
7.145130928854706,7.145130928854706
7.164914395133981,7.164914395133981
7.184766851890203,7.184766851890203
7.204688750726042,7.204688750726042
7.224680547253356,7.224680547253356
7.244742701141233,7.244742701141233
7.264875676164747,7.264875676164747
7.285079940254438,7.285079940254438
7.30535596554652,7.30535596554652
7.325704228433912,7.325704228433912
7.3461252096180365,7.3461252096180365
7.366619394161365,7.366619394161365
7.387187271540816,7.387187271540816
7.407829335701961,7.407829335701961
7.428546085114095,7.428546085114095
7.449338022826127,7.449338022826127
7.470205656523344,7.470205656523344
7.491149498585088,7.491149498585088
7.512170066143339,7.512170066143339
7.533267881142186,7.533267881142186
7.554443470398247,7.554443470398247
7.5756973656620685,7.5756973656620685
7.5970301036804955,7.5970301036804955
7.618442226260014,7.618442226260014
7.6399342803311034,7.6399342803311034
7.661506818013647,7.661506818013647
7.683160396683409,7.683160396683409
7.704895579039525,7.704895579039525
7.726712933173129,7.726712933173129
7.748613032637074,7.748613032637074
7.770596456516843,7.770596456516843
7.7926637895025515,7.7926637895025515
7.814815621962139,7.814815621962139
7.837052550015809,7.837052550015809
7.859375175611698,7.859375175611698
7.881784106602726,7.881784106602726
7.904279956824826,7.904279956824826
7.926863346176389,7.926863346176389
7.949534900699089,7.949534900699089
7.972295252660087,7.972295252660087
7.995145040635573,7.995145040635573
8.018084909595705,8.018084909595705
8.041115510991071,8.041115510991071
8.06423750284057,8.06423750284057
8.087451549820802,8.087451549820802
8.110758323356963,8.110758323356963
8.134158501715365,8.134158501715365
8.157652770097526,8.157652770097526
8.181241820735881,8.181241820735881
8.204926352991153,8.204926352991153
8.228707073451444,8.228707073451444
8.252584696033077,8.252584696033077
8.276559942083171,8.276559942083171
8.300633540484025,8.300633540484025
8.324806227759403,8.324806227759403
8.349078748182661,8.349078748182661
8.373451853886834,8.373451853886834
8.397926304976629,8.397926304976629
8.422502869642516,8.422502869642516
8.447182324276847,8.447182324276847
8.47196545359205,8.47196545359205
8.49685305074097,8.49685305074097
8.521845917439446,8.521845917439446
8.546944864091117,8.546944864091117
8.57215070991449,8.57215070991449
8.597464283072368,8.597464283072368
8.622886420803683,8.622886420803683
8.64841796955779,8.64841796955779
8.674059785131229,8.674059785131229
8.699812732807056,8.699812732807056
8.725677687496807,8.725677687496807
8.751655533885147,8.751655533885147
8.777747166577244,8.777747166577244
8.803953490248905,8.803953490248905
8.830275419799644,8.830275419799644
8.856713880508659,8.856713880508659
8.883269808193802,8.883269808193802
8.90994414937358,8.90994414937358
8.936737861432347,8.936737861432347
8.963651912788738,8.963651912788738
8.9906872830673,8.9906872830673
9.017844963273541,9.017844963273541
9.045125955972425,9.045125955972425
9.072531275470425,9.072531275470425
9.100061948001114,9.100061948001114
9.127719011914506,9.127719011914506
9.15550351787017,9.15550351787017
9.183416529034256,9.183416529034256
9.211459121280447,9.211459121280447
9.23963238339497,9.23963238339497
9.267937417285847,9.267937417285847
9.296375338196365,9.296375338196365
9.324947274922945,9.324947274922945
9.353654370037459,9.353654370037459
9.382497780114175,9.382497780114175
9.411478675961456,9.411478675961456
9.440598242858194,9.440598242858194
9.46985768079526,9.46985768079526
9.499258204722004,9.499258204722004
9.528801044798008,9.528801044798008
9.558487446650123,9.558487446650123
9.58831867163496,9.58831867163496
9.618295997107094,9.618295997107094
9.648420716692947,9.648420716692947
9.67869414057061,9.67869414057061
9.709117595755702,9.709117595755702
9.739692426393502,9.739692426393502
9.770419994057436,9.770419994057436
9.801301678054127,9.801301678054127
9.832338875735134,9.832338875735134
9.863533002815672,9.863533002815672
9.894885493700384,9.894885493700384
9.92639780181642,9.92639780181642
9.958071399953909,9.958071399953909
9.989907780614237,9.989907780614237
10.021908456366184,10.021908456366184
10.054074960210107,10.054074960210107
10.086408845950494,10.086408845950494
10.118911688577107,10.118911688577107
10.151585084654894,10.151585084654894
10.184430652722964,10.184430652722964
10.217450033702816,10.217450033702816
10.250644891316165,10.250644891316165
10.284016912512644,10.284016912512644
10.317567807907514,10.317567807907514
10.351299312229829,10.351299312229829
10.38521318478129,10.38521318478129
10.419311209906152,10.419311209906152
10.45359519747237,10.45359519747237
10.488066983364423,10.488066983364423
10.522728429988161,10.522728429988161
10.557581426788026,10.557581426788026
10.592627890776901,10.592627890776901
10.627869767079074,10.627869767079074
10.663309029486747,10.663309029486747
10.698947681030353,10.698947681030353
10.73478775456323,10.73478775456323
10.77083131336096,10.77083131336096
10.80708045173596,10.80708045173596
10.843537295667725,10.843537295667725
10.880204003449158,10.880204003449158
10.917082766349505,10.917082766349505
10.95417580929454,10.95417580929454
10.991485391564353,10.991485391564353
11.029013807509399,11.029013807509399
11.066763387285313,11.066763387285313
11.104736497607233,11.104736497607233
11.142935542524077,11.142935542524077
11.181362964213525,11.181362964213525
11.220021243798302,11.220021243798302
11.258912902184532,11.258912902184532
11.298040500922875,11.298040500922875
11.337406643093079,11.337406643093079
11.377013974212833,11.377013974212833
11.416865183171716,11.416865183171716
11.45696300319109,11.45696300319109
11.497310212810707,11.497310212810707
11.537909636902985,11.537909636902985
11.578764147716003,11.578764147716003
11.619876665946048,11.619876665946048
11.661250161840737,11.661250161840737
11.702887656333886,11.702887656333886
11.744792222213048,11.744792222213048
11.78696698532108,11.78696698532108
11.829415125792766,11.829415125792766
11.872139879327746,11.872139879327746
11.915144538501124,11.915144538501124
11.958432454113048,11.958432454113048
12.002007036578702,12.002007036578702
12.045871757360093,12.045871757360093
12.090030150441208,12.090030150441208
12.134485813848148,12.134485813848148
12.179242411215897,12.179242411215897
12.224303673403407,12.224303673403407
12.26967340015875,12.26967340015875
12.315355461836406,12.315355461836406
12.361353801168548,12.361353801168548
12.407672435092259,12.407672435092259
12.454315456634976,12.454315456634976
12.501287036860456,12.501287036860456
12.548591426877387,12.548591426877387
12.596232959913317,12.596232959913317
12.644216053456244,12.644216053456244
12.692545211466772,12.692545211466772
12.741225026663544,12.741225026663544
12.790260182884744,12.790260182884744
12.839655457528986,12.839655457528986
12.889415724078614,12.889415724078614
13.986627269812233,13.986627269812233
14.020570678212042,14.020570678212042
14.05480510828527,14.05480510828527
14.089337688598029,14.089337688598029
14.124175551874782,14.124175551874782
14.159325848048175,14.159325848048175
14.194795756152528,14.194795756152528
14.230592495265626,14.230592495265626
14.266723334666514,14.266723334666514
14.303195603347854,14.303195603347854
14.340016698998232,14.340016698998232
14.377194096551774,14.377194096551774
14.414735356387462,14.414735356387462
14.452648132248488,14.452648132248488
14.490940178942909,14.490940178942909
14.529619359878632,14.529619359878632
14.568693654479478,14.568693654479478
14.608171165523848,14.608171165523848
14.648060126443223,14.648060126443223
14.68836890861453,14.68836890861453
14.729106028677027,14.729106028677027
14.77028015590258,14.77028015590258
14.81190011964594,14.81190011964594
14.853974916900647,14.853974916900647
14.896513719984458,14.896513719984458
14.939525884377936,14.939525884377936
14.983020956738777,14.983020956738777
15.02700868311435,15.02700868311435
15.071499017374794,15.071499017374794
15.116502129888604,15.116502129888604
15.162028416463384,15.162028416463384
15.208088507574267,15.208088507574267
15.254693277903556,15.254693277903556
15.301853856214816,15.301853856214816
15.349581635586558,15.349581635586558
15.397888284030635,15.397888284030635
15.446785755521985,15.446785755521985
15.496286301467322,15.496286301467322
15.54640248264168,15.54640248264168
15.597147181623455,15.597147181623455
15.648533615759801,15.648533615759801
15.700575350696273,15.700575350696273
15.753286314506335,15.753286314506335
15.806680812459131,15.806680812459131
15.860773542465113,15.860773542465113
15.915579611242714,15.915579611242714
15.971114551251453,15.971114551251453
16.02739433844003,16.02739433844003
16.084435410861268,16.084435410861268
16.142254688209114,16.142254688209114
16.200869592336968,16.200869592336968
16.260298068820788,16.260298068820788
16.32055860963503,16.32055860963503
16.381670277013992,16.381670277013992
16.44365272857727,16.44365272857727
16.506526243803467,16.506526243803467
16.570311751942782,16.570311751942782
16.63503086146599,16.63503086146599
16.700705891155298,16.700705891155298
16.76735990295063,16.76735990295063
16.835016736674238,16.835016736674238
16.903701046766045,16.903701046766045
16.973438341173726,16.973438341173726
17.044255022553095,17.044255022553095
17.11617843194764,17.11617843194764
17.18923689513035,17.18923689513035
17.263459771807206,17.263459771807206
17.338877507898832,17.338877507898832
17.415521691136483,17.415521691136483
17.493425110229307,17.493425110229307
17.572621817883725,17.572621817883725
17.653147197981895,17.653147197981895
17.73503803725464,17.73503803725464
17.818332601816092,17.818332601816092
17.903070718963388,17.903070718963388
17.989293864683734,17.989293864683734
18.077045257355103,18.077045257355103
18.166369958175807,18.166369958175807
18.257314978913058,18.257314978913058
18.349929397621935,18.349929397621935
18.44426448305449,18.44426448305449
18.540373828555506,18.540373828555506
18.63831349632868,18.63831349632868
18.73814217305382,18.73814217305382
18.839921337945796,18.839921337945796
18.94371544447019,18.94371544447019
19.049592117071104,19.049592117071104
19.157622364426935,19.157622364426935
19.267880810930656,19.267880810930656
19.3804459482979,19.3804459482979
19.49540040944306,19.49540040944306
19.612831267033258,19.612831267033258
19.73283035943987,19.73283035943987
19.855494647163834,19.855494647163834
19.98092660322182,19.98092660322182
20.109234641454798,20.109234641454798
20.240533587270665,20.240533587270665
20.374945195971186,20.374945195971186
20.512598724558938,20.512598724558938
20.65363156378919,20.65363156378919
20.79818993825296,20.79818993825296
20.946429683476893,20.946429683476893
21.098517110441712,21.098517110441712
21.254629969598952,21.254629969598952
21.41495852845905,21.41495852845905
21.579706779202763,21.579706779202763
21.749093795617934,21.749093795617934
21.92335526209252,21.92335526209252
22.102745201538355,22.102745201538355
22.28753793414858,22.28753793414858
22.47803030502742,22.47803030502742
22.674544226251975,22.674544226251975
22.877429588197725,22.877429588197725
23.087067606450557,23.087067606450557
23.30387468495933,23.30387468495933
23.528306894065945,23.528306894065945
23.760865184767088,23.760865184767088
24.002101489462774,24.002101489462774
24.25262589649322,24.25262589649322
24.51311513363501,24.51311513363501
24.78432265811159,24.78432265811159
25.0670907327195,25.0670907327195
25.36236497663951,25.36236497663951
25.671212025759637,25.671212025759637
25.99484113587917,25.99484113587917
26.33463083501201,26.33463083501201
26.692162110991127,26.692162110991127
27.06926015747855,27.06926015747855
27.468047472197803,27.468047472197803
27.89101222691115,27.89101222691115
28.341097504624525,28.341097504624525
28.821819548133913,28.821819548133913
29.337427132365402,29.337427132365402
29.893120517787104,29.893120517787104
30.49535889516261,30.49535889516261
31.152303051301125,31.152303051301125
31.874471580744668,31.874471580744668
32.67574761542305,32.67574761542305
33.574987958592054,33.574987958592054
34.59872680550953,34.59872680550953
35.78601048466281,35.78601048466281
37.197763096646725,37.197763096646725
38.93698144836013,38.93698144836013
41.19944841155579,41.19944841155579
44.43544425131427,44.43544425131427
50.16459078465144,50.16459078465144
