-7.91761817757083,-7.91761817757083
-7.912185990955769,-7.912185990955769
-7.904764947827002,-7.904764947827002
-7.895434549436497,-7.895434549436497
-7.884271510864791,-7.884271510864791
-7.87134984776272,-7.87134984776272
-7.856740960783055,-7.856740960783055
-7.8405137177520805,-7.8405137177520805
-7.822734533630441,-7.822734533630441
-7.803467448311657,-7.803467448311657
-7.782774202306053,-7.782774202306053
-7.760714310356812,-7.760714310356812
-7.737345133034323,-7.737345133034323
-7.7127219463540095,-7.7127219463540095
-7.686898009462176,-7.686898009462176
-7.659924630433587,-7.659924630433587
-7.631851230223721,-7.631851230223721
-7.602725404817958,-7.602725404817958
-7.572592985619167,-7.572592985619167
-7.541498098114441,-7.541498098114441
-7.509483218861014,-7.509483218861014
-7.47658923083068,-7.47658923083068
-7.442855477151314,-7.442855477151314
-7.4083198132834385,-7.4083198132834385
-7.3730186576690295,-7.3730186576690295
-7.336987040889158,-7.336987040889158
-7.300258653366297,-7.300258653366297
-7.2628658916465625,-7.2628658916465625
-7.224839903296425,-7.224839903296425
-7.186210630447819,-7.186210630447819
-7.1470068520249335,-7.1470068520249335
-7.107256224685354,-7.107256224685354
-7.066985322507563,-7.066985322507563
-7.0262196754562325,-7.0262196754562325
-6.984983806656144,-6.984983806656144
-6.9433012685049205,-6.9433012685049205
-6.901194677654233,-6.901194677654233
-6.858685748888504,-6.858685748888504
-6.815795327929613,-6.815795327929613
-6.772543423195487,-6.772543423195487
-6.728949236539959,-6.728949236539959
-6.685031193000652,-6.685031193000652
-6.640806969581205,-6.640806969581205
-6.596293523093521,-6.596293523093521
-6.551507117085245,-6.551507117085245
-6.5064633478771725,-6.5064633478771725
-6.461177169734703,-6.461177169734703
-6.41566291919705,-6.41566291919705
-6.369934338587326,-6.369934338587326
-6.324004598726177,-6.324004598726177
-6.277886320871184,-6.277886320871184
-6.231591597903681,-6.231591597903681
-6.185132014784274,-6.185132014784274
-6.138518668297793,-6.138518668297793
-6.091762186108054,-6.091762186108054
-6.0448727451421975,-6.0448727451421975
-5.997860089324152,-5.997860089324152
-5.95073354667611,-5.95073354667611
-5.903502045806614,-5.903502045806614
-5.856174131803405,-5.856174131803405
-5.80875798154873,-5.80875798154873
-5.7612614184744215,-5.7612614184744215
-5.7136919267736745,-5.7136919267736745
-5.66605666508601,-5.66605666508601
-5.618362479671575,-5.618362479671575
-5.570615917090487,-5.570615917090487
-5.5228232364025995,-5.5228232364025995
-5.474990420902687,-5.474990420902687
-5.427123189405648,-5.427123189405648
-5.379227007096016,-5.379227007096016
-5.331307095955675,-5.331307095955675
-5.283368444783346,-5.283368444783346
-5.235415818819085,-5.235415818819085
-5.187453768986649,-5.187453768986649
-5.139486640766325,-5.139486640766325
-5.091518582710436,-5.091518582710436
-5.04355355461344,-5.04355355461344
-4.995595335348238,-4.995595335348238
-4.9476475303799985,-4.9476475303799985
-4.899713578968471,-4.899713578968471
-4.851796761069507,-4.851796761069507
-4.80390020394621,-4.80390020394621
-4.756026888499817,-4.756026888499817
-4.70817965533019,-4.70817965533019
-4.660361210535466,-4.660361210535466
-4.612574131260196,-4.612574131260196
-4.564820871000986,-4.564820871000986
-4.517103764678457,-4.517103764678457
-4.469425033484031,-4.469425033484031
-4.421786789509833,-4.421786789509833
-4.374191040169753,-4.374191040169753
-4.326639692419457,-4.326639692419457
-4.279134556782929,-4.279134556782929
-4.231677351192868,-4.231677351192868
-4.184269704652065,-4.184269704652065
-4.136913160722652,-4.136913160722652
-4.089609180849892,-4.089609180849892
-4.042359147527011,-4.042359147527011
-3.9951643673072947,-3.9951643673072947
-3.9480260736695536,-3.9480260736695536
-3.900945429742792,-3.900945429742792
-3.8539235308957798,-3.8539235308957798
-3.8069614071970004,-3.8069614071970004
-3.7600600257502825,-3.7600600257502825
-3.7132202929112372,-3.7132202929112372
-3.6664430563894594,-3.6664430563894594
-3.6197291072412487,-3.6197291072412487
-3.5730791817574943,-3.5730791817574943
-3.526493963251138,-3.526493963251138
-3.4799740837485227,-3.4799740837485227
-3.433520125588754,-3.433520125588754
-3.387132622935065,-3.387132622935065
-3.340812063201994,-3.340812063201994
-3.294558888402106,-3.294558888402106
-3.248373496415762,-3.248373496415762
-3.202256242187391,-3.202256242187391
-3.156207438851513,-3.156207438851513
-3.1102273587916844,-3.1102273587916844
-3.064316234635382,-3.064316234635382
-3.018474260187735,-3.018474260187735
-2.972701591306868,-2.972701591306868
-2.926998346723558,-2.926998346723558
-2.881364608807722,-2.881364608807722
-2.835800424284205,-2.835800424284205
-2.790305804900194,-2.790305804900194
-2.744880728046504,-2.744880728046504
-2.699525137334857,-2.699525137334857
-2.6542389431332056,-2.6542389431332056
-2.609022023061033,-2.609022023061033
-2.5638742224464894,-2.5638742224464894
-2.5187953547471227,-2.5187953547471227
-2.4737852019358777,-2.4737852019358777
-2.4288435148539724,-2.4288435148539724
-2.3839700135321413,-2.3839700135321413
-2.3391643874817034,-2.3391643874817034
-2.2944262959567987,-2.2944262959567987
-2.2497553681890903,-2.2497553681890903
-2.2051512035961363,-2.2051512035961363
-2.1606133719645992,-2.1606133719645992
-2.1161414136093537,-2.1161414136093537
-2.0717348395095248,-2.0717348395095248
-2.0273931314224094,-2.0273931314224094
-1.9831157419761876,-1.9831157419761876
-1.93890209474224,-1.93890209474224
-1.8947515842878992,-1.8947515842878992
-1.85066357621033,-1.85066357621033
-1.8066374071522384,-1.8066374071522384
-1.7626723848000436,-1.7626723848000436
-1.7187677878650953,-1.7187677878650953
-1.6749228660484767,-1.6749228660484767
-1.63113683998989,-1.63113683998989
-1.5874089012010841,-1.5874089012010841
-1.5437382119842327,-1.5437382119842327
-1.5001239053356392,-1.5001239053356392
-1.4565650848351122,-1.4565650848351122
-1.4130608245213092,-1.4130608245213092
-1.3696101687533133,-1.3696101687533133
-1.3262121320586877,-1.3262121320586877
-1.2828656989682043,-1.2828656989682043
-1.2395698238374138,-1.2395698238374138
-1.196323430655216,-1.196323430655216
-1.1531254128395307,-1.1531254128395307
-1.1099746330201612,-1.1099746330201612
-1.066869922808918,-1.066869922808918
-1.0238100825570322,-1.0238100825570322
-0.9807938810998744,-0.9807938810998744
-0.937820055488969,-0.937820055488969
-0.8948873107112694,-0.8948873107112694
-0.8519943193956395,-0.8519943193956395
-0.8091397215064682,-0.8091397215064682
-0.766322124024314,-0.766322124024314
-0.7235401006134747,-0.7235401006134747
-0.6807921912763346,-0.6807921912763346
-0.6380769019943482,-0.6380769019943482
-0.5953927043554761,-0.5953927043554761
-0.552738035167894,-0.552738035167894
-0.5101112960597604,-0.5101112960597604
-0.46751085306482193,-0.46751085306482193
-0.4249350361936141,-0.4249350361936141
-0.38238213898999746,-0.38238213898999746
-0.3398504180727571,-0.3398504180727571
-0.2973380926619721,-0.2973380926619721
-0.25484334408984427,-0.25484334408984427
-0.21236431529566754,-0.21236431529566754
-0.16989911030458896,-0.16989911030458896
-0.12744579368980688,-0.12744579368980688
-0.08500239001783033,-0.08500239001783033
-0.042566883276403865,-0.042566883276403865
-0.00013721628468942956,-0.00013721628468942956
0.04228870991472513,0.04228870991472513
0.08471303668243688,0.08471303668243688
0.12713794842792794,0.12713794842792794
0.16956567327483593,0.16956567327483593
0.21199848374630473,0.21199848374630473
0.25443869747094094,0.25443869747094094
0.2968886779099237,0.2968886779099237
0.33935083510583886,0.33935083510583886
0.3818276264538305,0.3818276264538305
0.4243215574956868,0.4243215574956868
0.4668351827375019,0.4668351827375019
0.5093711064915818,0.5093711064915818
0.5519319837432866,0.5519319837432866
0.5945205210435335,0.5945205210435335
0.6371394774277092,0.6371394774277092
0.6797916653617714,0.6797916653617714
0.7224799517163566,0.7224799517163566
0.765207258769731,0.765207258769731
0.8079765652404688,0.8079765652404688
0.8507909073507706,0.8507909073507706
0.893653379921368,0.893653379921368
0.9365671374990109,0.9365671374990109
0.9795353955175565,0.9795353955175565
1.0225614314937383,1.0225614314937383
1.0656485862587197,1.0656485862587197
1.1088002652266018,1.1088002652266018
1.1520199397010698,1.1520199397010698
1.1953111482214556,1.1953111482214556
1.2386774979494954,1.2386774979494954
1.2821226660981522,1.2821226660981522
1.325650401403907,1.325650401403907
1.3692645256439846,1.3692645256439846
1.4129689352000339,1.4129689352000339
1.4567676026698524,1.4567676026698524
1.5006645785287998,1.5006645785287998
1.5446639928426027,1.5446639928426027
1.5887700570333452,1.5887700570333452
1.632987065700479,1.632987065700479
1.6773193984987789,1.6773193984987789
1.72177152207524,1.72177152207524
1.76634799206698,1.76634799206698
1.8110534551623072,1.8110534551623072
1.8558926512271787,1.8558926512271787
1.900870415499372,1.900870415499372
1.9459916808527704,1.9459916808527704
1.9912614801342639,1.9912614801342639
2.036684948575848,2.036684948575848
2.0822673262846068,2.0822673262846068
2.128013960813372,2.128013960813372
2.173930309814931,2.173930309814931
2.2200219437827813,2.2200219437827813
2.26629454888154,2.26629454888154
2.3127539298701993,2.3127539298701993
2.3594060131215673,2.3594060131215673
2.406256849741341,2.406256849741341
2.4533126187903624,2.4533126187903624
2.500579630613754,2.500579630613754
2.5480643302807584,2.5480643302807584
2.595773301139213,2.595773301139213
2.6437132684887654,2.6437132684887654
2.6918911033770336,2.6918911033770336
2.740313826523085,2.740313826523085
2.7889886123727488,2.7889886123727488
2.8379227932904127,2.8379227932904127
2.8871238638921253,2.8871238638921253
2.936599485524978,2.936599485524978
2.9863574908978947,2.9863574908978947
3.036405888869131,3.036405888869131
3.086752869395951,3.086752869395951
3.1374068086521283,3.1374068086521283
3.1883762743190815,3.1883762743190815
3.239670031056654,3.239670031056654
3.2912970461597237,3.2912970461597237
3.343266495407023,3.343266495407023
3.3955877691087304,3.3955877691087304
3.4482704783596296,3.4482704783596296
3.5013244615047845,3.5013244615047845
3.5547597908249373,3.5547597908249373
3.608586779449011,3.608586779449011
3.662815988501339,3.662815988501339
3.717458234491459,3.717458234491459
3.77252459695452,3.77252459695452
3.8280264263506267,3.8280264263506267
3.8839753522316123,3.8839753522316123
3.940383291684055,3.940383291684055
3.997262458057522,3.997262458057522
4.0546253699873285,4.0546253699873285
4.112484860721337,4.112484860721337
4.170854087760585,4.170854087760585
4.229746542823782,4.229746542823782
4.289176062146027,4.289176062146027
4.349156837122325,4.349156837122325
4.409703425306809,4.409703425306809
4.47083076177882,4.47083076177882
4.532554170887338,4.532554170887338
4.5948893783854965,4.5948893783854965
4.6578525239672866,4.6578525239672866
4.721460174218807,4.721460174218807
4.785729335996748,4.785729335996748
4.850677470247163,4.850677470247163
4.916322506277823,4.916322506277823
4.982682856497873,4.982682856497873
5.049777431638773,5.049777431638773
5.117625656470897,5.117625656470897
5.186247486030517,5.186247486030517
5.255663422372201,5.255663422372201
5.325894531862078,5.325894531862078
5.39696246302777,5.39696246302777
5.468889464981166,5.468889464981166
5.541698406430558,5.541698406430558
5.615412795299143,5.615412795299143
5.690056798967167,5.690056798967167
5.765655265155473,5.765655265155473
5.842233743468605,5.842233743468605
5.919818507616012,5.919818507616012
5.998436578330311,5.998436578330311
6.078115747002058,6.078115747002058
6.158884600050812,6.158884600050812
6.240772544052791,6.240772544052791
6.323809831645849,6.323809831645849
6.408027588232935,6.408027588232935
6.493457839505672,6.493457839505672
6.580133539810164,6.580133539810164
6.668088601377612,6.668088601377612
6.7573579244427755,6.7573579244427755
6.847977428273856,6.847977428273856
6.939984083137826,6.939984083137826
7.033415943225768,7.033415943225768
7.128312180563233,7.128312180563233
7.2247131199312635,7.2247131199312635
7.322660274824108,7.322660274824108
7.422196384470315,7.422196384470315
7.523365451944318,7.523365451944318
7.626212783396295,7.626212783396295
7.730785028428518,7.730785028428518
7.837130221647045,7.837130221647045
7.945297825418177,7.945297825418177
8.055338773859642,8.055338773859642
8.16730551809707,8.16730551809707
8.281252072816946,8.281252072816946
8.397234064147785,8.397234064147785
8.515308778901876,8.515308778901876
8.635535215210666,8.635535215210666
8.757974134587322,8.757974134587322
8.882688115450717,8.882688115450717
9.009741608145823,9.009741608145823
9.139200991495938,9.139200991495938
9.271134630923022,9.271134630923022
9.405612938172988,9.405612938172988
9.542708432683478,9.542708432683478
9.682495804632367,9.682495804632367
9.825051979705897,9.825051979705897
9.97045618562609,9.97045618562609
10.118790020477691,10.118790020477691
10.270137522875826,10.270137522875826
10.42458524401597,10.42458524401597
10.58222232164889,10.58222232164889
10.74314055602373,10.74314055602373
10.907434487843242,10.907434487843242
11.075201478275986,11.075201478275986
11.24654179107098,11.24654179107098
11.42155867682115,11.42155867682115
11.60035845942267,11.60035845942267
11.783050624778133,11.783050624778133
11.969747911792203,11.969747911792203
12.160566405709346,12.160566405709346
12.35562563384398,12.35562563384398
12.555048663754182,12.555048663754182
12.758962203911073,12.758962203911073
12.96749670691672,12.96749670691672
13.180786475324322,13.180786475324322
13.39896977011531,13.39896977011531
13.622188921888897,13.622188921888897
13.850590444820446,13.850590444820446
14.084325153445965,14.084325153445965
14.323548282331032,14.323548282331032
14.568419608683138,14.568419608683138
14.819103577967693,14.819103577967693
15.075769432588602,15.075769432588602
15.338591343695414,15.338591343695414
15.607748546179984,15.607748546179984
15.883425476926547,15.883425476926547
17.897338216064675,17.897338216064675
17.844098913831562,17.844098913831562
17.79494145560829,17.79494145560829
17.750152377159438,17.750152377159438
17.710019058570197,17.710019058570197
17.674830431093785,17.674830431093785
17.644877608133186,17.644877608133186
17.620454454747765,17.620454454747765
17.601858107044446,17.601858107044446
17.58938945051489,17.58938945051489
17.58335356461495,17.58335356461495
17.58406013951435,17.58406013951435
17.591823869873437,17.591823869873437
17.60696482965744,17.60696482965744
17.629808831323963,17.629808831323963
17.660687772179653,17.660687772179653
17.699939970262708,17.699939970262708
17.747910491753895,17.747910491753895
17.80495147162572,17.80495147162572
17.87142242900003,17.87142242900003
17.947690578485624,17.947690578485624
18.034131138601204,18.034131138601204
18.131127638251417,18.131127638251417
18.24004884827843,18.24004884827843
18.362546475979034,18.362546475979034
18.49900637689842,18.49900637689842
18.64981951415411,18.64981951415411
18.815387536893272,18.815387536893272
