-7.915953058152819,-7.915953058152819
-7.909798438772895,-7.909798438772895
-7.901677846051995,-7.901677846051995
-7.891670031230282,-7.891670031230282
-7.87985098566111,-7.87985098566111
-7.866294026734466,-7.866294026734466
-7.851069881512052,-7.851069881512052
-7.834246768123681,-7.834246768123681
-7.81589047497376,-7.81589047497376
-7.796064437805878,-7.796064437805878
-7.774829814672709,-7.774829814672709
-7.752245558857599,-7.752245558857599
-7.728368489793476,-7.728368489793476
-7.703253362023923,-7.703253362023923
-7.676952932250467,-7.676952932250467
-7.649518024509433,-7.649518024509433
-7.620997593520866,-7.620997593520866
-7.59143878625142,-7.59143878625142
-7.560887001732238,-7.560887001732238
-7.529385949172233,-7.529385949172233
-7.4969777044064,-7.4969777044064
-7.4637027647181196,-7.4637027647181196
-7.429600102073686,-7.429600102073686
-7.394707214806632,-7.394707214806632
-7.359060177788731,-7.359060177788731
-7.3226936911238685,-7.3226936911238685
-7.285641127400345,-7.285641127400345
-7.247934577536484,-7.247934577536484
-7.20960489525379,-7.20960489525379
-7.1706817402112515,-7.1706817402112515
-7.131193619833776,-7.131193619833776
-7.091167929867085,-7.091167929867085
-7.050630993690804,-7.050630993690804
-7.009608100420886,-7.009608100420886
-6.968123541831874,-6.968123541831874
-6.926200648128965,-6.926200648128965
-6.883861822599192,-6.883861822599192
-6.841128575170515,-6.841128575170515
-6.798021554907063,-6.798021554907063
-6.754560581468107,-6.754560581468107
-6.71076467555791,-6.71076467555791
-6.666652088392988,-6.666652088392988
-6.622240330212795,-6.622240330212795
-6.5775461978593075,-6.5775461978593075
-6.532585801450481,-6.532585801450481
-6.487374590172005,-6.487374590172005
-6.441927377211305,-6.441927377211305
-6.396258363857224,-6.396258363857224
-6.350381162788314,-6.350381162788314
-6.304308820572203,-6.304308820572203
-6.258053839397998,-6.258053839397998
-6.211628198063251,-6.211628198063251
-6.165043372236483,-6.165043372236483
-6.11831035401588,-6.11831035401588
-6.07143967080427,-6.07143967080427
-6.024441403520054,-6.024441403520054
-5.977325204163348,-5.977325204163348
-5.930100312756139,-5.930100312756139
-5.882775573674805,-5.882775573674805
-5.835359451393058,-5.835359451393058
-5.787860045652745,-5.787860045652745
-5.740285106079738,-5.740285106079738
-5.692642046261632,-5.692642046261632
-5.64493795730362,-5.64493795730362
-5.597179620878483,-5.597179620878483
-5.5493735217863405,-5.5493735217863405
-5.501525860039312,-5.501525860039312
-5.453642562485992,-5.453642562485992
-5.405729293990198,-5.405729293990198
-5.357791468178118,-5.357791468178118
-5.309834257767652,-5.309834257767652
-5.261862604493389,-5.261862604493389
-5.213881228640286,-5.213881228640286
-5.165894638198856,-5.165894638198856
-5.117907137654295,-5.117907137654295
-5.069922836421632,-5.069922836421632
-5.021945656938776,-5.021945656938776
-4.973979342428888,-4.973979342428888
-4.92602746434331,-4.92602746434331
-4.878093429495945,-4.878093429495945
-4.830180486899667,-4.830180486899667
-4.782291734315095,-4.782291734315095
-4.734430124521757,-4.734430124521757
-4.686598471321403,-4.686598471321403
-4.638799455282945,-4.638799455282945
-4.5910356292382435,-4.5910356292382435
-4.543309423537716,-4.543309423537716
-4.495623151074428,-4.495623151074428
-4.447979012085165,-4.447979012085165
-4.400379098736655,-4.400379098736655
-4.352825399504922,-4.352825399504922
-4.305319803355483,-4.305319803355483
-4.257864103731908,-4.257864103731908
-4.210460002359984,-4.210460002359984
-4.163109112874551,-4.163109112874551
-4.115812964275831,-4.115812964275831
-4.068573004221872,-4.068573004221872
-4.021390602163508,-4.021390602163508
-3.9742670523280528,-3.9742670523280528
-3.9272035765577225,-3.9272035765577225
-3.8802013270086064,-3.8802013270086064
-3.8332613887158073,-3.8332613887158073
-3.786384782030183,-3.786384782030183
-3.7395724649319373,-3.7395724649319373
-3.6928253352261597,-3.6928253352261597
-3.6461442326251827,-3.6461442326251827
-3.5995299407225123,-3.5995299407225123
-3.5529831888628975,-3.5529831888628975
-3.5065046539129314,-3.5065046539129314
-3.460094961936442,-3.460094961936442
-3.4137546897787736,-3.4137546897787736
-3.367484366563878,-3.367484366563878
-3.3212844751080484,-3.3212844751080484
-3.2751554532539187,-3.2751554532539187
-3.2290976951282606,-3.2290976951282606
-3.1831115523269706,-3.1831115523269706
-3.1371973350304696,-3.1371973350304696
-3.0913553130526585,-3.0913553130526585
-3.045585716826415,-3.045585716826415
-2.9998887383285173,-2.9998887383285173
-2.9542645319467318,-2.9542645319467318
-2.9087132152917325,-2.9087132152917325
-2.8632348699563623,-2.8632348699563623
-2.8178295422246658,-2.8178295422246658
-2.772497243733007,-2.772497243733007
-2.7272379520854955,-2.7272379520854955
-2.6820516114258184,-2.6820516114258184
-2.6369381329675132,-2.6369381329675132
-2.5918973954845965,-2.5918973954845965
-2.5469292457643875,-2.5469292457643875
-2.502033499024266,-2.502033499024266
-2.457209939294039,-2.457209939294039
-2.4124583197654768,-2.4124583197654768
-2.367778363110536,-2.367778363110536
-2.323169761769671,-2.323169761769671
-2.2786321782116086,-2.2786321782116086
-2.2341652451658227,-2.2341652451658227
-2.1897685658289534,-2.1897685658289534
-2.145441714046279,-2.145441714046279
-2.1011842344693274,-2.1011842344693274
-2.056995642690627,-2.056995642690627
-2.0128754253565573,-2.0128754253565573
-1.9688230402591818,-1.9688230402591818
-1.9248379164078886,-1.9248379164078886
-1.8809194540816399,-1.8809194540816399
-1.8370670248625314,-1.8370670248625314
-1.7932799716513572,-1.7932799716513572
-1.7495576086657973,-1.7495576086657973
-1.7058992214218105,-1.7058992214218105
-1.6623040666987712,-1.6623040666987712
-1.618771372488839,-1.618771372488839
-1.5753003379310098,-1.5753003379310098
-1.5318901332302657,-1.5318901332302657
-1.4885398995621926,-1.4885398995621926
-1.445248748963391,-1.445248748963391
-1.4020157642080038,-1.4020157642080038
-1.3588399986705941,-1.3588399986705941
-1.315720476175636,-1.315720476175636
-1.2726561908337983,-1.2726561908337983
-1.2296461068652031,-1.2296461068652031
-1.1866891584097983,-1.1866891584097983
-1.1437842493249557,-1.1437842493249557
-1.1009302529703882,-1.1009302529703882
-1.0581260119804348,-1.0581260119804348
-1.0153703380237684,-1.0153703380237684
-0.9726620115505206,-0.9726620115505206
-0.9299997815268237,-0.9299997815268237
-0.8873823651567352,-0.8873823651567352
-0.8448084475914888,-0.8448084475914888
-0.8022766816259974,-0.8022766816259974
-0.7597856873825131,-0.7597856873825131
-0.7173340519813295,-0.7173340519813295
-0.6749203291983951,-0.6749203291983951
-0.6325430391096774,-0.6325430391096774
-0.590200667722119,-0.590200667722119
-0.5478916665909889,-0.5478916665909889
-0.5056144524234245,-0.5056144524234245
-0.46336740666794896,-0.46336740666794896
-0.421148875089715,-0.421148875089715
-0.3789571673312259,-0.3789571673312259
-0.33679055645825995,-0.33679055645825995
-0.294647278490706,-0.294647278490706
-0.25252553191800997,-0.25252553191800997
-0.2104234771989058,-0.2104234771989058
-0.16833923624509614,-0.16833923624509614
-0.12627089188852264,-0.12627089188852264
-0.0842164873318595,-0.0842164873318595
-0.04217402558183442,-0.04217402558183442
-0.0001414688649760372,-0.0001414688649760372
0.041883261974642615,0.041883261974642615
0.08390228809610403,0.08390228809610403
0.12591777330125326,0.12591777330125326
0.16793192469369378,0.16793192469369378
0.20994699335767186,0.20994699335767186
0.2519652750573734,0.2519652750573734
0.2939891109571737,0.2939891109571737
0.3360208883634082,0.3360208883634082
0.37806304148824754,0.37806304148824754
0.42011805223629345,0.42011805223629345
0.4621884510145258,0.4621884510145258
0.5042768175662666,0.5042768175662666
0.5463857818298445,0.5463857818298445
0.5885180248226773,0.5885180248226773
0.6306762795515161,0.6306762795515161
0.6728633319496203,0.6728633319496203
0.715082021841678,0.715082021841678
0.7573352439372913,0.7573352439372913
0.7996259488539169,0.7996259488539169
0.841957144170149,0.841957144170149
0.884331895510298,0.884331895510298
0.926753327661238,0.926753327661238
0.9692246257225446,0.9692246257225446
1.011749036290982,1.011749036290982
1.0543298686804399,1.0543298686804399
1.0969704961784694,1.0969704961784694
1.139674357340609,1.139674357340609
1.182444957323743,1.182444957323743
1.225285869259781,1.225285869259781
1.2682007356709972,1.2682007356709972
1.3111932699284334,1.3111932699284334
1.3542672577548132,1.3542672577548132
1.3974265587734678,1.3974265587734678
1.4406751081048572,1.4406751081048572
1.4840169180123088,1.4840169180123088
1.5274560795986656,1.5274560795986656
1.5709967645556144,1.5709967645556144
1.6146432269675177,1.6146432269675177
1.6583998051716529,1.6583998051716529
1.702270923676835,1.702270923676835
1.746261095142474,1.746261095142474
1.7903749224201948,1.7903749224201948
1.8346171006602396,1.8346171006602396
1.878992419484934,1.878992419484934
1.923505765231615,1.923505765231615
1.968162123267486,1.968162123267486
2.012966580378957,2.012966580378957
2.05792432723814,2.05792432723814
2.1030406609492545,2.1030406609492545
2.148320987677797,2.148320987677797
2.193770825365442,2.193770825365442
2.2393958065337416,2.2393958065337416
2.2852016811798106,2.2852016811798106
2.3311943197672815,2.3311943197672815
2.3773797163159482,2.3773797163159482
2.4237639915936247,2.4237639915936247
2.4703533964138766,2.4703533964138766
2.5171543150434057,2.5171543150434057
2.564173268722996,2.564173268722996
2.6114169193060706,2.6114169193060706
2.6588920730190426,2.6588920730190426
2.7066056843477835,2.7066056843477835
2.7545648600546695,2.7545648600546695
2.8027768633308385,2.8027768633308385
2.851249118088416,2.851249118088416
2.899989213397633,2.899989213397633
2.9490049080739333,2.9490049080739333
2.9983041354203053,2.9983041354203053
3.0478950081302667,3.0478950081302667
3.097785823357083,3.097785823357083
3.147985067954988,3.147985067954988
3.1985014238983576,3.1985014238983576
3.249343773884947,3.249343773884947
3.3005212071295382,3.3005212071295382
3.352043025354478,3.352043025354478
3.403918748983845,3.403918748983845
3.456158123548127,3.456158123548127
3.5087711263065486,3.5087711263065486
3.561767973094363,3.561767973094363
3.615159125402659,3.615159125402659
3.668955297698428,3.668955297698428
3.7231674649929043,3.7231674649929043
3.777806870666378,3.777806870666378
3.8328850345579326,3.8328850345579326
3.888413761328799,3.888413761328799
3.9444051491082663,3.9444051491082663
4.000871598431315,4.000871598431315
4.057825821477434,4.057825821477434
4.11528085162029,4.11528085162029
4.173250053298228,4.173250053298228
4.231747132215829,4.231747132215829
4.290786145887011,4.290786145887011
4.350381514530492,4.350381514530492
4.410548032328637,4.410548032328637
4.471300879061095,4.471300879061095
4.532655632124841,4.532655632124841
4.594628278952601,4.594628278952601
4.657235229841923,4.657235229841923
4.720493331207457,4.720493331207457
4.784419879269348,4.784419879269348
4.849032634190953,4.849032634190953
4.914349834679448,4.914349834679448
4.980390213063159,4.980390213063159
5.0471730108599155,5.0471730108599155
5.11471799485093,5.11471799485093
5.1830454736751586,5.1830454736751586
5.252176314959427,5.252176314959427
5.322131962999968,5.322131962999968
5.392934457011385,5.392934457011385
5.464606449959442,5.464606449959442
5.537171227994474,5.537171227994474
5.610652730502572,5.610652730502572
5.685075570792122,5.685075570792122
5.760465057433662,5.760465057433662
5.836847216271452,5.836847216271452
5.914248813125545,5.914248813125545
5.992697377203564,5.992697377203564
6.072221225241864,6.072221225241864
6.152849486396131,6.152849486396131
6.23461212790198,6.23461212790198
6.317539981526479,6.317539981526479
6.401664770832086,6.401664770832086
6.487019139274848,6.487019139274848
6.5736366791592555,6.5736366791592555
6.66155196147257,6.66155196147257
6.750800566621974,6.750800566621974
6.841419116098338,6.841419116098338
6.9334453050909355,6.9334453050909355
7.026917936077912,7.026917936077912
7.121876953417844,7.121876953417844
7.218363478968247,7.218363478968247
7.316419848757394,7.316419848757394
7.416089650736379,7.416089650736379
7.517417763638869,7.517417763638869
7.620450396976544,7.620450396976544
7.7252351321988035,7.7252351321988035
7.831820965045854,7.831820965045854
7.940258349124876,7.940258349124876
8.050599240739562,8.050599240739562
8.162897145003882,8.162897145003882
8.277207163271548,8.277207163271548
8.393586041913233,8.393586041913233
8.512092222474237,8.512092222474237
8.632785893245897,8.632785893245897
8.75572904228465,8.75572904228465
8.880985511913343,8.880985511913343
9.00862105473996,9.00862105473996
9.138703391229651,9.138703391229651
9.271302268866577,9.271302268866577
9.406489522942737,9.406489522942737
9.544339139011692,9.544339139011692
9.684927317045663,9.684927317045663
9.828332537335323,9.828332537335323
9.974635628172175,9.974635628172175
10.123919835354217,10.123919835354217
10.276270893556212,10.276270893556212
10.431777099606752,10.431777099606752
10.59052938771489,10.59052938771489
10.752621406689961,10.752621406689961
10.918149599198928,10.918149599198928
11.087213283106395,11.087213283106395
11.25991473494308,11.25991473494308
11.43635927554954,11.43635927554954
11.616655357942488,11.616655357942488
11.800914657452019,11.800914657452019
11.989252164178787,11.989252164178787
12.181786277821034,12.181786277821034
12.378638904922136,12.378638904922136
12.579935558590279,12.579935558590279
12.785805460742607,12.785805460742607
12.996381646927095,12.996381646927095
13.2118010737763,13.2118010737763
13.432204729147928,13.432204729147928
13.657737745008143,13.657737745008143
13.888549513114311,13.888549513114311
14.124793803554976,14.124793803554976
14.366628886205477,14.366628886205477
14.61421765515892,14.61421765515892
14.86772775619275,14.86772775619275
15.127331717332467,15.127331717332467
15.39320708257472,15.39320708257472
17.58298305224363,17.58298305224363
17.530689062726413,17.530689062726413
17.48219817477931,17.48219817477931
17.437792669423047,17.437792669423047
17.397754998786993,17.397754998786993
17.36236856273954,17.36236856273954
17.33191839503876,17.33191839503876
17.30669177665064,17.30669177665064
17.286978790024396,17.286978790024396
17.273072825222258,17.273072825222258
17.26527104660195,17.26527104660195
17.26387482706201,17.26387482706201
17.269190155550703,17.269190155550703
17.281528022511495,17.281528022511495
17.30120478712613,17.30120478712613
17.328542529570804,17.328542529570804
17.363869390979836,17.363869390979836
17.40751990339172,17.40751990339172
17.459835311609897,17.459835311609897
17.521163888630507,17.521163888630507
17.591861246057892,17.591861246057892
17.67229064073792,17.67229064073792
17.762823278678695,17.762823278678695
17.863838617196127,17.863838617196127
17.97572466610864,17.97572466610864
18.09887828871106,18.09887828871106
18.23409619716748,18.23409619716748
18.383362458616595,18.383362458616595
18.54724294144271,18.54724294144271
