-7.073896480190074,-7.073896480190074
-7.088023687472259,-7.088023687472259
-7.09781162840989,-7.09781162840989
-7.105680178144719,-7.105680178144719
-7.112281410444915,-7.112281410444915
-7.117934465024011,-7.117934465024011
-7.122830048229708,-7.122830048229708
-7.127095274076519,-7.127095274076519
-7.130821018737262,-7.130821018737262
-7.134075518188146,-7.134075518188146
-7.136911906785622,-7.136911906785622
-7.139372738371573,-7.139372738371573
-7.141492864196214,-7.141492864196214
-7.143301352774278,-7.143301352774278
-7.144822820080722,-7.144822820080722
-7.1460783805035115,-7.1460783805035115
-7.147086344807925,-7.147086344807925
-7.147862744047046,-7.147862744047046
-7.1484217305192255,-7.1484217305192255
-7.148775889859712,-7.148775889859712
-7.148936487604264,-7.148936487604264
-7.148913666571907,-7.148913666571907
-7.148716606751147,-7.148716606751147
-7.148353656192769,-7.148353656192769
-7.1478324391982255,-7.1478324391982255
-7.147159946523145,-7.147159946523145
-7.146342611185013,-7.146342611185013
-7.145386372637332,-7.145386372637332
-7.144296731459932,-7.144296731459932
-7.143078796255284,-7.143078796255284
-7.141737324091748,-7.141737324091748
-7.1402767555669815,-7.1402767555669815
-7.138701245357424,-7.138701245357424
-7.13701468895769,-7.13701468895769
-7.135220746185999,-7.135220746185999
-7.133322861930248,-7.133322861930248
-7.131324284528175,-7.131324284528175
-7.12922808210954,-7.12922808210954
-7.127037157175233,-7.127037157175233
-7.12475425964482,-7.12475425964482
-7.122381998568541,-7.122381998568541
-7.119922852670387,-7.119922852670387
-7.11737917986455,-7.11737917986455
-7.114753225867256,-7.114753225867256
-7.112047132008977,-7.112047132008977
-7.1092629423377245,-7.1092629423377245
-7.1064026100920765,-7.1064026100920765
-7.103468003612326,-7.103468003612326
-7.100460911749405,-7.100460911749405
-7.097383048823858,-7.097383048823858
-7.094236059180651,-7.094236059180651
-7.091021521380227,-7.091021521380227
-7.087740952061352,-7.087740952061352
-7.0843958095073205,-7.0843958095073205
-7.0809874969434325,-7.0809874969434325
-7.077517365590567,-7.077517365590567
-7.073986717497056,-7.073986717497056
-7.070396808168559,-7.070396808168559
-7.066748849013658,-7.066748849013658
-7.063044009621056,-7.063044009621056
-7.059283419882597,-7.059283419882597
-7.055468171974955,-7.055468171974955
-7.051599322211558,-7.051599322211558
-7.0476778927752095,-7.0476778927752095
-7.043704873340831,-7.043704873340831
-7.039681222596937,-7.039681222596937
-7.035607869673599,-7.035607869673599
-7.031485715483979,-7.031485715483979
-7.027315633985875,-7.027315633985875
-7.023098473369159,-7.023098473369159
-7.018835057174451,-7.018835057174451
-7.014526185347964,-7.014526185347964
-7.010172635236981,-7.010172635236981
-7.005775162530107,-7.005775162530107
-7.0013345021460465,-7.0013345021460465
-6.996851369074418,-6.996851369074418
-6.992326459171751,-6.992326459171751
-6.9877604499156565,-6.9877604499156565
-6.983154001119861,-6.983154001119861
-6.978507755612608,-6.978507755612608
-6.973822339880749,-6.973822339880749
-6.969098364681666,-6.969098364681666
-6.964336425625023,-6.964336425625023
-6.959537103726134,-6.959537103726134
-6.954700965932741,-6.954700965932741
-6.949828565626679,-6.949828565626679
-6.944920443102008,-6.944920443102008
-6.939977126020897,-6.939977126020897
-6.93499912984857,-6.93499912984857
-6.929986958268528,-6.929986958268528
-6.924941103579098,-6.924941103579098
-6.919862047072389,-6.919862047072389
-6.914750259396601,-6.914750259396601
-6.909606200902615,-6.909606200902615
-6.904430321975652,-6.904430321975652
-6.899223063352875,-6.899223063352875
-6.893984856427602,-6.893984856427602
-6.888716123540868,-6.888716123540868
-6.88341727826096,-6.88341727826096
-6.878088725651581,-6.878088725651581
-6.872730862529154,-6.872730862529154
-6.867344077709873,-6.867344077709873
-6.861928752246957,-6.861928752246957
-6.856485259658621,-6.856485259658621
-6.85101396614719,-6.85101396614719
-6.845515230809804,-6.845515230809804
-6.839989405841099,-6.839989405841099
-6.83443683672824,-6.83443683672824
-6.828857862438675,-6.828857862438675
-6.823252815600942,-6.823252815600942
-6.817622022678838,-6.817622022678838
-6.811965804139273,-6.811965804139273
-6.80628447461406,-6.80628447461406
-6.800578343055953,-6.800578343055953
-6.7948477128891565,-6.7948477128891565
-6.789092882154544,-6.789092882154544
-6.783314143649856,-6.783314143649856
-6.77751178506505,-6.77751178506505
-6.771686089113021,-6.771686089113021
-6.7658373336559166,-6.7658373336559166
-6.759965791827183,-6.759965791827183
-6.754071732149562,-6.754071732149562
-6.74815541864919,-6.74815541864919
-6.7422171109659494,-6.7422171109659494
-6.736257064460238,-6.736257064460238
-6.7302755303163,-6.7302755303163
-6.724272755642247,-6.724272755642247
-6.718248983566908,-6.718248983566908
-6.712204453333638,-6.712204453333638
-6.70613940039118,-6.70613940039118
-6.7000540564817275,-6.7000540564817275
-6.693948649726269,-6.693948649726269
-6.687823404707341,-6.687823404707341
-6.68167854254925,-6.68167854254925
-6.675514280995916,-6.675514280995916
-6.669330834486362,-6.669330834486362
-6.6631284142279945,-6.6631284142279945
-6.656907228267707,-6.656907228267707
-6.650667481560928,-6.650667481560928
-6.644409376038657,-6.644409376038657
-6.638133110672572,-6.638133110672572
-6.631838881538289,-6.631838881538289
-6.625526881876811,-6.625526881876811
-6.619197302154263,-6.619197302154263
-6.6128503301199455,-6.6128503301199455
-6.606486150862783,-6.606486150862783
-6.60010494686621,-6.60010494686621
-6.593706898061564,-6.593706898061564
-6.587292181880008,-6.587292181880008
-6.580860973303071,-6.580860973303071
-6.574413444911826,-6.574413444911826
-6.567949766934744,-6.567949766934744
-6.561470107294295,-6.561470107294295
-6.554974631652323,-6.554974631652323
-6.548463503454225,-6.548463503454225
-6.5419368839719985,-6.5419368839719985
-6.535394932346153,-6.535394932346153
-6.5288378056265834,-6.5288378056265834
-6.5222656588123655,-6.5222656588123655
-6.515678644890571,-6.515678644890571
-6.5090769148740915,-6.5090769148740915
-6.502460617838524,-6.502460617838524
-6.495829900958138,-6.495829900958138
-6.489184909540956,-6.489184909540956
-6.48252578706297,-6.48252578706297
-6.475852675201531,-6.475852675201531
-6.469165713867913,-6.469165713867913
-6.462465041239119,-6.462465041239119
-6.455750793788897,-6.455750793788897
-6.44902310631804,-6.44902310631804
-6.442282111983955,-6.442282111983955
-6.43552794232954,-6.43552794232954
-6.428760727311389,-6.428760727311389
-6.421980595327339,-6.421980595327339
-6.415187673243375,-6.415187673243375
-6.408382086419933,-6.408382086419933
-6.401563958737575,-6.401563958737575
-6.394733412622106,-6.394733412622106
-6.3878905690691115,-6.3878905690691115
-6.381035547667947,-6.381035547667947
-6.374168466625178,-6.374168466625178
-6.367289442787527,-6.367289442787527
-6.36039859166429,-6.36039859166429
-6.353496027449262,-6.353496027449262
-6.346581863042202,-6.346581863042202
-6.339656210069802,-6.339656210069802
-6.33271917890623,-6.33271917890623
-6.325770878693218,-6.325770878693218
-6.31881141735972,-6.31881141735972
-6.311840901641151,-6.311840901641151
-6.304859437098227,-6.304859437098227
-6.297867128135398,-6.297867128135398
-6.290864078018909,-6.290864078018909
-6.283850388894455,-6.283850388894455
-6.276826161804516,-6.276826161804516
-6.269791496705291,-6.269791496705291
-6.262746492483305,-6.262746492483305
-6.255691246971678,-6.255691246971678
-6.248625856966061,-6.248625856966061
-6.241550418240243,-6.241550418240243
-6.234465025561455,-6.234465025561455
-6.227369772705359,-6.227369772705359
-6.220264752470741,-6.220264752470741
-6.213150056693924,-6.213150056693924
-6.206025776262876,-6.206025776262876
-6.198892001131055,-6.198892001131055
-6.191748820330984,-6.191748820330984
-6.184596321987558,-6.184596321987558
-6.177434593331094,-6.177434593331094
-6.170263720710133,-6.170263720710133
-6.163083789603987,-6.163083789603987
-6.155894884635069,-6.155894884635069
-6.14869708958096,-6.14869708958096
-6.14149048738627,-6.14149048738627
-6.134275160174271,-6.134275160174271
-6.127051189258302,-6.127051189258302
-6.119818655152979,-6.119818655152979
-6.112577637585184,-6.112577637585184
-6.10532821550485,-6.10532821550485
-6.0980704670955665,-6.0980704670955665
-6.090804469784963,-6.090804469784963
-6.083530300254933,-6.083530300254933
-6.076248034451644,-6.076248034451644
-6.06895774759539,-6.06895774759539
-6.06165951419026,-6.06165951419026
-6.054353408033623,-6.054353408033623
-6.047039502225463,-6.047039502225463
-6.039717869177528,-6.039717869177528
-6.032388580622341,-6.032388580622341
-6.025051707622032,-6.025051707622032
-6.017707320577016,-6.017707320577016
-6.010355489234551,-6.010355489234551
-6.002996282697096,-6.002996282697096
-5.9956297694305745,-5.9956297694305745
-5.988256017272461,-5.988256017272461
-5.98087509343975,-5.98087509343975
-5.9734870645367755,-5.9734870645367755
-5.966091996562908,-5.966091996562908
-5.958689954920113,-5.958689954920113
-5.951281004420392,-5.951281004420392
-5.943865209293085,-5.943865209293085
-5.9364426331920725,-5.9364426331920725
-5.929013339202826,-5.929013339202826
-5.921577389849372,-5.921577389849372
-5.914134847101131,-5.914134847101131
-5.906685772379633,-5.906685772379633
-5.899230226565143,-5.899230226565143
-5.891768270003159,-5.891768270003159
-5.88429996251082,-5.88429996251082
-5.876825363383201,-5.876825363383201
-5.869344531399512,-5.869344531399512
-5.86185752482919,-5.86185752482919
-5.854364401437907,-5.854364401437907
-5.84686521849347,-5.84686521849347
-5.83936003277163,-5.83936003277163
-5.831848900561807,-5.831848900561807
-5.824331877672714,-5.824331877672714
-5.816809019437898,-5.816809019437898
-5.8092803807212,-5.8092803807212
-5.801746015922119,-5.801746015922119
-5.794205978981104,-5.794205978981104
-5.786660323384756,-5.786660323384756
-5.77910910217095,-5.77910910217095
-5.771552367933888,-5.771552367933888
-5.763990172829063,-5.763990172829063
-5.756422568578162,-5.756422568578162
-5.748849606473871,-5.748849606473871
-5.74127133738464,-5.74127133738464
-5.733687811759345,-5.733687811759345
-5.726099079631897,-5.726099079631897
-5.718505190625788,-5.718505190625788
-5.710906193958552,-5.710906193958552
-5.703302138446166,-5.703302138446166
-5.6956930725073995,-5.6956930725073995
-5.688079044168078,-5.688079044168078
-5.6804601010653055,-5.6804601010653055
-5.672836290451603,-5.672836290451603
-5.665207659199013,-5.665207659199013
-5.6575742538031175,-5.6575742538031175
-5.649936120387022,-5.649936120387022
-5.642293304705257,-5.642293304705257
-5.63464585214765,-5.63464585214765
-5.62699380774313,-5.62699380774313
-5.619337216163462,-5.619337216163462
-5.611676121726967,-5.611676121726967
-5.604010568402144,-5.604010568402144
-5.596340599811276,-5.596340599811276
-5.588666259233974,-5.588666259233974
-5.580987589610657,-5.580987589610657
-5.5733046335460115,-5.5733046335460115
-5.565617433312378,-5.565617433312378
-5.557926030853102,-5.557926030853102
-5.550230467785846,-5.550230467785846
-5.542530785405824,-5.542530785405824
-5.534827024689043,-5.534827024689043
-5.527119226295452,-5.527119226295452
-5.519407430572073,-5.519407430572073
-5.5116916775560885,-5.5116916775560885
-5.503972006977873,-5.503972006977873
-5.496248458264003,-5.496248458264003
-5.488521070540212,-5.488521070540212
-5.480789882634314,-5.480789882634314
-5.47305493307908,-5.47305493307908
-5.465316260115078,-5.465316260115078
-5.457573901693495,-5.457573901693495
-5.4498278954788795,-5.4498278954788795
-5.442078278851896,-5.442078278851896
-5.434325088912004,-5.434325088912004
-5.42656836248013,-5.42656836248013
-5.418808136101277,-5.418808136101277
-5.411044446047135,-5.411044446047135
-5.403277328318625,-5.403277328318625
-5.395506818648425,-5.395506818648425
-5.387732952503464,-5.387732952503464
-5.379955765087381,-5.379955765087381
-5.372175291342948,-5.372175291342948
-5.364391565954483,-5.364391565954483
-5.356604623350187,-5.356604623350187
-5.3488144977045105,-5.3488144977045105
-5.341021222940441,-5.341021222940441
-5.333224832731786,-5.333224832731786
-5.325425360505423,-5.325425360505423
-5.317622839443516,-5.317622839443516
-5.309817302485711,-5.309817302485711
-5.302008782331303,-5.302008782331303
-5.294197311441367,-5.294197311441367
-5.286382922040876,-5.286382922040876
-5.278565646120781,-5.278565646120781
-5.270745515440077,-5.270745515440077
-5.262922561527834,-5.262922561527834
-5.255096815685202,-5.255096815685202
-5.247268308987404,-5.247268308987404
-5.239437072285689,-5.239437072285689
-5.231603136209275,-5.231603136209275
-5.223766531167252,-5.223766531167252
-5.215927287350485,-5.215927287350485
-5.208085434733475,-5.208085434733475
-5.200241003076192,-5.200241003076192
-5.1923940219259235,-5.1923940219259235
-5.184544520619049,-5.184544520619049
-5.1766925282828335,-5.1766925282828335
-5.168838073837181,-5.168838073837181
-5.160981185996375,-5.160981185996375
-5.153121893270788,-5.153121893270788
-5.145260223968585,-5.145260223968585
-5.137396206197395,-5.137396206197395
-5.12952986786597,-5.12952986786597
-5.12166123668582,-5.12166123668582
-5.113790340172835,-5.113790340172835
-5.105917205648879,-5.105917205648879
-5.09804186024337,-5.09804186024337
-5.09016433089485,-5.09016433089485
-5.082284644352522,-5.082284644352522
-5.074402827177779,-5.074402827177779
-5.066518905745711,-5.066518905745711
-5.058632906246597,-5.058632906246597
-5.050744854687384,-5.050744854687384
-5.0428547768931375,-5.0428547768931375
-5.034962698508486,-5.034962698508486
-5.027068644999044,-5.027068644999044
-5.019172641652824,-5.019172641652824
-5.0112747135816305,-5.0112747135816305
-5.003374885722426,-5.003374885722426
-4.995473182838702,-4.995473182838702
-4.987569629521825,-4.987569629521825
-4.9796642501923625,-4.9796642501923625
-4.971757069101408,-4.971757069101408
-4.963848110331869,-4.963848110331869
-4.955937397799768,-4.955937397799768
-4.948024955255508,-4.948024955255508
-4.94011080628513,-4.94011080628513
-4.932194974311562,-4.932194974311562
-4.924277482595855,-4.924277482595855
-4.916358354238385,-4.916358354238385
-4.908437612180073,-4.908437612180073
-4.900515279203569,-4.900515279203569
-4.892591377934434,-4.892591377934434
-4.884665930842301,-4.884665930842301
-4.876738960242032,-4.876738960242032
-4.868810488294854,-4.868810488294854
-4.860880537009494,-4.860880537009494
-4.852949128243288,-4.852949128243288
-4.845016283703287,-4.845016283703287
-4.837082024947353,-4.837082024947353
-4.829146373385238,-4.829146373385238
-4.821209350279646,-4.821209350279646
-4.813270976747302,-4.813270976747302
-4.805331273759986,-4.805331273759986
-4.797390262145582,-4.797390262145582
-4.78944796258909,-4.78944796258909
-4.7815043956336485,-4.7815043956336485
-4.773559581681531,-4.773559581681531
-4.765613540995142,-4.765613540995142
-4.757666293697998,-4.757666293697998
-4.7497178597757,-4.7497178597757
-4.741768259076893,-4.741768259076893
-4.733817511314218,-4.733817511314218
-4.725865636065255,-4.725865636065255
-4.7179126527734585,-4.7179126527734585
-4.70995858074907,-4.70995858074907
-4.702003439170038,-4.702003439170038
-4.694047247082919,-4.694047247082919
-4.686090023403776,-4.686090023403776
-4.678131786919056,-4.678131786919056
-4.67017255628647,-4.67017255628647
-4.662212350035859,-4.662212350035859
-4.6542511865700575,-4.6542511865700575
-4.646289084165725,-4.646289084165725
-4.638326060974215,-4.638326060974215
-4.630362135022383,-4.630362135022383
-4.622397324213416,-4.622397324213416
-4.614431646327661,-4.614431646327661
-4.606465119023411,-4.606465119023411
-4.598497759837722,-4.598497759837722
-4.590529586187192,-4.590529586187192
-4.582560615368758,-4.582560615368758
-4.574590864560451,-4.574590864560451
-4.566620350822185,-4.566620350822185
-4.558649091096504,-4.558649091096504
-4.550677102209335,-4.550677102209335
-4.542704400870736,-4.542704400870736
-4.53473100367564,-4.53473100367564
-4.526756927104571,-4.526756927104571
-4.518782187524375,-4.518782187524375
-4.51080680118894,-4.51080680118894
-4.5028307842398965,-4.5028307842398965
-4.494854152707324,-4.494854152707324
-4.486876922510446,-4.486876922510446
-4.478899109458318,-4.478899109458318
-4.470920729250508,-4.470920729250508
-4.462941797477773,-4.462941797477773
-4.454962329622725,-4.454962329622725
-4.446982341060495,-4.446982341060495
-4.439001847059389,-4.439001847059389
-4.431020862781535,-4.431020862781535
-4.423039403283527,-4.423039403283527
-4.41505748351706,-4.41505748351706
-4.407075118329566,-4.407075118329566
-4.399092322464829,-4.399092322464829
-4.391109110563613,-4.391109110563613
-4.3831254971642695,-4.3831254971642695
-4.375141496703342,-4.375141496703342
-4.367157123516175,-4.367157123516175
-4.359172391837501,-4.359172391837501
-4.35118731580203,-4.35118731580203
-4.343201909445048,-4.343201909445048
-4.3352161867029695,-4.3352161867029695
-4.327230161413931,-4.327230161413931
-4.319243847318354,-4.319243847318354
-4.311257258059504,-4.311257258059504
-4.303270407184046,-4.303270407184046
-4.295283308142601,-4.295283308142601
-4.287295974290288,-4.287295974290288
-4.279308418887266,-4.279308418887266
-4.271320655099277,-4.271320655099277
-4.263332695998164,-4.263332695998164
-4.255344554562409,-4.255344554562409
-4.247356243677649,-4.247356243677649
-4.239367776137191,-4.239367776137191
-4.231379164642525,-4.231379164642525
-4.223390421803836,-4.223390421803836
-4.215401560140497,-4.215401560140497
-4.207412592081573,-4.207412592081573
-4.199423529966309,-4.199423529966309
-4.191434386044625,-4.191434386044625
-4.183445172477592,-4.183445172477592
-4.175455901337917,-4.175455901337917
-4.167466584610414,-4.167466584610414
-4.159477234192481,-4.159477234192481
-4.151487861894554,-4.151487861894554
-4.143498479440584,-4.143498479440584
-4.13550909846848,-4.13550909846848
-4.127519730530575,-4.127519730530575
-4.119530387094068,-4.119530387094068
-4.11154107954147,-4.11154107954147
-4.103551819171045,-4.103551819171045
-4.0955626171972535,-4.0955626171972535
-4.087573484751175,-4.087573484751175
-4.079584432880944,-4.079584432880944
-4.071595472552175,-4.071595472552175
-4.063606614648379,-4.063606614648379
-4.055617869971392,-4.055617869971392
-4.047629249241775,-4.047629249241775
-4.039640763099232,-4.039640763099232
-4.0316524221030186,-4.0316524221030186
-4.023664236732335,-4.023664236732335
-4.015676217386736,-4.015676217386736
-4.0076883743865235,-4.0076883743865235
-3.9997007179731257,-3.9997007179731257
-3.9917132583095087,-3.9917132583095087
-3.983726005480542,-3.983726005480542
-3.9757389694933893,-3.9757389694933893
-3.9677521602778825,-3.9677521602778825
-3.9597655876868956,-3.9597655876868956
-3.9517792614967244,-3.9517792614967244
-3.943793191407441,-3.943793191407441
-3.9358073870432695,-3.9358073870432695
-3.9278218579529423,-3.9278218579529423
-3.919836613610056,-3.919836613610056
-3.911851663413437,-3.911851663413437
-3.9038670166874763,-3.9038670166874763
-3.895882682682493,-3.895882682682493
-3.8878986705750744,-3.8878986705750744
-3.879914989468415,-3.879914989468415
-3.871931648392661,-3.871931648392661
-3.8639486563052445,-3.8639486563052445
-3.8559660220912186,-3.8559660220912186
-3.847983754563582,-3.847983754563582
-3.8400018624636143,-3.8400018624636143
-3.832020354461194,-3.832020354461194
-3.8240392391551286,-3.8240392391551286
-3.8160585250734598,-3.8160585250734598
-3.808078220673793,-3.808078220673793
-3.8000983343436032,-3.8000983343436032
-3.7921188744005483,-3.7921188744005483
-3.784139849092774,-3.784139849092774
-3.7761612665992215,-3.7761612665992215
-3.7681831350299264,-3.7681831350299264
-3.760205462426324,-3.760205462426324
-3.7522282567615393,-3.7522282567615393
-3.7442515259406846,-3.7442515259406846
-3.7362752778011545,-3.7362752778011545
-3.7282995201129085,-3.7282995201129085
-3.7203242605787605,-3.7203242605787605
-3.7123495068346646,-3.7123495068346646
-3.704375266449994,-3.704375266449994
-3.6964015469278206,-3.6964015469278206
-3.6884283557051916,-3.6884283557051916
-3.6804557001534057,-3.6804557001534057
-3.672483587578281,-3.672483587578281
-3.664512025220427,-3.664512025220427
-3.656541020255511,-3.656541020255511
-3.64857057979452,-3.64857057979452
-3.6406007108840295,-3.6406007108840295
-3.6326314205064554,-3.6326314205064554
-3.624662715580316,-3.624662715580316
-3.616694602960488,-3.616694602960488
-3.6087270894384584,-3.6087270894384584
-3.6007601817425723,-3.6007601817425723
-3.592793886538287,-3.592793886538287
-3.584828210428414,-3.584828210428414
-3.5768631599533673,-3.5768631599533673
-3.5688987415914006,-3.5688987415914006
-3.560934961758851,-3.560934961758851
-3.552971826810375,-3.552971826810375
-3.5450093430391854,-3.5450093430391854
-3.537047516677284,-3.537047516677284
-3.5290863538956927,-3.5290863538956927
-3.5211258608046845,-3.5211258608046845
-3.5131660434540106,-3.5131660434540106
-3.505206907833124,-3.505206907833124
-3.4972484598714053,-3.4972484598714053
-3.489290705438382,-3.489290705438382
-3.481333650343952,-3.481333650343952
-3.4733773003385946,-3.4733773003385946
-3.4654216611135906,-3.4654216611135906
-3.4574667383012376,-3.4574667383012376
-3.4495125374750573,-3.4495125374750573
-3.441559064150007,-3.441559064150007
-3.433606323782689,-3.433606323782689
-3.425654321771555,-3.425654321771555
-3.4177030634571115,-3.4177030634571115
-3.409752554122122,-3.409752554122122
-3.401802798991806,-3.401802798991806
-3.393853803234043,-3.393853803234043
-3.385905571959561,-3.385905571959561
-3.377958110222142,-3.377958110222142
-3.370011423018807,-3.370011423018807
-3.3620655152900096,-3.3620655152900096
-3.354120391919833,-3.354120391919833
-3.3461760577361686,-3.3461760577361686
-3.3382325175109084,-3.3382325175109084
-3.330289775960129,-3.330289775960129
-3.3223478377442732,-3.3223478377442732
-3.314406707468335,-3.314406707468335
-3.306466389682035,-3.306466389682035
-3.2985268888800037,-3.2985268888800037
-3.290588209501956,-3.290588209501956
-3.282650355932861,-3.282650355932861
-3.274713332503129,-3.274713332503129
-3.2667771434887674,-3.2667771434887674
-3.2588417931115634,-3.2588417931115634
-3.2509072855392467,-3.2509072855392467
-3.2429736248856584,-3.2429736248856584
-3.2350408152109154,-3.2350408152109154
-3.2271088605215765,-3.2271088605215765
-3.2191777647708046,-3.2191777647708046
-3.2112475318585267,-3.2112475318585267
-3.203318165631594,-3.203318165631594
-3.1953896698839426,-3.1953896698839426
-3.1874620483567444,-3.1874620483567444
-3.179535304738569,-3.179535304738569
-3.171609442665532,-3.171609442665532
-3.1636844657214525,-3.1636844657214525
-3.1557603774379985,-3.1557603774379985
-3.1478371812948405,-3.1478371812948405
-3.1399148807197976,-3.1399148807197976
-3.1319934790889863,-3.1319934790889863
-3.1240729797269626,-3.1240729797269626
-3.1161533859068684,-3.1161533859068684
-3.1082347008505726,-3.1082347008505726
-3.100316927728815,-3.100316927728815
-3.0924000696613407,-3.0924000696613407
-3.084484129717046,-3.084484129717046
-3.076569110914109,-3.076569110914109
-3.0686550162201276,-3.0686550162201276
-3.0607418485522566,-3.0607418485522566
-3.052829610777338,-3.052829610777338
-3.0449183057120313,-3.0449183057120313
-3.0370079361229503,-3.0370079361229503
-3.029098504726787,-3.029098504726787
-3.021190014190441,-3.021190014190441
-3.0132824671311482,-3.0132824671311482
-3.005375866116601,-3.005375866116601
-2.9974702136650833,-2.9974702136650833
-2.9895655122455813,-2.9895655122455813
-2.9816617642779124,-2.9816617642779124
-2.973758972132846,-2.973758972132846
-2.9658571381322183,-2.9658571381322183
-2.957956264549058,-2.957956264549058
-2.950056353607696,-2.950056353607696
-2.9421574074838825,-2.9421574074838825
-2.9342594283049084,-2.9342594283049084
-2.9263624181497097,-2.9263624181497097
-2.918466379048986,-2.918466379048986
-2.910571312985308,-2.910571312985308
-2.902677221893231,-2.902677221893231
-2.8947841076594023,-2.8947841076594023
-2.886891972122666,-2.886891972122666
-2.879000817074174,-2.879000817074174
-2.8711106442574903,-2.8711106442574903
-2.8632214553686954,-2.8632214553686954
-2.8553332520564862,-2.8553332520564862
-2.847446035922284,-2.847446035922284
-2.839559808520331,-2.839559808520331
-2.831674571357794,-2.831674571357794
-2.8237903258948593,-2.8237903258948593
-2.8159070735448317,-2.8159070735448317
-2.8080248156742362,-2.8080248156742362
-2.800143553602906,-2.800143553602906
-2.7922632886040817,-2.7922632886040817
-2.7843840219045055,-2.7843840219045055
-2.7765057546845098,-2.7765057546845098
-2.7686284880781145,-2.7686284880781145
-2.760752223173112,-2.760752223173112
-2.7528769610111596,-2.7528769610111596
-2.745002702587867,-2.745002702587867
-2.737129448852886,-2.737129448852886
-2.7292572007099913,-2.7292572007099913
-2.7213859590171743,-2.7213859590171743
-2.7135157245867187,-2.7135157245867187
-2.7056464981852932,-2.7056464981852932
-2.6977782805340236,-2.6977782805340236
-2.6899110723085813,-2.6899110723085813
-2.682044874139266,-2.682044874139266
-2.674179686611078,-2.674179686611078
-2.666315510263799,-2.666315510263799
-2.658452345592075,-2.658452345592075
-2.650590193045485,-2.650590193045485
-2.642729053028625,-2.642729053028625
-2.634868925901175,-2.634868925901175
-2.627009811977977,-2.627009811977977
-2.6191517115291085,-2.6191517115291085
-2.6112946247799527,-2.6112946247799527
-2.6034385519112706,-2.6034385519112706
-2.5955834930592694,-2.5955834930592694
-2.587729448315674,-2.587729448315674
-2.5798764177277955,-2.5798764177277955
-2.572024401298595,-2.572024401298595
-2.5641733989867546,-2.5641733989867546
-2.556323410706741,-2.556323410706741
-2.548474436328868,-2.548474436328868
-2.5406264756793657,-2.5406264756793657
-2.532779528540439,-2.532779528540439
-2.524933594650331,-2.524933594650331
-2.517088673703384,-2.517088673703384
-2.5092447653501035,-2.5092447653501035
-2.501401869197207,-2.501401869197207
-2.4935599848076992,-2.4935599848076992
-2.485719111700912,-2.485719111700912
-2.4778792493525783,-2.4778792493525783
-2.470040397194872,-2.470040397194872
-2.462202554616476,-2.462202554616476
-2.454365720962629,-2.454365720962629
-2.4465298955351824,-2.4465298955351824
-2.4386950775926524,-2.4386950775926524
-2.4308612663502727,-2.4308612663502727
-2.42302846098004,-2.42302846098004
-2.4151966606107766,-2.4151966606107766
-2.407365864328163,-2.407365864328163
-2.3995360711748037,-2.3995360711748037
-2.3917072801502575,-2.3917072801502575
-2.383879490211105,-2.383879490211105
-2.376052700270971,-2.376052700270971
-2.3682269092005943,-2.3682269092005943
-2.3604021158278496,-2.3604021158278496
-2.3525783189378098,-2.3525783189378098
-2.3447555172727768,-2.3447555172727768
-2.3369337095323295,-2.3369337095323295
-2.329112894373363,-2.329112894373363
-2.3212930704101318,-2.3212930704101318
-2.313474236214282,-2.313474236214282
-2.305656390314907,-2.305656390314907
-2.2978395311985618,-2.2978395311985618
-2.2900236573093227,-2.2900236573093227
-2.2822087670488105,-2.2822087670488105
-2.274394858776235,-2.274394858776235
-2.2665819308084205,-2.2665819308084205
-2.2587699814198516,-2.2587699814198516
-2.2509590088426954,-2.2509590088426954
-2.2431490112668473,-2.2431490112668473
-2.2353399868399486,-2.2353399868399486
-2.227531933667432,-2.227531933667432
-2.2197248498125397,-2.2197248498125397
-2.211918733296365,-2.211918733296365
-2.204113582097872,-2.204113582097872
-2.196309394153931,-2.196309394153931
-2.1885061673593396,-2.1885061673593396
-2.1807038995668595,-2.1807038995668595
-2.1729025885872275,-2.1729025885872275
-2.1651022321892,-2.1651022321892
-2.1573028280995614,-2.1573028280995614
-2.149504374003158,-2.149504374003158
-2.141706867542916,-2.141706867542916
-2.1339103063198697,-2.1339103063198697
-2.1261146878931756,-2.1261146878931756
-2.1183200097801436,-2.1183200097801436
-2.1105262694562468,-2.1105262694562468
-2.1027334643551505,-2.1027334643551505
-2.094941591868724,-2.094941591868724
-2.087150649347067,-2.087150649347067
-2.0793606340985176,-2.0793606340985176
-2.071571543389678,-2.071571543389678
-2.0637833744454257,-2.0637833744454257
-2.055996124448928,-2.055996124448928
-2.0482097905416654,-2.0482097905416654
-2.040424369823435,-2.040424369823435
-2.032639859352371,-2.032639859352371
-2.0248562561449517,-2.0248562561449517
-2.0170735571760208,-2.0170735571760208
-2.009291759378789,-2.009291759378789
-2.001510859644851,-2.001510859644851
-1.9937308548241912,-1.9937308548241912
-1.9859517417251984,-1.9859517417251984
-1.97817351711467,-1.97817351711467
-1.9703961777178203,-1.9703961777178203
-1.962619720218291,-1.962619720218291
-1.954844141258155,-1.954844141258155
-1.9470694374379234,-1.9470694374379234
-1.9392956053165507,-1.9392956053165507
-1.9315226414114375,-1.9315226414114375
-1.9237505421984396,-1.9237505421984396
-1.9159793041118665,-1.9159793041118665
-1.908208923544485,-1.908208923544485
-1.9004393968475213,-1.9004393968475213
-1.8926707203306652,-1.8926707203306652
-1.8849028902620655,-1.8849028902620655
-1.8771359028683348,-1.8771359028683348
-1.8693697543345444,-1.8693697543345444
-1.8616044408042256,-1.8616044408042256
-1.8538399583793699,-1.8538399583793699
-1.8460763031204206,-1.8460763031204206
-1.8383134710462743,-1.8383134710462743
-1.830551458134274,-1.830551458134274
-1.822790260320207,-1.822790260320207
-1.815029873498297,-1.815029873498297
-1.8072702935211993,-1.8072702935211993
-1.7995115161999946,-1.7995115161999946
-1.7917535373041829,-1.7917535373041829
-1.7839963525616704,-1.7839963525616704
-1.7762399576587666,-1.7762399576587666
-1.7684843482401742,-1.7684843482401742
-1.7607295199089772,-1.7607295199089772
-1.7529754682266303,-1.7529754682266303
-1.7452221887129489,-1.7452221887129489
-1.7374696768460975,-1.7374696768460975
-1.7297179280625785,-1.7297179280625785
-1.721966937757214,-1.721966937757214
-1.714216701283138,-1.714216701283138
-1.7064672139517791,-1.7064672139517791
-1.6987184710328456,-1.6987184710328456
-1.6909704677543105,-1.6909704677543105
-1.6832231993023932,-1.6832231993023932
-1.6754766608215461,-1.6754766608215461
-1.6677308474144354,-1.6677308474144354
-1.6599857541419212,-1.6599857541419212
-1.6522413760230383,-1.6522413760230383
-1.644497708034983,-1.644497708034983
-1.6367547451130842,-1.6367547451130842
-1.6290124821507899,-1.6290124821507899
-1.6212709139996386,-1.6212709139996386
-1.6135300354692446,-1.6135300354692446
-1.605789841327272,-1.605789841327272
-1.5980503262994088,-1.5980503262994088
-1.590311485069347,-1.590311485069347
-1.5825733122787562,-1.5825733122787562
-1.57483580252726,-1.57483580252726
-1.5670989503724062,-1.5670989503724062
-1.559362750329643,-1.559362750329643
-1.5516271968722937,-1.5516271968722937
-1.5438922844315266,-1.5438922844315266
-1.5361580073963244,-1.5361580073963244
-1.5284243601134586,-1.5284243601134586
-1.5206913368874608,-1.5206913368874608
-1.5129589319805878,-1.5129589319805878
-1.5052271396127954,-1.5052271396127954
-1.497495953961701,-1.497495953961701
-1.4897653691625588,-1.4897653691625588
-1.4820353793082213,-1.4820353793082213
-1.4743059784491077,-1.4743059784491077
-1.4665771605931697,-1.4665771605931697
-1.4588489197058574,-1.4588489197058574
-1.4511212497100807,-1.4511212497100807
-1.44339414448618,-1.44339414448618
-1.4356675978718791,-1.4356675978718791
-1.4279416036622612,-1.4279416036622612
-1.4202161556097177,-1.4202161556097177
-1.4124912474239204,-1.4124912474239204
-1.4047668727717715,-1.4047668727717715
-1.3970430252773778,-1.3970430252773778
-1.3893196985219942,-1.3893196985219942
-1.3815968860439978,-1.3815968860439978
-1.3738745813388311,-1.3738745813388311
-1.366152777858975,-1.366152777858975
-1.358431469013893,-1.358431469013893
-1.3507106481699949,-1.3507106481699949
-1.342990308650588,-1.342990308650588
-1.3352704437358378,-1.3352704437358378
-1.3275510466627147,-1.3275510466627147
-1.3198321106249562,-1.3198321106249562
-1.3121136287730113,-1.3121136287730113
-1.304395594214001,-1.304395594214001
-1.2966780000116644,-1.2966780000116644
-1.2889608391863134,-1.2889608391863134
-1.28124410471478,-1.28124410471478
-1.2735277895303707,-1.2735277895303707
-1.265811886522809,-1.265811886522809
-1.2580963885381926,-1.2580963885381926
-1.2503812883789323,-1.2503812883789323
-1.2426665788037088,-1.2426665788037088
-1.2349522525274086,-1.2349522525274086
-1.2272383022210809,-1.2272383022210809
-1.2195247205118742,-1.2195247205118742
-1.2118114999829852,-1.2118114999829852
-1.2040986331736032,-1.2040986331736032
-1.196386112578854,-1.196386112578854
-1.1886739306497367,-1.1886739306497367
-1.1809620797930727,-1.1809620797930727
-1.1732505523714458,-1.1732505523714458
-1.1655393407031405,-1.1655393407031405
-1.1578284370620837,-1.1578284370620837
-1.150117833677783,-1.150117833677783
-1.1424075227352668,-1.1424075227352668
-1.1346974963750247,-1.1346974963750247
-1.126987746692938,-1.126987746692938
-1.1192782657402232,-1.1192782657402232
-1.1115690455233653,-1.1115690455233653
-1.103860078004055,-1.103860078004055
-1.0961513550991198,-1.0961513550991198
-1.088442868680462,-1.088442868680462
-1.0807346105749907,-1.0807346105749907
-1.073026572564556,-1.073026572564556
-1.0653187463858778,-1.0653187463858778
-1.05761112373048,-1.05761112373048
-1.0499036962446207,-1.0499036962446207
-1.0421964555292227,-1.0421964555292227
-1.0344893931398023,-1.0344893931398023
-1.0267825005863973,-1.0267825005863973
-1.0190757693334964,-1.0190757693334964
-1.011369190799969,-1.011369190799969
-1.0036627563589848,-1.0036627563589848
-0.9959564573379461,-0.9959564573379461
-0.9882502850184121,-0.9882502850184121
-0.9805442306360226,-0.9805442306360226
-0.9728382853804204,-0.9728382853804204
-0.9651324403951776,-0.9651324403951776
-0.9574266867777168,-0.9574266867777168
-0.949721015579234,-0.949721015579234
-0.942015417804617,-0.942015417804617
-0.9343098844123688,-0.9343098844123688
-0.9266044063145266,-0.9266044063145266
-0.9188989743765815,-0.9188989743765815
-0.9111935794173949,-0.9111935794173949
-0.9034882122091168,-0.9034882122091168
-0.8957828634771051,-0.8957828634771051
-0.888077523899842,-0.888077523899842
-0.8803721841088435,-0.8803721841088435
-0.8726668346885819,-0.8726668346885819
-0.8649614661763952,-0.8649614661763952
-0.8572560690624046,-0.8572560690624046
-0.8495506337894215,-0.8495506337894215
-0.8418451507528638,-0.8418451507528638
-0.8341396103006676,-0.8341396103006676
-0.8264340027331962,-0.8264340027331962
-0.8187283183031485,-0.8187283183031485
-0.8110225472154706,-0.8110225472154706
-0.803316679627263,-0.803316679627263
-0.7956107056476913,-0.7956107056476913
-0.7879046153378866,-0.7879046153378866
-0.7801983987108564,-0.7801983987108564
-0.7724920457313919,-0.7724920457313919
-0.7647855463159682,-0.7647855463159682
-0.75707889033265,-0.75707889033265
-0.749372067600995,-0.749372067600995
-0.7416650678919569,-0.7416650678919569
-0.733957880927788,-0.733957880927788
-0.7262504963819362,-0.7262504963819362
-0.7185429038789491,-0.7185429038789491
-0.7108350929943731,-0.7108350929943731
-0.7031270532546515,-0.7031270532546515
-0.6954187741370212,-0.6954187741370212
-0.6877102450694107,-0.6877102450694107
-0.6800014554303381,-0.6800014554303381
-0.6722923945488058,-0.6722923945488058
-0.6645830517041956,-0.6645830517041956
-0.6568734161261593,-0.6568734161261593
-0.6491634769945187,-0.6491634769945187
-0.6414532234391543,-0.6414532234391543
-0.6337426445398968,-0.6337426445398968
-0.6260317293264167,-0.6260317293264167
-0.6183204667781212,-0.6183204667781212
-0.6106088458240365,-0.6106088458240365
-0.6028968553426988,-0.6028968553426988
-0.5951844841620432,-0.5951844841620432
-0.5874717210592901,-0.5874717210592901
-0.5797585547608326,-0.5797585547608326
-0.5720449739421181,-0.5720449739421181
-0.564330967227537,-0.564330967227537
-0.5566165231903061,-0.5566165231903061
-0.5489016303523507,-0.5489016303523507
-0.5411862771841855,-0.5411862771841855
-0.5334704521047978,-0.5334704521047978
-0.5257541434815285,-0.5257541434815285
-0.518037339629951,-0.518037339629951
-0.5103200288137503,-0.5103200288137503
-0.5026021992445993,-0.5026021992445993
-0.4948838390820398,-0.4948838390820398
-0.48716493643335745,-0.48716493643335745
-0.4794454793534553,-0.4794454793534553
-0.47172545584472914,-0.47172545584472914
-0.4640048538569455,-0.4640048538569455
-0.4562836612871106,-0.4562836612871106
-0.44856186597934283,-0.44856186597934283
-0.44083945572474337,-0.44083945572474337
-0.43311641826127256,-0.43311641826127256
-0.42539274127361215,-0.42539274127361215
-0.41766841239303737,-0.41766841239303737
-0.4099434191972842,-0.4099434191972842
-0.4022177492104202,-0.4022177492104202
-0.39449138990270166,-0.39449138990270166
-0.3867643286904504,-0.3867643286904504
-0.3790365529359068,-0.3790365529359068
-0.3713080499471046,-0.3713080499471046
-0.3635788069777206,-0.3635788069777206
-0.3558488112269517,-0.3558488112269517
-0.34811804983936045,-0.34811804983936045
-0.3403865099047447,-0.3403865099047447
-0.33265417845799516,-0.33265417845799516
-0.324921042478952,-0.324921042478952
-0.31718708889226044,-0.31718708889226044
-0.30945230456722933,-0.30945230456722933
-0.3017166763176878,-0.3017166763176878
-0.2939801909018377,-0.2939801909018377
-0.28624283502210596,-0.28624283502210596
-0.2785045953249986,-0.2785045953249986
-0.27076545840095384,-0.27076545840095384
-0.2630254107841914,-0.2630254107841914
-0.25528443895256014,-0.25528443895256014
-0.24754252932738952,-0.24754252932738952
-0.23979966827333793,-0.23979966827333793
-0.2320558420982387,-0.2320558420982387
-0.22431103705294367,-0.22431103705294367
-0.21656523933117003,-0.21656523933117003
-0.20881843506934708,-0.20881843506934708
-0.2010706103464555,-0.2010706103464555
-0.1933217511838695,-0.1933217511838695
-0.18557184354519876,-0.18557184354519876
-0.17782087333612973,-0.17782087333612973
-0.1700688264042636,-0.1700688264042636
-0.1623156885389536,-0.1623156885389536
-0.15456144547114123,-0.15456144547114123
-0.1468060828731959,-0.1468060828731959
-0.1390495863587484,-0.1390495863587484
-0.13129194148252218,-0.13129194148252218
-0.1235331337401683,-0.1235331337401683
-0.11577314856809975,-0.11577314856809975
-0.10801197134332007,-0.10801197134332007
-0.10024958738325113,-0.10024958738325113
-0.09248598194556559,-0.09248598194556559
-0.08472114022801366,-0.08472114022801366
-0.07695504736824979,-0.07695504736824979
-0.06918768844365729,-0.06918768844365729
-0.061419048471173174,-0.061419048471173174
-0.053649112407114355,-0.053649112407114355
-0.045877865146996974,-0.045877865146996974
-0.038105291525359235,-0.038105291525359235
-0.030331376315580253,-0.030331376315580253
-0.022556104229702778,-0.022556104229702778
-0.014779459918248103,-0.014779459918248103
-0.007001427970033641,-0.007001427970033641
0.0007780070880111721,0.0007780070880111721
0.008558860791027164,0.008558860791027164
0.016341148736414908,0.016341148736414908
0.02412488658402489,0.02412488658402489
0.03191009005633458,0.03191009005633458
0.03969677493865452,0.03969677493865452
0.04748495707930317,0.04748495707930317
0.055274652389813356,0.055274652389813356
0.06306587684510988,0.06306587684510988
0.07085864648372132,0.07085864648372132
0.07865297740795596,0.07865297740795596
0.0864488857841179,0.0864488857841179
0.0942463878426882,0.0942463878426882
0.10204549987853745,0.10204549987853745
0.10984623825111257,0.10984623825111257
0.11764861938465083,0.11764861938465083
0.12545265976837516,0.12545265976837516
0.1332583759566956,0.1332583759566956
0.14106578456942362,0.14106578456942362
0.14887490229196565,0.14887490229196565
0.15668574587554443,0.15668574587554443
0.16449833213739412,0.16449833213739412
0.17231267796098126,0.17231267796098126
0.18012880029620634,0.18012880029620634
0.1879467161596259,0.1879467161596259
0.19576644263465542,0.19576644263465542
0.2035879968717946,0.2035879968717946
0.21141139608883344,0.21141139608883344
0.2192366575710814,0.2192366575710814
0.2270637986715705,0.2270637986715705
0.23489283681129228,0.23489283681129228
0.2427237894794045,0.2427237894794045
0.25055667423346684,0.25055667423346684
0.25839150869964833,0.25839150869964833
0.2662283105729723,0.2662283105729723
0.27406709761752546,0.27406709761752546
0.28190788766669667,0.28190788766669667
0.28975069862339875,0.28975069862339875
0.29759554846030883,0.29759554846030883
0.30544245522008623,0.30544245522008623
0.3132914370156203,0.3132914370156203
0.32114251203025246,0.32114251203025246
0.32899569851802307,0.32899569851802307
0.3368510148038997,0.3368510148038997
0.34470847928402265,0.34470847928402265
0.3525681104259391,0.3525681104259391
0.3604299267688516,0.3604299267688516
0.3682939469238527,0.3682939469238527
0.37616018957418024,0.37616018957418024
0.3840286734754489,0.3840286734754489
0.3918994174559134,0.3918994174559134
0.39977244041670235,0.39977244041670235
0.40764776133208186,0.40764776133208186
0.4155253992496939,0.4155253992496939
0.42340537329082384,0.42340537329082384
0.43128770265063837,0.43128770265063837
0.4391724065984599,0.4391724065984599
0.44705950447800685,0.44705950447800685
0.45494901570766777,0.45494901570766777
0.46284095978074746,0.46284095978074746
0.4707353562657443,0.4707353562657443
0.47863222480660017,0.47863222480660017
0.486531585122976,0.486531585122976
0.4944334570105098,0.4944334570105098
0.5023378603410946,0.5023378603410946
0.5102448150631371,0.5102448150631371
0.5181543412018418,0.5181543412018418
0.5260664588594708,0.5260664588594708
0.5339811882156318,0.5339811882156318
0.5418985495275408,0.5418985495275408
0.5498185631303141,0.5498185631303141
0.5577412494372324,0.5577412494372324
0.5656666289400377,0.5656666289400377
0.5735947222092023,0.5735947222092023
0.5815255498942257,0.5815255498942257
0.5894591327239065,0.5894591327239065
0.5973954915066456,0.5973954915066456
0.6053346471307226,0.6053346471307226
0.6132766205645978,0.6132766205645978
0.6212214328571924,0.6212214328571924
0.6291691051381999,0.6291691051381999
0.6371196586183617,0.6371196586183617
0.6450731145897876,0.6450731145897876
0.6530294944262345,0.6530294944262345
0.6609888195834263,0.6609888195834263
0.6689511115993398,0.6689511115993398
0.6769163920945288,0.6769163920945288
0.68488468277241,0.68488468277241
0.6928560054195928,0.6928560054195928
0.7008303819061702,0.7008303819061702
0.7088078341860471,0.7088078341860471
0.7167883842972428,0.7167883842972428
0.724772054362218,0.724772054362218
0.732758866588178,0.732758866588178
0.7407488432674098,0.7407488432674098
0.7487420067775865,0.7487420067775865
0.7567383795821063,0.7567383795821063
0.7647379842304048,0.7647379842304048
0.7727408433582936,0.7727408433582936
0.7807469796882773,0.7807469796882773
0.7887564160298982,0.7887564160298982
0.7967691752800569,0.7967691752800569
0.8047852804233585,0.8047852804233585
0.8128047545324368,0.8128047545324368
0.8208276207683106,0.8208276207683106
0.8288539023807024,0.8288539023807024
0.8368836227084068,0.8368836227084068
0.844916805179612,0.844916805179612
0.8529534733122642,0.8529534733122642
0.8609936507144054,0.8609936507144054
0.8690373610845339,0.8690373610845339
0.8770846282119465,0.8770846282119465
0.8851354759771084,0.8851354759771084
0.893189928351994,0.893189928351994
0.9012480094004629,0.9012480094004629
0.9093097432786054,0.9093097432786054
0.9173751542351244,0.9173751542351244
0.9254442666116808,0.9254442666116808
0.933517104843284,0.933517104843284
0.9415936934586396,0.9415936934586396
0.9496740570805438,0.9496740570805438
0.9577582204262368,0.9577582204262368
0.9658462083078023,0.9658462083078023
0.973938045632524,0.973938045632524
0.9820337574032869,0.9820337574032869
0.990133368718945,0.990133368718945
0.998236904774723,0.998236904774723
1.006344390862588,1.006344390862588
1.0144558523716518,1.0144558523716518
1.0225713147885658,1.0225713147885658
1.0306908036979041,1.0306908036979041
1.0388143447825684,1.0388143447825684
1.0469419638241917,1.0469419638241917
1.0550736867035404,1.0550736867035404
1.063209539400908,1.063209539400908
1.0713495479965318,1.0713495479965318
1.0794937386710053,1.0794937386710053
1.0876421377056869,1.0876421377056869
1.0957947714831096,1.0957947714831096
1.1039516664874016,1.1039516664874016
1.1121128493047117,1.1121128493047117
1.1202783466236286,1.1202783466236286
1.128448185235597,1.128448185235597
1.1366223920353529,1.1366223920353529
1.1448009940213568,1.1448009940213568
1.152984018296222,1.152984018296222
1.161171492067144,1.161171492067144
1.1693634426463448,1.1693634426463448
1.1775598974515147,1.1775598974515147
1.1857608840062543,1.1857608840062543
1.1939664299405137,1.1939664299405137
1.2021765629910455,1.2021765629910455
1.2103913110018605,1.2103913110018605
1.2186107019246766,1.2186107019246766
1.2268347638193708,1.2268347638193708
1.2350635248544517,1.2350635248544517
1.2432970133075034,1.2432970133075034
1.2515352575656729,1.2515352575656729
1.2597782861261129,1.2597782861261129
1.2680261275964775,1.2680261275964775
1.2762788106953715,1.2762788106953715
1.2845363642528507,1.2845363642528507
1.2927988172108784,1.2927988172108784
1.3010661986238272,1.3010661986238272
1.3093385376589473,1.3093385376589473
1.3176158635968713,1.3176158635968713
1.3258982058320874,1.3258982058320874
1.3341855938734526,1.3341855938734526
1.342478057344672,1.342478057344672
1.3507756259848132,1.3507756259848132
1.3590783296487983,1.3590783296487983
1.3673861983079207,1.3673861983079207
1.3756992620503452,1.3756992620503452
1.3840175510816295,1.3840175510816295
1.392341095725228,1.392341095725228
1.4006699264230287,1.4006699264230287
1.4090040737358533,1.4090040737358533
1.4173435683440057,1.4173435683440057
1.4256884410477773,1.4256884410477773
1.4340387227680023,1.4340387227680023
1.4423944445465708,1.4423944445465708
1.4507556375469883,1.4507556375469883
1.4591223330548977,1.4591223330548977
1.467494562478642,1.467494562478642
1.4758723573497963,1.4758723573497963
1.4842557493237405,1.4842557493237405
1.492644770180189,1.492644770180189
1.5010394518237766,1.5010394518237766
1.5094398262845983,1.5094398262845983
1.5178459257187902,1.5178459257187902
1.5262577824090902,1.5262577824090902
1.5346754287654192,1.5346754287654192
1.5430988973254451,1.5430988973254451
1.5515282207551828,1.5515282207551828
1.559963431849552,1.559963431849552
1.5684045635329937,1.5684045635329937
1.576851648860034,1.576851648860034
1.5853047210159024,1.5853047210159024
1.5937638133171117,1.5937638133171117
1.6022289592120762,1.6022289592120762
1.6107001922817044,1.6107001922817044
1.619177546240021,1.619177546240021
1.6276610549347696,1.6276610549347696
1.6361507523480436,1.6361507523480436
1.644646672596892,1.644646672596892
1.6531488499339635,1.6531488499339635
1.6616573187481176,1.6616573187481176
1.6701721135650751,1.6701721135650751
1.678693269048042,1.678693269048042
1.6872208199983632,1.6872208199983632
1.6957548013561556,1.6957548013561556
1.7042952482009737,1.7042952482009737
1.712842195752447,1.712842195752447
1.721395679370954,1.721395679370954
1.7299557345582695,1.7299557345582695
1.73852239695825,1.73852239695825
1.747095702357482,1.747095702357482
1.7556756866859808,1.7556756866859808
1.7642623860178486,1.7642623860178486
1.7728558365719809,1.7728558365719809
1.7814560747127302,1.7814560747127302
1.7900631369506244,1.7900631369506244
1.7986770599430402,1.7986770599430402
1.8072978804949285,1.8072978804949285
1.8159256355594973,1.8159256355594973
1.8245603622389461,1.8245603622389461
1.8332020977851586,1.8332020977851586
1.841850879600446,1.841850879600446
1.850506745238249,1.850506745238249
1.8591697324038907,1.8591697324038907
1.867839878955288,1.867839878955288
1.876517222903712,1.876517222903712
1.8852018024145152,1.8852018024145152
1.8938936558078936,1.8938936558078936
1.902592821559627,1.902592821559627
1.9112993383018548,1.9112993383018548
1.9200132448238205,1.9200132448238205
1.92873458007266,1.92873458007266
1.9374633831541563,1.9374633831541563
1.9461996933335364,1.9461996933335364
1.9549435500362375,1.9549435500362375
1.9636949928487162,1.9636949928487162
1.9724540615192216,1.9724540615192216
1.9812207959586148,1.9812207959586148
1.9899952362411548,1.9899952362411548
1.9987774226053305,1.9987774226053305
2.0075673954546507,2.0075673954546507
2.0163651953584942,2.0163651953584942
2.025170863052904,2.025170863052904
2.033984439441451,2.033984439441451
2.042805965596052,2.042805965596052
2.051635482757815,2.051635482757815
2.06047303233789,2.06047303233789
2.06931865591833,2.06931865591833
2.078172395252943,2.078172395252943
2.0870342922681613,2.0870342922681613
2.0959043890639033,2.0959043890639033
2.104782727914473,2.104782727914473
2.113669351269428,2.113669351269428
2.1225643017544646,2.1225643017544646
2.1314676221723228,2.1314676221723228
2.14037935550369,2.14037935550369
2.149299544908101,2.149299544908101
2.1582282337248553,2.1582282337248553
2.1671654654739294,2.1671654654739294
2.1761112838569208,2.1761112838569208
2.185065732757966,2.185065732757966
2.1940288562446777,2.1940288562446777
2.203000698569097,2.203000698569097
2.2119813041686487,2.2119813041686487
2.2209707176670905,2.2209707176670905
2.229968983875479,2.229968983875479
2.2389761477931405,2.2389761477931405
2.2479922546086586,2.2479922546086586
2.257017349700851,2.257017349700851
2.266051478639755,2.266051478639755
2.2750946871876345,2.2750946871876345
2.2841470212999866,2.2841470212999866
2.2932085271265494,2.2932085271265494
2.3022792510123176,2.3022792510123176
2.3113592394985694,2.3113592394985694
2.320448539323911,2.320448539323911
2.329547197425308,2.329547197425308
2.3386552609391256,2.3386552609391256
2.347772777202193,2.347772777202193
2.3568997937528695,2.3568997937528695
2.3660363583321065,2.3660363583321065
2.3751825188845226,2.3751825188845226
2.384338323559488,2.384338323559488
2.393503820712231,2.393503820712231
2.4026790589049236,2.4026790589049236
2.4118640869077854,2.4118640869077854
2.42105895370021,2.42105895370021
2.430263708471884,2.430263708471884
2.4394784006239227,2.4394784006239227
2.4487030797699934,2.4487030797699934
2.4579377957374815,2.4579377957374815
2.4671825985686313,2.4671825985686313
2.4764375385217225,2.4764375385217225
2.485702666072221,2.485702666072221
2.494978031913988,2.494978031913988
2.5042636869604378,2.5042636869604378
2.51355968234576,2.51355968234576
2.5228660694261027,2.5228660694261027
2.5321828997808074,2.5321828997808074
2.5415102252136093,2.5415102252136093
2.5508480977538914,2.5508480977538914
2.5601965696579025,2.5601965696579025
2.569555693410025,2.569555693410025
2.578925521724017,2.578925521724017
2.588306107544296,2.588306107544296
2.597697504047192,2.597697504047192
2.6070997646422605,2.6070997646422605
2.6165129429735496,2.6165129429735496
2.625937092920926,2.625937092920926
2.6353722686013725,2.6353722686013725
2.644818524370325,2.644818524370325
2.6542759148229864,2.6542759148229864
2.663744494795691,2.663744494795691
2.6732243193672347,2.6732243193672347
2.682715443860256,2.682715443860256
2.6922179238425894,2.6922179238425894
2.7017318151286673,2.7017318151286673
2.7112571737808873,2.7112571737808873
2.720794056111041,2.720794056111041
2.7303425186817005,2.7303425186817005
2.739902618307666,2.739902618307666
2.7494744120573746,2.7494744120573746
2.759057957254367,2.759057957254367
2.768653311478722,2.768653311478722
2.7782605325685372,2.7782605325685372
2.7878796786213904,2.7878796786213904
2.7975108079958466,2.7975108079958466
2.80715397931293,2.80715397931293
2.8168092514576606,2.8168092514576606
2.8264766835805473,2.8264766835805473
2.8361563350991466,2.8361563350991466
2.845848265699582,2.845848265699582
2.8555525353381204,2.8555525353381204
2.8652692042427126,2.8652692042427126
2.8749983329146036,2.8749983329146036
2.884739982129887,2.884739982129887
2.8944942129411424,2.8944942129411424
2.9042610866790173,2.9042610866790173
2.914040664953883,2.914040664953883
2.923833009657442,2.923833009657442
2.9336381829644096,2.9336381829644096
2.943456247334153,2.943456247334153
2.9532872655123854,2.9532872655123854
2.963131300532836,2.963131300532836
2.9729884157189765,2.9729884157189765
2.982858674685706,2.982858674685706
2.99274214134111,2.99274214134111
3.0026388798881687,3.0026388798881687
3.0125489548265456,3.0125489548265456
3.022472430954324,3.022472430954324
3.0324093733698105,3.0324093733698105
3.0423598474733136,3.0423598474733136
3.052323918968972,3.052323918968972
3.0623016538665597,3.0623016538665597
3.072293118483329,3.072293118483329
3.0822983794458567,3.0822983794458567
3.0923175036919273,3.0923175036919273
3.1023505584723945,3.1023505584723945
3.1123976113530802,3.1123976113530802
3.122458730216683,3.122458730216683
3.1325339832647123,3.1325339832647123
3.1426234390194225,3.1426234390194225
3.1527271663257546,3.1527271663257546
3.1628452343533198,3.1628452343533198
3.1729777125983882,3.1729777125983882
3.183124670885882,3.183124670885882
3.19328617937139,3.19328617937139
3.2034623085431986,3.2034623085431986
3.2136531292243555,3.2136531292243555
3.2238587125747253,3.2238587125747253
3.234079130093059,3.234079130093059
3.2443144536191078,3.2443144536191078
3.254564755335735,3.254564755335735
3.2648301077710467,3.2648301077710467
3.2751105838005303,3.2751105838005303
3.2854062566492277,3.2854062566492277
3.295717199893924,3.295717199893924
3.306043487465341,3.306043487465341
3.3163851936503494,3.3163851936503494
3.3267423930942117,3.3267423930942117
3.337115160802838,3.337115160802838
3.347503572145062,3.347503572145062
3.357907702854907,3.357907702854907
3.3683276290339177,3.3683276290339177
3.3787634271534897,3.3787634271534897
3.3892151740572025,3.3892151740572025
3.3996829469631873,3.3996829469631873
3.4101668234665126,3.4101668234665126
3.420666881541598,3.420666881541598
3.4311831995446282,3.4311831995446282
3.441715856215997,3.441715856215997
3.452264930682764,3.452264930682764
3.462830502461162,3.462830502461162
3.4734126514590824,3.4734126514590824
3.4840114579786,3.4840114579786
3.494627002718518,3.494627002718518
3.505259366776951,3.505259366776951
3.5159086316539034,3.5159086316539034
3.5265748792538627,3.5265748792538627
3.537258191888454,3.537258191888454
3.547958652279086,3.547958652279086
3.5586763435596267,3.5586763435596267
3.569411349279092,3.569411349279092
3.5801637534043724,3.5801637534043724
3.5909336403229837,3.5909336403229837
3.601721094845822,3.601721094845822
3.6125262022099554,3.6125262022099554
3.6233490480814328,3.6233490480814328
3.6341897185581336,3.6341897185581336
3.6450483001726175,3.6450483001726175
3.6559248798950055,3.6559248798950055
3.6668195451358954,3.6668195451358954
3.677732383749298,3.677732383749298
3.688663484035596,3.688663484035596
3.6996129347445073,3.6996129347445073
3.7105808250781305,3.7105808250781305
3.721567244693943,3.721567244693943
3.7325722837078943,3.7325722837078943
3.743596032697463,3.743596032697463
3.754638582704798,3.754638582704798
3.7657000252398367,3.7657000252398367
3.7767804522834947,3.7767804522834947
3.787879956290835,3.787879956290835
3.7989986301943133,3.7989986301943133
3.8101365674070142,3.8101365674070142
3.821293861825945,3.821293861825945
3.8324706078353197,3.8324706078353197
3.8436669003099238,3.8436669003099238
3.8548828346184454,3.8548828346184454
3.866118506626916,3.866118506626916
3.8773740127020813,3.8773740127020813
3.8886494497149013,3.8886494497149013
3.899944915044005,3.899944915044005
3.9112605065792283,3.9112605065792283
3.9225963227251355,3.9225963227251355
3.93395246240463,3.93395246240463
3.945329025062524,3.945329025062524
3.956726110669225,3.956726110669225
3.9681438197243617,3.9681438197243617
3.979582253260535,3.979582253260535
3.991041512847026,3.991041512847026
4.002521700593592,4.002521700593592
4.0140229191542485,4.0140229191542485
4.025545271731138,4.025545271731138
4.037088862078381,4.037088862078381
4.0486537945060075,4.0486537945060075
4.06024017388388,4.06024017388388
4.071848105645704,4.071848105645704
4.083477695793008,4.083477695793008
4.0951290508992395,4.0951290508992395
4.106802278113814,4.106802278113814
4.118497485166283,4.118497485166283
4.130214780370458,4.130214780370458
4.141954272628652,4.141954272628652
4.153716071435896,4.153716071435896
4.1655002868842335,4.1655002868842335
4.177307029667028,4.177307029667028
4.189136411083341,4.189136411083341
4.2009885430423095,4.2009885430423095
4.21286353806761,4.21286353806761
4.224761509301919,4.224761509301919
4.236682570511456,4.236682570511456
4.248626836090527,4.248626836090527
4.260594421066157,4.260594421066157
4.272585441102716,4.272585441102716
4.284600012506637,4.284600012506637
4.296638252231132,4.296638252231132
4.308700277880991,4.308700277880991
4.320786207717399,4.320786207717399
4.332896160662816,4.332896160662816
4.345030256305892,4.345030256305892
4.357188614906437,4.357188614906437
4.369371357400414,4.369371357400414
4.381578605405042,4.381578605405042
4.393810481223845,4.393810481223845
4.406067107851866,4.406067107851866
4.418348608980826,4.418348608980826
4.4306551090044115,4.4306551090044115
4.442986733023567,4.442986733023567
4.4553436068518515,4.4553436068518515
4.467725857020844,4.467725857020844
4.4801336107856145,4.4801336107856145
4.4925669961302335,4.4925669961302335
4.505026141773326,4.505026141773326
4.517511177173699,4.517511177173699
4.530022232536028,4.530022232536028
4.54255943881658,4.54255943881658
4.555122927728983,4.555122927728983
4.567712831750083,4.567712831750083
4.5803292841258525,4.5803292841258525
4.592972418877335,4.592972418877335
4.605642370806655,4.605642370806655
4.618339275503102,4.618339275503102
4.63106326934927,4.63106326934927
4.643814489527252,4.643814489527252
4.656593074024881,4.656593074024881
4.66939916164206,4.66939916164206
4.682232891997155,4.682232891997155
4.6950944055334265,4.6950944055334265
4.707983843525536,4.707983843525536
4.720901348086125,4.720901348086125
4.733847062172471,4.733847062172471
4.746821129593176,4.746821129593176
4.759823695014943,4.759823695014943
4.772854903969423,4.772854903969423
4.785914902860136,4.785914902860136
4.799003838969443,4.799003838969443
4.812121860465597,4.812121860465597
4.8252691164098716,4.8252691164098716
4.838445756763771,4.838445756763771
4.851651932396282,4.851651932396282
4.864887795091232,4.864887795091232
4.8781534975546945,4.8781534975546945
4.891449193422508,4.891449193422508
4.904775037267842,4.904775037267842
4.91813118460884,4.91813118460884
4.931517791916349,4.931517791916349
4.944935016621762,4.944935016621762
4.958383017124878,4.958383017124878
4.971861952801885,4.971861952801885
4.985371984013419,4.985371984013419
4.9989132721127145,4.9989132721127145
5.012485979453834,5.012485979453834
5.026090269399956,5.026090269399956
5.039726306331795,5.039726306331795
5.05339425565611,5.05339425565611
5.067094283814249,5.067094283814249
5.080826558290835,5.080826558290835
5.09459124762253,5.09459124762253
5.108388521406889,5.108388521406889
5.122218550311319,5.122218550311319
5.1360815060821,5.1360815060821
5.149977561553546,5.149977561553546
5.163906890657242,5.163906890657242
5.177869668431393,5.177869668431393
5.191866071030241,5.191866071030241
5.205896275733618,5.205896275733618
5.219960460956603,5.219960460956603
5.234058806259263,5.234058806259263
5.248191492356496,5.248191492356496
5.26235870112801,5.26235870112801
5.276560615628395,5.276560615628395
5.2907974200973,5.2907974200973
5.305069299969721,5.305069299969721
5.319376441886414,5.319376441886414
5.333719033704418,5.333719033704418
5.3480972645077,5.3480972645077
5.362511324617883,5.362511324617883
5.376961405605141,5.376961405605141
5.391447700299202,5.391447700299202
5.4059704028004445,5.4059704028004445
5.420529708491151,5.420529708491151
5.435125814046867,5.435125814046867
5.449758917447909,5.449758917447909
5.46442921799099,5.46442921799099
5.479136916300947,5.479136916300947
5.493882214342648,5.493882214342648
5.508665315433035,5.508665315433035
5.523486424253249,5.523486424253249
5.538345746860932,5.538345746860932
5.553243490702674,5.553243490702674
5.568179864626598,5.568179864626598
5.583155078895067,5.583155078895067
5.598169345197563,5.598169345197563
5.613222876663691,5.613222876663691
5.628315887876369,5.628315887876369
5.64344859488513,5.64344859488513
5.658621215219596,5.658621215219596
5.673833967903103,5.673833967903103
5.689087073466516,5.689087073466516
5.704380753962151,5.704380753962151
5.719715232977901,5.719715232977901
5.735090735651497,5.735090735651497
5.750507488684971,5.750507488684971
5.765965720359273,5.765965720359273
5.781465660549056,5.781465660549056
5.7970075407376225,5.7970075407376225
5.812591594032081,5.812591594032081
5.828218055178669,5.828218055178669
5.843887160578266,5.843887160578266
5.859599148302045,5.859599148302045
5.875354258107374,5.875354258107374
5.8911527314538965,5.8911527314538965
5.906994811519777,5.906994811519777
5.922880743218143,5.922880743218143
5.938810773213759,5.938810773213759
5.954785149939891,5.954785149939891
5.970804123615362,5.970804123615362
5.986867946261806,5.986867946261806
6.002976871721168,6.002976871721168
6.019131155673399,6.019131155673399
6.035331055654376,6.035331055654376
6.051576831074006,6.051576831074006
6.067868743234608,6.067868743234608
6.0842070553495,6.0842070553495
6.100592032561804,6.100592032561804
6.117023941963493,6.117023941963493
6.133503052614668,6.133503052614668
6.150029635563124,6.150029635563124
6.166603963864084,6.166603963864084
6.183226312600222,6.183226312600222
6.199896958901947,6.199896958901947
6.216616181967935,6.216616181967935
6.233384263085912,6.233384263085912
6.250201485653693,6.250201485653693
6.267068135200513,6.267068135200513
6.283984499408621,6.283984499408621
6.300950868135153,6.300950868135153
6.317967533434259,6.317967533434259
6.3350347895795425,6.3350347895795425
6.3521529330868,6.3521529330868
6.369322262737029,6.369322262737029
6.386543079599721,6.386543079599721
6.403815687056494,6.403815687056494
6.421140390825026,6.421140390825026
6.43851749898329,6.43851749898329
6.455947321994076,6.455947321994076
6.4734301727299,6.4734301727299
6.49096636649821,6.49096636649821
6.508556221066906,6.508556221066906
6.526200056690214,6.526200056690214
6.543898196134908,6.543898196134908
6.561650964706889,6.561650964706889
6.579458690278101,6.579458690278101
6.59732170331379,6.59732170331379
6.6152403369001735,6.6152403369001735
6.633214926772466,6.633214926772466
6.651245811343267,6.651245811343267
6.669333331731327,6.669333331731327
6.687477831790741,6.687477831790741
6.705679658140515,6.705679658140515
6.723939160194539,6.723939160194539
6.742256690191947,6.742256690191947
6.760632603227941,6.760632603227941
6.779067257285009,6.779067257285009
6.797561013264575,6.797561013264575
6.816114235019086,6.816114235019086
6.834727289384538,6.834727289384538
6.853400546213498,6.853400546213498
6.872134378408526,6.872134378408526
6.890929161956092,6.890929161956092
6.909785275960973,6.909785275960973
6.928703102681132,6.928703102681132
6.9476830275631,6.9476830275631
6.966725439277805,6.966725439277805
6.985830729756979,6.985830729756979
7.00499929423006,7.00499929423006
7.024231531261602,7.024231531261602
7.043527842789218,7.043527842789218
7.0628886341621016,7.0628886341621016
7.082314314180093,7.082314314180093
7.101805295133278,7.101805295133278
7.121361992842189,7.121361992842189
7.140984826698586,7.140984826698586
7.160674219706832,7.160674219706832
7.180430598525874,7.180430598525874
7.200254393511818,7.200254393511818
7.220146038761158,7.220146038761158
7.240105972154635,7.240105972154635
7.260134635401757,7.260134635401757
7.280232474085911,7.280232474085911
7.300399937710246,7.300399937710246
7.320637479744186,7.320637479744186
7.340945557670641,7.340945557670641
7.361324633033917,7.361324633033917
7.3817751714883695,7.3817751714883695
7.402297642847823,7.402297642847823
7.422892521135654,7.422892521135654
7.443560284635684,7.443560284635684
7.464301415943866,7.464301415943866
7.4851164020207595,7.4851164020207595
7.50600573424475,7.50600573424475
7.526969908466151,7.526969908466151
7.548009425062124,7.548009425062124
7.5691247889924425,7.5691247889924425
7.590316509856134,7.590316509856134
7.611585101948975,7.611585101948975
7.632931084321907,7.632931084321907
7.654354980840401,7.654354980840401
7.675857320244695,7.675857320244695
7.697438636210998,7.697438636210998
7.719099467413691,7.719099467413691
7.740840357588512,7.740840357588512
7.762661855596716,7.762661855596716
7.784564515490275,7.784564515490275
7.806548896578133,7.806548896578133
7.828615563493549,7.828615563493549
7.850765086262476,7.850765086262476
7.872998040373059,7.872998040373059
7.895315006846297,7.895315006846297
7.917716572307841,7.917716572307841
7.940203329060961,7.940203329060961
7.962775875160681,7.962775875160681
7.985434814489189,7.985434814489189
8.008180756832475,8.008180756832475
8.03101431795823,8.03101431795823
8.053936119695026,8.053936119695026
8.076946790012853,8.076946790012853
8.100046963104973,8.100046963104973
8.12323727947119,8.12323727947119
8.146518386002482,8.146518386002482
8.169890936067064,8.169890936067064
8.19335558959795,8.19335558959795
8.216913013182,8.216913013182
8.240563880150445,8.240563880150445
8.264308870671005,8.264308870671005
8.288148671841585,8.288148671841585
8.312083977785592,8.312083977785592
8.33611548974891,8.33611548974891
8.360243916198518,8.360243916198518
8.384469972922883,8.384469972922883
8.408794383134119,8.408794383134119
8.433217877571877,8.433217877571877
8.457741194609124,8.457741194609124
8.482365080359763,8.482365080359763
8.507090288788218,8.507090288788218
8.531917581820917,8.531917581820917
8.556847729459767,8.556847729459767
8.581881509897723,8.581881509897723
8.607019709636404,8.607019709636404
8.632263123605851,8.632263123605851
8.657612555286425,8.657612555286425
8.683068816832963,8.683068816832963
8.708632729201241,8.708632729201241
8.734305122276675,8.734305122276675
8.760086835005435,8.760086835005435
8.785978715528003,8.785978715528003
8.811981621315208,8.811981621315208
8.838096419306774,8.838096419306774
8.864323986052469,8.864323986052469
8.890665207855898,8.890665207855898
8.917120980921064,8.917120980921064
8.943692211501636,8.943692211501636
8.970379816053056,8.970379816053056
8.997184721387594,8.997184721387594
9.024107864832356,9.024107864832356
9.05115019439031,9.05115019439031
9.07831266890443,9.07831266890443
9.105596258225019,9.105596258225019
9.13300194338032,9.13300194338032
9.160530716750413,9.160530716750413
9.188183582244518,9.188183582244518
9.21596155548184,9.21596155548184
9.24386566397596,9.24386566397596
9.271896947322865,9.271896947322865
9.300056457392762,9.300056457392762
9.328345258525674,9.328345258525674
9.356764427731065,9.356764427731065
9.385315054891388,9.385315054891388
9.413998242969772,9.413998242969772
9.442815108221998,9.442815108221998
9.471766780412759,9.471766780412759
9.500854403036339,9.500854403036339
9.530079133541852,9.530079133541852
9.559442143563125,9.559442143563125
9.588944619153411,9.588944619153411
9.618587761024939,9.618587761024939
9.648372784793452,9.648372784793452
9.678300921227953,9.678300921227953
9.708373416505733,9.708373416505733
9.738591532472732,9.738591532472732
9.768956546909482,9.768956546909482
9.799469753802779,9.799469753802779
9.830132463623135,9.830132463623135
9.860946003608259,9.860946003608259
9.891911718052611,9.891911718052611
9.92303096860337,9.92303096860337
9.954305134562773,9.954305134562773
9.985735613197166,9.985735613197166
10.017323820052798,10.017323820052798
10.049071189278672,10.049071189278672
10.080979173956571,10.080979173956571
10.11304924643848,10.11304924643848
10.145282898691487,10.145282898691487
10.177681642650585,10.177681642650585
10.210247010579462,10.210247010579462
10.242980555439416,10.242980555439416
10.275883851266768,10.275883851266768
10.30895849355895,10.30895849355895
10.342206099669525,10.342206099669525
10.375628309212324,10.375628309212324
10.409226784475011,10.409226784475011
10.443003210842358,10.443003210842358
10.47695929722947,10.47695929722947
10.511096776525253,10.511096776525253
10.545417406046377,10.545417406046377
10.579922968002121,10.579922968002121
10.614615269970383,10.614615269970383
10.649496145385111,10.649496145385111
10.684567454035527,10.684567454035527
10.719831082577558,10.719831082577558
10.755288945057794,10.755288945057794
10.790942983450211,10.790942983450211
10.826795168206246,10.826795168206246
10.862847498818512,10.862847498818512
10.89910200439858,10.89910200439858
10.935560744269218,10.935560744269218
10.972225808571586,10.972225808571586
11.00909931888779,11.00909931888779
11.046183428879347,11.046183428879347
11.083480324941933,11.083480324941933
11.120992226876957,11.120992226876957
11.158721388580561,11.158721388580561
11.19667009875056,11.19667009875056
11.234840681611761,11.234840681611761
11.273235497660362,11.273235497660362
11.311856944428103,11.311856944428103
11.350707457266628,11.350707457266628
11.389789510152807,11.389789510152807
11.429105616515649,11.429105616515649
11.46865833008557,11.46865833008557
11.508450245766767,11.508450245766767
11.54848400053324,11.54848400053324
11.588762274349534,11.588762274349534
11.629287791116807,11.629287791116807
11.670063319645248,11.670063319645248
11.711091674653497,11.711091674653497
11.752375717796175,11.752375717796175
11.793918358720424,11.793918358720424
11.835722556152428,11.835722556152428
11.87779131901491,11.87779131901491
11.920127707576748,11.920127707576748
11.962734834635764,11.962734834635764
12.005615866735887,12.005615866735887
12.048774025419906,12.048774025419906
12.092212588518969,12.092212588518969
12.135934891480249,12.135934891480249
12.17994432873411,12.17994432873411
12.224244355102176,12.224244355102176
12.268838487247784,12.268838487247784
12.31373030517034,12.31373030517034
12.35892345374524,12.35892345374524
12.404421644311059,12.404421644311059
12.45022865630563,12.45022865630563
12.496348338952908,12.496348338952908
12.542784613002626,12.542784613002626
12.58954147252461,12.58954147252461
12.636622986759807,12.636622986759807
12.684033302030294,12.684033302030294
12.731776643710536,12.731776643710536
12.779857318262215,12.779857318262215
12.828279715335109,12.828279715335109
12.877048309936587,12.877048309936587
12.926167664672574,12.926167664672574
12.975642432062733,12.975642432062733
13.025477356932736,13.025477356932736
13.075677278886898,13.075677278886898
13.12624713486437,13.12624713486437
13.177191961782372,13.177191961782372
13.228516899269879,13.228516899269879
13.280227192495651,13.280227192495651
14.388876652835359,14.388876652835359
14.424910971668742,14.424910971668742
14.461256530498861,14.461256530498861
14.497920954956248,14.497920954956248
14.534911877702159,14.534911877702159
14.57223695296472,14.57223695296472
14.609903869755504,14.609903869755504
14.647920364007037,14.647920364007037
14.686294229826578,14.686294229826578
14.725033330027028,14.725033330027028
14.764145606068084,14.764145606068084
14.803639087519493,14.803639087519493
14.843521901140809,14.843521901140809
14.883802279658287,14.883802279658287
14.924488570308103,14.924488570308103
14.965589243206438,14.965589243206438
15.0071128995996,15.0071128995996
15.049068280041084,15.049068280041084
15.091464272537944,15.091464272537944
15.134309920704656,15.134309920704656
15.177614431959894,15.177614431959894
15.22138718579866,15.22138718579866
15.265637742170185,15.265637742170185
15.310375849990852,15.310375849990852
15.355611455819746,15.355611455819746
15.401354712723917,15.401354712723917
15.447615989359374,15.447615989359374
15.49440587929406,15.49440587929406
15.54173521059871,15.54173521059871
15.589615055731567,15.589615055731567
15.638056741743135,15.638056741743135
15.68707186082804,15.68707186082804
15.736672281251447,15.736672281251447
15.78687015867829,15.78687015867829
15.837677947934715,15.837677947934715
15.889108415232284,15.889108415232284
15.941174650886904,15.941174650886904
15.99389008256577,15.99389008256577
16.047268489097434,16.047268489097434
16.101324014882074,16.101324014882074
16.156071184941055,16.156071184941055
16.211524920646998,16.211524920646998
16.267700556178436,16.267700556178436
16.324613855745405,16.324613855745405
16.382281031635802,16.382281031635802
16.440718763135447,16.440718763135447
16.499944216377962,16.499944216377962
16.5599750651849,16.5599750651849
16.62082951296093,16.62082951296093
16.682526315712856,16.682526315712856
16.745084806266703,16.745084806266703
16.808524919762423,16.808524919762423
16.87286722051193,16.87286722051193
16.93813293031237,16.93813293031237
17.004343958313537,17.004343958313537
17.071522932546543,17.071522932546543
17.13969323322878,17.13969323322878
17.208879027970006,17.208879027970006
17.279105309013623,17.279105309013623
17.350397932659156,17.350397932659156
17.422783661023807,17.422783661023807
17.496290206314022,17.496290206314022
17.570946277792757,17.570946277792757
17.646781631644473,17.646781631644473
17.723827123957356,17.723827123957356
17.802114767061934,17.802114767061934
17.881677789486467,17.881677789486467
17.962550699813857,17.962550699813857
18.044769354750787,18.044769354750787
18.128371031749076,18.128371031749076
18.213394506551392,18.213394506551392
18.299880136069817,18.299880136069817
18.38786994704536,18.38786994704536
18.47740773098122,18.47740773098122
18.568539145891915,18.568539145891915
18.661311825466157,18.661311825466157
18.75577549630335,18.75577549630335
18.851982103952814,18.851982103952814
18.94998594856307,18.94998594856307
19.049843831035574,19.049843831035574
19.151615210677292,19.151615210677292
19.255362375456546,19.255362375456546
19.361150626092787,19.361150626092787
19.46904847535397,19.46904847535397
19.5791278640965,19.5791278640965
19.691464395766708,19.691464395766708
19.806137591292167,19.806137591292167
19.923231166530236,19.923231166530236
20.04283333471591,20.04283333471591
20.165037136663525,20.165037136663525
20.289940801838846,20.289940801838846
20.417648143833897,20.417648143833897
20.54826899425791,20.54826899425791
20.681919679614467,20.681919679614467
20.818723546382472,20.818723546382472
20.958811540273246,20.958811540273246
21.10232284651674,21.10232284651674
21.24940559906472,21.24940559906472
21.40021766781328,21.40021766781328
21.55492753438215,21.55492753438215
21.713715268687608,21.713715268687608
21.876773620565395,21.876773620565395
22.04430924310991,22.04430924310991
22.216544067282875,22.216544067282875
22.393716850818485,22.393716850818485
22.57608492864938,22.57608492864938
22.763926197171962,22.763926197171962
22.957541370884652,22.957541370884652
23.157256557552376,23.157256557552376
23.3634262074428,23.3634262074428
23.576436503820613,23.576436503820613
23.796709276404147,23.796709276404147
24.02470653770567,24.02470653770567
24.26093576518959,24.26093576518959
24.50595608146018,24.50595608146018
24.760385522219174,24.760385522219174
25.02490963022632,25.02490963022632
25.300291676692325,25.300291676692325
25.587384894648334,25.587384894648334
25.887147219222875,25.887147219222875
26.20065917791874,26.20065917791874
26.529145775110692,26.529145775110692
26.874003491385793,26.874003491385793
27.236833903279848,27.236833903279848
27.61948597285691,27.61948597285691
28.02410983732664,28.02410983732664
28.45322606925715,28.45322606925715
28.909816075724247,28.909816075724247
29.397441886553956,29.397441886553956
29.920407601824625,29.920407601824625
30.483981196236222,30.483981196236222
31.094705967051894,31.094705967051894
31.760848963726552,31.760848963726552
32.493065744018146,32.493065744018146
33.30542021210311,33.30542021210311
34.21701470478049,34.21701470478049
35.25472891684547,35.25472891684547
36.45811759467768,36.45811759467768
37.88889812354324,37.88889812354324
39.651408416664594,39.651408416664594
41.94398060396104,41.94398060396104
45.22275797677963,45.22275797677963
51.02714909648565,51.02714909648565
