-7.900930079800613,-7.900930079800613
-7.886795517999692,-7.886795517999692
-7.870946865768015,-7.870946865768015
-7.85345462421582,-7.85345462421582
-7.83438682369754,-7.83438682369754
-7.8138091007337325,-7.8138091007337325
-7.7917847728844025,-7.7917847728844025
-7.768374911618141,-7.768374911618141
-7.743638413220796,-7.743638413220796
-7.717632067786634,-7.717632067786634
-7.690410626334234,-7.690410626334234
-7.662026866088688,-7.662026866088688
-7.632531653970905,-7.632531653970905
-7.601974008334185,-7.601974008334185
-7.570401158987519,-7.570401158987519
-7.537858605544373,-7.537858605544373
-7.504390174135075,-7.504390174135075
-7.470038072520251,-7.470038072520251
-7.434842943642063,-7.434842943642063
-7.398843917649445,-7.398843917649445
-7.362078662432776,-7.362078662432776
-7.324583432702888,-7.324583432702888
-7.286393117648655,-7.286393117648655
-7.247541287206762,-7.247541287206762
-7.208060236976704,-7.208060236976704
-7.167981031813388,-7.167981031813388
-7.127333548129196,-7.127333548129196
-7.086146514936725,-7.086146514936725
-7.044447553662842,-7.044447553662842
-7.002263216764165,-7.002263216764165
-6.959619025173471,-6.959619025173471
-6.916539504605976,-6.916539504605976
-6.873048220753918,-6.873048220753918
-6.829167813397291,-6.829167813397291
-6.7849200294580685,-6.7849200294580685
-6.740325755024711,-6.740325755024711
-6.695405046373226,-6.695405046373226
-6.650177160010557,-6.650177160010557
-6.604660581765538,-6.604660581765538
-6.558873054952183,-6.558873054952183
-6.512831607629547,-6.512831607629547
-6.466552578981942,-6.466552578981942
-6.42005164484278,-6.42005164484278
-6.373343842384882,-6.373343842384882
-6.3264435939995565,-6.3264435939995565
-6.279364730386375,-6.279364730386375
-6.232120512875035,-6.232120512875035
-6.184723655000307,-6.184723655000307
-6.137186343350611,-6.137186343350611
-6.089520257710297,-6.089520257710297
-6.041736590515332,-6.041736590515332
-5.993846065641615,-5.993846065641615
-5.945858956544776,-5.945858956544776
-5.89778510376986,-5.89778510376986
-5.84963393184892,-5.84963393184892
-5.801414465604144,-5.801414465604144
-5.753135345873733,-5.753135345873733
-5.704804844677362,-5.704804844677362
-5.656430879837705,-5.656430879837705
-5.60802102907408,-5.60802102907408
-5.559582543583949,-5.559582543583949
-5.51112236112762,-5.51112236112762
-5.462647118631128,-5.462647118631128
-5.414163164321977,-5.414163164321977
-5.365676569411994,-5.365676569411994
-5.31719313934128,-5.31719313934128
-5.268718424596882,-5.268718424596882
-5.220257731119447,-5.220257731119447
-5.171816130310863,-5.171816130310863
-5.1233984686555285,-5.1233984686555285
-5.075009376967567,-5.075009376967567
-5.026653279276034,-5.026653279276034
-4.978334401359848,-4.978334401359848
-4.930056778943848,-4.930056778943848
-4.881824265567159,-4.881824265567159
-4.8336405401346685,-4.8336405401346685
-4.785509114162216,-4.785509114162216
-4.737433338725773,-4.737433338725773
-4.689416411124639,-4.689416411124639
-4.641461381268404,-4.641461381268404
-4.593571157797162,-4.593571157797162
-4.545748513944229,-4.545748513944229
-4.497996093150328,-4.497996093150328
-4.450316414437976,-4.450316414437976
-4.402711877554579,-4.402711877554579
-4.355184767892473,-4.355184767892473
-4.30773726119393,-4.30773726119393
-4.260371428048941,-4.260371428048941
-4.213089238193289,-4.213089238193289
-4.1658925646143325,-4.1658925646143325
-4.118783187471558,-4.118783187471558
-4.071762797838858,-4.071762797838858
-4.024833001275241,-4.024833001275241
-3.9779953212304537,-3.9779953212304537
-3.931251202291879,-3.931251202291879
-3.8846020132787658,-3.8846020132787658
-3.8380490501897433,-3.8380490501897433
-3.79159353900937,-3.79159353900937
-3.745236638379241,-3.745236638379241
-3.6989794421390543,-3.6989794421390543
-3.652822981742832,-3.652822981742832
-3.606768228555335,-3.606768228555335
-3.560816096033518,-3.560816096033518
-3.514967441797758,-3.514967441797758
-3.469223069597371,-3.469223069597371
-3.4235837311748263,-3.4235837311748263
-3.378050128032881,-3.378050128032881
-3.332622913108741,-3.332622913108741
-3.2873026923591624,-3.2873026923591624
-3.2420900262603385,-3.2420900262603385
-3.1969854312261923,-3.1969854312261923
-3.1519893809486463,-3.1519893809486463
-3.1071023076632374,-3.1071023076632374
-3.0623246033433698,-3.0623246033433698
-3.017656620826346,-3.017656620826346
-2.973098674874206,-2.973098674874206
-2.9286510431722794,-2.9286510431722794
-2.8843139672682483,-2.8843139672682483
-2.840087653454404,-2.840087653454404
-2.795972273595669,-2.795972273595669
-2.7519679659058576,-2.7519679659058576
-2.708074835674523,-2.708074835674523
-2.664292955946686,-2.664292955946686
-2.6206223681575875,-2.6206223681575875
-2.5770630827245444,-2.5770630827245444
-2.533615079597901,-2.533615079597901
-2.4902783087729583,-2.4902783087729583
-2.447052690764694,-2.447052690764694
-2.403938117046989,-2.403938117046989
-2.3609344504580148,-2.3609344504580148
-2.3180415255733307,-2.3180415255733307
-2.275259149048191,-2.275259149048191
-2.232587099930468,-2.232587099930468
-2.190025129945531,-2.190025129945531
-2.14757296375436,-2.14757296375436
-2.1052302991860996,-2.1052302991860996
-2.062996807446184,-2.062996807446184
-2.020872133301129,-2.020872133301129
-1.9788558952409931,-1.9788558952409931
-1.936947685620477,-1.936947685620477
-1.895147070779559,-1.895147070779559
-1.853453591144522,-1.853453591144522
-1.811866761310166,-1.811866761310166
-1.7703860701039429,-1.7703860701039429
-1.7290109806327323,-1.7290109806327323
-1.6877409303128872,-1.6877409303128872
-1.6465753308841664,-1.6465753308841664
-1.6055135684081112,-1.6055135684081112
-1.5645550032513906,-1.5645550032513906
-1.5236989700545867,-1.5236989700545867
-1.4829447776868707,-1.4829447776868707
-1.4422917091869634,-1.4422917091869634
-1.4017390216907533,-1.4017390216907533
-1.3612859463459066,-1.3612859463459066
-1.3209316882137634,-1.3209316882137634
-1.2806754261587923,-1.2806754261587923
-1.2405163127258414,-1.2405163127258414
-1.2004534740053916,-1.2004534740053916
-1.1604860094869944,-1.1604860094869944
-1.1206129919010441,-1.1206129919010441
-1.0808334670490194,-1.0808334670490194
-1.0411464536222805,-1.0411464536222805
-1.0015509430095229,-1.0015509430095229
-0.9620458990929172,-0.9620458990929172
-0.9226302580329897,-0.9226302580329897
-0.8833029280422381,-0.8833029280422381
-0.8440627891474866,-0.8440627891474866
-0.8049086929409391,-0.8049086929409391
-0.7658394623198901,-0.7658394623198901
-0.7268538912150232,-0.7268538912150232
-0.6879507443072124,-0.6879507443072124
-0.6491287567327205,-0.6491287567327205
-0.6103866337766819,-0.6103866337766819
-0.5717230505547248,-0.5717230505547248
-0.5331366516825888,-0.5331366516825888
-0.4946260509335615,-0.4946260509335615
-0.45618983088355697,-0.45618983088355697
-0.4178265425436339,-0.4178265425436339
-0.3795347049797384,-0.3795347049797384
-0.3413128049194451,-0.3413128049194451
-0.3031592963454504,-0.3031592963454504
-0.2650726000755598,-0.2650726000755598
-0.2270511033288961,-0.2270511033288961
-0.18909315927804063,-0.18909315927804063
-0.15119708658680295,-0.15119708658680295
-0.11336116893330238,-0.11336116893330238
-0.07558365451802801,-0.07558365451802801
-0.037862755556526954,-0.037862755556526954
-0.00019664775635788088,-0.00019664775635788088
0.03741653022207094,0.03741653022207094
0.07497867732117604,0.07497867732117604
0.11249173065879992,0.11249173065879992
0.14995766611816835,0.14995766611816835
0.18737849895565428,0.18737849895565428
0.22475628442681453,0.22475628442681453
0.26209311843118527,0.26209311843118527
0.2993911381763427,0.2993911381763427
0.336652522861754,0.336652522861754
0.3738794943829674,0.3738794943829674
0.41107431805670797,0.41107431805670797
0.44823930336747314,0.44823930336747314
0.4853768047362429,0.4853768047362429
0.5224892223119438,0.5224892223119438
0.5595790027863337,0.5595790027863337
0.5966486402329978,0.5966486402329978
0.63370067697118,0.63370067697118
0.6707377044551914,0.6707377044551914
0.707762364190183,0.707762364190183
0.7447773486750873,0.7447773486750873
0.7817854023735723,0.7817854023735723
0.8187893227138876,0.8187893227138876
0.8557919611185102,0.8557919611185102
0.8927962240645432,0.8927962240645432
0.9298050741758497,0.9298050741758497
0.9668215313479516,0.9668215313479516
1.00384867390676,1.00384867390676
1.0408896398022474,1.0408896398022474
1.077947627838218,1.077947627838218
1.1150258989393749,1.1150258989393749
1.1521277774569367,1.1521277774569367
1.189256652514103,1.189256652514103
1.2264159793927134,1.2264159793927134
1.2636092809625135,1.2636092809625135
1.3008401491544814,1.3008401491544814
1.338112246479734,1.338112246479734
1.375429307595591,1.375429307595591
1.4127951409204347,1.4127951409204347
1.4502136302990631,1.4502136302990631
1.4876887367203235,1.4876887367203235
1.5252245000888287,1.5252245000888287
1.5628250410527007,1.5628250410527007
1.6004945628892993,1.6004945628892993
1.638237353450991,1.638237353450991
1.676057787173108,1.676057787173108
1.7139603271462878,1.7139603271462878
1.751949527255507,1.751949527255507
1.7900300343881816,1.7900300343881816
1.8282065907138028,1.8282065907138028
1.8664840360376713,1.8664840360376713
1.9048673102313824,1.9048673102313824
1.9433614557428014,1.9433614557428014
1.9819716201883937,1.9819716201883937
2.020703059030838,2.020703059030838
2.0595611383449994,2.0595611383449994
2.098551337675396,2.098551337675396
2.1376792529884585,2.1376792529884585
2.176950599722948,2.176950599722948
2.216371215942042,2.216371215942042
2.2559470655907115,2.2559470655907115
2.295684241862126,2.295684241862126
2.335588970676968,2.335588970676968
2.3756676142796533,2.3756676142796533
2.4159266749555814,2.4159266749555814
2.456372798873701,2.456372798873701
2.497012780058791,2.497012780058791
2.537853564498011,2.537853564498011
2.578902254386417,2.578902254386417
2.6201661125163014,2.6201661125163014
2.661652566815349,2.661652566815349
2.70336921503878,2.70336921503878
2.745323829620795,2.745323829620795
2.787524362690816,2.787524362690816
2.829978951260169,2.829978951260169
2.8726959225850517,2.8726959225850517
2.915683799711781,2.915683799711781
2.9589513072105085,2.9589513072105085
3.002507377103778,3.002507377103778
3.0463611549964846,3.0463611549964846
3.0905220064139813,3.0905220064139813
3.1349995233552894,3.1349995233552894
3.179803531068563,3.179803531068563
3.2249440950561565,3.2249440950561565
3.2704315283168675,3.2704315283168675
3.316276398833133,3.316276398833133
3.3624895373111707,3.3624895373111707
3.4090820451823,3.4090820451823
3.4560653028738706,3.4560653028738706
3.5034509783585004,3.5034509783585004
3.551251035990515,3.551251035990515
3.5994777456387776,3.5994777456387776
3.6481436921252737,3.6481436921252737
3.6972617849791396,3.6972617849791396
3.7468452685160183,3.7468452685160183
3.7969077322529277,3.7969077322529277
3.847463121669063,3.847463121669063
3.8985257493232486,3.8985257493232486
3.9501103063390017,3.9501103063390017
4.002231874268485,4.002231874268485
4.054905937346876,4.054905937346876
4.108148395148993,4.108148395148993
4.161975575660301,4.161975575660301
4.216404248774737,4.216404248774737
4.271451640232067,4.271451640232067
4.327135446007857,4.327135446007857
4.383473847169357,4.383473847169357
4.440485525211065,4.440485525211065
4.49818967788389,4.49818967788389
4.556606035532335,4.556606035532335
4.615754877954323,4.615754877954323
4.675657051798726,4.675657051798726
4.736333988515948,4.736333988515948
4.797807722877306,4.797807722877306
4.860100912079279,4.860100912079279
4.923236855449115,4.923236855449115
4.987239514768574,4.987239514768574
5.0521335352330485,5.0521335352330485
5.117944267063657,5.117944267063657
5.184697787790254,5.184697787790254
5.252420925223773,5.252420925223773
5.321141281136629,5.321141281136629
5.39088725567046,5.39088725567046
5.4616880724906745,5.4616880724906745
5.53357380470796,5.53357380470796
5.6065754015871025,5.6065754015871025
5.6807247160640575,5.6807247160640575
5.756054533092556,5.756054533092556
5.832598598842042,5.832598598842042
5.910391650769141,5.910391650769141
5.989469448585344,5.989469448585344
6.069868806144041,6.069868806144041
6.151627624270543,6.151627624270543
6.234784924559167,6.234784924559167
6.319380884161956,6.319380884161956
6.405456871594127,6.405456871594127
6.493055483581811,6.493055483581811
6.582220582978144,6.582220582978144
6.672997337774314,6.672997337774314
6.765432261232678,6.765432261232678
6.859573253169552,6.859573253169552
6.955469642415874,6.955469642415874
7.0531722304844395,7.0531722304844395
7.152733336472949,7.152733336472949
7.254206843232688,7.254206843232688
7.357648244833234,7.357648244833234
7.463114695354087,7.463114695354087
7.5706650590347735,7.5706650590347735
7.680359961815525,7.680359961815525
7.792261844301207,7.792261844301207
7.906435016181806,7.906435016181806
8.02294571214336,8.02294571214336
8.141862149303861,8.141862149303861
8.26325458620924,8.26325458620924
8.38719538342523,8.38719538342523
8.513759065761462,8.513759065761462
8.643022386164871,8.643022386164871
8.775064391320099,8.775064391320099
8.90996648899525,8.90996648899525
9.047812517172016,9.047812517172016
9.188688814999871,9.188688814999871
9.33268429561474,9.33268429561474
9.479890520863172,9.479890520863172
9.63040177797386,9.63040177797386
9.784315158218908,9.784315158218908
9.941730637608112,9.941730637608112
10.102751159660158,10.102751159660158
10.267482720295373,10.267482720295373
10.436034454895442,10.436034454895442
10.608518727576275,10.608518727576275
10.785051222720833,10.785051222720833
10.965751038819679,10.965751038819679
11.150740784667684,11.150740784667684
14.050931551493248,14.050931551493248
14.02349958428826,14.02349958428826
13.99763876511961,13.99763876511961
13.973625373643117,13.973625373643117
13.951724067670611,13.951724067670611
13.932190822197839,13.932190822197839
13.91527520049733,13.91527520049733
13.901222149288099,13.901222149288099
13.89027344677328,13.89027344677328
13.882668892356058,13.882668892356058
13.878647300768764,13.878647300768764
13.878447345875152,13.878447345875152
13.882308287419248,13.882308287419248
13.890470605592979,13.890470605592979
13.903176562298263,13.903176562298263
13.920670703625065,13.920670703625065
13.943200314856734,13.943200314856734
13.971015836915353,13.971015836915353
14.004371251342787,14.004371251342787
14.043524439523395,14.043524439523395
14.088737520778304,14.088737520778304
14.140277173118971,14.140277173118971
14.198414939786675,14.198414939786675
14.263427524175004,14.263427524175004
14.335597075311902,14.335597075311902
14.415211465735291,14.415211465735291
14.502564563319567,14.502564563319567
14.597956498384045,14.597956498384045
14.70169392722669,14.70169392722669
14.81409029307454,14.81409029307454
14.935466085310903,14.935466085310903
15.066149097734883,15.066149097734883
15.20647468651791,15.20647468651791
15.35678602844554,15.35678602844554
15.517434379970565,15.517434379970565
15.688779337546423,15.688779337546423
15.871189099666179,15.871189099666179
16.06504073099096,16.06504073099096
