-7.000848150325666,-7.000848150325666
-7.0033485601962155,-7.0033485601962155
-7.003322548724181,-7.003322548724181
-7.002182228138808,-7.002182228138808
-7.000308114495047,-7.000308114495047
-6.997886440993339,-6.997886440993339
-6.995028493857148,-6.995028493857148
-6.991808450159212,-6.991808450159212
-6.988279340468244,-6.988279340468244
-6.984480983721519,-6.984480983721519
-6.98044438634298,-6.98044438634298
-6.976194380523135,-6.976194380523135
-6.971751303623937,-6.971751303623937
-6.967132118506163,-6.967132118506163
-6.962351189761888,-6.962351189761888
-6.957420838640643,-6.957420838640643
-6.952351750344787,-6.952351750344787
-6.9471532797562,-6.9471532797562
-6.941833685414019,-6.941833685414019
-6.936400311634958,-6.936400311634958
-6.9308597323948975,-6.9308597323948975
-6.925217866511109,-6.925217866511109
-6.919480070943466,-6.919480070943466
-6.913651217176619,-6.913651217176619
-6.907735754353056,-6.907735754353056
-6.901737761911157,-6.901737761911157
-6.895660993822561,-6.895660993822561
-6.889508916040856,-6.889508916040856
-6.88328473841597,-6.88328473841597
-6.876991442060396,-6.876991442060396
-6.8706318029497595,-6.8706318029497595
-6.864208412383977,-6.864208412383977
-6.857723694814342,-6.857723694814342
-6.851179923447222,-6.851179923447222
-6.844579233960599,-6.844579233960599
-6.837923636610395,-6.837923636610395
-6.831215026956161,-6.831215026956161
-6.82445519539753,-6.82445519539753
-6.817645835681804,-6.817645835681804
-6.810788552517833,-6.810788552517833
-6.80388486841051,-6.80388486841051
-6.796936229813168,-6.796936229813168
-6.789944012680876,-6.789944012680876
-6.782909527495851,-6.782909527495851
-6.775834023826263,-6.775834023826263
-6.768718694471337,-6.768718694471337
-6.761564679238673,-6.761564679238673
-6.754373068393687,-6.754373068393687
-6.747144905815974,-6.747144905815974
-6.739881191893097,-6.739881191893097
-6.732582886178549,-6.732582886178549
-6.72525090983742,-6.72525090983742
-6.717886147900557,-6.717886147900557
-6.710489451345617,-6.710489451345617
-6.703061639021294,-6.703061639021294
-6.695603499429235,-6.695603499429235
-6.688115792376564,-6.688115792376564
-6.680599250510541,-6.680599250510541
-6.673054580745686,-6.673054580745686
-6.665482465592631,-6.665482465592631
-6.657883564397002,-6.657883564397002
-6.65025851449583,-6.65025851449583
-6.642607932298236,-6.642607932298236
-6.634932414296498,-6.634932414296498
-6.627232538012999,-6.627232538012999
-6.619508862888083,-6.619508862888083
-6.611761931113332,-6.611761931113332
-6.60399226841442,-6.60399226841442
-6.596200384787291,-6.596200384787291
-6.588386775191069,-6.588386775191069
-6.580551920200873,-6.580551920200873
-6.57269628662336,-6.57269628662336
-6.5648203280776425,-6.5648203280776425
-6.556924485543956,-6.556924485543956
-6.549009187882319,-6.549009187882319
-6.541074852323177,-6.541074852323177
-6.533121884931908,-6.533121884931908
-6.525150681048916,-6.525150681048916
-6.5171616257068905,-6.5171616257068905
-6.509155094026683,-6.509155094026683
-6.501131451593166,-6.501131451593166
-6.493091054812321,-6.493091054812321
-6.485034251250707,-6.485034251250707
-6.476961379958396,-6.476961379958396
-6.468872771776356,-6.468872771776356
-6.4607687496292066,-6.4607687496292066
-6.4526496288042265,-6.4526496288042265
-6.444515717217386,-6.444515717217386
-6.436367315667159,-6.436367315667159
-6.428204718076819,-6.428204718076819
-6.420028211725857,-6.420028211725857
-6.411838077471104,-6.411838077471104
-6.403634589958169,-6.403634589958169
-6.395418017823684,-6.395418017823684
-6.3871886238888465,-6.3871886238888465
-6.37894666534475,-6.37894666534475
-6.370692393929912,-6.370692393929912
-6.362426056100412,-6.362426056100412
-6.354147893193014,-6.354147893193014
-6.345858141581652,-6.345858141581652
-6.337557032827583,-6.337557032827583
-6.329244793823545,-6.329244793823545
-6.320921646932213,-6.320921646932213
-6.312587810119231,-6.312587810119231
-6.30424349708107,-6.30424349708107
-6.295888917367991,-6.295888917367991
-6.287524276502312,-6.287524276502312
-6.279149776092225,-6.279149776092225
-6.2707656139413555,-6.2707656139413555
-6.262371984154275,-6.262371984154275
-6.253969077238136,-6.253969077238136
-6.245557080200621,-6.245557080200621
-6.237136176644355,-6.237136176644355
-6.228706546857963,-6.228706546857963
-6.2202683679039,-6.2202683679039
-6.211821813703189,-6.211821813703189
-6.203367055117236,-6.203367055117236
-6.1949042600268145,-6.1949042600268145
-6.186433593408342,-6.186433593408342
-6.1779552174075985,-6.1779552174075985
-6.169469291410937,-6.169469291410937
-6.160975972114149,-6.160975972114149
-6.152475413589042,-6.152475413589042
-6.143967767347835,-6.143967767347835
-6.135453182405464,-6.135453182405464
-6.12693180533988,-6.12693180533988
-6.1184037803504205,-6.1184037803504205
-6.10986924931432,-6.10986924931432
-6.101328351841452,-6.101328351841452
-6.092781225327358,-6.092781225327358
-6.084228005004626,-6.084228005004626
-6.075668823992704,-6.075668823992704
-6.067103813346182,-6.067103813346182
-6.058533102101608,-6.058533102101608
-6.049956817322917,-6.049956817322917
-6.041375084145475,-6.041375084145475
-6.03278802581885,-6.03278802581885
-6.024195763748297,-6.024195763748297
-6.015598417535058,-6.015598417535058
-6.006996105015472,-6.006996105015472
-5.998388942298978,-5.998388942298978
-5.989777043805021,-5.989777043805021
-5.981160522298919,-5.981160522298919
-5.97253948892671,-5.97253948892671
-5.963914053249043,-5.963914053249043
-5.955284323274107,-5.955284323274107
-5.946650405489665,-5.946650405489665
-5.9380124048942085,-5.9380124048942085
-5.92937042502726,-5.92937042502726
-5.920724567998865,-5.920724567998865
-5.912074934518285,-5.912074934518285
-5.903421623921928,-5.903421623921928
-5.894764734200543,-5.894764734200543
-5.886104362025693,-5.886104362025693
-5.877440602775542,-5.877440602775542
-5.868773550559969,-5.868773550559969
-5.860103298245031,-5.860103298245031
-5.8514299374768095,-5.8514299374768095
-5.842753558704636,-5.842753558704636
-5.834074251203744,-5.834074251203744
-5.825392103097338,-5.825392103097338
-5.816707201378117,-5.816707201378117
-5.808019631929267,-5.808019631929267
-5.799329479544929,-5.799329479544929
-5.79063682795017,-5.79063682795017
-5.781941759820459,-5.781941759820459
-5.773244356800681,-5.773244356800681
-5.764544699523688,-5.764544699523688
-5.755842867628402,-5.755842867628402
-5.747138939777496,-5.747138939777496
-5.7384329936746505,-5.7384329936746505
-5.7297251060814025,-5.7297251060814025
-5.721015352833604,-5.721015352833604
-5.7123038088574996,-5.7123038088574996
-5.703590548185427,-5.703590548185427
-5.694875643971159,-5.694875643971159
-5.686159168504897,-5.686159168504897
-5.677441193227922,-5.677441193227922
-5.668721788746908,-5.668721788746908
-5.660001024847935,-5.660001024847935
-5.651278970510155,-5.651278970510155
-5.6425556939191885,-5.6425556939191885
-5.6338312624802,-5.6338312624802
-5.625105742830703,-5.625105742830703
-5.616379200853073,-5.616379200853073
-5.607651701686796,-5.607651701686796
-5.5989233097404485,-5.5989233097404485
-5.59019408870342,-5.59019408870342
-5.581464101557388,-5.581464101557388
-5.572733410587543,-5.572733410587543
-5.564002077393585,-5.564002077393585
-5.5552701629004755,-5.5552701629004755
-5.546537727368976,-5.546537727368976
-5.537804830405962,-5.537804830405962
-5.529071530974526,-5.529071530974526
-5.5203378874038584,-5.5203378874038584
-5.511603957398955,-5.511603957398955
-5.50286979805009,-5.50286979805009
-5.494135465842132,-5.494135465842132
-5.4854010166636415,-5.4854010166636415
-5.476666505815803,-5.476666505815803
-5.467931988021176,-5.467931988021176
-5.4591975174322664,-5.4591975174322664
-5.450463147639935,-5.450463147639935
-5.441728931681633,-5.441728931681633
-5.432994922049481,-5.432994922049481
-5.424261170698194,-5.424261170698194
-5.415527729052835,-5.415527729052835
-5.406794648016445,-5.406794648016445
-5.398061977977501,-5.398061977977501
-5.389329768817251,-5.389329768817251
-5.3805980699168945,-5.3805980699168945
-5.371866930164635,-5.371866930164635
-5.363136397962599,-5.363136397962599
-5.354406521233618,-5.354406521233618
-5.345677347427894,-5.345677347427894
-5.336948923529535,-5.336948923529535
-5.328221296062968,-5.328221296062968
-5.319494511099234,-5.319494511099234
-5.310768614262174,-5.310768614262174
-5.302043650734495,-5.302043650734495
-5.293319665263725,-5.293319665263725
-5.284596702168067,-5.284596702168067
-5.275874805342141,-5.275874805342141
-5.267154018262623,-5.267154018262623
-5.258434383993788,-5.258434383993788
-5.249715945192957,-5.249715945192957
-5.240998744115824,-5.240998744115824
-5.23228282262173,-5.23228282262173
-5.223568222178807,-5.223568222178807
-5.214854983869047,-5.214854983869047
-5.206143148393286,-5.206143148393286
-5.197432756076103,-5.197432756076103
-5.188723846870615,-5.188723846870615
-5.180016460363218,-5.180016460363218
-5.171310635778223,-5.171310635778223
-5.162606411982425,-5.162606411982425
-5.153903827489599,-5.153903827489599
-5.1452029204649,-5.1452029204649
-5.136503728729214,-5.136503728729214
-5.127806289763417,-5.127806289763417
-5.119110640712572,-5.119110640712572
-5.110416818390053,-5.110416818390053
-5.101724859281605,-5.101724859281605
-5.09303479954933,-5.09303479954933
-5.084346675035613,-5.084346675035613
-5.0756605212669825,-5.0756605212669825
-5.0669763734579085,-5.0669763734579085
-5.058294266514534,-5.058294266514534
-5.049614235038358,-5.049614235038358
-5.040936313329841,-5.040936313329841
-5.032260535391974,-5.032260535391974
-5.023586934933774,-5.023586934933774
-5.014915545373729,-5.014915545373729
-5.006246399843189,-5.006246399843189
-4.997579531189707,-4.997579531189707
-4.988914971980324,-4.988914971980324
-4.980252754504794,-4.980252754504794
-4.971592910778779,-4.971592910778779
-4.962935472546972,-4.962935472546972
-4.954280471286191,-4.954280471286191
-4.945627938208411,-4.945627938208411
-4.936977904263757,-4.936977904263757
-4.928330400143443,-4.928330400143443
-4.919685456282682,-4.919685456282682
-4.911043102863538,-4.911043102863538
-4.902403369817733,-4.902403369817733
-4.893766286829426,-4.893766286829426
-4.885131883337936,-4.885131883337936
-4.8765001885404295,-4.8765001885404295
-4.867871231394572,-4.867871231394572
-4.859245040621138,-4.859245040621138
-4.85062164470657,-4.85062164470657
-4.842001071905524,-4.842001071905524
-4.833383350243352,-4.833383350243352
-4.824768507518571,-4.824768507518571
-4.816156571305273,-4.816156571305273
-4.807547568955526,-4.807547568955526
-4.798941527601709,-4.798941527601709
-4.790338474158851,-4.790338474158851
-4.781738435326896,-4.781738435326896
-4.773141437592969,-4.773141437592969
-4.764547507233586,-4.764547507233586
-4.755956670316852,-4.755956670316852
-4.747368952704612,-4.747368952704612
-4.738784380054577,-4.738784380054577
-4.730202977822425,-4.730202977822425
-4.721624771263864,-4.721624771263864
-4.713049785436673,-4.713049785436673
-4.704478045202713,-4.704478045202713
-4.695909575229903,-4.695909575229903
-4.687344399994184,-4.687344399994184
-4.678782543781436,-4.678782543781436
-4.670224030689383,-4.670224030689383
-4.661668884629475,-4.661668884629475
-4.653117129328724,-4.653117129328724
-4.6445687883315365,-4.6445687883315365
-4.636023885001513,-4.636023885001513
-4.627482442523216,-4.627482442523216
-4.618944483903929,-4.618944483903929
-4.610410031975379,-4.610410031975379
-4.601879109395438,-4.601879109395438
-4.593351738649813,-4.593351738649813
-4.584827942053695,-4.584827942053695
-4.576307741753405,-4.576307741753405
-4.567791159727999,-4.567791159727999
-4.559278217790873,-4.559278217790873
-4.550768937591325,-4.550768937591325
-4.542263340616115,-4.542263340616115
-4.533761448190996,-4.533761448190996
-4.525263281482218,-4.525263281482218
-4.516768861498033,-4.516768861498033
-4.508278209090158,-4.508278209090158
-4.499791344955233,-4.499791344955233
-4.491308289636255,-4.491308289636255
-4.482829063523996,-4.482829063523996
-4.474353686858398,-4.474353686858398
-4.465882179729961,-4.465882179729961
-4.457414562081099,-4.457414562081099
-4.4489508537074896,-4.4489508537074896
-4.4404910742593975,-4.4404910742593975
-4.432035243243,-4.432035243243
-4.423583380021666,-4.423583380021666
-4.415135503817246,-4.415135503817246
-4.406691633711333,-4.406691633711333
-4.398251788646508,-4.398251788646508
-4.389815987427575,-4.389815987427575
-4.381384248722776,-4.381384248722776
-4.3729565910649955,-4.3729565910649955
-4.364533032852942,-4.364533032852942
-4.356113592352331,-4.356113592352331
-4.347698287697029,-4.347698287697029
-4.339287136890207,-4.339287136890207
-4.330880157805472,-4.330880157805472
-4.322477368187974,-4.322477368187974
-4.314078785655517,-4.314078785655517
-4.305684427699647,-4.305684427699647
-4.297294311686727,-4.297294311686727
-4.288908454858999,-4.288908454858999
-4.280526874335637,-4.280526874335637
-4.272149587113787,-4.272149587113787
-4.263776610069588,-4.263776610069588
-4.255407959959188,-4.255407959959188
-4.2470436534197455,-4.2470436534197455
-4.238683706970424,-4.238683706970424
-4.23032813701336,-4.23032813701336
-4.221976959834637,-4.221976959834637
-4.21363019160524,-4.21363019160524
-4.205287848381999,-4.205287848381999
-4.19694994610852,-4.19694994610852
-4.18861650061611,-4.18861650061611
-4.180287527624688,-4.180287527624688
-4.171963042743688,-4.171963042743688
-4.1636430614729445,-4.1636430614729445
-4.155327599203577,-4.155327599203577
-4.147016671218862,-4.147016671218862
-4.138710292695083,-4.138710292695083
-4.1304084787024,-4.1304084787024
-4.122111244205671,-4.122111244205671
-4.113818604065295,-4.113818604065295
-4.1055305730380285,-4.1055305730380285
-4.0972471657778,-4.0972471657778
-4.088968396836519,-4.088968396836519
-4.080694280664858,-4.080694280664858
-4.072424831613049,-4.072424831613049
-4.064160063931657,-4.064160063931657
-4.055899991772343,-4.055899991772343
-4.047644629188633,-4.047644629188633
-4.039393990136662,-4.039393990136662
-4.03114808847592,-4.03114808847592
-4.022906937969983,-4.022906937969983
-4.014670552287247,-4.014670552287247
-4.006438945001634,-4.006438945001634
-3.99821212959332,-3.99821212959332
-3.989990119449419,-3.989990119449419
-3.981772927864692,-3.981772927864692
-3.97356056804223,-3.97356056804223
-3.9653530530941308,-3.9653530530941308
-3.9571503960421794,-3.9571503960421794
-3.9489526098185053,-3.9489526098185053
-3.9407597072662477,-3.9407597072662477
-3.9325717011402004,-3.9325717011402004
-3.9243886041074614,-3.9243886041074614
-3.916210428748069,-3.916210428748069
-3.908037187555629,-3.908037187555629
-3.8998688929379424,-3.8998688929379424
-3.891705557217622,-3.891705557217622
-3.883547192632699,-3.883547192632699
-3.875393811337234,-3.875393811337234
-3.8672454254019093,-3.8672454254019093
-3.859102046814621,-3.859102046814621
-3.8509636874810678,-3.8509636874810678
-3.8428303592253252,-3.8428303592253252
-3.8347020737904236,-3.8347020737904236
-3.8265788428389107,-3.8265788428389107
-3.818460677953414,-3.818460677953414
-3.8103475906371975,-3.8103475906371975
-3.8022395923147125,-3.8022395923147125
-3.794136694332136,-3.794136694332136
-3.7860389079579138,-3.7860389079579138
-3.777946244383291,-3.777946244383291
-3.7698587147228397,-3.7698587147228397
-3.761776330014981,-3.761776330014981
-3.7536991012225,-3.7536991012225
-3.7456270392330597,-3.7456270392330597
-3.7375601548597035,-3.7375601548597035
-3.7294984588413587,-3.7294984588413587
-3.721441961843328,-3.721441961843328
-3.713390674457788,-3.713390674457788
-3.7053446072042644,-3.7053446072042644
-3.6973037705301226,-3.6973037705301226
-3.689268174811036,-3.689268174811036
-3.6812378303514612,-3.6812378303514612
-3.6732127473851035,-3.6732127473851035
-3.665192936075378,-3.665192936075378
-3.657178406515866,-3.657178406515866
-3.64916916873077,-3.64916916873077
-3.6411652326753576,-3.6411652326753576
-3.6331666082364102,-3.6331666082364102
-3.6251733052326576,-3.6251733052326576
-3.6171853334152133,-3.6171853334152133
-3.609202702468007,-3.609202702468007
-3.601225422008211,-3.601225422008211
-3.593253501586658,-3.593253501586658
-3.585286950688263,-3.585286950688263
-3.577325778732437,-3.577325778732437
-3.569369995073493,-3.569369995073493
-3.561419609001055,-3.561419609001055
-3.5534746297404585,-3.5534746297404585
-3.545535066453149,-3.545535066453149
-3.537600928237073,-3.537600928237073
-3.5296722241270726,-3.5296722241270726
-3.5217489630952667,-3.5217489630952667
-3.5138311540514393,-3.5138311540514393
-3.505918805843412,-3.505918805843412
-3.4980119272574233,-3.4980119272574233
-3.4901105270184996,-3.4901105270184996
-3.4822146137908225,-3.4822146137908225
-3.4743241961780913,-3.4743241961780913
-3.4664392827238886,-3.4664392827238886
-3.458559881912033,-3.458559881912033
-3.450686002166936,-3.450686002166936
-3.4428176518539497,-3.4428176518539497
-3.4349548392797202,-3.4349548392797202
-3.427097572692524,-3.427097572692524
-3.4192458602826132,-3.4192458602826132
-3.4113997101825535,-3.4113997101825535
-3.4035591304675528,-3.4035591304675528
-3.395724129155802,-3.395724129155802
-3.3878947142087936,-3.3878947142087936
-3.3800708935316535,-3.3800708935316535
-3.372252674973456,-3.372252674973456
-3.3644400663275493,-3.3644400663275493
-3.3566330753318674,-3.3566330753318674
-3.3488317096692457,-3.3488317096692457
-3.341035976967728,-3.341035976967728
-3.333245884800874,-3.333245884800874
-3.325461440688065,-3.325461440688065
-3.3176826520948075,-3.3176826520948075
-3.3099095264330227,-3.3099095264330227
-3.302142071061353,-3.302142071061353
-3.294380293285448,-3.294380293285448
-3.286624200358259,-3.286624200358259
-3.2788737994803228,-3.2788737994803228
-3.2711290978000487,-3.2711290978000487
-3.263390102414,-3.263390102414
-3.2556568203671774,-3.2556568203671774
-3.247929258653288,-3.247929258653288
-3.2402074242150296,-3.2402074242150296
-3.232491323944354,-3.232491323944354
-3.224780964682743,-3.224780964682743
-3.217076353221471,-3.217076353221471
-3.209377496301874,-3.209377496301874
-3.201684400615607,-3.201684400615607
-3.193997072804907,-3.193997072804907
-3.1863155194628483,-3.1863155194628483
-3.178639747133602,-3.178639747133602
-3.1709697623126814,-3.1709697623126814
-3.163305571447201,-3.163305571447201
-3.155647180936115,-3.155647180936115
-3.1479945971304724,-3.1479945971304724
-3.1403478263336564,-3.1403478263336564
-3.132706874801625,-3.132706874801625
-3.1250717487431516,-3.1250717487431516
-3.1174424543200634,-3.1174424543200634
-3.109818997647473,-3.109818997647473
-3.1022013847940153,-3.1022013847940153
-3.094589621782075,-3.094589621782075
-3.0869837145880155,-3.0869837145880155
-3.0793836691424095,-3.0793836691424095
-3.0717894913302572,-3.0717894913302572
-3.0642011869912156,-3.0642011869912156
-3.0566187619198133,-3.0566187619198133
-3.0490422218656716,-3.0490422218656716
-3.0414715725337236,-3.0414715725337236
-3.0339068195844225,-3.0339068195844225
-3.026347968633961,-3.026347968633961
-3.0187950252544784,-3.0187950252544784
-3.0112479949742696,-3.0112479949742696
-3.003706883277996,-3.003706883277996
-2.9961716956068822,-2.9961716956068822
-2.9886424373589318,-2.9886424373589318
-2.9811191138891178,-2.9811191138891178
-2.973601730509588,-2.973601730509588
-2.966090292489863,-2.966090292489863
-2.9585848050570283,-2.9585848050570283
-2.9510852733959365,-2.9510852733959365
-2.943591702649391,-2.943591702649391
-2.936104097918345,-2.936104097918345
-2.928622464262084,-2.928622464262084
-2.9211468066984208,-2.9211468066984208
-2.913677130203874,-2.913677130203874
-2.9062134397138584,-2.9062134397138584
-2.8987557401228647,-2.8987557401228647
-2.8913040362846414,-2.8913040362846414
-2.883858333012375,-2.883858333012375
-2.8764186350788643,-2.8764186350788643
-2.8689849472167035,-2.8689849472167035
-2.861557274118451,-2.861557274118451
-2.8541356204368036,-2.8541356204368036
-2.8467199907847727,-2.8467199907847727
-2.8393103897358487,-2.8393103897358487
-2.8319068218241727,-2.8319068218241727
-2.8245092915447043,-2.8245092915447043
-2.817117803353385,-2.817117803353385
-2.809732361667304,-2.809732361667304
-2.80235297086486,-2.80235297086486
-2.7949796352859253,-2.7949796352859253
-2.7876123592320017,-2.7876123592320017
-2.7802511469663824,-2.7802511469663824
-2.772896002714307,-2.772896002714307
-2.765546930663119,-2.765546930663119
-2.7582039349624172,-2.7582039349624172
-2.7508670197242133,-2.7508670197242133
-2.7435361890230796,-2.7435361890230796
-2.7362114468963,-2.7362114468963
-2.728892797344022,-2.728892797344022
-2.7215802443293997,-2.7215802443293997
-2.7142737917787443,-2.7142737917787443
-2.7069734435816657,-2.7069734435816657
-2.699679203591219,-2.699679203591219
-2.6923910756240463,-2.6923910756240463
-2.6851090634605175,-2.6851090634605175
-2.67783317084487,-2.67783317084487
-2.6705634014853485,-2.6705634014853485
-2.663299759054342,-2.663299759054342
-2.656042247188519,-2.656042247188519
-2.648790869488965,-2.648790869488965
-2.6415456295213136,-2.6415456295213136
-2.6343065308158846,-2.6343065308158846
-2.627073576867807,-2.627073576867807
-2.619846771137157,-2.619846771137157
-2.612626117049084,-2.612626117049084
-2.6054116179939375,-2.6054116179939375
-2.598203277327397,-2.598203277327397
-2.5910010983705956,-2.5910010983705956
-2.5838050844102463,-2.5838050844102463
-2.5766152386987646,-2.5766152386987646
-2.56943156445439,-2.56943156445439
-2.5622540648613095,-2.5622540648613095
-2.555082743069776,-2.555082743069776
-2.5479176021962293,-2.5479176021962293
-2.540758645323414,-2.540758645323414
-2.5336058755004935,-2.5336058755004935
-2.526459295743171,-2.526459295743171
-2.5193189090338,-2.5193189090338
-2.512184718321501,-2.512184718321501
-2.505056726522275,-2.505056726522275
-2.4979349365191115,-2.4979349365191115
-2.4908193511621057,-2.4908193511621057
-2.4837099732685606,-2.4837099732685606
-2.4766068056231023,-2.4766068056231023
-2.4695098509777873,-2.4695098509777873
-2.462419112052204,-2.462419112052204
-2.4553345915335862,-2.4553345915335862
-2.4482562920769113,-2.4482562920769113
-2.4411842163050106,-2.4411842163050106
-2.4341183668086694,-2.4341183668086694
-2.427058746146725,-2.427058746146725
-2.4200053568461786,-2.4200053568461786
-2.4129582014022826,-2.4129582014022826
-2.4059172822786516,-2.4059172822786516
-2.3988826019073533,-2.3988826019073533
-2.3918541626890106,-2.3918541626890106
-2.384831966992894,-2.384831966992894
-2.3778160171570213,-2.3778160171570213
-2.3708063154882515,-2.3708063154882515
-2.363802864262377,-2.363802864262377
-2.356805665724219,-2.356805665724219
-2.3498147220877175,-2.3498147220877175
-2.3428300355360276,-2.3428300355360276
-2.335851608221603,-2.335851608221603
-2.328879442266291,-2.328879442266291
-2.3219135397614186,-2.3219135397614186
-2.3149539027678836,-2.3149539027678836
-2.30800053331624,-2.30800053331624
-2.301053433406782,-2.301053433406782
-2.294112605009634,-2.294112605009634
-2.287178050064833,-2.287178050064833
-2.280249770482414,-2.280249770482414
-2.2733277681424884,-2.2733277681424884
-2.266412044895335,-2.266412044895335
-2.259502602561474,-2.259502602561474
-2.2525994429317513,-2.2525994429317513
-2.2457025677674176,-2.2457025677674176
-2.2388119788002077,-2.2388119788002077
-2.23192767773242,-2.23192767773242
-2.2250496662369934,-2.2250496662369934
-2.2181779459575828,-2.2181779459575828
-2.2113125185086377,-2.2113125185086377
-2.2044533854754778,-2.2044533854754778
-2.197600548414367,-2.197600548414367
-2.1907540088525845,-2.1907540088525845
-2.183913768288504,-2.183913768288504
-2.177079828191661,-2.177079828191661
-2.170252190002828,-2.170252190002828
-2.163430855134083,-2.163430855134083
-2.156615824968884,-2.156615824968884
-2.1498071008621302,-2.1498071008621302
-2.143004684140244,-2.143004684140244
-2.1362085761012275,-2.1362085761012275
-2.129418778014735,-2.129418778014735
-2.1226352911221413,-2.1226352911221413
-2.1158581166366046,-2.1158581166366046
-2.1090872557431353,-2.1090872557431353
-2.1023227095986563,-2.1023227095986563
-2.095564479332074,-2.095564479332074
-2.088812566044336,-2.088812566044336
-2.0820669708084956,-2.0820669708084956
-2.075327694669776,-2.075327694669776
-2.068594738645628,-2.068594738645628
-2.061868103725796,-2.061868103725796
-2.0551477908723728,-2.0551477908723728
-2.0484338010198653,-2.0484338010198653
-2.0417261350752454,-2.0417261350752454
-2.035024793918019,-2.035024793918019
-2.028329778400272,-2.028329778400272
-2.0216410893467365,-2.0216410893467365
-2.0149587275548435,-2.0149587275548435
-2.00828269379478,-2.00828269379478
-2.001612988809542,-2.001612988809542
-1.9949496133149915,-1.9949496133149915
-1.9882925679999088,-1.9882925679999088
-1.9816418535260485,-1.9816418535260485
-1.9749974705281887,-1.9749974705281887
-1.9683594196141865,-1.9683594196141865
-1.9617277013650278,-1.9617277013650278
-1.9551023163348782,-1.9551023163348782
-1.9484832650511352,-1.9484832650511352
-1.9418705480144758,-1.9418705480144758
-1.9352641656989074,-1.9352641656989074
-1.928664118551817,-1.928664118551817
-1.9220704069940158,-1.9220704069940158
-1.9154830314197913,-1.9154830314197913
-1.9089019921969512,-1.9089019921969512
-1.9023272896668728,-1.9023272896668728
-1.895758924144544,-1.895758924144544
-1.8891968959186136,-1.8891968959186136
-1.8826412052514332,-1.8826412052514332
-1.8760918523791035,-1.8760918523791035
-1.8695488375115143,-1.8695488375115143
-1.8630121608323917,-1.8630121608323917
-1.8564818224993387,-1.8564818224993387
-1.8499578226438764,-1.8499578226438764
-1.8434401613714881,-1.8434401613714881
-1.836928838761657,-1.836928838761657
-1.8304238548679086,-1.8304238548679086
-1.823925209717852,-1.823925209717852
-1.8174329033132144,-1.8174329033132144
-1.8109469356298853,-1.8109469356298853
-1.8044673066179517,-1.8044673066179517
-1.7979940162017352,-1.7979940162017352
-1.7915270642798335,-1.7915270642798335
-1.7850664507251521,-1.7850664507251521
-1.7786121753849442,-1.7786121753849442
-1.7721642380808436,-1.7721642380808436
-1.765722638608903,-1.765722638608903
-1.759287376739625,-1.759287376739625
-1.7528584522180002,-1.7528584522180002
-1.7464358647635376,-1.7464358647635376
-1.7400196140703004,-1.7400196140703004
-1.7336096998069366,-1.7336096998069366
-1.7272061216167136,-1.7272061216167136
-1.720808879117546,-1.720808879117546
-1.714417971902032,-1.714417971902032
-1.70803339953748,-1.70803339953748
-1.7016551615659414,-1.7016551615659414
-1.695283257504238,-1.695283257504238
-1.6889176868439941,-1.6889176868439941
-1.6825584490516627,-1.6825584490516627
-1.676205543568557,-1.676205543568557
-1.669858969810873,-1.669858969810873
-1.6635187271697234,-1.6635187271697234
-1.6571848150111603,-1.6571848150111603
-1.6508572326762025,-1.6508572326762025
-1.6445359794808616,-1.6445359794808616
-1.638221054716169,-1.638221054716169
-1.6319124576481976,-1.6319124576481976
-1.6256101875180908,-1.6256101875180908
-1.6193142435420824,-1.6193142435420824
-1.6130246249115237,-1.6130246249115237
-1.606741330792904,-1.606741330792904
-1.600464360327876,-1.600464360327876
-1.5941937126332757,-1.5941937126332757
-1.5879293868011464,-1.5879293868011464
-1.5816713818987584,-1.5816713818987584
-1.5754196969686314,-1.5754196969686314
-1.5691743310285535,-1.5691743310285535
-1.562935283071604,-1.562935283071604
-1.5567025520661684,-1.5567025520661684
-1.5504761369559636,-1.5504761369559636
-1.5442560366600517,-1.5442560366600517
-1.5380422500728619,-1.5380422500728619
-1.531834776064204,-1.531834776064204
-1.5256336134792918,-1.5256336134792918
-1.5194387611387548,-1.5194387611387548
-1.513250217838658,-1.513250217838658
-1.5070679823505173,-1.5070679823505173
-1.5008920534213153,-1.5008920534213153
-1.494722429773514,-1.494722429773514
-1.4885591101050764,-1.4885591101050764
-1.4824020930894721,-1.4824020930894721
-1.4762513773757004,-1.4762513773757004
-1.4701069615882956,-1.4701069615882956
-1.463968844327347,-1.463968844327347
-1.4578370241685072,-1.4578370241685072
-1.4517114996630074,-1.4517114996630074
-1.445592269337667,-1.445592269337667
-1.439479331694907,-1.439479331694907
-1.4333726852127597,-1.4333726852127597
-1.427272328344882,-1.427272328344882
-1.4211782595205609,-1.4211782595205609
-1.4150904771447292,-1.4150904771447292
-1.4090089795979708,-1.4090089795979708
-1.40293376523653,-1.40293376523653
-1.3968648323923678,-1.3968648323923678
-1.3908021793729912,-1.3908021793729912
-1.3847458044617253,-1.3847458044617253
-1.3786957059175433,-1.3786957059175433
-1.3726518819751217,-1.3726518819751217
-1.3666143308448442,-1.3666143308448442
-1.3605830507128078,-1.3605830507128078
-1.3545580397408292,-1.3545580397408292
-1.3485392960664506,-1.3485392960664506
-1.3425268178029452,-1.3425268178029452
-1.33652060303932,-1.33652060303932
-1.3305206498403215,-1.3305206498403215
-1.3245269562464395,-1.3245269562464395
-1.3185395202739114,-1.3185395202739114
-1.3125583399147225,-1.3125583399147225
-1.3065834131366112,-1.3065834131366112
-1.3006147378830721,-1.3006147378830721
-1.294652312073354,-1.294652312073354
-1.2886961336024654,-1.2886961336024654
-1.2827462003411738,-1.2827462003411738
-1.2768025101360065,-1.2768025101360065
-1.270865060809252,-1.270865060809252
-1.2649338501589582,-1.2649338501589582
-1.2590088759589337,-1.2590088759589337
-1.2530901359587452,-1.2530901359587452
-1.2471776278837197,-1.2471776278837197
-1.2412713494349383,-1.2412713494349383
-1.235371298289237,-1.235371298289237
-1.2294774720992057,-1.2294774720992057
-1.223589868493182,-1.223589868493182
-1.2177084850752504,-1.2177084850752504
-1.211833319425238,-1.211833319425238
-1.205964369098711,-1.205964369098711
-1.2001016316269717,-1.2001016316269717
-1.1942451045170503,-1.1942451045170503
-1.1883947852517032,-1.1883947852517032
-1.1825506712894067,-1.1825506712894067
-1.1767127600643523,-1.1767127600643523
-1.1708810489864365,-1.1708810489864365
-1.1650555354412595,-1.1650555354412595
-1.159236216790115,-1.159236216790115
-1.1534230903699845,-1.1534230903699845
-1.1476161534935285,-1.1476161534935285
-1.1418154034490793,-1.1418154034490793
-1.1360208375006329,-1.1360208375006329
-1.1302324528878385,-1.1302324528878385
-1.1244502468259916,-1.1244502468259916
-1.1186742165060224,-1.1186742165060224
-1.112904359094488,-1.112904359094488
-1.1071406717335612,-1.1071406717335612
-1.1013831515410188,-1.1013831515410188
-1.0956317956102315,-1.0956317956102315
-1.0898866010101529,-1.0898866010101529
-1.084147564785308,-1.084147564785308
-1.07841468395578,-1.07841468395578
-1.0726879555171975,-1.0726879555171975
-1.0669673764407233,-1.0669673764407233
-1.06125294367304,-1.06125294367304
-1.0555446541363365,-1.0555446541363365
-1.0498425047282935,-1.0498425047282935
-1.0441464923220711,-1.0441464923220711
-1.0384566137662927,-1.0384566137662927
-1.0327728658850284,-1.0327728658850284
-1.0270952454777813,-1.0270952454777813
-1.0214237493194729,-1.0214237493194729
-1.0157583741604248,-1.0157583741604248
-1.0100991167263422,-1.0100991167263422
-1.0044459737182967,-1.0044459737182967
-0.998798941812712,-0.998798941812712
-0.993158017661342,-0.993158017661342
-0.9875231978912559,-0.9875231978912559
-0.9818944791048166,-0.9818944791048166
-0.9762718578796661,-0.9762718578796661
-0.9706553307687031,-0.9706553307687031
-0.965044894300064,-0.965044894300064
-0.9594405449771036,-0.9594405449771036
-0.953842279278375,-0.953842279278375
-0.9482500936576074,-0.9482500936576074
-0.942663984543688,-0.942663984543688
-0.9370839483406359,-0.9370839483406359
-0.931509981427587,-0.931509981427587
-0.9259420801587643,-0.9259420801587643
-0.9203802408634625,-0.9203802408634625
-0.9148244598460178,-0.9148244598460178
-0.909274733385793,-0.909274733385793
-0.9037310577371452,-0.9037310577371452
-0.8981934291294104,-0.8981934291294104
-0.8926618437668696,-0.8926618437668696
-0.8871362978287345,-0.8871362978287345
-0.8816167874691127,-0.8816167874691127
-0.8761033088169898,-0.8761033088169898
-0.8705958579761975,-0.8705958579761975
-0.865094431025393,-0.865094431025393
-0.8595990240180272,-0.8595990240180272
-0.8541096329823217,-0.8541096329823217
-0.8486262539212378,-0.8486262539212378
-0.8431488828124535,-0.8431488828124535
-0.8376775156083296,-0.8376775156083296
-0.8322121482358871,-0.8322121482358871
-0.8267527765967727,-0.8267527765967727
-0.8212993965672352,-0.8212993965672352
-0.8158520039980901,-0.8158520039980901
-0.8104105947146949,-0.8104105947146949
-0.8049751645169143,-0.8049751645169143
-0.7995457091790937,-0.7995457091790937
-0.7941222244500233,-0.7941222244500233
-0.7887047060529118,-0.7887047060529118
-0.7832931496853491,-0.7832931496853491
-0.7778875510192784,-0.7778875510192784
-0.7724879057009618,-0.7724879057009618
-0.7670942093509475,-0.7670942093509475
-0.7617064575640355,-0.7617064575640355
-0.7563246459092446,-0.7563246459092446
-0.750948769929779,-0.750948769929779
-0.7455788251429926,-0.7455788251429926
-0.740214807040354,-0.740214807040354
-0.7348567110874119,-0.7348567110874119
-0.7295045327237584,-0.7295045327237584
-0.7241582673629953,-0.7241582673629953
-0.7188179103926935,-0.7188179103926935
-0.7134834571743597,-0.7134834571743597
-0.708154903043398,-0.708154903043398
-0.7028322433090726,-0.7028322433090726
-0.6975154732544676,-0.6975154732544676
-0.6922045881364519,-0.6922045881364519
-0.686899583185638,-0.686899583185638
-0.6816004536063447,-0.6816004536063447
-0.676307194576555,-0.676307194576555
-0.6710198012478776,-0.6710198012478776
-0.6657382687455077,-0.6657382687455077
-0.6604625921681837,-0.6604625921681837
-0.6551927665881476,-0.6551927665881476
-0.6499287870511031,-0.6499287870511031
-0.6446706485761735,-0.6446706485761735
-0.6394183461558604,-0.6394183461558604
-0.6341718747559989,-0.6341718747559989
-0.6289312293157148,-0.6289312293157148
-0.6236964047473841,-0.6236964047473841
-0.6184673959365854,-0.6184673959365854
-0.6132441977420564,-0.6132441977420564
-0.6080268049956501,-0.6080268049956501
-0.6028152125022893,-0.6028152125022893
-0.5976094150399214,-0.5976094150399214
-0.5924094073594703,-0.5924094073594703
-0.5872151841847929,-0.5872151841847929
-0.5820267402126303,-0.5820267402126303
-0.5768440701125627,-0.5768440701125627
-0.5716671685269585,-0.5716671685269585
-0.5664960300709287,-0.5664960300709287
-0.5613306493322785,-0.5613306493322785
-0.5561710208714589,-0.5561710208714589
-0.551017139221514,-0.551017139221514
-0.5458689988880355,-0.5458689988880355
-0.5407265943491102,-0.5407265943491102
-0.5355899200552716,-0.5355899200552716
-0.5304589704294455,-0.5304589704294455
-0.5253337398669015,-0.5253337398669015
-0.5202142227352013,-0.5202142227352013
-0.5151004133741456,-0.5151004133741456
-0.5099923060957207,-0.5099923060957207
-0.5048898951840467,-0.5048898951840467
-0.49979317489532366,-0.49979317489532366
-0.4947021394577794,-0.4947021394577794
-0.4896167830716112,-0.4896167830716112
-0.48453709990893407,-0.48453709990893407
-0.4794630841137263,-0.4794630841137263
-0.47439472980177166,-0.47439472980177166
-0.4693320310606038,-0.4693320310606038
-0.4642749819494508,-0.4642749819494508
-0.45922357649917755,-0.45922357649917755
-0.4541778087122294,-0.4541778087122294
-0.4491376725625721,-0.4491376725625721
-0.4441031619956361,-0.4441031619956361
-0.43907427092825635,-0.43907427092825635
-0.4340509932486148,-0.4340509932486148
-0.4290333228161786,-0.4290333228161786
-0.42402125346164143,-0.42402125346164143
-0.41901477898686323,-0.41901477898686323
-0.41401389316480974,-0.41401389316480974
-0.40901858973949,-0.40901858973949
-0.40402886242589386,-0.40402886242589386
-0.39904470490993266,-0.39904470490993266
-0.3940661108483748,-0.3940661108483748
-0.389093073868782,-0.389093073868782
-0.38412558756944537,-0.38412558756944537
-0.3791636455193251,-0.3791636455193251
-0.374207241257981,-0.374207241257981
-0.36925636829551045,-0.36925636829551045
-0.364311020112482,-0.364311020112482
-0.35937119015987024,-0.35937119015987024
-0.35443687185898914,-0.35443687185898914
-0.3495080586014241,-0.3495080586014241
-0.34458474374896536,-0.34458474374896536
-0.3396669206335419,-0.3396669206335419
-0.3347545825571512,-0.3347545825571512
-0.3298477227917901,-0.3298477227917901
-0.3249463345793871,-0.3249463345793871
-0.3200504111317323,-0.3200504111317323
-0.3151599456304071,-0.3151599456304071
-0.3102749312267135,-0.3102749312267135
-0.3053953610416021,-0.3053953610416021
-0.3005212281656025,-0.3005212281656025
-0.2956525256587501,-0.2956525256587501
-0.29078924655051286,-0.29078924655051286
-0.2859313838397181,-0.2859313838397181
-0.2810789304944816,-0.2810789304944816
-0.27623187945213074,-0.27623187945213074
-0.2713902236191305,-0.2713902236191305
-0.266553955871008,-0.266553955871008
-0.2617230690522797,-0.2617230690522797
-0.2568975559763719,-0.2568975559763719
-0.2520774094255454,-0.2520774094255454
-0.24726262215081832,-0.24726262215081832
-0.2424531868718907,-0.2424531868718907
-0.2376490962770613,-0.2376490962770613
-0.2328503430231555,-0.2328503430231555
-0.22805691973543946,-0.22805691973543946
-0.22326881900754722,-0.22326881900754722
-0.21848603340139316,-0.21848603340139316
-0.2137085554470997,-0.2137085554470997
-0.20893637764290784,-0.20893637764290784
-0.20416949245510063,-0.20416949245510063
-0.19940789231792008,-0.19940789231792008
-0.19465156963348387,-0.19465156963348387
-0.18990051677170072,-0.18990051677170072
-0.18515472607018757,-0.18515472607018757
-0.1804141898341869,-0.1804141898341869
-0.17567890033647965,-0.17567890033647965
-0.17094884981729958,-0.17094884981729958
-0.1662240304842477,-0.1662240304842477
-0.1615044345122071,-0.1615044345122071
-0.15679005404325472,-0.15679005404325472
-0.152080881186572,-0.152080881186572
-0.14737690801835918,-0.14737690801835918
-0.14267812658174578,-0.14267812658174578
-0.1379845288867015,-0.1379845288867015
-0.13329610690994445,-0.13329610690994445
-0.12861285259485203,-0.12861285259485203
-0.12393475785137134,-0.12393475785137134
-0.11926181455592565,-0.11926181455592565
-0.11459401455132204,-0.11459401455132204
-0.10993134964665907,-0.10993134964665907
-0.10527381161723467,-0.10527381161723467
-0.10062139220445092,-0.10062139220445092
-0.09597408311571969,-0.09597408311571969
-0.09133187602436672,-0.09133187602436672
-0.08669476256953819,-0.08669476256953819
-0.08206273435610342,-0.08206273435610342
-0.07743578295455664,-0.07743578295455664
-0.0728138999009204,-0.0728138999009204
-0.06819707669664905,-0.06819707669664905
-0.06358530480852875,-0.06358530480852875
-0.05897857566857691,-0.05897857566857691
-0.05437688067394434,-0.05437688067394434
-0.049780211186814395,-0.049780211186814395
-0.0451885585343016,-0.0451885585343016
-0.04060191400834939,-0.04060191400834939
-0.03602026886562802,-0.03602026886562802
-0.03144361432743292,-0.03144361432743292
-0.02687194157957944,-0.02687194157957944
-0.02230524177229938,-0.02230524177229938
-0.0177435060201353,-0.0177435060201353
-0.013186725401837091,-0.013186725401837091
-0.008634890960253938,-0.008634890960253938
-0.004087993702227891,-0.004087993702227891
0.00045397540151361225,0.00045397540151361225
0.004991025416464054,0.004991025416464054
0.009523165444448442,0.009523165444448442
0.014050404623734296,0.014050404623734296
0.018572752129134926,0.018572752129134926
0.023090217172129765,0.023090217172129765
0.027602809000966348,0.027602809000966348
0.032110536900780785,0.032110536900780785
0.03661341019370145,0.03661341019370145
0.0411114382389725,0.0411114382389725
0.04560463043305661,0.04560463043305661
0.050092996209761084,0.050092996209761084
0.0545765450403435,0.0545765450403435
0.05905528643363578,0.05905528643363578
0.06352922993615322,0.06352922993615322
0.0679983851322194,0.0679983851322194
0.0724627616440801,0.0724627616440801
0.07692236913202076,0.07692236913202076
0.0813772172944919,0.0813772172944919
0.08582731586822166,0.08582731586822166
0.09027267462834512,0.09027267462834512
0.09471330338851826,0.09471330338851826
0.09914921200104669,0.09914921200104669
0.10358041035700352,0.10358041035700352
0.1080069083863587,0.1080069083863587
0.11242871605809764,0.11242871605809764
0.11684584338035252,0.11684584338035252
0.12125830040052271,0.12125830040052271
0.12566609720540828,0.12566609720540828
0.1300692439213287,0.1300692439213287
0.134467750714261,0.134467750714261
0.1388616277899606,0.1388616277899606
0.14325088539409844,0.14325088539409844
0.14763553381238254,0.14763553381238254
0.1520155833707004,0.1520155833707004
0.15639104443524152,0.15639104443524152
0.16076192741263642,0.16076192741263642
0.16512824275008614,0.16512824275008614
0.16949000093550254,0.16949000093550254
0.1738472124976354,0.1738472124976354
0.17819988800621703,0.17819988800621703
0.18254803807209197,0.18254803807209197
0.18689167334736093,0.18689167334736093
0.19123080452551372,0.19123080452551372
0.19556544234157344,0.19556544234157344
0.19989559757223194,0.19989559757223194
0.20422128103599557,0.20422128103599557
0.2085425035933221,0.2085425035933221
0.21285927614676928,0.21285927614676928
0.2171716096411301,0.2171716096411301
0.2214795150635868,0.2214795150635868
0.2257830034438468,0.2257830034438468
0.23008208585429665,0.23008208585429665
0.2343767734101414,0.2343767734101414
0.2386670772695604,0.2386670772695604
0.2429530086338463,0.2429530086338463
0.24723457874756505,0.24723457874756505
0.2515117988986964,0.2515117988986964
0.25578468041879365,0.25578468041879365
0.26005323468312697,0.26005323468312697
0.264317473110846,0.264317473110846
0.2685774071651249,0.2685774071651249
0.2728330483533237,0.2728330483533237
0.2770844082271388,0.2770844082271388
0.2813314983827645,0.2813314983827645
0.2855743304610452,0.2855743304610452
0.28981291614763954,0.28981291614763954
0.29404726717317414,0.29404726717317414
0.2982773953134095,0.2982773953134095
0.30250331238939426,0.30250331238939426
0.3067250302676362,0.3067250302676362
0.31094256086025546,0.31094256086025546
0.3151559161251578,0.3151559161251578
0.31936510806619234,0.31936510806619234
0.32357014873332396,0.32357014873332396
0.32777105022279235,0.32777105022279235
0.3319678246772892,0.3319678246772892
0.336160484286119,0.336160484286119
0.34034904128537563,0.34034904128537563
0.3445335079581056,0.3445335079581056
0.3487138966344898,0.3487138966344898
0.3528902196920049,0.3528902196920049
0.35706248955560915,0.35706248955560915
0.3612307186979065,0.3612307186979065
0.36539491963933224,0.36539491963933224
0.3695551049483201,0.3695551049483201
0.3737112872414913,0.3737112872414913
0.3778634791838218,0.3778634791838218
0.3820116934888342,0.3820116934888342
0.3861559429187678,0.3861559429187678
0.3902962402847705,0.3902962402847705
0.3944325984470744,0.3944325984470744
0.3985650303151874,0.3985650303151874
0.40269354884807,0.40269354884807
0.40681816705433194,0.40681816705433194
0.41093889799240957,0.41093889799240957
0.41505575477076395,0.41505575477076395
0.4191687505480634,0.4191687505480634
0.42327789853338027,0.42327789853338027
0.42738321198637685,0.42738321198637685
0.43148470421750557,0.43148470421750557
0.43558238858819714,0.43558238858819714
0.4396762785110615,0.4396762785110615
0.443766387450078,0.443766387450078
0.4478527289208023,0.4478527289208023
0.45193531649055346,0.45193531649055346
0.45601416377862797,0.45601416377862797
0.46008928445648767,0.46008928445648767
0.464160692247973,0.464160692247973
0.4682284009294988,0.4682284009294988
0.47229242433026625,0.47229242433026625
0.47635277633246126,0.47635277633246126
0.4804094708714708,0.4804094708714708
0.48446252193608225,0.48446252193608225
0.48851194356870187,0.48851194356870187
0.4925577498655573,0.4925577498655573
0.49659995497692033,0.49659995497692033
0.5006385731073066,0.5006385731073066
0.5046736185157074,0.5046736185157074
0.5087051055157882,0.5087051055157882
0.5127330484761217,0.5127330484761217
0.5167574618203935,0.5167574618203935
0.5207783600276339,0.5207783600276339
0.5247957576324276,0.5247957576324276
0.5288096692251476,0.5288096692251476
0.5328201094521682,0.5328201094521682
0.5368270930161015,0.5368270930161015
0.5408306346760128,0.5408306346760128
0.5448307492476574,0.5448307492476574
0.5488274516037072,0.5488274516037072
0.5528207566739785,0.5528207566739785
0.5568106794456656,0.5568106794456656
0.560797234963578,0.560797234963578
0.5647804383303731,0.5647804383303731
0.5687603047067881,0.5687603047067881
0.5727368493118816,0.5727368493118816
0.5767100874232753,0.5767100874232753
0.5806800343773914,0.5806800343773914
0.5846467055696928,0.5846467055696928
0.5886101164549276,0.5886101164549276
0.5925702825473783,0.5925702825473783
0.5965272194211058,0.5965272194211058
0.6004809427101914,0.6004809427101914
0.6044314681089933,0.6044314681089933
0.6083788113723971,0.6083788113723971
0.6123229883160666,0.6123229883160666
0.6162640148166941,0.6162640148166941
0.6202019068122601,0.6202019068122601
0.6241366803022911,0.6241366803022911
0.6280683513481168,0.6280683513481168
0.631996936073127,0.631996936073127
0.6359224506630361,0.6359224506630361
0.6398449113661484,0.6398449113661484
0.6437643344936209,0.6437643344936209
0.6476807364197263,0.6476807364197263
0.6515941335821288,0.6515941335821288
0.6555045424821436,0.6555045424821436
0.6594119796850209,0.6594119796850209
0.6633164618202051,0.6633164618202051
0.6672180055816219,0.6672180055816219
0.6711166277279441,0.6711166277279441
0.6750123450828796,0.6750123450828796
0.6789051745354404,0.6789051745354404
0.6827951330402352,0.6827951330402352
0.686682237617741,0.686682237617741
0.6905665053546,0.6905665053546
0.6944479534038938,0.6944479534038938
0.6983265989854437,0.6983265989854437
0.7022024593860905,0.7022024593860905
0.7060755519599946,0.7060755519599946
0.7099458941289228,0.7099458941289228
0.7138135033825505,0.7138135033825505
0.717678397278752,0.717678397278752
0.7215405934439076,0.7215405934439076
0.7254001095731945,0.7254001095731945
0.7292569634309022,0.7292569634309022
0.7331111728507238,0.7331111728507238
0.7369627557360757,0.7369627557360757
0.740811730060392,0.740811730060392
0.7446581138674513,0.7446581138674513
0.7485019252716719,0.7485019252716719
0.7523431824584409,0.7523431824584409
0.7561819036844196,0.7561819036844196
0.7600181072778698,0.7600181072778698
0.7638518116389649,0.7638518116389649
0.7676830352401245,0.7676830352401245
0.7715117966263234,0.7715117966263234
0.7753381144154337,0.7753381144154337
0.7791620072985381,0.7791620072985381
0.7829834940402725,0.7829834940402725
0.7868025934791489,0.7868025934791489
0.7906193245278977,0.7906193245278977
0.7944337061737959,0.7944337061737959
0.7982457574790164,0.7982457574790164
0.8020554975809546,0.8020554975809546
0.8058629456925873,0.8058629456925873
0.8096681211028032,0.8096681211028032
0.8134710431767612,0.8134710431767612
0.8172717313562317,0.8172717313562317
0.8210702051599547,0.8210702051599547
0.8248664841839867,0.8248664841839867
0.828660588102066,0.828660588102066
0.8324525366659595,0.8324525366659595
0.8362423497058356,0.8362423497058356
0.8400300471306141,0.8400300471306141
0.8438156489283448,0.8438156489283448
0.8475991751665636,0.8475991751665636
0.851380645992669,0.851380645992669
0.8551600816342916,0.8551600816342916
0.8589375023996704,0.8589375023996704
0.8627129286780253,0.8627129286780253
0.8664863809399448,0.8664863809399448
0.8702578797377579,0.8702578797377579
0.8740274457059269,0.8740274457059269
0.8777950995614262,0.8777950995614262
0.8815608621041405,0.8815608621041405
0.8853247542172455,0.8853247542172455
0.8890867968676138,0.8890867968676138
0.8928470111061995,0.8928470111061995
0.8966054180684505,0.8966054180684505
0.9003620389746957,0.9003620389746957
0.904116895130565,0.904116895130565
0.9078700079273815,0.9078700079273815
0.911621398842583,0.911621398842583
0.915371089440125,0.915371089440125
0.919119101370905,0.919119101370905
0.9228654563731686,0.9228654563731686
0.9266101762729433,0.9266101762729433
0.9303532829844482,0.9303532829844482
0.9340947985105313,0.9340947985105313
0.9378347449430885,0.9378347449430885
0.9415731444635044,0.9415731444635044
0.9453100193430763,0.9453100193430763
0.949045391943462,0.949045391943462
0.9527792847171082,0.9527792847171082
0.9565117202077058,0.9565117202077058
0.9602427210506229,0.9602427210506229
0.9639723099733657,0.9639723099733657
0.9677005097960182,0.9677005097960182
0.9714273434317077,0.9714273434317077
0.975152833887052,0.975152833887052
0.9788770042626315,0.9788770042626315
0.9825998777534387,0.9825998777534387
0.9863214776493606,0.9863214776493606
0.990041827335632,0.990041827335632
0.9937609502933255,0.9937609502933255
0.9974788700998101,0.9974788700998101
1.001195610429247,1.001195610429247
1.0049111950530552,1.0049111950530552
1.0086256478404132,1.0086256478404132
1.0123389927587385,1.0123389927587385
1.016051253874178,1.016051253874178
1.0197624553521076,1.0197624553521076
1.0234726214576326,1.0234726214576326
1.027181776556087,1.027181776556087
1.030889945113535,1.030889945113535
1.0345971516972845,1.0345971516972845
1.0383034209763997,1.0383034209763997
1.0420087777222182,1.0420087777222182
1.0457132468088601,1.0457132468088601
1.04941685321376,1.04941685321376
1.053119622018192,1.053119622018192
1.0568215784077997,1.0568215784077997
1.0605227476731232,1.0605227476731232
1.0642231552101393,1.0642231552101393
1.0679228265208087,1.0679228265208087
1.0716217872136111,1.0716217872136111
1.075320063004096,1.075320063004096
1.0790176797154327,1.0790176797154327
1.0827146632789715,1.0827146632789715
1.0864110397347984,1.0864110397347984
1.0901068352322951,1.0901068352322951
1.0938020760307101,1.0938020760307101
1.097496788499729,1.097496788499729
1.1011909991200506,1.1011909991200506
1.1048847344839603,1.1048847344839603
1.1085780212959142,1.1085780212959142
1.1122708863731299,1.1122708863731299
1.1159633566461753,1.1159633566461753
1.1196554591595584,1.1196554591595584
1.123347221072329,1.123347221072329
1.1270386696586865,1.1270386696586865
1.1307298323085815,1.1307298323085815
1.1344207365283263,1.1344207365283263
1.1381114099412106,1.1381114099412106
1.141801880288129,1.141801880288129
1.1454921754281966,1.1454921754281966
1.1491823233393785,1.1491823233393785
1.1528723521191222,1.1528723521191222
1.1565622899850025,1.1565622899850025
1.160252165275357,1.160252165275357
1.1639420064499288,1.1639420064499288
1.1676318420905214,1.1676318420905214
1.1713217009016583,1.1713217009016583
1.1750116117112395,1.1750116117112395
1.1787016034711972,1.1787016034711972
1.1823917052581838,1.1823917052581838
1.1860819462742258,1.1860819462742258
1.189772355847421,1.189772355847421
1.1934629634326044,1.1934629634326044
1.1971537986120548,1.1971537986120548
1.2008448910961698,1.2008448910961698
1.2045362707241818,1.2045362707241818
1.2082279674648457,1.2082279674648457
1.2119200114171598,1.2119200114171598
1.2156124328110673,1.2156124328110673
1.2193052620081881,1.2193052620081881
1.2229985295025274,1.2229985295025274
1.22669226592122,1.22669226592122
1.2303865020252496,1.2303865020252496
1.2340812687102019,1.2340812687102019
1.2377765970069947,1.2377765970069947
1.241472518082643,1.241472518082643
1.2451690632410004,1.2451690632410004
1.2488662639235326,1.2488662639235326
1.2525641517100712,1.2525641517100712
1.2562627583195989,1.2562627583195989
1.2599621156110128,1.2599621156110128
1.2636622555839219,1.2636622555839219
1.2673632103794228,1.2673632103794228
1.271065012280907,1.271065012280907
1.2747676937148473,1.2747676937148473
1.27847128725162,1.27847128725162
1.2821758256063,1.2821758256063
1.2858813416394967,1.2858813416394967
1.2895878683581605,1.2895878683581605
1.2932954389164286,1.2932954389164286
1.2970040866164492,1.2970040866164492
1.3007138449092337,1.3007138449092337
1.3044247473954962,1.3044247473954962
1.3081368278265182,1.3081368278265182
1.3118501201049992,1.3118501201049992
1.3155646582859366,1.3155646582859366
1.3192804765774861,1.3192804765774861
1.3229976093418578,1.3229976093418578
1.3267160910961866,1.3267160910961866
1.3304359565134425,1.3304359565134425
1.334157240423317,1.334157240423317
1.3378799778131423,1.3378799778131423
1.3416042038287934,1.3416042038287934
1.3453299537756238,1.3453299537756238
1.3490572631193738,1.3490572631193738
1.352786167487128,1.352786167487128
1.3565167026682357,1.3565167026682357
1.3602489046152777,1.3602489046152777
1.3639828094450066,1.3639828094450066
1.3677184534393267,1.3677184534393267
1.3714558730462474,1.3714558730462474
1.3751951048808768,1.3751951048808768
1.3789361857263944,1.3789361857263944
1.3826791525350572,1.3826791525350572
1.386424042429184,1.386424042429184
1.390170892702182,1.390170892702182
1.3939197408195434,1.3939197408195434
1.3976706244198902,1.3976706244198902
1.401423581315984,1.401423581315984
1.4051786494957843,1.4051786494957843
1.408935867123481,1.408935867123481
1.4126952725405626,1.4126952725405626
1.4164569042668729,1.4164569042668729
1.420220801001682,1.420220801001682
1.423987001624766,1.423987001624766
1.4277555451975052,1.4277555451975052
1.4315264709639723,1.4315264709639723
1.4352998183520365,1.4352998183520365
1.4390756269744809,1.4390756269744809
1.4428539366301305,1.4428539366301305
1.4466347873049787,1.4466347873049787
1.4504182191733233,1.4504182191733233
1.4542042725989217,1.4542042725989217
1.4579929881361524,1.4579929881361524
1.461784406531179,1.461784406531179
1.4655785687231222,1.4655785687231222
1.4693755158452517,1.4693755158452517
1.4731752892261825,1.4731752892261825
1.4769779303910802,1.4769779303910802
1.4807834810628673,1.4807834810628673
1.4845919831634526,1.4845919831634526
1.4884034788149731,1.4884034788149731
1.4922180103410252,1.4922180103410252
1.4960356202679228,1.4960356202679228
1.4998563513259604,1.4998563513259604
1.5036802464506904,1.5036802464506904
1.5075073487842063,1.5075073487842063
1.5113377016764296,1.5113377016764296
1.5151713486864196,1.5151713486864196
1.5190083335836941,1.5190083335836941
1.5228487003495494,1.5228487003495494
1.5266924931783923,1.5266924931783923
1.5305397564790921,1.5305397564790921
1.5343905348763447,1.5343905348763447
1.5382448732120353,1.5382448732120353
1.542102816546613,1.542102816546613
1.5459644101604917,1.5459644101604917
1.549829699555454,1.549829699555454
1.5536987304560599,1.5536987304560599
1.5575715488110726,1.5575715488110726
1.5614482007948964,1.5614482007948964
1.5653287328090342,1.5653287328090342
1.5692131914835405,1.5692131914835405
1.5731016236784947,1.5731016236784947
1.5769940764854877,1.5769940764854877
1.5808905972291245,1.5808905972291245
1.5847912334685343,1.5847912334685343
1.588696032998881,1.588696032998881
1.5926050438529122,1.5926050438529122
1.596518314302504,1.596518314302504
1.600435892860222,1.600435892860222
1.604357828280891,1.604357828280891
1.6082841695631829,1.6082841695631829
1.6122149659512284,1.6122149659512284
1.616150266936219,1.616150266936219
1.620090122258036,1.620090122258036
1.624034581906894,1.624034581906894
1.6279836961250003,1.6279836961250003
1.6319375154082187,1.6319375154082187
1.6358960905077513,1.6358960905077513
1.6398594724318383,1.6398594724318383
1.643827712447473,1.643827712447473
1.6478008620821285,1.6478008620821285
1.6517789731254864,1.6517789731254864
1.6557620976312128,1.6557620976312128
1.6597502879187092,1.6597502879187092
1.663743596574919,1.663743596574919
1.667742076456108,1.667742076456108
1.6717457806897,1.6717457806897
1.675754762676096,1.675754762676096
1.679769076090534,1.679769076090534
1.6837887748849392,1.6837887748849392
1.6878139132898218,1.6878139132898218
1.6918445458161575,1.6918445458161575
1.695880727257315,1.695880727257315
1.6999225126909736,1.6999225126909736
1.703969957481081,1.703969957481081
1.7080231172798044,1.7080231172798044
1.7120820480295298,1.7120820480295298
1.7161468059648375,1.7161468059648375
1.7202174476145404,1.7202174476145404
1.7242940298036982,1.7242940298036982
1.7283766096556865,1.7283766096556865
1.7324652445942483,1.7324652445942483
1.7365599923456019,1.7365599923456019
1.7406609109405258,1.7406609109405258
1.744768058716505,1.744768058716505
1.7488814943198543,1.7488814943198543
1.753001276707901,1.753001276707901
1.75712746515115,1.75712746515115
1.761260119235502,1.761260119235502
1.7653992988644556,1.7653992988644556
1.7695450642613706,1.7695450642613706
1.77369747597171,1.77369747597171
1.7778565948653362,1.7778565948653362
1.7820224821388027,1.7820224821388027
1.78619519931769,1.78619519931769
1.7903748082589321,1.7903748082589321
1.7945613711532027,1.7945613711532027
1.7987549505272828,1.7987549505272828
1.8029556092464882,1.8029556092464882
1.807163410517079,1.807163410517079
1.811378417888736,1.811378417888736
1.8156006952570138,1.8156006952570138
1.8198303068658581,1.8198303068658581
1.8240673173101096,1.8240673173101096
1.8283117915380651,1.8283117915380651
1.8325637948540259,1.8325637948540259
1.8368233929209121,1.8368233929209121
1.8410906517628525,1.8410906517628525
1.845365637767849,1.845365637767849
1.8496484176904184,1.8496484176904184
1.8539390586543016,1.8539390586543016
1.8582376281551574,1.8582376281551574
1.8625441940633227,1.8625441940633227
1.8668588246265563,1.8668588246265563
1.8711815884728493,1.8711815884728493
1.8755125546132232,1.8755125546132232
1.8798517924445943,1.8798517924445943
1.8841993717526226,1.8841993717526226
1.8885553627146285,1.8885553627146285
1.8929198359025,1.8929198359025
1.897292862285664,1.897292862285664
1.9016745132340462,1.9016745132340462
1.906064860521103,1.906064860521103
1.9104639763268352,1.9104639763268352
1.914871933240875,1.914871933240875
1.9192888042655742,1.9192888042655742
1.9237146628191273,1.9237146628191273
1.9281495827387274,1.9281495827387274
1.9325936382837612,1.9325936382837612
1.9370469041390188,1.9370469041390188
1.9415094554179406,1.9415094554179406
1.9459813676658977,1.9459813676658977
1.9504627168635098,1.9504627168635098
1.9549535794299866,1.9549535794299866
1.9594540322264942,1.9594540322264942
1.9639641525595726,1.9639641525595726
1.9684840181845833,1.9684840181845833
1.97301370730918,1.97301370730918
1.9775532985968118,1.9775532985968118
1.9821028711702788,1.9821028711702788
1.9866625046153095,1.9866625046153095
1.9912322789841803,1.9912322789841803
1.9958122747993534,1.9958122747993534
2.000402573057173,2.000402573057173
2.0050032552315966,2.0050032552315966
2.0096144032779453,2.0096144032779453
2.014236099636702,2.014236099636702
2.0188684272373534,2.0188684272373534
2.0235114695022687,2.0235114695022687
2.028165310350607,2.028165310350607
2.032830034202268,2.032830034202268
2.037505725981892,2.037505725981892
2.042192471122896,2.042192471122896
2.0468903555715414,2.0468903555715414
2.0515994657910506,2.0515994657910506
2.056319888765768,2.056319888765768
2.061051712005358,2.061051712005358
2.0657950235490556,2.0657950235490556
2.0705499119699375,2.0705499119699375
2.0753164663792627,2.0753164663792627
2.080094776430848,2.080094776430848
2.084884932325491,2.084884932325491
2.0896870248154222,2.0896870248154222
2.094501145208824,2.094501145208824
2.0993273853744014,2.0993273853744014
2.1041658377459687,2.1041658377459687
2.1090165953271116,2.1090165953271116
2.1138797516958885,2.1138797516958885
2.118755401009585,2.118755401009585
2.123643638009517,2.123643638009517
2.12854455802587,2.12854455802587
2.1334582569826077,2.1334582569826077
2.1383848314024387,2.1383848314024387
2.143324378411808,2.143324378411808
2.1482769957459564,2.1482769957459564
2.153242781754042,2.153242781754042
2.1582218354043037,2.1582218354043037
2.163214256289291,2.163214256289291
2.1682201446311242,2.1682201446311242
2.1732396012868462,2.1732396012868462
2.178272727753809,2.178272727753809
2.18331962617513,2.18331962617513
2.1883803993451867,2.1883803993451867
2.1934551507151903,2.1934551507151903
2.198543984398827,2.198543984398827
2.2036470051779333,2.2036470051779333
2.2087643185082486,2.2087643185082486
2.2138960305252304,2.2138960305252304
2.2190422480499388,2.2190422480499388
2.224203078594971,2.224203078594971
2.2293786303704652,2.2293786303704652
2.2345690122901796,2.2345690122901796
2.239774333977631,2.239774333977631
2.2449947057723056,2.2449947057723056
2.2502302387359223,2.2502302387359223
2.255481044658786,2.255481044658786
2.2607472360662166,2.2607472360662166
2.2660289262250157,2.2660289262250157
2.271326229150035,2.271326229150035
2.276639259610811,2.276639259610811
2.2819681331382733,2.2819681331382733
2.2873129660315294,2.2873129660315294
2.292673875364717,2.292673875364717
2.298050978993941,2.298050978993941
2.303444395564303,2.303444395564303
2.3088542445169864,2.3088542445169864
2.3142806460964236,2.3142806460964236
2.319723721357565,2.319723721357565
2.3251835921732233,2.3251835921732233
2.3306603812414886,2.3306603812414886
2.336154212093239,2.336154212093239
2.3416652090997347,2.3416652090997347
2.347193497480315,2.347193497480315
2.3527392033101573,2.3527392033101573
2.3583024535281387,2.3583024535281387
2.3638833759447966,2.3638833759447966
2.369482099250375,2.369482099250375
2.3750987530229604,2.3750987530229604
2.3807334677367233,2.3807334677367233
2.386386374770238,2.386386374770238
2.3920576064149195,2.3920576064149195
2.397747295883559,2.397747295883559
2.4034555773189488,2.4034555773189488
2.4091825858026055,2.4091825858026055
2.4149284573636116,2.4149284573636116
2.4206933289875643,2.4206933289875643
2.4264773386256153,2.4264773386256153
2.432280625203617,2.432280625203617
2.438103328631398,2.438103328631398
2.443945589812142,2.443945589812142
2.4498075506518724,2.4498075506518724
2.4556893540690496,2.4556893540690496
2.4615911440042915,2.4615911440042915
2.4675130654302246,2.4675130654302246
2.4734552643614323,2.4734552643614323
2.4794178878645234,2.4794178878645234
2.485401084068344,2.485401084068344
2.4914050021743086,2.4914050021743086
2.497429792466846,2.497429792466846
2.503475606323974,2.503475606323974
2.509542596228023,2.509542596228023
2.5156309157764847,2.5156309157764847
2.5217407196929766,2.5217407196929766
2.5278721638383685,2.5278721638383685
2.534025405222027,2.534025405222027
2.5402006020132277,2.5402006020132277
2.5463979135526817,2.5463979135526817
2.5526175003642106,2.5526175003642106
2.558859524166588,2.558859524166588
2.5651241478855202,2.5651241478855202
2.571411535665772,2.571411535665772
2.577721852883445,2.577721852883445
2.584055266158428,2.584055266158428
2.5904119433669965,2.5904119433669965
2.5967920536545734,2.5967920536545734
2.6031957674486423,2.6031957674486423
2.609623256471848,2.609623256471848
2.6160746937552597,2.6160746937552597
2.622550253651799,2.622550253651799
2.6290501118498306,2.6290501118498306
2.635574445386958,2.635574445386958
2.6421234326639857,2.6421234326639857
2.648697253459061,2.648697253459061
2.6552960889419905,2.6552960889419905
2.661920121688763,2.661920121688763
2.6685695356962698,2.6685695356962698
2.6752445163971954,2.6752445163971954
2.6819452506751102,2.6819452506751102
2.688671926879777,2.688671926879777
2.69542473484266,2.69542473484266
2.7022038658926304,2.7022038658926304
2.709009512871875,2.709009512871875
2.7158418701520457,2.7158418701520457
2.722701133650605,2.722701133650605
2.7295875008473955,2.7295875008473955
2.736501170801438,2.736501170801438
2.7434423441679447,2.7434423441679447
2.7504112232155915,2.7504112232155915
2.757408011844001,2.757408011844001
2.7644329156014598,2.7644329156014598
2.7714861417029044,2.7714861417029044
2.778567899048144,2.778567899048144
2.7856783982403206,2.7856783982403206
2.7928178516046414,2.7928178516046414
2.799986473207357,2.799986473207357
2.8071844788750293,2.8071844788750293
2.8144120862140367,2.8144120862140367
2.821669514630366,2.821669514630366
2.8289569853496817,2.8289569853496817
2.8362747214376864,2.8362747214376864
2.843622947820763,2.843622947820763
2.8510018913068795,2.8510018913068795
2.858411780606844,2.858411780606844
2.865852846355827,2.865852846355827
2.873325321135202,2.873325321135202
2.880829439494682,2.880829439494682
2.8883654379747985,2.8883654379747985
2.8959335551296985,2.8959335551296985
2.903534031550259,2.903534031550259
2.911167109887531,2.911167109887531
2.918833034876553,2.918833034876553
2.92653205336049,2.92653205336049
2.934264414315128,2.934264414315128
2.9420303688737204,2.9420303688737204
2.949830170352217,2.949830170352217
2.9576640742748572,2.9576640742748572
2.9655323384001404,2.9655323384001404
2.9734352227471668,2.9734352227471668
2.981372989622403,2.981372989622403
2.9893459036468215,2.9893459036468215
2.9973542317834565,2.9973542317834565
3.005398243365362,3.005398243365362
3.0134782101240027,3.0134782101240027
3.0215944062180826,3.0215944062180826
3.029747108262789,3.029747108262789
3.037936595359478,3.037936595359478
3.0461631491258405,3.0461631491258405
3.054427053726516,3.054427053726516
3.062728595904168,3.062728595904168
3.071068065011035,3.071068065011035
3.0794457530409827,3.0794457530409827
3.0878619546620585,3.0878619546620585
3.096316967249529,3.096316967249529
3.1048110909194366,3.1048110909194366
3.113344628562695,3.113344628562695
3.121917885879717,3.121917885879717
3.130531171415578,3.130531171415578
3.1391847965957265,3.1391847965957265
3.1478790757622823,3.1478790757622823
3.156614326210906,3.156614326210906
3.165390868228245,3.165390868228245
3.1742090251299726,3.1742090251299726
3.183069123299459,3.183069123299459
3.1919714922270614,3.1919714922270614
3.200916464550033,3.200916464550033
3.209904376093076,3.209904376093076
3.2189355659095753,3.2189355659095753
3.228010376323499,3.228010376323499
3.2371291529719697,3.2371291529719697
3.2462922448485383,3.2462922448485383
3.2555000043471805,3.2555000043471805
3.2647527873070246,3.2647527873070246
3.2740509530577944,3.2740509530577944
3.2833948644660444,3.2833948644660444
3.292784887982124,3.292784887982124
3.302221393687961,3.302221393687961
3.311704755345655,3.311704755345655
3.321235350446855,3.321235350446855
3.330813560262987,3.330813560262987
3.3404397698963515,3.3404397698963515
3.350114368332077,3.350114368332077
3.3598377484909685,3.3598377484909685
3.369610307283229,3.369610307283229
3.379432445663166,3.379432445663166
3.3893045686848016,3.3893045686848016
3.399227085558454,3.399227085558454
3.4092004097083017,3.4092004097083017
3.4192249588309567,3.4192249588309567
3.4293011549550783,3.4293011549550783
3.4394294245020123,3.4394294245020123
3.4496101983474907,3.4496101983474907
3.4598439118844673,3.4598439118844673
3.470131005087038,3.470131005087038
3.4804719225755103,3.4804719225755103
3.490867113682614,3.490867113682614
3.501317032520947,3.501317032520947
3.5118221380516133,3.5118221380516133
3.522382894154092,3.522382894154092
3.5329997696973856,3.5329997696973856
3.54367323861247,3.54367323861247
3.554403779966081,3.554403779966081
3.5651918780358245,3.5651918780358245
3.5760380223866917,3.5760380223866917
3.586942707948988,3.586942707948988
3.5979064350977237,3.5979064350977237
3.6089297097334567,3.6089297097334567
3.6200130433646605,3.6200130433646605
3.631156953191644,3.631156953191644
3.6423619621920627,3.6423619621920627
3.653628599208031,3.653628599208031
3.664957399034884,3.664957399034884
3.676348902511658,3.676348902511658
3.6878036566132963,3.6878036566132963
3.6993222145446207,3.6993222145446207
3.710905135836101,3.710905135836101
3.7225529864415146,3.7225529864415146
3.7342663388374984,3.7342663388374984
3.7460457721250235,3.7460457721250235
3.7578918721328645,3.7578918721328645
3.7698052315231245,3.7698052315231245
3.7817864498988483,3.7817864498988483
3.7938361339137376,3.7938361339137376
3.805954897384075,3.805954897384075
3.818143361402889,3.818143361402889
3.8304021544564173,3.8304021544564173
3.842731912542904,3.842731912542904
3.8551332792937933,3.8551332792937933
3.867606906097418,3.867606906097418
3.8801534522252044,3.8801534522252044
3.8927735849604503,3.8927735849604503
3.9054679797297576,3.9054679797297576
3.9182373202371887,3.9182373202371887
3.931082298601223,3.931082298601223
3.944003615494544,3.944003615494544
3.9570019802867518,3.9570019802867518
3.970078111190098,3.970078111190098
3.9832327354082895,3.9832327354082895
3.9964665892884463,3.9964665892884463
4.009780418476279,4.009780418476279
4.0231749780746195,4.0231749780746195
4.036651032805335,4.036651032805335
4.050209357174751,4.050209357174751
4.063850735642616,4.063850735642616
4.077575962794817,4.077575962794817
4.091385843519801,4.091385843519801
4.105281193188941,4.105281193188941
4.119262837840784,4.119262837840784
4.133331614369484,4.133331614369484
4.147488370717366,4.147488370717366
4.161733966071831,4.161733966071831
4.176069271066634,4.176069271066634
4.190495167987751,4.190495167987751
4.205012550983905,4.205012550983905
4.219622326281876,4.219622326281876
4.234325412406716,4.234325412406716
4.249122740407053,4.249122740407053
4.264015254085605,4.264015254085605
4.279003910235026,4.279003910235026
4.29408967887922,4.29408967887922
4.309273543520351,4.309273543520351
4.324556501391657,4.324556501391657
4.33993956371623,4.33993956371623
4.3554237559719216,4.3554237559719216
4.371010118162598,4.371010118162598
4.386699705095934,4.386699705095934
4.402493586667829,4.402493586667829
4.418392848153739,4.418392848153739
4.434398590507129,4.434398590507129
4.450511930665207,4.450511930665207
4.4667340018621475,4.4667340018621475
4.483065953950071,4.483065953950071
4.499508953728009,4.499508953728009
4.516064185279068,4.516064185279068
4.532732850316017,4.532732850316017
4.549516168535625,4.549516168535625
4.566415377981945,4.566415377981945
4.583431735418909,4.583431735418909
4.600566516712359,4.600566516712359
4.617821017221989,4.617821017221989
4.635196552203397,4.635196552203397
4.652694457220598,4.652694457220598
4.6703160885692965,4.6703160885692965
4.688062823711294,4.688062823711294
4.705936061720378,4.705936061720378
4.723937223740053,4.723937223740053
4.74206775345348,4.74206775345348
4.760329117566015,4.760329117566015
4.778722806300811,4.778722806300811
4.797250333907872,4.797250333907872
4.815913239186938,4.815913239186938
4.834713086024772,4.834713086024772
4.853651463947244,4.853651463947244
4.872729988686778,4.872729988686778
4.891950302765562,4.891950302765562
4.91131407609516,4.91131407609516
4.930823006593059,4.930823006593059
4.950478820816698,4.950478820816698
4.970283274615578,4.970283274615578
4.990238153802135,4.990238153802135
5.010345274841935,5.010345274841935
5.030606485563953,5.030606485563953
5.051023665891615,5.051023665891615
5.07159872859529,5.07159872859529
5.092333620067021,5.092333620067021
5.113230321118357,5.113230321118357
5.134290847802026,5.134290847802026
5.155517252258327,5.155517252258327
5.176911623587171,5.176911623587171
5.198476088746693,5.198476088746693
5.220212813479454,5.220212813479454
5.242124003267171,5.242124003267171
5.264211904315087,5.264211904315087
5.2864788045671345,5.2864788045671345
5.308927034752997,5.308927034752997
5.331558969468299,5.331558969468299
5.35437702828916,5.35437702828916
5.3773836769225305,5.3773836769225305
5.400581428393607,5.400581428393607
5.4239728442718,5.4239728442718
5.447560535936727,5.447560535936727
5.4713471658859385,5.4713471658859385
5.495335449085917,5.495335449085917
5.519528154368096,5.519528154368096
5.543928105871757,5.543928105871757
5.56853818453568,5.56853818453568
5.593361329640613,5.593361329640613
5.618400540404493,5.618400540404493
5.6436588776327365,5.6436588776327365
5.669139465425894,5.669139465425894
5.694845492947051,5.694845492947051
5.7207802162514385,5.7207802162514385
5.746946960181024,5.746946960181024
5.773349120326796,5.773349120326796
5.799990165061735,5.799990165061735
5.826873637647445,5.826873637647445
5.85400315841776,5.85400315841776
5.88138242704273,5.88138242704273
5.90901522487657,5.90901522487657
5.9369054173932385,5.9369054173932385
5.965056956713739,5.965056956713739
5.99347388422925,5.99347388422925
6.02216033332457,6.02216033332457
6.051120532206336,6.051120532206336
6.080358806841082,6.080358806841082
6.109879584008251,6.109879584008251
6.139687394473563,6.139687394473563
6.169786876288507,6.169786876288507
6.20018277822202,6.20018277822202
6.230879963330812,6.230879963330812
6.261883412675085,6.261883412675085
6.2931982291867845,6.2931982291867845
6.324829641697993,6.324829641697993
6.356783009137555,6.356783009137555
6.389063824904389,6.389063824904389
6.421677721426454,6.421677721426454
6.454630474914985,6.454630474914985
6.487928010324128,6.487928010324128
6.521576406526758,6.521576406526758
6.55558190171774,6.55558190171774
6.589950899056951,6.589950899056951
6.6246899725648225,6.6246899725648225
6.659805873284197,6.659805873284197
6.695305535722936,6.695305535722936
6.731196084592932,6.731196084592932
6.767484841861987,6.767484841861987
6.804179334136222,6.804179334136222
6.841287300391674,6.841287300391674
6.878816700075233,6.878816700075233
6.916775721596312,6.916775721596312
6.955172791232057,6.955172791232057
6.994016582470492,6.994016582470492
7.033316025817802,7.033316025817802
7.073080319097694,7.073080319097694
7.113318938272836,7.113318938272836
7.154041648820342,7.154041648820342
7.195258517695874,7.195258517695874
7.236979925923263,7.236979925923263
7.279216581849423,7.279216581849423
7.321979535107025,7.321979535107025
7.365280191331032,7.365280191331032
7.409130327678416,7.409130327678416
7.453542109204334,7.453542109204334
7.498528106152024,7.498528106152024
7.544101312218489,7.544101312218489
7.5902751638628025,7.5902751638628025
7.637063560729397,7.637063560729397
7.684480887264407,7.684480887264407
7.732542035609871,7.732542035609871
7.78126242986765,7.78126242986765
7.8306580518325495,7.8306580518325495
7.880745468302847,7.880745468302847
7.931541860085702,7.931541860085702
7.983065052825543,7.983065052825543
8.035333549794597,8.035333549794597
8.08836656679752,8.08836656679752
8.142184069355881,8.142184069355881
8.196806812353874,8.196806812353874
8.25225638234335,8.25225638234335
8.308555242725298,8.308555242725298
8.365726782045854,8.365726782045854
8.423795365668413,8.423795365668413
8.48278639110909,8.48278639110909
8.542726347351909,8.542726347351909
8.603642878492426,8.603642878492426
8.665564852094793,8.665564852094793
8.728522432687647,8.728522432687647
8.792547160869706,8.792547160869706
8.857672038547218,8.857672038547218
8.923931620883117,8.923931620883117
8.991362115602467,8.991362115602467
9.060001490372297,9.060001490372297
9.12988958905726,9.12988958905726
9.201068257746865,9.201068257746865
9.27358148155726,9.27358148155726
9.347475533332762,9.347475533332762
9.422799135511978,9.422799135511978
9.499603636583288,9.499603636583288
9.577943203737314,9.577943203737314
9.65787503353482,9.65787503353482
9.739459582651294,9.739459582651294
9.822760821040236,9.822760821040236
9.90784651018192,9.90784651018192
9.994788509462381,9.994788509462381
10.083663114167546,10.083663114167546
10.174551429091826,10.174551429091826
10.267539782363718,10.267539782363718
10.362720184800342,10.362720184800342
10.460190840939802,10.460190840939802
10.56005671889216,10.56005671889216
10.662430187328368,10.662430187328368
10.767431729332529,10.767431729332529
10.875190744527794,10.875190744527794
10.98584645291327,10.98584645291327
11.099548916298447,11.099548916298447
11.216460196194667,11.216460196194667
11.33675567064972,11.33675567064972
11.460625536958274,11.460625536958274
11.588276532661387,11.588276532661387
11.719933914041759,11.719933914041759
11.855843739792748,11.855843739792748
11.996275518170233,11.996275518170233
12.14152528936511,12.14152528936511
12.291919231919225,12.291919231919225
12.447817903907167,12.447817903907167
12.6096212579043,12.6096212579043
12.77777460563945,12.77777460563945
12.952775756731917,12.952775756731917
13.13518362032865,13.13518362032865
13.325628644916577,13.325628644916577
13.524825588953098,13.524825588953098
13.733589276250827,13.733589276250827
13.952854214678757,13.952854214678757
14.18369927412937,14.18369927412937
14.427379075305184,14.427379075305184
14.685364406333788,14.685364406333788
14.959394974957892,14.959394974957892
15.251549310659291,15.251549310659291
15.564338976942292,15.564338976942292
15.900838004719859,15.900838004719859
16.264864636987777,16.264864636987777
16.66124300882788,16.66124300882788
17.09619106420234,17.09619106420234
17.57791567998443,17.57791567998443
18.117563898771486,18.117563898771486
18.730821222087343,18.730821222087343
19.440769647504787,19.440769647504787
20.283424127035463,20.283424127035463
21.319670718325547,21.319670718325547
22.66524557524799,22.66524557524799
24.586329925923945,24.586329925923945
27.981241801891073,27.981241801891073
