-8.557344478923085,-8.557344478923085
-8.522851635432078,-8.522851635432078
-8.487331865770328,-8.487331865770328
-8.45082900358526,-8.45082900358526
-8.413385395244196,-8.413385395244196
-8.3750419452935,-8.3750419452935
-8.335838160718668,-8.335838160718668
-8.295812194031216,-8.295812194031216
-8.255000885207751,-8.255000885207751
-8.213439802506322,-8.213439802506322
-8.171163282184573,-8.171163282184573
-8.128204467143922,-8.128204467143922
-8.08459534452353,-8.08459534452353
-8.040366782267434,-8.040366782267434
-7.995548564687803,-7.995548564687803
-7.950169427046911,-7.950169427046911
-7.90425708918002,-7.90425708918002
-7.857838288180938,-7.857838288180938
-7.810938810171725,-7.810938810171725
-7.763583521177561,-7.763583521177561
-7.71579639712746,-7.71579639712746
-7.667600553001127,-7.667600553001127
-7.619018271141931,-7.619018271141931
-7.570071028755552,-7.570071028755552
-7.520779524613545,-7.520779524613545
-7.471163704980709,-7.471163704980709
-7.421242788784789,-7.421242788784789
-7.3710352920467335,-7.3710352920467335
-7.320559051589325,-7.320559051589325
-7.269831248041757,-7.269831248041757
-7.218868428157335,-7.218868428157335
-7.1676865264611775,-7.1676865264611775
-7.116300886244481,-7.116300886244481
-7.0647262799216,-7.0647262799216
-7.01297692876584,-7.01297692876584
-6.961066522039637,-6.961066522039637
-6.9090082355343725,-6.9090082355343725
-6.856814749534927,-6.856814749534927
-6.804498266223638,-6.804498266223638
-6.752070526538103,-6.752070526538103
-6.699542826497001,-6.699542826497001
-6.646926033007767,-6.646926033007767
-6.594230599169732,-6.594230599169732
-6.541466579085986,-6.541466579085986
-6.4886436421970695,-6.4886436421970695
-6.435771087149194,-6.435771087149194
-6.38285785520955,-6.38285785520955
-6.329912543240888,-6.329912543240888
-6.276943416247432,-6.276943416247432
-6.223958419503777,-6.223958419503777
-6.170965190278314,-6.170965190278314
-6.117971069162407,-6.117971069162407
-6.0649831110162875,-6.0649831110162875
-6.012008095542469,-6.012008095542469
-5.9590525374971675,-5.9590525374971675
-5.906122696550028,-5.906122696550028
-5.853224586802234,-5.853224586802234
-5.800363985972825,-5.800363985972825
-5.747546444262819,-5.747546444262819
-5.694777292906587,-5.694777292906587
-5.642061652419624,-5.642061652419624
-5.589404440551684,-5.589404440551684
-5.536810379954094,-5.536810379954094
-5.484284005569761,-5.484284005569761
-5.431829671754238,-5.431829671754238
-5.3794515591360454,-5.3794515591360454
-5.327153681224175,-5.327153681224175
-5.2749398907705665,-5.2749398907705665
-5.222813885895175,-5.222813885895175
-5.1707792159809784,-5.1707792159809784
-5.118839287346184,-5.118839287346184
-5.066997368700671,-5.066997368700671
-5.015256596393534,-5.015256596393534
-4.963619979458405,-4.963619979458405
-4.912090404463106,-4.912090404463106
-4.860670640169961,-4.860670640169961
-4.809363342013001,-4.809363342013001
-4.758171056398017,-4.758171056398017
-4.707096224831446,-4.707096224831446
-4.656141187883706,-4.656141187883706
-4.605308188992602,-4.605308188992602
-4.554599378112212,-4.554599378112212
-4.504016815212502,-4.504016815212502
-4.45356247363483,-4.45356247363483
-4.40323824330829,-4.40323824330829
-4.353045933831759,-4.353045933831759
-4.302987277426363,-4.302987277426363
-4.253063931762914,-4.253063931762914
-4.203277482668791,-4.203277482668791
-4.153629446718565,-4.153629446718565
-4.104121273712567,-4.104121273712567
-4.054754349047463,-4.054754349047463
-4.005529995982785,-4.005529995982785
-3.956449477807255,-3.956449477807255
-3.9075139999086015,-3.9075139999086015
-3.8587247117504915,-3.8587247117504915
-3.810082708760035,-3.810082708760035
-3.761589034129277,-3.761589034129277
-3.7132446805339385,-3.7132446805339385
-3.6650505917725664,-3.6650505917725664
-3.6170076643291766,-3.6170076643291766
-3.5691167488623625,-3.5691167488623625
-3.521378651623727,-3.521378651623727
-3.4737941358084243,-3.4737941358084243
-3.4263639228405003,-3.4263639228405003
-3.379088693595622,-3.379088693595622
-3.3319690895636995,-3.3319690895636995
-3.2850057139538187,-3.2850057139538187
-3.2381991327438318,-3.2381991327438318
-3.19154987567684,-3.19154987567684
-3.145058437206753,-3.145058437206753
-3.0987252773950162,-3.0987252773950162
-3.0525508227605167,-3.0525508227605167
-3.0065354670846194,-3.0065354670846194
-2.960679572173195,-2.960679572173195
-2.914983468577441,-2.914983468577441
-2.8694474562752355,-2.8694474562752355
-2.8240718053146536,-2.8240718053146536
-2.778856756421294,-2.778856756421294
-2.7338025215709014,-2.7338025215709014
-2.6889092845287843,-2.6889092845287843
-2.644177201357424,-2.644177201357424
-2.599606400893639,-2.599606400893639
-2.555196985196587,-2.555196985196587
-2.5109490299678603,-2.5109490299678603
-2.466862584944837,-2.466862584944837
-2.4229376742684483,-2.4229376742684483
-2.3791742968264242,-2.3791742968264242
-2.335572426573059,-2.335572426573059
-2.292132012826485,-2.292132012826485
-2.2488529805443833,-2.2488529805443833
-2.205735230579041,-2.205735230579041
-2.1627786399125877,-2.1627786399125877
-2.1199830618732376,-2.1199830618732376
-2.0773483263332913,-2.0773483263332913
-2.0348742398896285,-2.0348742398896285
-1.9925605860273878,-1.9925605860273878
-1.9504071252674748,-1.9504071252674748
-1.9084135952985284,-1.9084135952985284
-1.8665797110939117,-1.8665797110939117
-1.8249051650142902,-1.8249051650142902
-1.7833896268963052,-1.7833896268963052
-1.7420327441278292,-1.7420327441278292
-1.7008341417102564,-1.7008341417102564
-1.6597934223082582,-1.6597934223082582
-1.6189101662873955,-1.6189101662873955
-1.578183931739959,-1.578183931739959
-1.5376142544993863,-1.5376142544993863
-1.4972006481435665,-1.4972006481435665
-1.4569426039873308,-1.4569426039873308
-1.4168395910644078,-1.4168395910644078
-1.3768910560990677,-1.3768910560990677
-1.337096423467718,-1.337096423467718
-1.2974550951506183,-1.2974550951506183
-1.2579664506739296,-1.2579664506739296
-1.2186298470422465,-1.2186298470422465
-1.1794446186617646,-1.1794446186617646
-1.1404100772542163,-1.1404100772542163
-1.1015255117616773,-1.1015255117616773
-1.0627901882423483,-1.0627901882423483
-1.0242033497573846,-1.0242033497573846
-0.9857642162488405,-0.9857642162488405
-0.9474719844087716,-0.9474719844087716
-0.9093258275395354,-0.9093258275395354
-0.8713248954053042,-0.8713248954053042
-0.8334683140747982,-0.8334683140747982
-0.7957551857552335,-0.7957551857552335
-0.7581845886174624,-0.7581845886174624
-0.7207555766122751,-0.7207555766122751
-0.6834671792778186,-0.6834671792778186
-0.6463184015380788,-0.6463184015380788
-0.6093082234923536,-0.6093082234923536
-0.5724356001956454,-0.5724356001956454
-0.5356994614298799,-0.5356994614298799
-0.49909871146585044,-0.49909871146585044
-0.46263222881578236,-0.46263222881578236
-0.42629886597639216,-0.42629886597639216
-0.3900974491623146,-0.3900974491623146
-0.35402677802975396,-0.35402677802975396
-0.3180856253902113,-0.3180856253902113
-0.2822727369141265,-0.2822727369141265
-0.24658683082426347,-0.24658683082426347
-0.21102659757865927,-0.21102659757865927
-0.17559069954294804,-0.17559069954294804
-0.14027777065185543,-0.14027777065185543
-0.10508641605965724,-0.10508641605965724
-0.0700152117793804,-0.0700152117793804
-0.035062704310513,-0.035062704310513
-0.0002274102549845553,-0.0002274102549845553
0.03449218407883747,0.03449218407883747
0.0690976230843973,0.0690976230843973
0.1035904822777228,0.1035904822777228
0.1379723687310043,0.1379723687310043
0.17224492151927917,0.17224492151927917
0.2064098121805328,0.2064098121805328
0.24046874518953762,0.24046874518953762
0.27442345844576704,0.27442345844576704
0.3082757237757331,0.3082757237757331
0.3420273474501111,0.3420273474501111
0.37568017071602755,0.37568017071602755
0.40923607034490544,0.40923607034490544
0.4426969591962727,0.4426969591962727
0.47606478679795877,0.47606478679795877
0.5093415399431178,0.5093415399431178
0.5425292433045376,0.5425292433045376
0.5756299600667073,0.5756299600667073
0.6086457925761396,0.6086457925761396
0.6415788830104576,0.6415788830104576
0.6744314140667813,0.6744314140667813
0.7072056096699655,0.7072056096699655
0.7399037357012642,0.7399037357012642
0.7725281007480201,0.7725281007480201
0.8050810568749959,0.8050810568749959
0.8375650004179955,0.8375650004179955
0.8699823728004421,0.8699823728004421
0.9023356613736074,0.9023356613736074
0.9346274002812163,0.9346274002812163
0.9668601713491737,0.9668601713491737
0.9990366050011934,0.9990366050011934
1.0311593812011366,1.0311593812011366
1.0632312304229,1.0632312304229
1.0952549346487208,1.0952549346487208
1.127233328396808,1.127233328396808
1.159169299779235,1.159169299779235
1.191065791591067,1.191065791591067
1.2229258024317335,1.2229258024317335
1.2547523878596984,1.2547523878596984
1.286548661581508,1.286548661581508
1.3183177966763489,1.3183177966763489
1.3500630268572875,1.3500630268572875
1.3817876477703959,1.3817876477703959
1.4134950183330317,1.4134950183330317
1.4451885621125617,1.4451885621125617
1.476871768746899,1.476871768746899
1.5085481954082254,1.5085481954082254
1.5402214683113737,1.5402214683113737
1.5718952842683582,1.5718952842683582
1.603573412290607,1.603573412290607
1.6352596952405105,1.6352596952405105
1.6669580515339477,1.6669580515339477
1.698672476895515,1.698672476895515
1.730407046168238,1.730407046168238
1.7621659151796185,1.7621659151796185
1.7939533226659157,1.7939533226659157
1.8257735922566378,1.8257735922566378
1.8576311345212841,1.8576311345212841
1.8895304490804445,1.8895304490804445
1.9214761267834306,1.9214761267834306
1.9534728519546964,1.9534728519546964
1.985525404711361,1.985525404711361
2.0176386633542442,2.0176386633542442
2.0498176068348837,2.0498176068348837
2.082067317301095,2.082067317301095
2.114392982723714,2.114392982723714
2.1467998996072355,2.1467998996072355
2.1792934757871745,2.1792934757871745
2.211879233317024,2.211879233317024
2.2445628114478096,2.2445628114478096
2.2773499697033137,2.2773499697033137
2.3102465910541476,2.3102465910541476
2.3432586851939283,2.3432586851939283
2.376392391920939,2.376392391920939
2.4096539846287315,2.4096539846287315
2.4430498739092505,2.4430498739092505
2.4765866112721486,2.4765866112721486
2.5102708929840833,2.5102708929840833
2.5441095640318783,2.5441095640318783
2.5781096222135704,2.5781096222135704
2.612278222361457,2.612278222361457
2.6466226807013706,2.6466226807013706
2.6811504793525702,2.6811504793525702
2.7158692709726835,2.7158692709726835
2.750786883552361,2.750786883552361
2.7859113253643173,2.7859113253643173
2.8212507900716686,2.8212507900716686
2.8568136620005364,2.8568136620005364
2.892608521582045,2.892608521582045
2.928644150969002,2.928644150969002
2.964929539832643,2.964929539832643
3.0014738913450145,3.0014738913450145
3.038286628352669,3.038286628352669
3.075377399747542,3.075377399747542
3.1127560870409865,3.1127560870409865
3.150432811147129,3.150432811147129
3.188417939381852,3.188417939381852
3.2267220926838602,3.2267220926838602
3.2653561530644892,3.2653561530644892
3.3043312712930106,3.3043312712930106
3.343658874824443,3.343658874824443
3.3833506759769714,3.3833506759769714
3.4234186803663103,3.4234186803663103
3.46387519560448,3.46387519560448
3.5047328402706905,3.5047328402706905
3.546004553162156,3.546004553162156
3.587703602832914,3.587703602832914
3.6298435974288528,3.6298435974288528
3.6724384948273907,3.6724384948273907
3.715502613090421,3.715502613090421
3.759050641239344,3.759050641239344
3.803097650361212,3.803097650361212
3.847659105055215,3.847659105055215
3.8927508752289546,3.8927508752289546
3.938389248254154,3.938389248254154
3.9845909414916707,3.9845909414916707
4.0313731151959145,4.0313731151959145
4.07875338580897,4.07875338580897
4.126749839654977,4.126749839654977
4.1753810470455175,4.1753810470455175
4.224666076807047,4.224666076807047
4.274624511241579,4.274624511241579
4.3252764615321215,4.3252764615321215
4.3766425836045855,4.3766425836045855
4.4287440944581595,4.4287440944581595
4.481602788976335,4.481602788976335
4.5352410572311035,4.5352410572311035
4.589681902293067,4.589681902293067
4.644948958560423,4.644948958560423
4.7010665106201515,4.7010665106201515
4.7580595126548975,4.7580595126548975
4.815953608409398,4.815953608409398
4.874775151730527,4.874775151730527
4.934551227695341,4.934551227695341
4.995309674341786,4.995309674341786
5.057079105017025,5.057079105017025
5.11988893135861,5.11988893135861
5.183769386924066,5.183769386924066
5.248751551484718,5.248751551484718
5.314867375999909,5.314867375999909
5.382149708288088,5.382149708288088
5.45063231941151,5.45063231941151
5.520349930791679,5.520349930791679
5.5913382420729265,5.5913382420729265
5.6636339597518495,5.6636339597518495
5.737274826590745,5.737274826590745
5.812299651833362,5.812299651833362
5.888748342241773,5.888748342241773
5.966661933973464,5.966661933973464
6.046082625318036,6.046082625318036
6.127053810313334,6.127053810313334
6.2096201132611535,6.2096201132611535
6.293827424163021,6.293827424163021
6.379722935096941,6.379722935096941
6.4673551775563105,6.4673551775563105
6.556774060772672,6.556774060772672
6.648030911044263,6.648030911044263
6.741178512092749,6.741178512092749
6.836271146470929,6.836271146470929
6.933364638044534,6.933364638044534
7.032516395571727,7.032516395571727
7.133785457404202,7.133785457404202
7.237232537334305,7.237232537334305
7.342920071612932,7.342920071612932
7.450912267163385,7.450912267163385
7.561275151016811,7.561275151016811
7.674076620995275,7.674076620995275
7.789386497668917,7.789386497668917
7.907276577614111,7.907276577614111
8.027820687999972,8.027820687999972
8.151094742530985,8.151094742530985
8.277176798774033,8.277176798774033
8.406147116898453,8.406147116898453
8.53808821985838,8.53808821985838
11.281370240195887,11.281370240195887
11.256247081293473,11.256247081293473
11.231007581806416,11.231007581806416
11.205980684496486,11.205980684496486
11.181455675173234,11.181455675173234
11.157693726197206,11.157693726197206
11.13493548765233,11.13493548765233
11.113406325038746,11.113406325038746
11.093320076049157,11.093320076049157
11.074881833368714,11.074881833368714
11.05829006327587,11.05829006327587
11.0437382574004,11.0437382574004
11.031416247860786,11.031416247860786
11.021511274316433,11.021511274316433
11.014208864705777,11.014208864705777
11.00969357375406,11.00969357375406
11.008149611344518,11.008149611344518
11.009761384536215,11.009761384536215
11.014713971135834,11.014713971135834
11.023193538499598,11.023193538499598
11.035387718149227,11.035387718149227
11.051485944488238,11.051485944488238
11.071679764178473,11.071679764178473
11.096163121422682,11.096163121422682
11.125132623386548,11.125132623386548
11.15878778920706,11.15878778920706
11.19733128541708,11.19733128541708
11.240969150126206,11.240969150126206
11.289911007908255,11.289911007908255
11.344370277031423,11.344370277031423
11.404564370413414,11.404564370413414
11.470714891475577,11.470714891475577
11.543047825901237,11.543047825901237
11.62179373016186,11.62179373016186
11.707187917559311,11.707187917559311
11.79947064243494,11.79947064243494
11.898887283115002,11.898887283115002
