-8.60926648848801,-8.60926648848801
-8.583213158420403,-8.583213158420403
-8.555894135573816,-8.555894135573816
-8.5273602719044,-8.5273602719044
-8.49766069395626,-8.49766069395626
-8.466842855599191,-8.466842855599191
-8.434952589375367,-8.434952589375367
-8.402034156484937,-8.402034156484937
-8.368130295440096,-8.368130295440096
-8.333282269416609,-8.333282269416609
-8.297529912331346,-8.297529912331346
-8.260911673673885,-8.260911673673885
-8.223464662119701,-8.223464662119701
-8.18522468795219,-8.18522468795219
-8.146226304320015,-8.146226304320015
-8.106502847356113,-8.106502847356113
-8.066086475183955,-8.066086475183955
-8.025008205836537,-8.025008205836537
-7.9832979541127616,-7.9832979541127616
-7.940984567395778,-7.940984567395778
-7.898095860457158,-7.898095860457158
-7.854658649270555,-7.854658649270555
-7.810698783857914,-7.810698783857914
-7.766241180190988,-7.766241180190988
-7.721309851170485,-7.721309851170485
-7.675927936704725,-7.675927936704725
-7.630117732909328,-7.630117732909328
-7.583900720449039,-7.583900720449039
-7.537297592042427,-7.537297592042427
-7.490328279149764,-7.490328279149764
-7.443011977864067,-7.443011977864067
-7.395367174024872,-7.395367174024872
-7.347411667573933,-7.347411667573933
-7.299162596171722,-7.299162596171722
-7.2506364580931715,-7.2506364580931715
-7.2018491344208195,-7.2018491344208195
-7.1528159105531035,-7.1528159105531035
-7.103551497045232,-7.103551497045232
-7.054070049799747,-7.054070049799747
-7.004385189623469,-7.004385189623469
-6.954510021167282,-6.954510021167282
-6.904457151264814,-6.904457151264814
-6.854238706685789,-6.854238706685789
-6.803866351319469,-6.803866351319469
-6.753351302803332,-6.753351302803332
-6.70270434861178,-6.70270434861178
-6.651935861619389,-6.651935861619389
-6.601055815152889,-6.601055815152889
-6.5500737975458305,-6.5500737975458305
-6.498999026209467,-6.498999026209467
-6.447840361233264,-6.447840361233264
-6.396606318527979,-6.396606318527979
-6.345305082524168,-6.345305082524168
-6.293944518438508,-6.293944518438508
-6.2425321841202015,-6.2425321841202015
-6.191075341489374,-6.191075341489374
-6.139580967579143,-6.139580967579143
-6.088055765192768,-6.088055765192768
-6.036506173187054,-6.036506173187054
-5.984938376392888,-5.984938376392888
-5.933358315183577,-5.933358315183577
-5.8817716947013965,-5.8817716947013965
-5.830183993752518,-5.830183993752518
-5.77860047338026,-5.77860047338026
-5.727026185126318,-5.727026185126318
-5.675465978989507,-5.675465978989507
-5.623924511091213,-5.623924511091213
-5.572406251056582,-5.572406251056582
-5.52091548912028,-5.52091548912028
-5.469456342965366,-5.469456342965366
-5.418032764303696,-5.418032764303696
-5.366648545206003,-5.366648545206003
-5.315307324189628,-5.315307324189628
-5.264012592071685,-5.264012592071685
-5.212767697595176,-5.212767697595176
-5.1615758528355,-5.1615758528355
-5.110440138394485,-5.110440138394485
-5.059363508388973,-5.059363508388973
-5.008348795240752,-5.008348795240752
-4.957398714274493,-4.957398714274493
-4.906515868130124,-4.906515868130124
-4.855702750995938,-4.855702750995938
-4.804961752668559,-4.804961752668559
-4.7542951624456835,-4.7542951624456835
-4.7037051728574095,-4.7037051728574095
-4.653193883241764,-4.653193883241764
-4.602763303169883,-4.602763303169883
-4.552415355726162,-4.552415355726162
-4.5021518806485465,-4.5021518806485465
-4.451974637333939,-4.451974637333939
-4.4018853077136235,-4.4018853077136235
-4.351885499003392,-4.351885499003392
-4.301976746332985,-4.301976746332985
-4.252160515259264,-4.252160515259264
-4.202438204167429,-4.202438204167429
-4.152811146564485,-4.152811146564485
-4.1032806132689625,-4.1032806132689625
-4.05384781450085,-4.05384781450085
-4.004513901875516,-4.004513901875516
-3.955279970305321,-3.955279970305321
-3.906147059812452,-3.906147059812452
-3.8571161572564594,-3.8571161572564594
-3.808188197979788,-3.808188197979788
-3.759364067374571,-3.759364067374571
-3.710644602373762,-3.710644602373762
-3.662030592869638,-3.662030592869638
-3.6135227830625674,-3.6135227830625674
-3.5651218727428713,-3.5651218727428713
-3.516828518508449,-3.516828518508449
-3.4686433349208197,-3.4686433349208197
-3.420566895602076,-3.420566895602076
-3.372599734275187,-3.372599734275187
-3.3247423457499834,-3.3247423457499834
-3.276995186857096,-3.276995186857096
-3.2293586773319842,-3.2293586773319842
-3.1818332006511825,-3.1818332006511825
-3.134419104822728,-3.134419104822728
-3.0871167031327365,-3.0871167031327365
-3.039926274849947,-3.039926274849947
-2.9928480658900427,-2.9928480658900427
-2.945882289441428,-2.945882289441428
-2.899029126554116,-2.899029126554116
-2.8522887266932933,-2.8522887266932933
-2.80566120825905,-2.80566120825905
-2.7591466590737386,-2.7591466590737386
-2.712745136838306,-2.712745136838306
-2.666456669558946,-2.666456669558946
-2.6202812559452973,-2.6202812559452973
-2.5742188657814196,-2.5742188657814196
-2.528269440270648,-2.528269440270648
-2.482432892355462,-2.482432892355462
-2.4367091070133737,-2.4367091070133737
-2.391097941529833,-2.391097941529833
-2.3455992257490883,-2.3455992257490883
-2.3002127623038904,-2.3002127623038904
-2.2549383268248904,-2.2549383268248904
-2.2097756681305225,-2.2097756681305225
-2.164724508398129,-2.164724508398129
-2.1197845433170572,-2.1197845433170572
-2.074955442224383,-2.074955442224383
-2.030236848223913,-2.030236848223913
-1.9856283782890518,-1.9856283782890518
-1.941129623350115,-1.941129623350115
-1.8967401483665833,-1.8967401483665833
-1.8524594923848325,-1.8524594923848325
-1.8082871685817619,-1.8082871685817619
-1.7642226642947778,-1.7642226642947778
-1.7202654410385128,-1.7202654410385128
-1.676414934508664,-1.676414934508664
-1.6326705545732823,-1.6326705545732823
-1.5890316852518303,-1.5890316852518303
-1.545497684682298,-1.545497684682298
-1.5020678850766407,-1.5020678850766407
-1.4587415926647656,-1.4587415926647656
-1.4155180876273044,-1.4155180876273044
-1.3723966240173393,-1.3723966240173393
-1.3293764296712722,-1.3293764296712722
-1.2864567061089773,-1.2864567061089773
-1.2436366284233689,-1.2436366284233689
-1.2009153451594936,-1.2009153451594936
-1.1582919781832433,-1.1582919781832433
-1.1157656225397532,-1.1157656225397532
-1.0733353463015487,-1.0733353463015487
-1.0310001904064774,-1.0310001904064774
-0.9887591684854469,-0.9887591684854469
-0.946611266679978,-0.946611266679978
-0.9045554434495656,-0.9045554434495656
-0.8625906293688222,-0.8625906293688222
-0.8207157269143666,-0.8207157269143666
-0.7789296102414095,-0.7789296102414095
-0.7372311249499675,-0.7372311249499675
-0.6956190878406304,-0.6956190878406304
-0.6540922866597922,-0.6540922866597922
-0.6126494798342369,-0.6126494798342369
-0.5712893961949693,-0.5712893961949693
-0.530010734690161,-0.530010734690161
-0.48881216408706984,-0.48881216408706984
-0.44769232266278647,-0.44769232266278647
-0.40664981788363763,-0.40664981788363763
-0.3656832260730784,-0.3656832260730784
-0.32479109206788315,-0.32479109206788315
-0.2839719288624379,-0.2839719288624379
-0.24322421724092633,-0.24322421724092633
-0.20254640539718768,-0.20254640539718768
-0.1619369085420133,-0.1619369085420133
-0.12139410849763922,-0.12139410849763922
-0.08091635327917787,-0.08091635327917787
-0.040501956662720814,-0.040501956662720814
-0.00014919773983225292,-0.00014919773983225292
0.04014367954185906,0.04014367954185906
0.08037846685227593,0.08037846685227593
0.12055699196703482,0.12055699196703482
0.16068111927044654,0.16068111927044654
0.2007527502737202,0.2007527502737202
0.240773824148732,0.240773824148732
0.2807463182777319,0.2807463182777319
0.32067224881937895,0.32067224881937895
0.36055367129150856,0.36055367129150856
0.4003926811710558,0.4003926811710558
0.44019141451156923,0.44019141451156923
0.4799520485787726,0.4799520485787726
0.5196768025046465,0.5196768025046465
0.559367937960521,0.559367937960521
0.5990277598496905,0.5990277598496905
0.6386586170200791,0.6386586170200791
0.678262902997514,0.678262902997514
0.7178430567401679,0.7178430567401679
0.757401563414778,0.757401563414778
0.79694095519525,0.79694095519525
0.8364638120842948,0.8364638120842948
0.8759727627587609,0.8759727627587609
0.915470485439357,0.915470485439357
0.9549597087854854,0.9549597087854854
0.9944432128159294,0.9944432128159294
1.033923829856177,1.033923829856177
1.073404445513182,1.073404445513182
1.1128879996783991,1.1128879996783991
1.1523774875599715,1.1523774875599715
1.191875960744961,1.191875960744961
1.2313865282925656,1.2313865282925656
1.2709123578592998,1.2709123578592998
1.3104566768571417,1.3104566768571417
1.350022773645699,1.350022773645699
1.3896139987594833,1.3896139987594833
1.4292337661714216,1.4292337661714216
1.4688855545937738,1.4688855545937738
1.5085729088176787,1.5085729088176787
1.5482994410925843,1.5482994410925843
1.588068832546874,1.588068832546874
1.627884834651042,1.627884834651042
1.6677512707248303,1.6677512707248303
1.707672037489779,1.707672037489779
1.7476511066687066,1.7476511066687066
1.7876925266336836,1.7876925266336836
1.827800424104124,1.827800424104124
1.8679790058966743,1.8679790058966743
1.9082325607286428,1.9082325607286428
1.9485654610767706,1.9485654610767706
1.9889821650932136,1.9889821650932136
2.029487218580662,2.029487218580662
2.070085257028605,2.070085257028605
2.1107810077128004,2.1107810077128004
2.1515792918600978,2.1515792918600978
2.19248502688082,2.19248502688082
2.2335032286709966,2.2335032286709966
2.2746390139868176,2.2746390139868176
2.3158976028937426,2.3158976028937426
2.357284321292798,2.357284321292798
2.3988046035266795,2.3988046035266795
2.4404639950683373,2.4404639950683373
2.4822681552948453,2.4822681552948453
2.5242228603494206,2.5242228603494206
2.566334006094557,2.566334006094557
2.6086076111593415,2.6086076111593415
2.651049820084103,2.651049820084103
2.693666906565659,2.693666906565659
2.7364652768065163,2.7364652768065163
2.7794514729714894,2.7794514729714894
2.822632176755304,2.822632176755304
2.8660142130648762,2.8660142130648762
2.909604553820049,2.909604553820049
2.9534103218766945,2.9534103218766945
2.9974387950762083,2.9974387950762083
3.041697410425539,3.041697410425539
3.086193768412009,3.086193768412009
3.1309356374573283,3.1309356374573283
3.175930958515313,3.175930958515313
3.221187849817955,3.221187849817955
3.2667146117746326,3.2667146117746326
3.3125197320293625,3.3125197320293625
3.3586118906811673,3.3586118906811673
3.4049999656727494,3.4049999656727494
3.451693038352809,3.451693038352809
3.4987003992175034,3.4987003992175034
3.5460315538366833,3.5460315538366833
3.593696228970707,3.593696228970707
3.6417043788837753,3.6417043788837753
3.6900661918598994,3.6900661918598994
3.738792096927793,3.738792096927793
3.7878927708010917,3.7878927708010917
3.8373791450405426,3.8373791450405426
3.887262413444936,3.887262413444936
3.937554039677725,3.937554039677725
3.988265765136477,3.988265765136477
4.039409617072481,4.039409617072481
4.090997916968004,4.090997916968004
4.143043289178887,4.143043289178887
4.195558669850383,4.195558669850383
4.2485573161142955,4.2485573161142955
4.302052815575713,4.302052815575713
4.356059096097807,4.356059096097807
4.410590435893402,4.410590435893402
4.465661473932196,4.465661473932196
4.5212872206727575,4.5212872206727575
4.577483069128618,4.577483069128618
4.634264806278014,4.634264806278014
4.691648624827047,4.691648624827047
4.74965113533629,4.74965113533629
4.8082893787210175,4.8082893787210175
4.867580839135587,4.867580839135587
4.92754345725266,4.92754345725266
4.988195643948187,4.988195643948187
5.049556294403409,5.049556294403409
5.111644802635276,5.111644802635276
5.174481076467022,5.174481076467022
5.238085552950842,5.238085552950842
5.302479214254904,5.302479214254904
5.367683604027201,5.367683604027201
5.4337208442489855,5.4337208442489855
5.500613652590848,5.500613652590848
5.568385360284762,5.568385360284762
5.63705993052568,5.63705993052568
5.706661977416589,5.706661977416589
5.777216785471201,5.777216785471201
5.848750329688769,5.848750329688769
5.921289296215803,5.921289296215803
5.994861103609763,5.994861103609763
6.069493924720149,6.069493924720149
6.145216709202674,6.145216709202674
6.22205920668255,6.22205920668255
6.300051990583259,6.300051990583259
6.37922648263745,6.37922648263745
6.459614978097015,6.459614978097015
6.541250671659642,6.541250671659642
6.624167684129572,6.624167684129572
6.708401089830559,6.708401089830559
6.793986944789454,6.793986944789454
6.880962315709089,6.880962315709089
6.9693653097496275,6.9693653097496275
7.059235105137791,7.059235105137791
7.150611982623807,7.150611982623807
7.243537357806291,7.243537357806291
7.338053814345631,7.338053814345631
7.434205138086841,7.434205138086841
7.532036352113262,7.532036352113262
7.631593752752807,7.631593752752807
7.7329249465589625,7.7329249465589625
7.836078888289047,7.836078888289047
7.941105919902695,7.941105919902695
8.048057810603952,8.048057810603952
8.156987797950777,8.156987797950777
8.267950630056127,8.267950630056127
8.381002608905321,8.381002608905321
8.496201634814732,8.496201634814732
8.613607252057308,8.613607252057308
8.733280695680946,8.733280695680946
8.85528493954605,8.85528493954605
8.979684745609214,8.979684745609214
9.106546714480329,9.106546714480329
9.235939337280879,9.235939337280879
9.367933048831766,9.367933048831766
9.502600282199335,9.502600282199335
9.640015524628877,9.640015524628877
9.780255374895292,9.780255374895292
9.923398602101141,9.923398602101141
10.069526205952798,10.069526205952798
10.218721478545888,10.218721478545888
10.37107006769177,10.37107006769177
10.526660041817276,10.526660041817276
10.685581956470497,10.685581956470497
10.847928922465874,10.847928922465874
11.013796675702439,11.013796675702439
11.183283648689587,11.183283648689587
11.356491043815215,11.356491043815215
11.533522908391783,11.533522908391783
11.714486211516258,11.714486211516258
11.89949092278052,11.89949092278052
12.088650092869402,12.088650092869402
12.282079936084054,12.282079936084054
12.479899914829007,12.479899914829007
12.68223282610172,12.68223282610172
12.889204890024198,12.889204890024198
13.100945840456712,13.100945840456712
13.317589017734324,13.317589017734324
13.539271463567506,13.539271463567506
16.30674646410515,16.30674646410515
16.25319249356681,16.25319249356681
16.202016143777357,16.202016143777357
16.153472786059748,16.153472786059748
16.107813554808473,16.107813554808473
16.06528660185209,16.06528660185209
16.026138145593308,16.026138145593308
15.99061336110992,15.99061336110992
15.958957145451263,15.958957145451263
15.931414783906712,15.931414783906712
15.90823253693776,15.90823253693776
15.889658163010333,15.889658163010333
15.875941389258262,15.875941389258262
15.867334339421399,15.867334339421399
15.864091926608962,15.864091926608962
15.866472216980664,15.866472216980664
15.874736769304656,15.874736769304656
15.889150954461567,15.889150954461567
15.909984258258975,15.909984258258975
15.937510570357988,15.937510570357988
15.972008461660756,15.972008461660756
16.013761452141605,16.013761452141605
16.063058270804753,16.063058270804753
16.12019310920691,16.12019310920691
