-5.693842046505922,-5.693842046505922
-5.6776229867292844,-5.6776229867292844
-5.660357334171469,-5.660357334171469
-5.642089714535232,-5.642089714535232
-5.622863189587477,-5.622863189587477
-5.602719305849194,-5.602719305849194
-5.5816981419886815,-5.5816981419886815
-5.5598383549461685,-5.5598383549461685
-5.537177224817484,-5.537177224817484
-5.513750698523994,-5.513750698523994
-5.489593432295552,-5.489593432295552
-5.464738832992716,-5.464738832992716
-5.439219098294146,-5.439219098294146
-5.413065255774536,-5.413065255774536
-5.386307200898094,-5.386307200898094
-5.3589737339520624,-5.3589737339520624
-5.3310925959444715,-5.3310925959444715
-5.302690503489754,-5.302690503489754
-5.27379318270556,-5.27379318270556
-5.244425402143607,-5.244425402143607
-5.21461100477706,-5.21461100477706
-5.184372939066499,-5.184372939066499
-5.153733289126159,-5.153733289126159
-5.122713304011707,-5.122713304011707
-5.091333426150484,-5.091333426150484
-5.059613318934688,-5.059613318934688
-5.027571893497693,-5.027571893497693
-4.9952273346932135,-4.9952273346932135
-4.962597126296769,-4.962597126296769
-4.929698075448453,-4.929698075448453
-4.896546336355714,-4.896546336355714
-4.86315743327446,-4.86315743327446
-4.829546282786478,-4.829546282786478
-4.7957272153908095,-4.7957272153908095
-4.761713996426363,-4.761713996426363
-4.727519846342747,-4.727519846342747
-4.6931574603359465,-4.6931574603359465
-4.658639027365145,-4.658639027365145
-4.623976248566677,-4.623976248566677
-4.5891803550807975,-4.5891803550807975
-4.554262125306588,-4.554262125306588
-4.519231901600076,-4.519231901600076
-4.4840996064302825,-4.4840996064302825
-4.448874758007664,-4.448874758007664
-4.413566485399059,-4.413566485399059
-4.378183543143027,-4.378183543143027
-4.342734325379112,-4.342734325379112
-4.307226879504318,-4.307226879504318
-4.271668919369831,-4.271668919369831
-4.2360678380306345,-4.2360678380306345
-4.20043072006056,-4.20043072006056
-4.164764353444886,-4.164764353444886
-4.12907524106244,-4.12907524106244
-4.093369611768862,-4.093369611768862
-4.057653431092419,-4.057653431092419
-4.021932411553542,-4.021932411553542
-3.986212022618961,-3.986212022618961
-3.9504975003011333,-3.9504975003011333
-3.9147938564133424,-3.9147938564133424
-3.8791058874906934,-3.8791058874906934
-3.843438183386896,-3.843438183386896
-3.807795135556613,-3.807795135556613
-3.772180945032816,-3.772180945032816
-3.7365996301084445,-3.7365996301084445
-3.7010550337314103,-3.7010550337314103
-3.6655508306217786,-3.6655508306217786
-3.630090534119754,-3.630090534119754
-3.5946775027728703,-3.5946775027728703
-3.559314946670626,-3.559314946670626
-3.5240059335345255,-3.5240059335345255
-3.4887533945713822,-3.4887533945713822
-3.4535601300974594,-3.4535601300974594
-3.4184288149409,-3.4184288149409
-3.3833620036296663,-3.3833620036296663
-3.3483621353720294,-3.3483621353720294
-3.3134315388365105,-3.3134315388365105
-3.278572436737921,-3.278572436737921
-3.243786950236055,-3.243786950236055
-3.2090771031533385,-3.2090771031533385
-3.17444482601765,-3.17444482601765
-3.1398919599362847,-3.1398919599362847
-3.1054202603069263,-3.1054202603069263
-3.071031400371308,-3.071031400371308
-3.0367269746170877,-3.0367269746170877
-3.002508502033315,-3.002508502033315
-2.968377429224713,-2.968377429224713
-2.93433513338985,-2.93433513338985
-2.9003829251681292,-2.9003829251681292
-2.8665220513603966,-2.8665220513603966
-2.832753697527798,-2.832753697527798
-2.7990789904734137,-2.7990789904734137
-2.765499000611037,-2.765499000611037
-2.732014744225357,-2.732014744225357
-2.6986271856276525,-2.6986271856276525
-2.6653372392110004,-2.6653372392110004
-2.63214577140886,-2.63214577140886
-2.599053602560791,-2.599053602560791
-2.566061508688933,-2.566061508688933
-2.5331702231887645,-2.5331702231887645
-2.50038043843754,-2.50038043843754
-2.4676928073237114,-2.4676928073237114
-2.4351079447005026,-2.4351079447005026
-2.402626428766733,-2.402626428766733
-2.3702488023778523,-2.3702488023778523
-2.3379755742900783,-2.3379755742900783
-2.3058072203403976,-2.3058072203403976
-2.2737441845651314,-2.2737441845651314
-2.2417868802596366,-2.2417868802596366
-2.2099356909816508,-2.2099356909816508
-2.1781909715006744,-2.1781909715006744
-2.146553048695739,-2.146553048695739
-2.1150222224037485,-2.1150222224037485
-2.0835987662206024,-2.0835987662206024
-2.0522829282571253,-2.0522829282571253
-2.0210749318518246,-2.0210749318518246
-1.9899749762423722,-1.9899749762423722
-1.9589832371976743,-1.9589832371976743
-1.9280998676122745,-1.9280998676122745
-1.8973249980648044,-1.8973249980648044
-1.8666587373421035,-1.8666587373421035
-1.8361011729305725,-1.8361011729305725
-1.8056523714762622,-1.8056523714762622
-1.7753123792151153,-1.7753123792151153
-1.7450812223747572,-1.7450812223747572
-1.7149589075491276,-1.7149589075491276
-1.6849454220472222,-1.6849454220472222
-1.65504073421713,-1.65504073421713
-1.6252447937465233,-1.6252447937465233
-1.5955575319406767,-1.5955575319406767
-1.5659788619790709,-1.5659788619790709
-1.536508679151557,-1.536508679151557
-1.5071468610750227,-1.5071468610750227
-1.4778932678914731,-1.4778932678914731
-1.4487477424483486,-1.4487477424483486
-1.4197101104619085,-1.4197101104619085
-1.3907801806644293,-1.3907801806644293
-1.3619577449359486,-1.3619577449359486
-1.3332425784212274,-1.3332425784212274
-1.3046344396325906,-1.3046344396325906
-1.2761330705392373,-1.2761330705392373
-1.2477381966436,-1.2477381966436
-1.2194495270452939,-1.2194495270452939
-1.1912667544931557,-1.1912667544931557
-1.1631895554258376,-1.1631895554258376
-1.135217590001419,-1.135217590001419
-1.10735050211642,-1.10735050211642
-1.0795879194146245,-1.0795879194146245
-1.0519294532860508,-1.0519294532860508
-1.0243746988564093,-1.0243746988564093
-0.9969232349673457,-0.9969232349673457
-0.9695746241477496,-0.9695746241477496
-0.9423284125763857,-0.9423284125763857
-0.9151841300360777,-0.9151841300360777
-0.8881412898596565,-0.8881412898596565
-0.8611993888678634,-0.8611993888678634
-0.8343579072993793,-0.8343579072993793
-0.8076163087331227,-0.8076163087331227
-0.7809740400029627,-0.7809740400029627
-0.7544305311049446,-0.7544305311049446
-0.727985195097138,-0.727985195097138
-0.7016374279921798,-0.7016374279921798
-0.6753866086425809,-0.6753866086425809
-0.6492320986188447,-0.6492320986188447
-0.623173242080431,-0.623173242080431
-0.5972093656395872,-0.5972093656395872
-0.5713397782180539,-0.5713397782180539
-0.5455637708966403,-0.5455637708966403
-0.5198806167576455,-0.5198806167576455
-0.4942895707201017,-0.4942895707201017
-0.468789869367793,-0.468789869367793
-0.44338073076999535,-0.44338073076999535
-0.4180613542948759,-0.4180613542948759
-0.39283092041547085,-0.39283092041547085
-0.36768859050816294,-0.36768859050816294
-0.34263350664355263,-0.34263350664355263
-0.3176647913696253,-0.3176647913696253
-0.2927815474870925,-0.2927815474870925
-0.26798285781678416,-0.26798285781678416
-0.24326778495895313,-0.24326778495895313
-0.21863537104435155,-0.21863537104435155
-0.19408463747692026,-0.19408463747692026
-0.16961458466792967,-0.16961458466792967
-0.14522419176139895,-0.14522419176139895
-0.12091241635061112,-0.12091241635061112
-0.09667819418553071,-0.09667819418553071
-0.07252043887092463,-0.07252043887092463
-0.04843804155497497,-0.04843804155497497
-0.02442987060816085,-0.02442987060816085
-0.0004947712921817704,-0.0004947712921817704
0.02336843458132095,0.02336843458132095
0.04716094900249392,0.04716094900249392
0.07088399812571612,0.07088399812571612
0.09453883264302947,0.09453883264302947
0.11812672816884023,0.11812672816884023
0.141648985636187,0.141648985636187
0.16510693170488258,0.16510693170488258
0.18850191918185014,0.18850191918185014
0.21183532745398664,0.21183532745398664
0.2351085629338996,0.2351085629338996
0.25832305951887774,0.25832305951887774
0.28148027906347,0.28148027906347
0.3045817118660627,0.3045817118660627
0.32762887716985933,0.32762887716985933
0.3506233236786851,0.3506233236786851
0.3735666300880545,0.3735666300880545
0.3964604056319567,0.3964604056319567
0.41930629064583336,0.41930629064583336
0.44210595714624296,0.44210595714624296
0.4648611094277225,0.4648611094277225
0.48757348467738076,0.48757348467738076
0.5102448536077804,0.5102448536077804
0.5328770211086802,0.5328770211086802
0.5554718269182469,0.5554718269182469
0.5780311463143514,0.5780311463143514
0.6005568908266058,0.6005568908266058
0.6230510089698155,0.6230510089698155
0.6455154869995482,0.6455154869995482
0.6679523496905523,0.6679523496905523
0.6903636611387834,0.6903636611387834
0.7127515255878325,0.7127515255878325
0.7351180882805752,0.7351180882805752
0.7574655363368998,0.7574655363368998
0.7797960996584006,0.7797960996584006
0.8021120518609626,0.8021120518609626
0.824415711236197,0.824415711236197
0.8467094417427261,0.8467094417427261
0.8689956540283552,0.8689956540283552
0.891276806484209,0.891276806484209
0.9135554063319484,0.9135554063319484
0.9358340107452395,0.9358340107452395
0.9581152280066701,0.9581152280066701
0.9804017187013768,0.9804017187013768
1.0026961969486774,1.0026961969486774
1.0250014316730638,1.0250014316730638
1.0473202479159502,1.0473202479159502
1.0696555281896358,1.0696555281896358
1.0920102138749848,1.0920102138749848
1.1143873066643877,1.1143873066643877
1.1367898700516261,1.1367898700516261
1.1592210308703146,1.1592210308703146
1.1816839808826671,1.1816839808826671
1.204181978420382,1.204181978420382
1.2267183500795176,1.2267183500795176
1.2492964924712895,1.2492964924712895
1.2719198740307938,1.2719198740307938
1.2945920368857164,1.2945920368857164
1.3173165987871889,1.3173165987871889
1.3400972551049888,1.3400972551049888
1.3629377808893897,1.3629377808893897
1.3858420330020247,1.3858420330020247
1.408813952318222,1.408813952318222
1.4318575660033268,1.4318575660033268
1.454976989865652,1.454976989865652
1.4781764307887348,1.4781764307887348
1.501460189245706,1.501460189245706
1.5248326618986503,1.5248326618986503
1.5482983442859277,1.5482983442859277
1.5718618336005323,1.5718618336005323
1.5955278315626473,1.5955278315626473
1.6193011473896723,1.6193011473896723
1.6431867008670864,1.6431867008670864
1.6671895255236184,1.6671895255236184
1.69131477191431,1.69131477191431
1.7155677110151593,1.7155677110151593
1.7399537377331424,1.7399537377331424
1.7644783745355375,1.7644783745355375
1.7891472752025708,1.7891472752025708
1.8139662287075538,1.8139662287075538
1.8389411632287678,1.8389411632287678
1.8640781502975101,1.8640781502975101
1.8893834090868122,1.8893834090868122
1.9148633108455058,1.9148633108455058
1.9405243834824046,1.9405243834824046
1.96637331630554,1.96637331630554
1.9924169649215073,1.9924169649215073
2.018662356300132,2.018662356300132
2.045116694009788,2.045116694009788
2.071787363628888,2.071787363628888
2.0986819383391615,2.0986819383391615
2.1258081847065347,2.1258081847065347
2.1531740686555647,2.1531740686555647
2.180787761643523,2.180787761643523
2.2086576470404173,2.2086576470404173
2.236792326721382,2.236792326721382
2.2652006278780346,2.2652006278780346
2.2938916100555895,2.2938916100555895
2.3228745724226556,2.3228745724226556
2.352159061280867,2.352159061280867
2.381754877821641,2.381754877821641
2.4116720861375462,2.4116720861375462
2.441921021495979,2.441921021495979
2.4725122988829966,2.4725122988829966
2.503456821825365,2.503456821825365
2.534765791499106,2.534765791499106
2.5664507161329597,2.5664507161329597
2.598523420715464,2.598523420715464
2.6309960570144812,2.6309960570144812
2.6638811139182867,2.6638811139182867
2.697191428107482,2.697191428107482
2.7309401950672565,2.7309401950672565
2.7651409804497273,2.7651409804497273
2.799807731796313,2.799807731796313
2.834954790630319,2.834954790630319
2.8705969049301605,2.8705969049301605
2.9067492419938668,2.9067492419938668
2.943427401705756,2.943427401705756
2.980647430216431,2.980647430216431
3.0184258340474472,3.0184258340474472
3.056779594632318,3.056779594632318
3.095726183305717,3.095726183305717
3.1352835767530367,3.1352835767530367
3.1754702729327042,3.1754702729327042
3.216305307483931,3.216305307483931
3.25780827063283,3.25780827063283
3.2999993246101385,3.2999993246101385
3.3428992215940188,3.3428992215940188
3.3865293221917225,3.3865293221917225
3.430911614474202,3.430911614474202
3.476068733577982,3.476068733577982
3.5220239818889874,3.5220239818889874
3.5688013498232403,3.5688013498232403
3.6164255372196954,3.6164255372196954
3.6649219753607625,3.6649219753607625
3.714316849636394,3.714316849636394
3.764637122867915,3.764637122867915
3.815910559308112,3.815910559308112
3.868165749334384,3.868165749334384
3.9214321348521586,3.9214321348521586
3.97574003542602,3.97574003542602
4.031120675156402,4.031120675156402
4.087606210320022,4.087606210320022
4.1452297577925465,4.1452297577925465
4.204025424272404,4.204025424272404
4.667940034685667,4.667940034685667
4.685116027179459,4.685116027179459
4.702360170381651,4.702360170381651
4.719815388852617,4.719815388852617
4.737604016141015,4.737604016141015
4.755834628295069,4.755834628295069
4.774606216561907,4.774606216561907
4.794010908062763,4.794010908062763
4.814135832490431,4.814135832490431
4.835064456701351,4.835064456701351
4.856877572165839,4.856877572165839
4.879654047306941,4.879654047306941
4.9034714155846295,4.9034714155846295
4.928406345796326,4.928406345796326
4.954535026028039,4.954535026028039
4.9819334830936945,4.9819334830936945
5.010677852990668,5.010677852990668
5.040844613641756,5.040844613641756
5.072510788254314,5.072510788254314
5.105754125555833,5.105754125555833
5.140653261679243,5.140653261679243
5.177287867386914,5.177287867386914
5.215738783520078,5.215738783520078
5.256088146958179,5.256088146958179
5.298419508915396,5.298419508915396
5.3428179470502934,5.3428179470502934
5.389370172591973,5.389370172591973
5.438164633472407,5.438164633472407
5.489291614285895,5.489291614285895
5.542843333761969,5.542843333761969
5.598914040330053,5.598914040330053
5.657600106266889,5.657600106266889
5.719000120846544,5.719000120846544
5.783214982854764,5.783214982854764
5.850347992781373,5.850347992781373
5.920504944964838,5.920504944964838
5.993794219930174,5.993794219930174
6.0703268771335726,6.0703268771335726
6.150216748304468,6.150216748304468
6.233580531555718,6.233580531555718
6.320537886416648,6.320537886416648
6.411211529929458,6.411211529929458
6.505727333937658,6.505727333937658
6.604214423685304,6.604214423685304
6.706805277836972,6.706805277836972
6.8136358300210045,6.8136358300210045
6.924845571992558,6.924845571992558
7.040577658507113,7.040577658507113
7.160979013990824,7.160979013990824
7.286200441089877,7.286200441089877
7.416396731177748,7.416396731177748
7.551726776896168,7.551726776896168
7.692353686803178,7.692353686803178
7.838444902199603,7.838444902199603
7.9901723162032,7.9901723162032
8.147712395138498,8.147712395138498
8.311246302308831,8.311246302308831
8.480960024216078,8.480960024216078
8.65704449929273,8.65704449929273
8.839695749210208,8.839695749210208
9.029115012826738,9.029115012826738
9.225508882837671,9.225508882837671
9.429089445190808,9.429089445190808
9.640074421329247,9.640074421329247
9.85868731332368,9.85868731332368
10.085157551956744,10.085157551956744
