-5.694730627775764,-5.694730627775764
-5.485562113357453,-5.485562113357453
-5.206959295772235,-5.206959295772235
-4.886225198193381,-4.886225198193381
-4.541984753791656,-4.541984753791656
-4.186750575513514,-4.186750575513514
-3.828803019454662,-3.828803019454662
-3.4735420294477004,-3.4735420294477004
-3.1244388974494908,-3.1244388974494908
-2.7836906868343005,-2.7836906868343005
-2.4526583449471735,-2.4526583449471735
-2.1321511784226184,-2.1321511784226184
-1.8226050810007703,-1.8226050810007703
-1.5241893900513188,-1.5241893900513188
-1.2368672059186063,-1.2368672059186063
-0.9604261387040872,-0.9604261387040872
-0.694490451378858,-0.694490451378858
-0.4385211473436735,-0.4385211473436735
-0.19180740590103362,-0.19180740590103362
0.04654939825212967,0.04654939825212967
0.2776593442875704,0.2776593442875704
0.5028766452805677,0.5028766452805677
0.7238437494521742,0.7238437494521742
0.9425504994802526,0.9425504994802526
1.1614137499980035,1.1614137499980035
1.3833854223132793,1.3833854223132793
1.6121006687795758,1.6121006687795758
1.8520829259558185,1.8520829259558185
2.109029454532634,2.109029454532634
2.390209793803381,2.390209793803381
2.7050206980444984,2.7050206980444984
3.06575487036739,3.06575487036739
3.4886574652387465,3.4886574652387465
3.995364192763718,3.995364192763718
4.597389463793023,4.597389463793023
4.841453655354338,4.841453655354338
5.237875612901114,5.237875612901114
5.868588457571638,5.868588457571638
6.834888134914177,6.834888134914177
8.266763623425135,8.266763623425135
