-7.0017196528295305,-7.0017196528295305
-7.027402394439486,-7.027402394439486
-7.012049099313314,-7.012049099313314
-6.98138376990709,-6.98138376990709
-6.941129512727098,-6.941129512727098
-6.894011643110084,-6.894011643110084
-6.841636672355978,-6.841636672355978
-6.785066188119082,-6.785066188119082
-6.725054383663477,-6.725054383663477
-6.662164724816791,-6.662164724816791
-6.596834093305993,-6.596834093305993
-6.529411018369118,-6.529411018369118
-6.4601798970670785,-6.4601798970670785
-6.389377089939399,-6.389377089939399
-6.3172020381672676,-6.3172020381672676
-6.243825190365884,-6.243825190365884
-6.169393807557103,-6.169393807557103
-6.094036312102734,-6.094036312102734
-6.017865610354667,-6.017865610354667
-5.940981674972661,-5.940981674972661
-5.863473582254614,-5.863473582254614
-5.7854211410451875,-5.7854211410451875
-5.706896210666052,-5.706896210666052
-5.627963778672166,-5.627963778672166
-5.54868285072825,-5.54868285072825
-5.469107191800619,-5.469107191800619
-5.389285948436104,-5.389285948436104
-5.309264175018234,-5.309264175018234
-5.229083281796588,-5.229083281796588
-5.148781418666417,-5.148781418666417
-5.068393805780198,-5.068393805780198
-4.987953019853583,-4.987953019853583
-4.907489243310918,-4.907489243310918
-4.827030482074256,-4.827030482074256
-4.746602756743252,-4.746602756743252
-4.666230271074684,-4.666230271074684
-4.585935560999388,-4.585935560999388
-4.505739626874145,-4.505739626874145
-4.425662051228005,-4.425662051228005
-4.345721103905278,-4.345721103905278
-4.26593383621424,-4.26593383621424
-4.186316165448844,-4.186316165448844
-4.106882950950195,-4.106882950950195
-4.027648062707416,-4.027648062707416
-3.9486244433577027,-3.9486244433577027
-3.8698241643276736,-3.8698241643276736
-3.791258476758767,-3.791258476758767
-3.712937857775245,-3.712937857775245
-3.6348720525815783,-3.6348720525815783
-3.5570701128147713,-3.5570701128147713
-3.479540431524637,-3.479540431524637
-3.4022907751098224,-3.4022907751098224
-3.3253283124983835,-3.3253283124983835
-3.248659641827925,-3.248659641827925
-3.172290814850962,-3.172290814850962
-3.096227359265621,-3.096227359265621
-3.0204742991494617,-3.0204742991494617
-2.945036173654395,-2.945036173654395
-2.8699170541042855,-2.8699170541042855
-2.7951205596202873,-2.7951205596202873
-2.720649871386973,-2.720649871386973
-2.646507745659635,-2.646507745659635
-2.572696525602867,-2.572696525602867
-2.4992181520411436,-2.4992181520411436
-2.4260741731937236,-2.4260741731937236
-2.353265753458713,-2.353265753458713
-2.2807936813044116,-2.2807936813044116
-2.208658376319964,-2.208658376319964
-2.1368598954719125,-2.1368598954719125
-2.0653979386082715,-2.0653979386082715
-1.994271853247201,-1.994271853247201
-1.9234806386833299,-1.9234806386833299
-1.8530229494409207,-1.8530229494409207
-1.7828970980996934,-1.7828970980996934
-1.7131010575158898,-1.7131010575158898
-1.6436324624582161,-1.6436324624582161
-1.5744886106755744,-1.5744886106755744
-1.5056664634108883,-1.5056664634108883
-1.4371626453729316,-1.4371626453729316
-1.3689734441757924,-1.3689734441757924
-1.3010948092534036,-1.3010948092534036
-1.233522350254526,-1.233522350254526
-1.1662513349215493,-1.1662513349215493
-1.0992766864545453,-1.0992766864545453
-1.0325929803601328,-1.0325929803601328
-0.9661944407828424,-0.9661944407828424
-0.900074936314848,-0.900074936314848
-0.8342279752781273,-0.8342279752781273
-0.7686467004712536,-0.7686467004712536
-0.7033238833712419,-0.7033238833712419
-0.6382519177789471,-0.6382519177789471
-0.5734228128946873,-0.5734228128946873
-0.5088281858087471,-0.5088281858087471
-0.4444592533894824,-0.4444592533894824
-0.38030682354960654,-0.38030682354960654
-0.31636128586913337,-0.31636128586913337
-0.25261260155113935,-0.25261260155113935
-0.18905029268418821,-0.18905029268418821
-0.12566343078271108,-0.12566343078271108
-0.062440624574030726,-0.062440624574030726
0.0006299930021003872,0.0006299930021003872
0.06356077861855886,0.06356077861855886
0.12636459325078778,0.12636459325078778
0.18905481777529726,0.18905481777529726
0.25164536952404765,0.25164536952404765
0.31415071984594956,0.31415071984594956
0.37658591273091413,0.37658591273091413
0.43896658455641746,0.43896658455641746
0.5013089850214365,0.5013089850214365
0.5636299993379075,0.5636299993379075
0.6259471717555819,0.6259471717555819
0.6882787305023669,0.6882787305023669
0.7506436142289972,0.7506436142289972
0.81306150005422,0.81306150005422
0.8755528333146683,0.8755528333146683
0.9381388591323405,0.9381388591323405
1.0008416559220688,1.0008416559220688
1.0636841709718894,1.0636841709718894
1.1266902582404656,1.1266902582404656
1.1898847185283787,1.1898847185283787
1.2532933421936878,1.2532933421936878
1.3169429545973144,1.3169429545973144
1.3808614644803645,1.3808614644803645
1.4450779154937787,1.4450779154937787
1.5096225411208701,1.5096225411208701
1.5745268232555953,1.5745268232555953
1.6398235547240236,1.6398235547240236
1.7055469060637978,1.7055469060637978
1.7717324969066328,1.7717324969066328
1.8384174723425601,1.8384174723425601
1.905640584682037,1.905640584682037
1.9734422810737466,1.9734422810737466
2.041864797482442,2.041864797482442
2.110952259583189,2.110952259583189
2.180750791186581,2.180750791186581
2.251308630874791,2.251308630874791
2.3226762576016133,2.3226762576016133
2.394906526092187,2.394906526092187
2.468054812971085,2.468054812971085
2.5421791746523845,2.5421791746523845
2.6173405181443656,2.6173405181443656
2.6936027860558776,2.6936027860558776
2.7710331572448355,2.7710331572448355
2.8497022647230907,2.8497022647230907
2.929684432631025,2.929684432631025
3.011057934322227,3.011057934322227
3.0939052738591135,3.0939052738591135
3.1783134935195445,3.1783134935195445
3.264374510258983,3.264374510258983
3.3521854844705947,3.3521854844705947
3.441849224846199,3.441849224846199
3.533474633675634,3.533474633675634
3.627177197544518,3.627177197544518
3.7230795291171823,3.7230795291171823
3.8213119665429423,3.8213119665429423
3.922013238024192,3.922013238024192
4.0253312002644055,4.0253312002644055
4.131423660909726,4.131423660909726
4.240459296755135,4.240459296755135
4.352618681461887,4.352618681461887
4.468095438897328,4.468095438897328
4.587097541050174,4.587097541050174
4.709848772904245,4.709848772904245
4.836590390813888,4.836590390813888
4.967583005992424,4.967583005992424
5.103108730932977,5.103108730932977
5.243473634223245,5.243473634223245
5.389010558679361,5.389010558679361
5.540082369509595,5.540082369509595
5.697085713991522,5.697085713991522
5.860455392783483,5.860455392783483
6.03066946667311,6.03066946667311
6.208255252879969,6.208255252879969
6.393796404147289,6.393796404147289
6.58794131476355,6.58794131476355
6.791413164506544,6.791413164506544
7.005022000153643,7.005022000153643
7.229679372996534,7.229679372996534
7.466416211789923,7.466416211789923
7.716404831413165,7.716404831413165
7.98098628451323,7.98098628451323
8.261704696297414,8.261704696297414
8.56035084274701,8.56035084274701
8.879018136194066,8.879018136194066
9.220175524314762,9.220175524314762
9.586763844150953,9.586763844150953
9.982325333115552,9.982325333115552
10.41118103593591,10.41118103593591
10.878679115837377,10.878679115837377
11.391551120020901,11.391551120020901
11.958438036532312,11.958438036532312
12.590693755769152,12.590693755769152
13.303662714040682,13.303662714040682
14.118813635945404,14.118813635945404
15.067527025168657,15.067527025168657
16.198364303381318,16.198364303381318
17.592550496416358,17.592550496416358
19.402177869208256,19.402177869208256
21.968617708299906,21.968617708299906
26.383981318872305,26.383981318872305
