-7.001749363142168,-7.001749363142168
-7.010861107366114,-7.010861107366114
-7.016428023453749,-7.016428023453749
-7.020428312677768,-7.020428312677768
-7.023395032771532,-7.023395032771532
-7.025589074297776,-7.025589074297776
-7.027166336018885,-7.027166336018885
-7.028230731190942,-7.028230731190942
-7.028856549333113,-7.028856549333113
-7.029099572040347,-7.029099572040347
-7.029003235624598,-7.029003235624598
-7.028602327031162,-7.028602327031162
-7.02792533648515,-7.02792533648515
-7.0269960269369065,-7.0269960269369065
-7.025834521471361,-7.025834521471361
-7.024458080693584,-7.024458080693584
-7.022881673301154,-7.022881673301154
-7.021118404370889,-7.021118404370889
-7.019179843133827,-7.019179843133827
-7.017076278104132,-7.017076278104132
-7.014816918640085,-7.014816918640085
-7.012410056300683,-7.012410056300683
-7.0098631955495385,-7.0098631955495385
-7.007183160757217,-7.007183160757217
-7.0043761846431565,-7.0043761846431565
-7.001447982015298,-7.001447982015298
-6.998403811741408,-6.998403811741408
-6.995248529210212,-6.995248529210212
-6.991986631039669,-6.991986631039669
-6.988622293413801,-6.988622293413801
-6.985159405144278,-6.985159405144278
-6.981601596334065,-6.981601596334065
-6.977952263351056,-6.977952263351056
-6.974214590686986,-6.974214590686986
-6.970391570172689,-6.970391570172689
-6.966486017937603,-6.966486017937603
-6.9625005894352,-6.9625005894352
-6.958437792802405,-6.958437792802405
-6.954300000777735,-6.954300000777735
-6.950089461367416,-6.950089461367416
-6.945808307419715,-6.945808307419715
-6.941458565243705,-6.941458565243705
-6.937042162388778,-6.937042162388778
-6.93256093468465,-6.93256093468465
-6.928016632627697,-6.928016632627697
-6.923410927187757,-6.923410927187757
-6.918745415099712,-6.918745415099712
-6.914021623695725,-6.914021623695725
-6.909241015326948,-6.909241015326948
-6.904404991417371,-6.904404991417371
-6.899514896187302,-6.899514896187302
-6.894572020079465,-6.894572020079465
-6.889577602916814,-6.889577602916814
-6.884532836817826,-6.884532836817826
-6.879438868892126,-6.879438868892126
-6.874296803736733,-6.874296803736733
-6.8691077057510554,-6.8691077057510554
-6.863872601286761,-6.863872601286761
-6.85859248064701,-6.85859248064701
-6.85326829994802,-6.85326829994802
-6.847900982854585,-6.847900982854585
-6.842491422200082,-6.842491422200082
-6.837040481500371,-6.837040481500371
-6.831548996370185,-6.831548996370185
-6.826017775849692,-6.826017775849692
-6.820447603648271,-6.820447603648271
-6.814839239311837,-6.814839239311837
-6.8091934193195325,-6.8091934193195325
-6.803510858115009,-6.803510858115009
-6.797792249077134,-6.797792249077134
-6.792038265434481,-6.792038265434481
-6.78624956112766,-6.78624956112766
-6.780426771623088,-6.780426771623088
-6.774570514681627,-6.774570514681627
-6.768681391085153,-6.768681391085153
-6.762759985323889,-6.762759985323889
-6.756806866247134,-6.756806866247134
-6.750822587679773,-6.750822587679773
-6.744807689006806,-6.744807689006806
-6.738762695727929,-6.738762695727929
-6.732688119984061,-6.732688119984061
-6.726584461057591,-6.726584461057591
-6.720452205847932,-6.720452205847932
-6.714291829323905,-6.714291829323905
-6.7081037949543525,-6.7081037949543525
-6.701888555118261,-6.701888555118261
-6.695646551495604,-6.695646551495604
-6.689378215440032,-6.689378215440032
-6.683083968334429,-6.683083968334429
-6.676764221930345,-6.676764221930345
-6.670419378672169,-6.670419378672169
-6.664049832006922,-6.664049832006922
-6.657655966680435,-6.657655966680435
-6.651238159020675,-6.651238159020675
-6.644796777208879,-6.644796777208879
-6.638332181539178,-6.638332181539178
-6.631844724667293,-6.631844724667293
-6.625334751848875,-6.625334751848875
-6.61880260116803,-6.61880260116803
-6.6122486037565205,-6.6122486037565205
-6.605673084004127,-6.605673084004127
-6.599076359760587,-6.599076359760587
-6.59245874252956,-6.59245874252956
-6.585820537654989,-6.585820537654989
-6.579162044500212,-6.579162044500212
-6.572483556620217,-6.572483556620217
-6.565785361927329,-6.565785361927329
-6.559067742850645,-6.559067742850645
-6.552330976489519,-6.552330976489519
-6.545575334761365,-6.545575334761365
-6.538801084544044,-6.538801084544044
-6.532008487813077,-6.532008487813077
-6.525197801773905,-6.525197801773905
-6.518369278989447,-6.518369278989447
-6.511523167503141,-6.511523167503141
-6.504659710957654,-6.504659710957654
-6.497779148709493,-6.497779148709493
-6.490881715939652,-6.490881715939652
-6.483967643760474,-6.483967643760474
-6.477037159318905,-6.477037159318905
-6.470090485896271,-6.470090485896271
-6.463127843004738,-6.463127843004738
-6.456149446480582,-6.456149446480582
-6.4491555085744,-6.4491555085744
-6.442146238038393,-6.442146238038393
-6.435121840210837,-6.435121840210837
-6.428082517097852,-6.428082517097852
-6.421028467452568,-6.421028467452568
-6.4139598868518135,-6.4139598868518135
-6.406876967770396,-6.406876967770396
-6.39977989965309,-6.39977989965309
-6.39266886898441,-6.39266886898441
-6.385544059356245,-6.385544059356245
-6.378405651533452,-6.378405651533452
-6.37125382351749,-6.37125382351749
-6.364088750608126,-6.364088750608126
-6.356910605463339,-6.356910605463339
-6.349719558157458,-6.349719558157458
-6.342515776237592,-6.342515776237592
-6.335299424778437,-6.335299424778437
-6.3280706664355115,-6.3280706664355115
-6.320829661496842,-6.320829661496842
-6.313576567933229,-6.313576567933229
-6.306311541447053,-6.306311541447053
-6.299034735519752,-6.299034735519752
-6.291746301457949,-6.291746301457949
-6.284446388438337,-6.284446388438337
-6.277135143551312,-6.277135143551312
-6.26981271184343,-6.26981271184343
-6.26247923635872,-6.26247923635872
-6.255134858178877,-6.255134858178877
-6.247779716462397,-6.247779716462397
-6.240413948482663,-6.240413948482663
-6.233037689665034,-6.233037689665034
-6.225651073622975,-6.225651073622975
-6.218254232193232,-6.218254232193232
-6.210847295470105,-6.210847295470105
-6.203430391838853,-6.203430391838853
-6.196003648008235,-6.196003648008235
-6.188567189042229,-6.188567189042229
-6.181121138390965,-6.181121138390965
-6.173665617920869,-6.173665617920869
-6.1662007479440675,-6.1662007479440675
-6.15872664724707,-6.15872664724707
-6.15124343311873,-6.15124343311873
-6.143751221377552,-6.143751221377552
-6.136250126398305,-6.136250126398305
-6.1287402611380255,-6.1287402611380255
-6.121221737161372,-6.121221737161372
-6.113694664665392,-6.113694664665392
-6.106159152503698,-6.106159152503698
-6.098615308210075,-6.098615308210075
-6.0910632380215315,-6.0910632380215315
-6.083503046900824,-6.083503046900824
-6.0759348385584495,-6.0759348385584495
-6.0683587154741465,-6.0683587154741465
-6.060774778917889,-6.060774778917889
-6.053183128970409,-6.053183128970409
-6.045583864543266,-6.045583864543266
-6.0379770833984505,-6.0379770833984505
-6.0303628821675535,-6.0303628821675535
-6.022741356370518,-6.022741356370518
-6.015112600433964,-6.015112600433964
-6.007476707709121,-6.007476707709121
-5.99983377048936,-5.99983377048936
-5.992183880027353,-5.992183880027353
-5.984527126551854,-5.984527126551854
-5.9768635992841235,-5.9768635992841235
-5.969193386454002,-5.969193386454002
-5.961516575315631,-5.961516575315631
-5.953833252162865,-5.953833252162865
-5.9461435023443245,-5.9461435023443245
-5.938447410278174,-5.938447410278174
-5.930745059466553,-5.930745059466553
-5.923036532509739,-5.923036532509739
-5.915321911119997,-5.915321911119997
-5.907601276135155,-5.907601276135155
-5.899874707531903,-5.899874707531903
-5.892142284438819,-5.892142284438819
-5.884404085149129,-5.884404085149129
-5.876660187133217,-5.876660187133217
-5.868910667050878,-5.868910667050878
-5.8611556007633325,-5.8611556007633325
-5.853395063345001,-5.853395063345001
-5.845629129095047,-5.845629129095047
-5.837857871548688,-5.837857871548688
-5.830081363488295,-5.830081363488295
-5.8222996769542705,-5.8222996769542705
-5.814512883255717,-5.814512883255717
-5.8067210529809,-5.8067210529809
-5.798924256007512,-5.798924256007512
-5.791122561512741,-5.791122561512741
-5.7833160379831465,-5.7833160379831465
-5.7755047532243475,-5.7755047532243475
-5.767688774370536,-5.767688774370536
-5.7598681678937975,-5.7598681678937975
-5.75204299961328,-5.75204299961328
-5.744213334704169,-5.744213334704169
-5.736379237706517,-5.736379237706517
-5.728540772533897,-5.728540772533897
-5.7206980024819085,-5.7206980024819085
-5.7128509902365145,-5.7128509902365145
-5.704999797882248,-5.704999797882248
-5.697144486910247,-5.697144486910247
-5.689285118226167,-5.689285118226167
-5.681421752157934,-5.681421752157934
-5.673554448463378,-5.673554448463378
-5.665683266337705,-5.665683266337705
-5.657808264420872,-5.657808264420872
-5.649929500804795,-5.649929500804795
-5.6420470330404635,-5.6420470330404635
-5.634160918144907,-5.634160918144907
-5.626271212608062,-5.626271212608062
-5.618377972399495,-5.618377972399495
-5.6104812529750365,-5.6104812529750365
-5.602581109283284,-5.602581109283284
-5.594677595771993,-5.594677595771993
-5.586770766394379,-5.586770766394379
-5.578860674615288,-5.578860674615288
-5.57094737341728,-5.57094737341728
-5.563030915306606,-5.563030915306606
-5.555111352319079,-5.555111352319079
-5.547188736025861,-5.547188736025861
-5.5392631175391385,-5.5392631175391385
-5.531334547517715,-5.531334547517715
-5.523403076172509,-5.523403076172509
-5.515468753271964,-5.515468753271964
-5.507531628147358,-5.507531628147358
-5.4995917496980535,-5.4995917496980535
-5.491649166396627,-5.491649166396627
-5.483703926293949,-5.483703926293949
-5.475756077024166,-5.475756077024166
-5.467805665809596,-5.467805665809596
-5.45985273946557,-5.45985273946557
-5.451897344405167,-5.451897344405167
-5.443939526643905,-5.443939526643905
-5.4359793318043295,-5.4359793318043295
-5.428016805120549,-5.428016805120549
-5.420051991442698,-5.420051991442698
-5.412084935241314,-5.412084935241314
-5.404115680611676,-5.404115680611676
-5.396144271278048,-5.396144271278048
-5.388170750597872,-5.388170750597872
-5.380195161565892,-5.380195161565892
-5.372217546818223,-5.372217546818223
-5.364237948636339,-5.364237948636339
-5.356256408951028,-5.356256408951028
-5.348272969346264,-5.348272969346264
-5.340287671063032,-5.340287671063032
-5.3323005550030915,-5.3323005550030915
-5.324311661732686,-5.324311661732686
-5.316321031486202,-5.316321031486202
-5.308328704169762,-5.308328704169762
-5.300334719364773,-5.300334719364773
-5.2923391163314255,-5.2923391163314255
-5.284341934012129,-5.284341934012129
-5.276343211034913,-5.276343211034913
-5.268342985716766,-5.268342985716766
-5.260341296066929,-5.260341296066929
-5.252338179790151,-5.252338179790151
-5.244333674289881,-5.244333674289881
-5.236327816671429,-5.236327816671429
-5.228320643745072,-5.228320643745072
-5.2203121920291204,-5.2203121920291204
-5.212302497752944,-5.212302497752944
-5.204291596859946,-5.204291596859946
-5.1962795250105005,-5.1962795250105005
-5.188266317584853,-5.188266317584853
-5.1802520096859705,-5.1802520096859705
-5.172236636142363,-5.172236636142363
-5.1642202315108525,-5.1642202315108525
-5.156202830079317,-5.156202830079317
-5.14818446586939,-5.14818446586939
-5.140165172639117,-5.140165172639117
-5.132144983885589,-5.132144983885589
-5.124123932847535,-5.124123932847535
-5.116102052507864,-5.116102052507864
-5.108079375596203,-5.108079375596203
-5.100055934591367,-5.100055934591367
-5.09203176172382,-5.09203176172382
-5.0840068889781,-5.0840068889781
-5.07598134809519,-5.07598134809519
-5.067955170574888,-5.067955170574888
-5.059928387678126,-5.059928387678126
-5.0519010304292635,-5.0519010304292635
-5.043873129618344,-5.043873129618344
-5.035844715803341,-5.035844715803341
-5.027815819312346,-5.027815819312346
-5.019786470245755,-5.019786470245755
-5.011756698478408,-5.011756698478408
-5.003726533661708,-5.003726533661708
-4.995696005225715,-4.995696005225715
-4.987665142381204,-4.987665142381204
-4.979633974121708,-4.979633974121708
-4.97160252922552,-4.97160252922552
-4.963570836257687,-4.963570836257687
-4.955538923571963,-4.955538923571963
-4.947506819312744,-4.947506819312744
-4.939474551416982,-4.939474551416982
-4.9314421476160675,-4.9314421476160675
-4.923409635437686,-4.923409635437686
-4.915377042207669,-4.915377042207669
-4.907344395051792,-4.907344395051792
-4.899311720897584,-4.899311720897584
-4.891279046476086,-4.891279046476086
-4.883246398323602,-4.883246398323602
-4.875213802783424,-4.875213802783424
-4.867181286007541,-4.867181286007541
-4.859148873958317,-4.859148873958317
-4.851116592410158,-4.851116592410158
-4.843084466951152,-4.843084466951152
-4.835052522984696,-4.835052522984696
-4.827020785731088,-4.827020785731088
-4.8189892802291245,-4.8189892802291245
-4.810958031337653,-4.810958031337653
-4.802927063737121,-4.802927063737121
-4.794896401931102,-4.794896401931102
-4.786866070247806,-4.786866070247806
-4.778836092841562,-4.778836092841562
-4.770806493694301,-4.770806493694301
-4.762777296616996,-4.762777296616996
-4.754748525251115,-4.754748525251115
-4.746720203070028,-4.746720203070028
-4.738692353380416,-4.738692353380416
-4.7306649993236585,-4.7306649993236585
-4.722638163877201,-4.722638163877201
-4.714611869855907,-4.714611869855907
-4.706586139913405,-4.706586139913405
-4.698560996543403,-4.698560996543403
-4.690536462080998,-4.690536462080998
-4.6825125587039675,-4.6825125587039675
-4.6744893084340475,-4.6744893084340475
-4.6664667331382,-4.6664667331382
-4.658444854529847,-4.658444854529847
-4.650423694170119,-4.650423694170119
-4.642403273469063,-4.642403273469063
-4.6343836136868575,-4.6343836136868575
-4.6263647359349935,-4.6263647359349935
-4.618346661177463,-4.618346661177463
-4.610329410231914,-4.610329410231914
-4.602313003770812,-4.602313003770812
-4.594297462322566,-4.594297462322566
-4.586282806272667,-4.586282806272667
-4.578269055864791,-4.578269055864791
-4.570256231201906,-4.570256231201906
-4.562244352247357,-4.562244352247357
-4.554233438825943,-4.554233438825943
-4.5462235106249755,-4.5462235106249755
-4.538214587195343,-4.538214587195343
-4.5302066879525436,-4.5302066879525436
-4.522199832177709,-4.522199832177709
-4.514194039018634,-4.514194039018634
-4.506189327490774,-4.506189327490774
-4.498185716478247,-4.498185716478247
-4.49018322473481,-4.49018322473481
-4.482181870884842,-4.482181870884842
-4.474181673424302,-4.474181673424302
-4.46618265072168,-4.46618265072168
-4.458184821018948,-4.458184821018948
-4.450188202432481,-4.450188202432481
-4.442192812953989,-4.442192812953989
-4.434198670451424,-4.434198670451424
-4.426205792669879,-4.426205792669879
-4.418214197232492,-4.418214197232492
-4.410223901641323,-4.410223901641323
-4.402234923278223,-4.402234923278223
-4.394247279405705,-4.394247279405705
-4.386260987167796,-4.386260987167796
-4.378276063590891,-4.378276063590891
-4.370292525584579,-4.370292525584579
-4.3623103899424756,-4.3623103899424756
-4.3543296733430505,-4.3543296733430505
-4.346350392350427,-4.346350392350427
-4.33837256341519,-4.33837256341519
-4.330396202875186,-4.330396202875186
-4.322421326956299,-4.322421326956299
-4.314447951773231,-4.314447951773231
-4.30647609333028,-4.30647609333028
-4.298505767522091,-4.298505767522091
-4.290536990134415,-4.290536990134415
-4.2825697768448565,-4.2825697768448565
-4.27460414322361,-4.27460414322361
-4.266640104734188,-4.266640104734188
-4.258677676734151,-4.258677676734151
-4.250716874475818,-4.250716874475818
-4.242757713106975,-4.242757713106975
-4.2348002076715865,-4.2348002076715865
-4.226844373110471,-4.226844373110471
-4.218890224262006,-4.218890224262006
-4.210937775862799,-4.210937775862799
-4.202987042548364,-4.202987042548364
-4.195038038853786,-4.195038038853786
-4.187090779214382,-4.187090779214382
-4.1791452779663585,-4.1791452779663585
-4.171201549347449,-4.171201549347449
-4.163259607497562,-4.163259607497562
-4.155319466459411,-4.155319466459411
-4.147381140179144,-4.147381140179144
-4.139444642506963,-4.139444642506963
-4.131509987197742,-4.131509987197742
-4.123577187911632,-4.123577187911632
-4.1156462582146665,-4.1156462582146665
-4.107717211579359,-4.107717211579359
-4.099790061385291,-4.099790061385291
-4.0918648209197,-4.0918648209197
-4.0839415033780595,-4.0839415033780595
-4.076020121864651,-4.076020121864651
-4.068100689393131,-4.068100689393131
-4.060183218887098,-4.060183218887098
-4.052267723180648,-4.052267723180648
-4.044354215018923,-4.044354215018923
-4.036442707058659,-4.036442707058659
-4.02853321186873,-4.02853321186873
-4.020625741930682,-4.020625741930682
-4.0127203096392625,-4.0127203096392625
-4.0048169273029455,-4.0048169273029455
-3.996915607144454,-3.996915607144454
-3.9890163613012777,-3.9890163613012777
-3.981119201826176,-3.981119201826176
-3.9732241406876905,-3.9732241406876905
-3.9653311897706427,-3.9653311897706427
-3.9574403608766313,-3.9574403608766313
-3.949551665724521,-3.949551665724521
-3.9416651159509324,-3.9416651159509324
-3.9337807231107207,-3.9337807231107207
-3.925898498677455,-3.925898498677455
-3.918018454043892,-3.918018454043892
-3.910140600522439,-3.910140600522439
-3.902264949345626,-3.902264949345626
-3.8943915116665595,-3.8943915116665595
-3.8865202985593763,-3.8865202985593763
-3.8786513210197002,-3.8786513210197002
-3.8707845899650835,-3.8707845899650835
-3.8629201162354523,-3.8629201162354523
-3.8550579105935427,-3.8550579105935427
-3.847197983725337,-3.847197983725337
-3.839340346240495,-3.839340346240495
-3.8314850086727743,-3.8314850086727743
-3.823631981480458,-3.823631981480458
-3.81578127504677,-3.81578127504677
-3.8079328996802912,-3.8079328996802912
-3.800086865615369,-3.800086865615369
-3.7922431830125243,-3.7922431830125243
-3.7844018619588526,-3.7844018619588526
-3.7765629124684255,-3.7765629124684255
-3.7687263444826855,-3.7687263444826855
-3.7608921678708374,-3.7608921678708374
-3.7530603924302364,-3.7530603924302364
-3.7452310278867746,-3.7452310278867746
-3.7374040838952567,-3.7374040838952567
-3.729579570039785,-3.729579570039785
-3.721757495834128,-3.721757495834128
-3.713937870722096,-3.713937870722096
-3.7061207040778985,-3.7061207040778985
-3.698306005206523,-3.698306005206523
-3.6904937833440816,-3.6904937833440816
-3.6826840476581775,-3.6826840476581775
-3.6748768072482556,-3.6748768072482556
-3.6670720711459523,-3.6670720711459523
-3.6592698483154464,-3.6592698483154464
-3.651470147653799,-3.651470147653799
-3.6436729779912995,-3.6436729779912995
-3.6358783480918038,-3.6358783480918038
-3.6280862666530633,-3.6280862666530633
-3.620296742307064,-3.620296742307064
-3.612509783620353,-3.612509783620353
-3.6047253990943644,-3.6047253990943644
-3.5969435971657444,-3.5969435971657444
-3.5891643862066673,-3.5891643862066673
-3.5813877745251586,-3.5813877745251586
-3.5736137703654047,-3.5736137703654047
-3.5658423819080705,-3.5658423819080705
-3.5580736172706002,-3.5580736172706002
-3.550307484507531,-3.550307484507531
-3.5425439916107946,-3.5425439916107946
-3.5347831465100135,-3.5347831465100135
-3.527024957072804,-3.527024957072804
-3.519269431105072,-3.519269431105072
-3.5115165763513008,-3.5115165763513008
-3.503766400494847,-3.503766400494847
-3.4960189111582234,-3.4960189111582234
-3.4882741159033865,-3.4882741159033865
-3.480532022232018,-3.480532022232018
-3.4727926375858065,-3.4727926375858065
-3.4650559693467207,-3.4650559693467207
-3.45732202483729,-3.45732202483729
-3.449590811320871,-3.449590811320871
-3.4418623360019236,-3.4418623360019236
-3.4341366060262737,-3.4341366060262737
-3.426413628481381,-3.426413628481381
-3.4186934103966027,-3.4186934103966027
-3.41097595874345,-3.41097595874345
-3.4032612804358524,-3.4032612804358524
-3.3955493823304095,-3.3955493823304095
-3.3878402712266444,-3.3878402712266444
-3.380133953867259,-3.380133953867259
-3.3724304369383775,-3.3724304369383775
-3.3647297270698004,-3.3647297270698004
-3.3570318308352447,-3.3570318308352447
-3.3493367547525863,-3.3493367547525863
-3.341644505284104,-3.341644505284104
-3.3339550888367135,-3.3339550888367135
-3.3262685117622093,-3.3262685117622093
-3.3185847803574924,-3.3185847803574924
-3.3109039008648082,-3.3109039008648082
-3.303225879471973,-3.303225879471973
-3.295550722312604,-3.295550722312604
-3.287878435466344,-3.287878435466344
-3.2802090249590865,-3.2802090249590865
-3.272542496763198,-3.272542496763198
-3.264878856797737,-3.264878856797737
-3.2572181109286733,-3.2572181109286733
-3.249560264969101,-3.249560264969101
-3.24190532467946,-3.24190532467946
-3.2342532957677403,-3.2342532957677403
-3.226604183889698,-3.226604183889698
-3.218957994649063,-3.218957994649063
-3.211314733597743,-3.211314733597743
-3.203674406236033,-3.203674406236033
-3.1960370180128144,-3.1960370180128144
-3.188402574325758,-3.188402574325758
-3.180771080521526,-3.180771080521526
-3.1731425418959676,-3.1731425418959676
-3.165516963694313,-3.165516963694313
-3.157894351111372,-3.157894351111372
-3.1502747092917245,-3.1502747092917245
-3.142658043329912,-3.142658043329912
-3.1350443582706258,-3.1350443582706258
-3.127433659108896,-3.127433659108896
-3.1198259507902777,-3.1198259507902777
-3.112221238211035,-3.112221238211035
-3.104619526218319,-3.104619526218319
-3.097020819610359,-3.097020819610359
-3.0894251231366296,-3.0894251231366296
-3.0818324414980416,-3.0818324414980416
-3.0742427793471054,-3.0742427793471054
-3.0666561412881146,-3.0666561412881146
-3.0590725318773178,-3.0590725318773178
-3.0514919556230846,-3.0514919556230846
-3.0439144169860826,-3.0439144169860826
-3.036339920379443,-3.036339920379443
-3.0287684701689255,-3.0287684701689255
-3.0212000706730877,-3.0212000706730877
-3.0136347261634473,-3.0136347261634473
-3.0060724408646435,-3.0060724408646435
-2.9985132189546,-2.9985132189546
-2.9909570645646855,-2.9909570645646855
-2.9834039817798677,-2.9834039817798677
-2.9758539746388744,-2.9758539746388744
-2.9683070471343465,-2.9683070471343465
-2.9607632032129936,-2.9607632032129936
-2.953222446775746,-2.953222446775746
-2.9456847816779037,-2.9456847816779037
-2.9381502117292904,-2.9381502117292904
-2.9306187406943995,-2.9306187406943995
-2.923090372292539,-2.923090372292539
-2.9155651101979845,-2.9155651101979845
-2.908042958040115,-2.908042958040115
-2.90052391940356,-2.90052391940356
-2.893007997828345,-2.893007997828345
-2.8854951968100253,-2.8854951968100253
-2.87798551979983,-2.87798551979983
-2.870478970204797,-2.870478970204797
-2.8629755513879123,-2.8629755513879123
-2.8554752666682433,-2.8554752666682433
-2.847978119321075,-2.847978119321075
-2.840484112578041,-2.840484112578041
-2.832993249627258,-2.832993249627258
-2.825505533613451,-2.825505533613451
-2.8180209676380907,-2.8180209676380907
-2.810539554759512,-2.810539554759512
-2.8030612979930507,-2.8030612979930507
-2.7955862003111602,-2.7955862003111602
-2.7881142646435433,-2.7881142646435433
-2.7806454938772713,-2.7806454938772713
-2.7731798908569076,-2.7731798908569076
-2.765717458384628,-2.765717458384628
-2.758258199220343,-2.758258199220343
-2.750802116081812,-2.750802116081812
-2.7433492116447673,-2.7433492116447673
-2.7358994885430223,-2.7358994885430223
-2.728452949368598,-2.728452949368598
-2.721009596671824,-2.721009596671824
-2.7135694329614655,-2.7135694329614655
-2.7061324607048216,-2.7061324607048216
-2.698698682327851,-2.698698682327851
-2.6912681002152685,-2.6912681002152685
-2.6838407167106624,-2.6838407167106624
-2.6764165341165986,-2.6764165341165986
-2.66899555469473,-2.66899555469473
-2.6615777806659,-2.6615777806659
-2.6541632142102465,-2.6541632142102465
-2.646751857467311,-2.646751857467311
-2.639343712536133,-2.639343712536133
-2.6319387814753585,-2.6319387814753585
-2.6245370663033376,-2.6245370663033376
-2.617138568998225,-2.617138568998225
-2.609743291498078,-2.609743291498078
-2.6023512357009535,-2.6023512357009535
-2.594962403465009,-2.594962403465009
-2.58757679660859,-2.58757679660859
-2.580194416910333,-2.580194416910333
-2.5728152661092554,-2.5728152661092554
-2.565439345904849,-2.565439345904849
-2.5580666579571694,-2.5580666579571694
-2.5506972038869318,-2.5506972038869318
-2.543330985275597,-2.543330985275597
-2.5359680036654635,-2.5359680036654635
-2.5286082605597495,-2.5286082605597495
-2.521251757422689,-2.521251757422689
-2.5138984956796104,-2.5138984956796104
-2.5065484767170276,-2.5065484767170276
-2.4992017018827184,-2.4992017018827184
-2.491858172485813,-2.491858172485813
-2.4845178897968765,-2.4845178897968765
-2.4771808550479864,-2.4771808550479864
-2.469847069432818,-2.469847069432818
-2.462516534106721,-2.462516534106721
-2.455189250186802,-2.455189250186802
-2.4478652187520002,-2.4478652187520002
-2.4405444408431656,-2.4405444408431656
-2.4332269174631356,-2.4332269174631356
-2.425912649576809,-2.425912649576809
-2.4186016381112254,-2.4186016381112254
-2.4112938839556346,-2.4112938839556346
-2.4039893879615706,-2.4039893879615706
-2.3966881509429263,-2.3966881509429263
-2.389390173676022,-2.389390173676022
-2.382095456899678,-2.382095456899678
-2.374804001315284,-2.374804001315284
-2.367515807586868,-2.367515807586868
-2.3602308763411646,-2.3602308763411646
-2.3529492081676824,-2.3529492081676824
-2.3456708036187695,-2.3456708036187695
-2.3383956632096816,-2.3383956632096816
-2.331123787418648,-2.331123787418648
-2.323855176686928,-2.323855176686928
-2.3165898314188857,-2.3165898314188857
-2.3093277519820443,-2.3093277519820443
-2.302068938707151,-2.302068938707151
-2.2948133918882383,-2.2948133918882383
-2.2875611117826846,-2.2875611117826846
-2.280312098611272,-2.280312098611272
-2.2730663525582457,-2.2730663525582457
-2.265823873771377,-2.265823873771377
-2.258584662362011,-2.258584662362011
-2.2513487184051315,-2.2513487184051315
-2.2441160419394133,-2.2441160419394133
-2.2368866329672796,-2.2368866329672796
-2.2296604914549514,-2.2296604914549514
-2.222437617332508,-2.222437617332508
-2.215218010493957,-2.215218010493957
-2.2080016707971724,-2.2080016707971724
-2.200788598064184,-2.200788598064184
-2.193578792081011,-2.193578792081011
-2.1863722525977343,-2.1863722525977343
-2.179168979328674,-2.179168979328674
-2.1719689719523294,-2.1719689719523294
-2.1647722301114642,-2.1647722301114642
-2.157578753413143,-2.157578753413143
-2.1503885414287853,-2.1503885414287853
-2.1432015936942066,-2.1432015936942066
-2.136017909709666,-2.136017909709666
-2.128837488939908,-2.128837488939908
-2.1216603308142115,-2.1216603308142115
-2.114486434726426,-2.114486434726426
-2.107315800035021,-2.107315800035021
-2.1001484260631202,-2.1001484260631202
-2.092984312098551,-2.092984312098551
-2.0858234573938765,-2.0858234573938765
-2.078665861166443,-2.078665861166443
-2.071511522598411,-2.071511522598411
-2.064360440836802,-2.064360440836802
-2.0572126149935293,-2.0572126149935293
-2.0500680441454397,-2.0500680441454397
-2.042926727334347,-2.042926727334347
-2.035788663567069,-2.035788663567069
-2.0286538518154633,-2.0286538518154633
-2.02152229101646,-2.02152229101646
-2.014393980072097,-2.014393980072097
-2.0072689178495535,-2.0072689178495535
-2.0001471031811797,-2.0001471031811797
-1.9930285348645338,-1.9930285348645338
-1.9859132116624076,-1.9859132116624076
-1.978801132302862,-1.978801132302862
-1.9716922954792533,-1.9716922954792533
-1.964586699850266,-1.964586699850266
-1.9574843440399379,-1.9574843440399379
-1.9503852266376924,-1.9503852266376924
-1.9432893461983611,-1.9432893461983611
-1.9361967012422163,-1.9361967012422163
-1.9291072902549933,-1.9291072902549933
-1.922021111687918,-1.922021111687918
-1.9149381639577288,-1.9149381639577288
-1.9078584454467074,-1.9078584454467074
-1.9007819545026963,-1.9007819545026963
-1.8937086894391262,-1.8937086894391262
-1.886638648535036,-1.886638648535036
-1.8795718300350979,-1.8795718300350979
-1.8725082321496327,-1.8725082321496327
-1.865447853054642,-1.865447853054642
-1.8583906908918142,-1.8583906908918142
-1.851336743768558,-1.851336743768558
-1.8442860097580098,-1.8442860097580098
-1.8372384868990612,-1.8372384868990612
-1.8301941731963705,-1.8301941731963705
-1.823153066620385,-1.823153066620385
-1.816115165107354,-1.816115165107354
-1.8090804665593483,-1.8090804665593483
-1.802048968844271,-1.802048968844271
-1.7950206697958793,-1.7950206697958793
-1.7879955672137924,-1.7879955672137924
-1.7809736588635094,-1.7809736588635094
-1.7739549424764216,-1.7739549424764216
-1.7669394157498228,-1.7669394157498228
-1.7599270763469277,-1.7599270763469277
-1.7529179218968771,-1.7529179218968771
-1.7459119499947517,-1.7459119499947517
-1.7389091582015812,-1.7389091582015812
-1.7319095440443568,-1.7319095440443568
-1.7249131050160393,-1.7249131050160393
-1.7179198385755658,-1.7179198385755658
-1.7109297421478609,-1.7109297421478609
-1.7039428131238423,-1.7039428131238423
-1.6969590488604298,-1.6969590488604298
-1.68997844668055,-1.68997844668055
-1.6830010038731433,-1.6830010038731433
-1.6760267176931685,-1.6760267176931685
-1.6690555853616098,-1.6690555853616098
-1.6620876040654782,-1.6620876040654782
-1.6551227709578167,-1.6551227709578167
-1.6481610831577047,-1.6481610831577047
-1.6412025377502588,-1.6412025377502588
-1.634247131786636,-1.634247131786636
-1.627294862284034,-1.627294862284034
-1.6203457262256946,-1.6203457262256946
-1.6133997205609028,-1.6133997205609028
-1.606456842204985,-1.606456842204985
-1.5995170880393124,-1.5995170880393124
-1.592580454911296,-1.592580454911296
-1.5856469396343884,-1.5856469396343884
-1.5787165389880788,-1.5787165389880788
-1.5717892497178902,-1.5717892497178902
-1.5648650685353795,-1.5648650685353795
-1.557943992118131,-1.557943992118131
-1.551026017109752,-1.551026017109752
-1.5441111401198673,-1.5441111401198673
-1.5371993577241163,-1.5371993577241163
-1.5302906664641474,-1.5302906664641474
-1.523385062847606,-1.523385062847606
-1.5164825433481335,-1.5164825433481335
-1.5095831044053578,-1.5095831044053578
-1.5026867424248853,-1.5026867424248853
-1.4957934537782906,-1.4957934537782906
-1.4889032348031093,-1.4889032348031093
-1.4820160818028278,-1.4820160818028278
-1.475131991046875,-1.475131991046875
-1.4682509587706067,-1.4682509587706067
-1.4613729811752996,-1.4613729811752996
-1.454498054428137,-1.454498054428137
-1.4476261746621963,-1.4476261746621963
-1.440757337976438,-1.440757337976438
-1.433891540435689,-1.433891540435689
-1.4270287780706326,-1.4270287780706326
-1.4201690468777928,-1.4201690468777928
-1.4133123428195185,-1.4133123428195185
-1.4064586618239663,-1.4064586618239663
-1.39960799978509,-1.39960799978509
-1.3927603525626213,-1.3927603525626213
-1.3859157159820494,-1.3859157159820494
-1.3790740858346082,-1.3790740858346082
-1.3722354578772569,-1.3722354578772569
-1.3653998278326618,-1.3653998278326618
-1.3585671913891746,-1.3585671913891746
-1.3517375442008155,-1.3517375442008155
-1.3449108818872535,-1.3449108818872535
-1.3380872000337845,-1.3380872000337845
-1.3312664941913084,-1.3312664941913084
-1.324448759876311,-1.324448759876311
-1.31763399257084,-1.31763399257084
-1.3108221877224826,-1.3108221877224826
-1.3040133407443408,-1.3040133407443408
-1.297207447015009,-1.297207447015009
-1.2904045018785517,-1.2904045018785517
-1.2836045006444745,-1.2836045006444745
-1.2768074385877022,-1.2768074385877022
-1.27001331094855,-1.27001331094855
-1.2632221129327008,-1.2632221129327008
-1.256433839711176,-1.256433839711176
-1.2496484864203077,-1.2496484864203077
-1.2428660481617113,-1.2428660481617113
-1.2360865200022597,-1.2360865200022597
-1.2293098969740481,-1.2293098969740481
-1.2225361740743728,-1.2225361740743728
-1.2157653462656928,-1.2157653462656928
-1.2089974084756068,-1.2089974084756068
-1.2022323555968162,-1.2022323555968162
-1.1954701824870984,-1.1954701824870984
-1.188710883969269,-1.188710883969269
-1.1819544548311571,-1.1819544548311571
-1.175200889825563,-1.175200889825563
-1.1684501836702346,-1.1684501836702346
-1.1617023310478212,-1.1617023310478212
-1.1549573266058524,-1.1549573266058524
-1.1482151649566912,-1.1482151649566912
-1.141475840677506,-1.141475840677506
-1.1347393483102295,-1.1347393483102295
-1.1280056823615259,-1.1280056823615259
-1.1212748373027492,-1.1212748373027492
-1.1145468075699112,-1.1145468075699112
-1.1078215875636357,-1.1078215875636357
-1.1010991716491276,-1.1010991716491276
-1.094379554156126,-1.094379554156126
-1.0876627293788725,-1.0876627293788725
-1.0809486915760609,-1.0809486915760609
-1.074237434970806,-1.074237434970806
-1.0675289537505943,-1.0675289537505943
-1.060823242067248,-1.060823242067248
-1.0541202940368772,-1.0541202940368772
-1.0474201037398427,-1.0474201037398427
-1.040722665220705,-1.040722665220705
-1.0340279724881878,-1.0340279724881878
-1.0273360195151273,-1.0273360195151273
-1.0206468002384292,-1.0206468002384292
-1.0139603085590254,-1.0139603085590254
-1.0072765383418256,-1.0072765383418256
-1.0005954834156672,-1.0005954834156672
-0.993917137573273,-0.993917137573273
-0.9872414945712027,-0.9872414945712027
-0.9805685481298019,-0.9805685481298019
-0.9738982919331547,-0.9738982919331547
-0.9672307196290335,-0.9672307196290335
-0.9605658248288496,-0.9605658248288496
-0.9539036011076046,-0.9539036011076046
-0.9472440420038344,-0.9472440420038344
-0.940587141019561,-0.940587141019561
-0.9339328916202403,-0.9339328916202403
-0.92728128723471,-0.92728128723471
-0.9206323212551317,-0.9206323212551317
-0.9139859870369424,-0.9139859870369424
-0.9073422778987985,-0.9073422778987985
-0.9007011871225198,-0.9007011871225198
-0.8940627079530351,-0.8940627079530351
-0.8874268335983246,-0.8874268335983246
-0.8807935572293661,-0.8807935572293661
-0.8741628719800756,-0.8741628719800756
-0.8675347709472502,-0.8675347709472502
-0.8609092471905098,-0.8609092471905098
-0.8542862937322385,-0.8542862937322385
-0.8476659035575271,-0.8476659035575271
-0.841048069614109,-0.841048069614109
-0.8344327848123018,-0.8344327848123018
-0.8278200420249489,-0.8278200420249489
-0.8212098340873546,-0.8212098340873546
-0.8146021537972218,-0.8146021537972218
-0.8079969939145912,-0.8079969939145912
-0.8013943471617778,-0.8013943471617778
-0.7947942062233068,-0.7947942062233068
-0.7881965637458471,-0.7881965637458471
-0.7816014123381494,-0.7816014123381494
-0.7750087445709793,-0.7750087445709793
-0.7684185529770522,-0.7684185529770522
-0.7618308300509639,-0.7618308300509639
-0.755245568249125,-0.755245568249125
-0.7486627599896948,-0.7486627599896948
-0.7420823976525115,-0.7420823976525115
-0.7355044735790207,-0.7355044735790207
-0.7289289800722097,-0.7289289800722097
-0.7223559093965349,-0.7223559093965349
-0.7157852537778536,-0.7157852537778536
-0.7092170054033486,-0.7092170054033486
-0.7026511564214591,-0.7026511564214591
-0.696087698941809,-0.696087698941809
-0.689526625035132,-0.689526625035132
-0.682967926733198,-0.682967926733198
-0.6764115960287386,-0.6764115960287386
-0.6698576248753738,-0.6698576248753738
-0.6633060051875366,-0.6633060051875366
-0.6567567288403937,-0.6567567288403937
-0.6502097876697713,-0.6502097876697713
-0.6436651734720796,-0.6436651734720796
-0.6371228780042315,-0.6371228780042315
-0.630582892983565,-0.630582892983565
-0.6240452100877649,-0.6240452100877649
-0.6175098209547832,-0.6175098209547832
-0.6109767171827594,-0.6109767171827594
-0.6044458903299357,-0.6044458903299357
-0.5979173319145805,-0.5979173319145805
-0.5913910334149034,-0.5913910334149034
-0.584866986268974,-0.584866986268974
-0.5783451818746366,-0.5783451818746366
-0.5718256115894259,-0.5718256115894259
-0.5653082667304858,-0.5653082667304858
-0.5587931385744814,-0.5587931385744814
-0.552280218357514,-0.552280218357514
-0.5457694972750315,-0.5457694972750315
-0.5392609664817468,-0.5392609664817468
-0.532754617091547,-0.532754617091547
-0.5262504401774042,-0.5262504401774042
-0.5197484267712853,-0.5197484267712853
-0.5132485678640684,-0.5132485678640684
-0.5067508544054456,-0.5067508544054456
-0.500255277303835,-0.500255277303835
-0.4937618274262889,-0.4937618274262889
-0.48727049559840113,-0.48727049559840113
-0.48078127260421555,-0.48078127260421555
-0.474294149186129,-0.474294149186129
-0.46780911604479936,-0.46780911604479936
-0.4613261638390522,-0.4613261638390522
-0.45484528318578255,-0.45484528318578255
-0.4483664646598584,-0.4483664646598584
-0.4418896987940253,-0.4418896987940253
-0.4354149760788085,-0.4354149760788085
-0.4289422869624148,-0.4289422869624148
-0.42247162185063275,-0.42247162185063275
-0.41600297110673234,-0.41600297110673234
-0.4095363250513675,-0.4095363250513675
-0.4030716739624731,-0.4030716739624731
-0.3966090080751629,-0.3966090080751629
-0.3901483175816268,-0.3901483175816268
-0.38368959263103136,-0.38368959263103136
-0.3772328233294122,-0.3772328233294122
-0.3707779997395707,-0.3707779997395707
-0.36432511188096744,-0.36432511188096744
-0.35787414972962134,-0.35787414972962134
-0.3514251032179973,-0.3514251032179973
-0.3449779622349013,-0.3449779622349013
-0.3385327166253718,-0.3385327166253718
-0.3320893561905747,-0.3320893561905747
-0.32564787068768614,-0.32564787068768614
-0.3192082498297918,-0.3192082498297918
-0.3127704832857668,-0.3127704832857668
-0.3063345606801734,-0.3063345606801734
-0.2999004715931383,-0.2999004715931383
-0.29346820556025155,-0.29346820556025155
-0.28703775207244103,-0.28703775207244103
-0.28060910057586536,-0.28060910057586536
-0.2741822404717976,-0.2741822404717976
-0.26775716111650827,-0.26775716111650827
-0.2613338518211469,-0.2613338518211469
-0.2549123018516264,-0.2549123018516264
-0.2484925004285066,-0.2484925004285066
-0.24207443672687273,-0.24207443672687273
-0.2356580998762153,-0.2356580998762153
-0.2292434789603101,-0.2292434789603101
-0.22283056301709916,-0.22283056301709916
-0.21641934103856683,-0.21641934103856683
-0.21000980197061497,-0.21000980197061497
-0.2036019347129424,-0.2036019347129424
-0.19719572811892025,-0.19719572811892025
-0.1907911709954662,-0.1907911709954662
-0.18438825210291676,-0.18438825210291676
-0.1779869601549018,-0.1779869601549018
-0.17158728381821975,-0.17158728381821975
-0.1651892117127056,-0.1651892117127056
-0.1587927324111023,-0.1587927324111023
-0.1523978344389314,-0.1523978344389314
-0.14600450627436332,-0.14600450627436332
-0.13961273634808485,-0.13961273634808485
-0.13322251304316626,-0.13322251304316626
-0.12683382469492735,-0.12683382469492735
-0.12044665959080635,-0.12044665959080635
-0.1140610059702238,-0.1140610059702238
-0.10767685202444463,-0.10767685202444463
-0.10129418589644323,-0.10129418589644323
-0.09491299568076801,-0.09491299568076801
-0.08853326942340127,-0.08853326942340127
-0.08215499512161853,-0.08215499512161853
-0.07577816072385138,-0.07577816072385138
-0.06940275412954601,-0.06940275412954601
-0.0630287631890215,-0.0630287631890215
-0.05665617570332637,-0.05665617570332637
-0.05028497942409557,-0.05028497942409557
-0.04391516205340818,-0.04391516205340818
-0.03754671124363988,-0.03754671124363988
-0.031179614597318047,-0.031179614597318047
-0.024813859666973664,-0.024813859666973664
-0.018449433954996448,-0.018449433954996448
-0.012086324913483493,-0.012086324913483493
-0.005724519944090174,-0.005724519944090174
0.0006359936021203908,0.0006359936021203908
0.0069952284248262974,0.0069952284248262974
0.013353197274601788,0.013353197274601788
0.019709912953072724,0.019709912953072724
0.02606538831306128,0.02606538831306128
0.032419636258754506,0.032419636258754506
0.03877266974584717,0.03877266974584717
0.04512450178171059,0.04512450178171059
0.05147514542553779,0.05147514542553779
0.057824613788516645,0.057824613788516645
0.06417292003397371,0.06417292003397371
0.07052007737755092,0.07052007737755092
0.07686609908735365,0.07686609908735365
0.08321099848412435,0.08321099848412435
0.08955478894139553,0.08955478894139553
0.09589748388566446,0.09589748388566446
0.10223909679655305,0.10223909679655305
0.1085796412069722,0.1085796412069722
0.11491913070329746,0.11491913070329746
0.12125757892552684,0.12125757892552684
0.12759499956746195,0.12759499956746195
0.13393140637686754,0.13393140637686754
0.14026681315565195,0.14026681315565195
0.146601233760032,0.146601233760032
0.1529346821007147,0.1529346821007147
0.15926717214306269,0.15926717214306269
0.16559871790727884,0.16559871790727884
0.17192933346857464,0.17192933346857464
0.17825903295735712,0.17825903295735712
0.1845878305593955,0.1845878305593955
0.19091574051601443,0.19091574051601443
0.19724277712426325,0.19724277712426325
0.20356895473710843,0.20356895473710843
0.20989428776360333,0.20989428776360333
0.2162187906690884,0.2162187906690884
0.22254247797536195,0.22254247797536195
0.22886536426087564,0.22886536426087564
0.2351874641609154,0.2351874641609154
0.24150879236779835,0.24150879236779835
0.2478293636310507,0.2478293636310507
0.25414919275761005,0.25414919275761005
0.2604682946120077,0.2604682946120077
0.26678668411656953,0.26678668411656953
0.2731043762516031,0.2731043762516031
0.27942138605559874,0.27942138605559874
0.28573772862542,0.28573772862542
0.2920534191165076,0.2920534191165076
0.2983684727430709,0.2983684727430709
0.30468290477829646,0.30468290477829646
0.3109967305545378,0.3109967305545378
0.31730996546353013,0.31730996546353013
0.32362262495658173,0.32362262495658173
0.32993472454478917,0.32993472454478917
0.3362462797992325,0.3362462797992325
0.34255730635119414,0.34255730635119414
0.3488678198923525,0.3488678198923525
0.35517783617500703,0.35517783617500703
0.361487371012275,0.361487371012275
0.3677964402783144,0.3677964402783144
0.374105059908526,0.374105059908526
0.3804132458997801,0.3804132458997801
0.3867210143106204,0.3867210143106204
0.39302838126148926,0.39302838126148926
0.39933536293493954,0.39933536293493954
0.4056419755758604,0.4056419755758604
0.41194823549168974,0.41194823549168974
0.418254159052646,0.418254159052646
0.42455976269194134,0.42455976269194134
0.4308650629060156,0.4308650629060156
0.43717007625475224,0.43717007625475224
0.44347481936171695,0.44347481936171695
0.4497793089143732,0.4497793089143732
0.4560835616643246,0.4560835616643246
0.46238759442753613,0.46238759442753613
0.4686914240845754,0.4686914240845754
0.47499506758083526,0.47499506758083526
0.48129854192678256,0.48129854192678256
0.487601864198183,0.487601864198183
0.493905051536349,0.493905051536349
0.5002081211483675,0.5002081211483675
0.5065110903073551,0.5065110903073551
0.5128139763526849,0.5128139763526849
0.5191167966902452,0.5191167966902452
0.5254195687926709,0.5254195687926709
0.5317223101996023,0.5317223101996023
0.5380250385179202,0.5380250385179202
0.5443277714220106,0.5443277714220106
0.5506305266539979,0.5506305266539979
0.5569333220240155,0.5569333220240155
0.5632361754104428,0.5632361754104428
0.5695391047601736,0.5695391047601736
0.5758421280888638,0.5758421280888638
0.5821452634811985,0.5821452634811985
0.5884485290911401,0.5884485290911401
0.594751943142203,0.594751943142203
0.6010555239277042,0.6010555239277042
0.6073592898110379,0.6073592898110379
0.6136632592259335,0.6136632592259335
0.61996745067673,0.61996745067673
0.6262718827386373,0.6262718827386373
0.6325765740580162,0.6325765740580162
0.6388815433526417,0.6388815433526417
0.645186809411985,0.645186809411985
0.6514923910974798,0.6514923910974798
0.6577983073428119,0.6577983073428119
0.6641045771541815,0.6641045771541815
0.6704112196106033,0.6704112196106033
0.6767182538641693,0.6767182538641693
0.6830256991403473,0.6830256991403473
0.689333574738256,0.689333574738256
0.6956419000309612,0.6956419000309612
0.7019506944657545,0.7019506944657545
0.7082599775644556,0.7082599775644556
0.7145697689236912,0.7145697689236912
0.7208800882152027,0.7208800882152027
0.7271909551861281,0.7271909551861281
0.7335023896593152,0.7335023896593152
0.7398144115336014,0.7398144115336014
0.7461270407841365,0.7461270407841365
0.7524402974626639,0.7524402974626639
0.7587542016978452,0.7587542016978452
0.7650687736955478,0.7650687736955478
0.7713840337391714,0.7713840337391714
0.7777000021899402,0.7777000021899402
0.7840166994872307,0.7840166994872307
0.7903341461488723,0.7903341461488723
0.7966523627714753,0.7966523627714753
0.8029713700307346,0.8029713700307346
0.8092911886817612,0.8092911886817612
0.8156118395593995,0.8156118395593995
0.8219333435785463,0.8219333435785463
0.8282557217344786,0.8282557217344786
0.8345789951031845,0.8345789951031845
0.8409031848416905,0.8409031848416905
0.8472283121883869,0.8472283121883869
0.8535543984633642,0.8535543984633642
0.859881465068753,0.859881465068753
0.8662095334890567,0.8662095334890567
0.8725386252914882,0.8725386252914882
0.8788687621263109,0.8788687621263109
0.8851999657271895,0.8851999657271895
0.8915322579115302,0.8915322579115302
0.8978656605808226,0.8978656605808226
0.9042001957209946,0.9042001957209946
0.910535885402768,0.910535885402768
0.9168727517820058,0.9168727517820058
0.9232108171000658,0.9232108171000658
0.9295501036841631,0.9295501036841631
0.9358906339477308,0.9358906339477308
0.9422324303907823,0.9422324303907823
0.9485755156002684,0.9485755156002684
0.9549199122504496,0.9549199122504496
0.9612656431032683,0.9612656431032683
0.9676127310087148,0.9676127310087148
0.9739611989051976,0.9739611989051976
0.9803110698199292,0.9803110698199292
0.9866623668692897,0.9866623668692897
0.993015113259224,0.993015113259224
0.9993693322856055,0.9993693322856055
1.0057250473346393,1.0057250473346393
1.012082281883232,1.012082281883232
1.0184410594993976,1.0184410594993976
1.0248014038426327,1.0248014038426327
1.0311633386643282,1.0311633386643282
1.0375268878081476,1.0375268878081476
1.0438920752104437,1.0438920752104437
1.0502589249006442,1.0502589249006442
1.0566274610016706,1.0566274610016706
1.0629977077303303,1.0629977077303303
1.0693696893977382,1.0693696893977382
1.0757434304097175,1.0757434304097175
1.0821189552672228,1.0821189552672228
1.088496288566748,1.088496288566748
1.0948754550007547,1.0948754550007547
1.1012564793580824,1.1012564793580824
1.1076393865243868,1.1076393865243868
1.1140242014825517,1.1140242014825517
1.120410949313133,1.120410949313133
1.1267996551947748,1.1267996551947748
1.1331903444046643,1.1331903444046643
1.139583042318947,1.139583042318947
1.1459777744131883,1.1459777744131883
1.1523745662627976,1.1523745662627976
1.1587734435434902,1.1587734435434902
1.1651744320317208,1.1651744320317208
1.171577557605152,1.171577557605152
1.1779828462430877,1.1779828462430877
1.1843903240269515,1.1843903240269515
1.1908000171407285,1.1908000171407285
1.1972119518714406,1.1972119518714406
1.2036261546096025,1.2036261546096025
1.2100426518497007,1.2100426518497007
1.216461470190651,1.216461470190651
1.222882636336291,1.222882636336291
1.2293061770958347,1.2293061770958347
1.2357321193843782,1.2357321193843782
1.2421604902233594,1.2421604902233594
1.2485913167410632,1.2485913167410632
1.255024626173097,1.255024626173097
1.2614604458628944,1.2614604458628944
1.2678988032621998,1.2678988032621998
1.2743397259315798,1.2743397259315798
1.280783241540912,1.280783241540912
1.2872293778699013,1.2872293778699013
1.2936781628085787,1.2936781628085787
1.3001296243578233,1.3001296243578233
1.3065837906298658,1.3065837906298658
1.313040689848816,1.313040689848816
1.3195003503511773,1.3195003503511773
1.3259628005863782,1.3259628005863782
1.3324280691172898,1.3324280691172898
1.3388961846207725,1.3388961846207725
1.3453671758881942,1.3453671758881942
1.3518410718259821,1.3518410718259821
1.3583179014561535,1.3583179014561535
1.364797693916873,1.364797693916873
1.371280478462985,1.371280478462985
1.3777662844665854,1.3777662844665854
1.384255141417556,1.384255141417556
1.390747078924146,1.390747078924146
1.397242126713512,1.397242126713512
1.403740314632308,1.403740314632308
1.4102416726472318,1.4102416726472318
1.4167462308456205,1.4167462308456205
1.4232540194360106,1.4232540194360106
1.4297650687487335,1.4297650687487335
1.4362794092364866,1.4362794092364866
1.442797071474938,1.442797071474938
1.4493180861633024,1.4493180861633024
1.4558424841249527,1.4558424841249527
1.4623702963080067,1.4623702963080067
1.4689015537859467,1.4689015537859467
1.4754362877582108,1.4754362877582108
1.4819745295508222,1.4819745295508222
1.488516310616988,1.488516310616988
1.4950616625377378,1.4950616625377378
1.5016106170225296,1.5016106170225296
1.5081632059098968,1.5081632059098968
1.5147194611680626,1.5147194611680626
1.521279414895593,1.521279414895593
1.5278430993220231,1.5278430993220231
1.534410546808518,1.534410546808518
1.5409817898485043,1.5409817898485043
1.5475568610683423,1.5475568610683423
1.5541357932279658,1.5541357932279658
1.5607186192215632,1.5607186192215632
1.5673053720782255,1.5673053720782255
1.5738960849626356,1.5738960849626356
1.5804907911757242,1.5804907911757242
1.5870895241553717,1.5870895241553717
1.593692317477079,1.593692317477079
1.600299204854656,1.600299204854656
1.6069102201409189,1.6069102201409189
1.6135253973283954,1.6135253973283954
1.6201447705500187,1.6201447705500187
1.6267683740798369,1.6267683740798369
1.6333962423337243,1.6333962423337243
1.640028409870107,1.640028409870107
1.6466649113906815,1.6466649113906815
1.6533057817411323,1.6533057817411323
1.6599510559118733,1.6599510559118733
1.6666007690387876,1.6666007690387876
1.6732549564039658,1.6732549564039658
1.6799136534364456,1.6799136534364456
1.6865768957129714,1.6865768957129714
1.6932447189587552,1.6932447189587552
1.699917159048233,1.699917159048233
1.706594252005829,1.706594252005829
1.7132760340067328,1.7132760340067328
1.7199625413776827,1.7199625413776827
1.7266538105977403,1.7266538105977403
1.73334987829908,1.73334987829908
1.7400507812677855,1.7400507812677855
1.7467565564446499,1.7467565564446499
1.7534672409259824,1.7534672409259824
1.7601828719644115,1.7601828719644115
1.766903486969704,1.766903486969704
1.7736291235095927,1.7736291235095927
1.7803598193106003,1.7803598193106003
1.7870956122588644,1.7870956122588644
1.7938365404009842,1.7938365404009842
1.8005826419448683,1.8005826419448683
1.8073339552605814,1.8073339552605814
1.8140905188811938,1.8140905188811938
1.820852371503649,1.820852371503649
1.827619551989641,1.827619551989641
1.8343920993664766,1.8343920993664766
1.8411700528279573,1.8411700528279573
1.8479534517352643,1.8479534517352643
1.8547423356178638,1.8547423356178638
1.8615367441743964,1.8615367441743964
1.8683367172735768,1.8683367172735768
1.8751422949551129,1.8751422949551129
1.8819535174306272,1.8819535174306272
1.888770425084578,1.888770425084578
1.8955930584751808,1.8955930584751808
1.9024214583353654,1.9024214583353654
1.9092556655736976,1.9092556655736976
1.916095721275355,1.916095721275355
1.9229416667030577,1.9229416667030577
1.9297935432980589,1.9297935432980589
1.9366513926810935,1.9366513926810935
1.9435152566533755,1.9435152566533755
1.950385177197566,1.950385177197566
1.9572611964787823,1.9572611964787823
1.9641433568455784,1.9641433568455784
1.971031700830973,1.971031700830973
1.9779262711534404,1.9779262711534404
1.9848271107179536,1.9848271107179536
1.9917342626169914,1.9917342626169914
1.9986477701315948,1.9986477701315948
2.00556767673239,2.00556767673239
2.0124940260806548,2.0124940260806548
2.019426862029368,2.019426862029368
2.026366228624282,2.026366228624282
2.0333121701049848,2.0333121701049848
2.0402647309059976,2.0402647309059976
2.0472239556578464,2.0472239556578464
2.0541898891881782,2.0541898891881782
2.0611625765228454,2.0611625765228454
2.0681420628870404,2.0681420628870404
2.075128393706393,2.075128393706393
2.0821216146081283,2.0821216146081283
2.089121771422175,2.089121771422175
2.096128910182337,2.096128910182337
2.1031430771274255,2.1031430771274255
2.1101643187024455,2.1101643187024455
2.117192681559744,2.117192681559744
2.12422821256021,2.12422821256021
2.1312709587744454,2.1312709587744454
2.138320967483984,2.138320967483984
2.145378286182474,2.145378286182474
2.1524429625769153,2.1524429625769153
2.159515044588867,2.159515044588867
2.166594580355697,2.166594580355697
2.1736816182318064,2.1736816182318064
2.180776206789901,2.180776206789901
2.1878783948222367,2.1878783948222367
2.194988231341905,2.194988231341905
2.202105765584095,2.202105765584095
2.209231047007409,2.209231047007409
2.2163641252951303,2.2163641252951303
2.2235050503565663,2.2235050503565663
2.2306538723283396,2.2306538723283396
2.2378106415757384,2.2378106415757384
2.244975408694038,2.244975408694038
2.2521482245098703,2.2521482245098703
2.259329140082562,2.259329140082562
2.266518206705524,2.266518206705524
2.2737154759076157,2.2737154759076157
2.280920999454554,2.280920999454554
2.2881348293502914,2.2881348293502914
2.295357017838457,2.295357017838457
2.3025876174037494,2.3025876174037494
2.3098266807733983,2.3098266807733983
2.317074260918588,2.317074260918588
2.3243304110559304,2.3243304110559304
2.3315951846489154,2.3315951846489154
2.3388686354094093,2.3388686354094093
2.346150817299131,2.346150817299131
2.353441784531156,2.353441784531156
2.3607415915714247,2.3607415915714247
2.3680502931402843,2.3680502931402843
2.3753679442140148,2.3753679442140148
2.3826946000263693,2.3826946000263693
2.3900303160701477,2.3900303160701477
2.3973751480987677,2.3973751480987677
2.404729152127851,2.404729152127851
2.4120923844368107,2.4120923844368107
2.419464901570469,2.419464901570469
2.4268467603406876,2.4268467603406876
2.434238017827994,2.434238017827994
2.441638731383229,2.441638731383229
2.4490489586292092,2.4490489586292092
2.456468757462408,2.456468757462408
2.463898186054645,2.463898186054645
2.47133730285477,2.47133730285477
2.478786166590393,2.478786166590393
2.486244836269616,2.486244836269616
2.493713371182765,2.493713371182765
2.501191830904147,2.501191830904147
2.508680275293822,2.508680275293822
2.5161787644993914,2.5161787644993914
2.523687358957798,2.523687358957798
2.531206119397125,2.531206119397125
2.5387351068384336,2.5387351068384336
2.5462743825976113,2.5462743825976113
2.5538240082872252,2.5538240082872252
2.5613840458183805,2.5613840458183805
2.568954557402622,2.568954557402622
2.57653560555384,2.57653560555384
2.5841272530901827,2.5841272530901827
2.5917295631359796,2.5917295631359796
2.5993425991237054,2.5993425991237054
2.6069664247959445,2.6069664247959445
2.6146011042073676,2.6146011042073676
2.6222467017267252,2.6222467017267252
2.6299032820388675,2.6299032820388675
2.637570910146779,2.637570910146779
2.6452496513736214,2.6452496513736214
2.6529395713647923,2.6529395713647923
2.660640736090008,2.660640736090008
2.668353211845412,2.668353211845412
2.676077065255687,2.676077065255687
2.683812363276174,2.683812363276174
2.6915591731950377,2.6915591731950377
2.699317562635436,2.699317562635436
2.707087599557703,2.707087599557703
2.714869352261549,2.714869352261549
2.7226628893882845,2.7226628893882845
2.730468279923081,2.730468279923081
2.7382855931972094,2.7382855931972094
2.7461148988903283,2.7461148988903283
2.753956267032783,2.753956267032783
2.7618097680079297,2.7618097680079297
2.769675472554465,2.769675472554465
2.7775534517687883,2.7775534517687883
2.785443777107379,2.785443777107379
2.793346520389194,2.793346520389194
2.8012617537980957,2.8012617537980957
2.809189549885267,2.809189549885267
2.817129981571705,2.817129981571705
2.8250831221506654,2.8250831221506654
2.8330490452902026,2.8330490452902026
2.841027825035658,2.841027825035658
2.8490195358122334,2.8490195358122334
2.8570242524275375,2.8570242524275375
2.8650420500741967,2.8650420500741967
2.8730730043324386,2.8730730043324386
2.8811171911727604,2.8811171911727604
2.889174686958553,2.889174686958553
2.8972455684488105,2.8972455684488105
2.9053299128008088,2.9053299128008088
2.9134277975728544,2.9134277975728544
2.9215393007270154,2.9215393007270154
2.929664500631918,2.929664500631918
2.937803476065522,2.937803476065522
2.9459563062179708,2.9459563062179708
2.9541230706944126,2.9541230706944126
2.962303849517905,2.962303849517905
2.9704987231322786,2.9704987231322786
2.9787077724051,2.9787077724051
2.98693107863059,2.98693107863059
2.9951687235326236,2.9951687235326236
3.0034207892677123,3.0034207892677123
3.0116873584280612,3.0116873584280612
3.019968514044596,3.019968514044596
3.028264339590077,3.028264339590077
3.0365749189821805,3.0365749189821805
3.044900336586671,3.044900336586671
3.053240677220539,3.053240677220539
3.0615960261552244,3.0615960261552244
3.0699664691198167,3.0699664691198167
3.0783520923043395,3.0783520923043395
3.086752982362996,3.086752982362996
3.0951692264175263,3.0951692264175263
3.103600912060512,3.103600912060512
3.112048127358784,3.112048127358784
3.1205109608567936,3.1205109608567936
3.128989501580085,3.128989501580085
3.1374838390387305,3.1374838390387305
3.145994063230857,3.145994063230857
3.1545202646461536,3.1545202646461536
3.1630625342694585,3.1630625342694585
3.1716209635843295,3.1716209635843295
3.1801956445767083,3.1801956445767083
3.1887866697385467,3.1887866697385467
3.197394132071539,3.197394132071539
3.2060181250908224,3.2060181250908224
3.214658742828774,3.214658742828774
3.2233160798387845,3.2233160798387845
3.231990231199122,3.231990231199122
3.2406812925167814,3.2406812925167814
3.249389359931413,3.249389359931413
3.258114530119251,3.258114530119251
3.2668569002971197,3.2668569002971197
3.27561656822643,3.27561656822643
3.284393632217259,3.284393632217259
3.2931881911324283,3.2931881911324283
3.302000344391664,3.302000344391664
3.310830191975742,3.310830191975742
3.319677834430739,3.319677834430739
3.32854337287225,3.32854337287225
3.3374269089897166,3.3374269089897166
3.346328545050751,3.346328545050751
3.35524838390551,3.35524838390551
3.364186528991118,3.364186528991118
3.3731430843361436,3.3731430843361436
3.3821181545650973,3.3821181545650973
3.391111844902971,3.391111844902971
3.4001242611798457,3.4001242611798457
3.409155509835532,3.409155509835532
3.4182056979242543,3.4182056979242543
3.4272749331193637,3.4272749331193637
3.4363633237181266,3.4363633237181266
3.445470978646558,3.445470978646558
3.4545980074642744,3.4545980074642744
3.463744520369417,3.463744520369417
3.472910628203615,3.472910628203615
3.4820964424570073,3.4820964424570073
3.491302075273312,3.491302075273312
3.500527639454922,3.500527639454922
3.50977324846808,3.50977324846808
3.5190390164481107,3.5190390164481107
3.52832505820467,3.52832505820467
3.537631489227071,3.537631489227071
3.546958425689659,3.546958425689659
3.556305984457251,3.556305984457251
3.5656742830906065,3.5656742830906065
3.575063439851966,3.575063439851966
3.5844735737106475,3.5844735737106475
3.593904804348707,3.593904804348707
3.603357252166635,3.603357252166635
3.6128310382891207,3.6128310382891207
3.622326284570884,3.622326284570884
3.6318431136025584,3.6318431136025584
3.6413816487166373,3.6413816487166373
3.650942013993469,3.650942013993469
3.6605243342673273,3.6605243342673273
3.6701287351325456,3.6701287351325456
3.6797553429497114,3.6797553429497114
3.689404284851908,3.689404284851908
3.6990756887510363,3.6990756887510363
3.7087696833442236,3.7087696833442236
3.718486398120254,3.718486398120254
3.7282259633660857,3.7282259633660857
3.737988510173449,3.737988510173449
3.747774170445501,3.747774170445501
3.7575830769035568,3.7575830769035568
3.7674153630938667,3.7674153630938667
3.7772711633944964,3.7772711633944964
3.7871506130222787,3.7871506130222787
3.7970538480398104,3.7970538480398104
3.8069810053625392,3.8069810053625392
3.8169322227659386,3.8169322227659386
3.826907638892738,3.826907638892738
3.8369073932602538,3.8369073932602538
3.8469316262677578,3.8469316262677578
3.8569804792039686,3.8569804792039686
3.867054094254606,3.867054094254606
3.877152614510026,3.877152614510026
3.8872761839729257,3.8872761839729257
3.8974249475661487,3.8974249475661487
3.9075990511405836,3.9075990511405836
3.917798641483121,3.917798641483121
3.92802386632471,3.92802386632471
3.9382748743485014,3.9382748743485014
3.948551815198093,3.948551815198093
3.95885483948585,3.95885483948585
3.9691840988013007,3.9691840988013007
3.979539745719668,3.979539745719668
3.989921933810461,3.989921933810461
4.000330817646173,4.000330817646173
4.010766552811065,4.010766552811065
4.021229295910058,4.021229295910058
4.031719204577737,4.031719204577737
4.042236437487421,4.042236437487421
4.052781154360357,4.052781154360357
4.063353515975014,4.063353515975014
4.073953684176482,4.073953684176482
4.08458182188598,4.08458182188598
4.095238093110445,4.095238093110445
4.105922662952268,4.105922662952268
4.11663569761912,4.11663569761912
4.127377364433894,4.127377364433894
4.138147831844737,4.138147831844737
4.1489472694352365,4.1489472694352365
4.159775847934706,4.159775847934706
4.1706337392285775,4.1706337392285775
4.181521116368917,4.181521116368917
4.192438153585066,4.192438153585066
4.203385026294426,4.203385026294426
4.2143619111133255,4.2143619111133255
4.225368985868032,4.225368985868032
4.236406429605906,4.236406429605906
4.2474744226066745,4.2474744226066745
4.258573146393822,4.258573146393822
4.269702783746144,4.269702783746144
4.280863518709395,4.280863518709395
4.292055536608113,4.292055536608113
4.303279024057574,4.303279024057574
4.314534168975875,4.314534168975875
4.325821160596154,4.325821160596154
4.337140189478975,4.337140189478975
4.348491447524866,4.348491447524866
4.3598751279869825,4.3598751279869825
4.37129142548392,4.37129142548392
4.382740536012707,4.382740536012707
4.3942226569619445,4.3942226569619445
4.405737987125093,4.405737987125093
4.417286726713915,4.417286726713915
4.428869077372097,4.428869077372097
4.440485242189044,4.440485242189044
4.45213542571382,4.45213542571382
4.463819833969254,4.463819833969254
4.475538674466238,4.475538674466238
4.487292156218206,4.487292156218206
4.499080489755772,4.499080489755772
4.51090388714153,4.51090388714153
4.52276256198509,4.52276256198509
4.534656729458265,4.534656729458265
4.546586606310446,4.546586606310446
4.558552410884169,4.558552410884169
4.570554363130881,4.570554363130881
4.582592684626927,4.582592684626927
4.594667598589687,4.594667598589687
4.6067793298939455,4.6067793298939455
4.618928105088466,4.618928105088466
4.631114152412787,4.631114152412787
4.643337701814198,4.643337701814198
4.655598984964949,4.655598984964949
4.667898235279685,4.667898235279685
4.680235687933099,4.680235687933099
4.692611579877811,4.692611579877811
4.705026149862456,4.705026149862456
4.7174796384500315,4.7174796384500315
4.729972288036488,4.729972288036488
4.742504342869525,4.742504342869525
4.75507604906765,4.75507604906765
4.767687654639487,4.767687654639487
4.780339409503345,4.780339409503345
4.79303156550702,4.79303156550702
4.805764376447863,4.805764376447863
4.818538098093124,4.818538098093124
4.831352988200559,4.831352988200559
4.844209306539302,4.844209306539302
4.8571073149110084,4.8571073149110084
4.870047277171291,4.870047277171291
4.883029459251455,4.883029459251455
4.89605412918049,4.89605412918049
4.9091215571073645,4.9091215571073645
4.922232015323639,4.922232015323639
4.935385778286379,4.935385778286379
4.948583122641358,4.948583122641358
4.961824327246581,4.961824327246581
4.975109673196138,4.975109673196138
4.988439443844385,4.988439443844385
5.001813924830439,5.001813924830439
5.0152334041030056,5.0152334041030056
5.0286981719455595,5.0286981719455595
5.042208521001888,5.042208521001888
5.055764746301943,5.055764746301943
5.069367145288086,5.069367145288086
5.083016017841672,5.083016017841672
5.096711666310044,5.096711666310044
5.110454395533852,5.110454395533852
5.124244512874791,5.124244512874791
5.1380823282437005,5.1380823282437005
5.1519681541291025,5.1519681541291025
5.165902305626099,5.165902305626099
5.1798851004656825,5.1798851004656825
5.193916859044489,5.193916859044489
5.20799790445496,5.20799790445496
5.222128562515937,5.222128562515937
5.236309161803669,5.236309161803669
5.250540033683305,5.250540033683305
5.2648215123408315,5.2648215123408315
5.279153934815451,5.279153934815451
5.293537641032425,5.293537641032425
5.30797297383643,5.30797297383643
5.322460279025383,5.322460279025383
5.336999905384745,5.336999905384745
5.351592204722335,5.351592204722335
5.366237531903668,5.366237531903668
5.380936244887807,5.380936244887807
5.3956887047637565,5.3956887047637565
5.410495275787349,5.410495275787349
5.425356325418737,5.425356325418737
5.4402722243604344,5.4402722243604344
5.455243346595899,5.455243346595899
5.470270069428701,5.470270069428701
5.4853527735223055,5.4853527735223055
5.500491842940446,5.500491842940446
5.515687665188097,5.515687665188097
5.530940631253063,5.530940631253063
5.546251135648235,5.546251135648235
5.56161957645447,5.56161957645447
5.577046355364134,5.577046355364134
5.592531877725297,5.592531877725297
5.608076552586635,5.608076552586635
5.623680792743032,5.623680792743032
5.6393450147818704,5.6393450147818704
5.655069639130026,5.655069639130026
5.670855090101639,5.670855090101639
5.686701795946634,5.686701795946634
5.702610188899957,5.702610188899957
5.71858070523162,5.71858070523162
5.734613785297545,5.734613785297545
5.750709873591214,5.750709873591214
5.766869418796121,5.766869418796121
5.783092873839072,5.783092873839072
5.799380695944347,5.799380695944347
5.815733346688742,5.815733346688742
5.832151292057488,5.832151292057488
5.84863500250105,5.84863500250105
5.865184952992887,5.865184952992887
5.881801623088163,5.881801623088163
5.898485496983381,5.898485496983381
5.915237063576988,5.915237063576988
5.932056816531036,5.932056816531036
5.948945254333814,5.948945254333814
5.9659028803635294,5.9659028803635294
5.982930202953063,5.982930202953063
6.000027735455765,6.000027735455765
6.017195996312404,6.017195996312404
6.034435509119218,6.034435509119218
6.051746802697113,6.051746802697113
6.069130411162004,6.069130411162004
6.08658687399641,6.08658687399641
6.10411673612223,6.10411673612223
6.121720547974775,6.121720547974775
6.139398865578032,6.139398865578032
6.1571522506212935,6.1571522506212935
6.1749812705370655,6.1749812705370655
6.192886498580335,6.192886498580335
6.210868513909198,6.210868513909198
6.228927901666928,6.228927901666928
6.247065253065479,6.247065253065479
6.265281165470436,6.265281165470436
6.283576242487453,6.283576242487453
6.301951094050269,6.301951094050269
6.320406336510261,6.320406336510261
6.338942592727592,6.338942592727592
6.357560492163977,6.357560492163977
6.3762606709771505,6.3762606709771505
6.395043772117027,6.395043772117027
6.413910445423587,6.413910445423587
6.4328613477265275,6.4328613477265275
6.4518971429467795,6.4518971429467795
6.471018502199858,6.471018502199858
6.490226103901087,6.490226103901087
6.50952063387279,6.50952063387279
6.528902785453452,6.528902785453452
6.54837325960895,6.54837325960895
6.5679327650457955,6.5679327650457955
6.587582018326514,6.587582018326514
6.6073217439872245,6.6073217439872245
6.627152674657415,6.627152674657415
6.647075551181991,6.647075551181991
6.667091122745601,6.667091122745601
6.687200146999409,6.687200146999409
6.707403390190254,6.707403390190254
6.7277016272922845,6.7277016272922845
6.748095642141145,6.748095642141145
6.768586227570758,6.768586227570758
6.789174185552802,6.789174185552802
6.809860327338851,6.809860327338851
6.830645473605344,6.830645473605344
6.8515304546013915,6.8515304546013915
6.872516110299545,6.872516110299545
6.89360329054948,6.89360329054948
6.914792855234799,6.914792855234799
6.936085674432964,6.936085674432964
6.957482628578436,6.957482628578436
6.978984608629113,6.978984608629113
7.000592516236087,7.000592516236087
7.022307263916938,7.022307263916938
7.0441297752325145,7.0441297752325145
7.066060984967357,7.066060984967357
7.088101839313788,7.088101839313788
7.1102532960598825,7.1102532960598825
7.132516324781306,7.132516324781306
7.15489190703715,7.15489190703715
7.17738103656985,7.17738103656985
7.199984719509339,7.199984719509339
7.222703974581524,7.222703974581524
7.2455398333211285,7.2455398333211285
7.268493340289107,7.268493340289107
7.291565553294714,7.291565553294714
7.314757543622328,7.314757543622328
7.338070396263184,7.338070396263184
7.3615052101520915,7.3615052101520915
7.385063098409359,7.385063098409359
7.408745188587976,7.408745188587976
7.432552622926242,7.432552622926242
7.456486558605921,7.456486558605921
7.480548168016169,7.480548168016169
7.504738639023338,7.504738639023338
7.5290591752467755,7.5290591752467755
7.55351099634082,7.55351099634082
7.578095338283177,7.578095338283177
7.602813453669862,7.602813453669862
7.627666612016804,7.627666612016804
7.6526561000683415,7.6526561000683415
7.677783222112867,7.677783222112867
7.703049300305734,7.703049300305734
7.728455674999639,7.728455674999639
7.7540037050826935,7.7540037050826935
7.7796947683244575,7.7796947683244575
7.8055302617300795,7.8055302617300795
7.8315116019028315,7.8315116019028315
7.857640225415208,7.857640225415208
7.883917589188934,7.883917589188934
7.910345170884094,7.910345170884094
7.936924469297585,7.936924469297585
7.9636570047712425,7.9636570047712425
7.990544319609914,7.990544319609914
8.017587978509779,8.017587978509779
8.044789568997125,8.044789568997125
8.072150701878005,8.072150701878005
8.099673011699085,8.099673011699085
8.127358157219952,8.127358157219952
8.155207821897266,8.155207821897266
8.183223714381125,8.183223714381125
8.211407569023992,8.211407569023992
8.239761146402644,8.239761146402644
8.268286233853384,8.268286233853384
8.296984646021064,8.296984646021064
8.325858225422335,8.325858225422335
8.354908843023521,8.354908843023521
8.384138398833596,8.384138398833596
8.413548822512698,8.413548822512698
8.443142073996793,8.443142073996793
8.472920144138893,8.472920144138893
8.502885055367395,8.502885055367395
8.53303886236205,8.53303886236205
8.563383652748243,8.563383652748243
8.593921547810117,8.593921547810117
8.624654703223085,8.624654703223085
8.655585309806481,8.655585309806481
8.686715594296999,8.686715594296999
8.718047820143571,8.718047820143571
8.749584288324426,8.749584288324426
8.781327338187037,8.781327338187037
8.813279348311848,8.813279348311848
8.84544273740047,8.84544273740047
8.877819965189214,8.877819965189214
8.910413533388889,8.910413533388889
8.943225986651694,8.943225986651694
8.97625991356624,8.97625991356624
9.009517947681648,9.009517947681648
9.043002768561685,9.043002768561685
9.076717102870104,9.076717102870104
9.110663725488275,9.110663725488275
9.14484546066628,9.14484546066628
9.179265183208594,9.179265183208594
9.213925819695696,9.213925819695696
9.248830349742958,9.248830349742958
9.283981807298105,9.283981807298105
9.319383281978697,9.319383281978697
9.355037920451114,9.355037920451114
9.390948927852659,9.390948927852659
9.427119569258407,9.427119569258407
9.463553171194382,9.463553171194382
9.50025312319894,9.50025312319894
9.537222879434236,9.537222879434236
9.574465960349672,9.574465960349672
9.6119859543993,9.6119859543993
9.649786519815365,9.649786519815365
9.687871386440253,9.687871386440253
9.72624435761908,9.72624435761908
9.764909312155353,9.764909312155353
9.803870206332286,9.803870206332286
9.843131076002456,9.843131076002456
9.882696038748577,9.882696038748577
9.92256929611824,9.92256929611824
9.96275513593578,9.96275513593578
10.003257934694481,10.003257934694481
10.04408216003249,10.04408216003249
10.085232373295907,10.085232373295907
10.126713232192863,10.126713232192863
10.168529493542449,10.168529493542449
10.210686016122672,10.210686016122672
10.2531877636216,10.2531877636216
10.296039807696317,10.296039807696317
10.339247331144515,10.339247331144515
10.382815631193685,10.382815631193685
10.42675012291307,10.42675012291307
10.471056342754126,10.471056342754126
10.515739952225204,10.515739952225204
10.560806741706752,10.560806741706752
10.606262634413367,10.606262634413367
10.652113690509625,10.652113690509625
10.698366111386983,10.698366111386983
10.745026244109312,10.745026244109312
10.792100586035096,10.792100586035096
10.839595789624775,10.839595789624775
10.887518667442384,10.887518667442384
10.935876197360795,10.935876197360795
10.98467552798071,10.98467552798071
11.033923984273946,11.033923984273946
11.08362907346241,11.08362907346241
11.133798491144585,11.133798491144585
11.184440127682107,11.184440127682107
11.235562074859875,11.235562074859875
11.28717263283392,11.28717263283392
11.339280317382094,11.339280317382094
11.391893867473431,11.391893867473431
11.445022253173295,11.445022253173295
11.498674683902394,11.498674683902394
11.552860617068744,11.552860617068744
11.607589767093057,11.607589767093057
11.662872114849268,11.662872114849268
11.718717917543364,11.718717917543364
11.775137719055287,11.775137719055287
11.832142360769975,11.832142360769975
11.889742992925802,11.889742992925802
11.947951086510402,11.947951086510402
12.006778445735804,12.006778445735804
12.066237221127095,12.066237221127095
12.126339923261215,12.126339923261215
12.187099437195164,12.187099437195164
12.24852903762554,12.24852903762554
12.310642404824252,12.310642404824252
12.373453641398784,12.373453641398784
12.436977289928791,12.436977289928791
12.5012283515346,12.5012283515346
12.566222305437321,12.566222305437321
12.63197512957492,12.63197512957492
12.698503322343509,12.698503322343509
12.765823925538406,12.765823925538406
12.83395454857526,12.83395454857526
12.902913394078066,12.902913394078066
12.97271928492781,12.97271928492781
13.043391692873085,13.043391692873085
13.114950768812,13.114950768812
13.187417374864241,13.187417374864241
13.26081311836192,13.26081311836192
13.335160387898657,13.335160387898657
13.410482391588326,13.410482391588326
13.486803197698231,13.486803197698231
13.564147777835982,13.564147777835982
13.64254205288515,13.64254205288515
13.72201294190246,13.72201294190246
13.802588414208891,13.802588414208891
13.884297544928543,13.884297544928543
13.96717057425301,13.96717057425301
14.051238970735213,14.051238970735213
14.136535498946392,14.136535498946392
14.22309429186258,14.22309429186258
14.310950928383004,14.310950928383004
14.40014251642361,14.40014251642361
14.490707782074201,14.490707782074201
14.582687165358575,14.582687165358575
14.676122923193502,14.676122923193502
14.771059240206256,14.771059240206256
14.867542348142155,14.867542348142155
14.96562065467439,14.96562065467439
15.065344882519117,15.065344882519117
15.16676821986188,15.16676821986188
15.269946483217907,15.269946483217907
15.374938293981318,15.374938293981318
15.481805270068136,15.481805270068136
15.590612234229411,15.590612234229411
15.701427440806468,15.701427440806468
15.81432282292398,15.81432282292398
15.929374262373242,15.929374262373242
16.046661884732746,16.046661884732746
16.166270382613977,16.166270382613977
16.28828937031302,16.28828937031302
16.41281377360403,16.41281377360403
16.539944258939645,16.539944258939645
16.669787706940717,16.669787706940717
16.80245773577737,16.80245773577737
16.938075280889542,16.938075280889542
17.076769238487987,17.076769238487987
17.218677181449873,17.218677181449873
17.36394615761221,17.36394615761221
17.512733582117566,17.512733582117566
17.665208237436165,17.665208237436165
17.82155139704892,17.82155139704892
17.981958091615365,17.981958091615365
18.146638539881828,18.146638539881828
18.315819770749663,18.315819770749663
18.48974746800388,18.48974746800388
18.66868807543172,18.66868807543172
18.85293120773829,18.85293120773829
19.042792422183037,19.042792422183037
19.238616417728483,19.238616417728483
19.44078074338505,19.44078074338505
19.649700116248358,19.649700116248358
19.865831473658975,19.865831473658975
20.089679914593624,20.089679914593624
20.321805725038953,20.321805725038953
20.562832733760438,20.562832733760438
20.8134583128239,20.8134583128239
21.074465427466023,21.074465427466023
21.346737261029734,21.346737261029734
21.63127510509851,21.63127510509851
21.929220430916484,21.929220430916484
22.241882372855173,22.241882372855173
22.570772299310217,22.570772299310217
22.917647784657834,22.917647784657834
23.284569228125218,23.284569228125218
23.673973753334323,23.673973753334323
24.088773132863157,24.088773132863157
24.532485768449032,24.532485768449032
25.009418011767387,25.009418011767387
25.524918767103074,25.524918767103074
26.08574607390991,26.08574607390991
26.700610532099688,26.700610532099688
27.381009000023493,27.381009000023493
28.142557158500527,28.142557158500527
29.007228529489254,29.007228529489254
30.007358246153338,30.007358246153338
31.193398972544337,31.193398972544337
32.65064483347054,32.65064483347054
34.541228414533705,34.541228414533705
37.23803795600926,37.23803795600926
41.99951017168128,41.99951017168128
