-5.695645654054236,-5.695645654054236
-5.678299607505656,-5.678299607505656
-5.659941512366004,-5.659941512366004
-5.640614869320327,-5.640614869320327
-5.620361654544759,-5.620361654544759
-5.599222367169009,-5.599222367169009
-5.5772360754747785,-5.5772360754747785
-5.554440461857585,-5.554440461857585
-5.530871866578908,-5.530871866578908
-5.5065653303352065,-5.5065653303352065
-5.481554635669865,-5.481554635669865
-5.455872347253681,-5.455872347253681
-5.429549851059131,-5.429549851059131
-5.402617392453147,-5.402617392453147
-5.375104113232762,-5.375104113232762
-5.347038087627562,-5.347038087627562
-5.318446357292435,-5.318446357292435
-5.289354965313718,-5.289354965313718
-5.259788989251473,-5.259788989251473
-5.229772573240148,-5.229772573240148
-5.19932895916955,-5.19932895916955
-5.168480516967639,-5.168480516967639
-5.137248774006276,-5.137248774006276
-5.105654443650649,-5.105654443650649
-5.073717452972784,-5.073717452972784
-5.041456969649113,-5.041456969649113
-5.008891428061748,-5.008891428061748
-4.976038554622713,-4.976038554622713
-4.942915392340076,-4.942915392340076
-4.90953832464452,-4.90953832464452
-4.875923098494561,-4.875923098494561
-4.842084846778317,-4.842084846778317
-4.8080381100292895,-4.8080381100292895
-4.773796857473436,-4.773796857473436
-4.7393745074243165,-4.7393745074243165
-4.704783947042893,-4.704783947042893
-4.670037551478193,-4.670037551478193
-4.635147202404714,-4.635147202404714
-4.60012430597216,-4.60012430597216
-4.564979810182796,-4.564979810182796
-4.529724221711359,-4.529724221711359
-4.494367622182211,-4.494367622182211
-4.458919683918093,-4.458919683918093
-4.42338968517458,-4.42338968517458
-4.387786524873967,-4.387786524873967
-4.352118736852159,-4.352118736852159
-4.316394503631736,-4.316394503631736
-4.280621669734151,-4.280621669734151
-4.24480775454375,-4.24480775454375
-4.208959964735982,-4.208959964735982
-4.173085206281972,-4.173085206281972
-4.137190096041327,-4.137190096041327
-4.101280972954745,-4.101280972954745
-4.065363908847898,-4.065363908847898
-4.029444718857582,-4.029444718857582
-3.9935289714911044,-3.9935289714911044
-3.957621998329483,-3.957621998329483
-3.9217289033848597,-3.9217289033848597
-3.8858545721222852,-3.8858545721222852
-3.850003680155811,-3.850003680155811
-3.814180701628548,-3.814180701628548
-3.7783899172862196,-3.7783899172862196
-3.742635422253402,-3.742635422253402
-3.706921133521532,-3.706921133521532
-3.671250797157483,-3.671250797157483
-3.635627995241317,-3.635627995241317
-3.6000561525416357,-3.6000561525416357
-3.5645385429367114,-3.5645385429367114
-3.529078295589412,-3.529078295589412
-3.4936784008837294,-3.4936784008837294
-3.4583417161305032,-3.4583417161305032
-3.42307097104979,-3.42307097104979
-3.3878687730370918,-3.3878687730370918
-3.352737612220502,-3.352737612220502
-3.3176798663156513,-3.3176798663156513
-3.282697805285128,-3.282697805285128
-3.247793595808919,-3.247793595808919
-3.2129693055721997,-3.2129693055721997
-3.178226907376664,-3.178226907376664
-3.14356828308142,-3.14356828308142
-3.108995227379292,-3.108995227379292
-3.074509451414243,-3.074509451414243
-3.04011258624544,-3.04011258624544
-3.0058061861633734,-3.0058061861633734
-2.9715917318632505,-2.9715917318632505
-2.937470633480769,-2.937470633480769
-2.903444233495204,-2.903444233495204
-2.869513809504631,-2.869513809504631
-2.835680576877941,-2.835680576877941
-2.801945691288184,-2.801945691288184
-2.7683102511316386,-2.7683102511316386
-2.734775299836878,-2.734775299836878
-2.7013418280679677,-2.7013418280679677
-2.6680107758258202,-2.6680107758258202
-2.634783034451584,-2.634783034451584
-2.6016594485358575,-2.6016594485358575
-2.5686408177373736,-2.5686408177373736
-2.535727898514689,-2.535727898514689
-2.502921405774317,-2.502921405774317
-2.470222014438626,-2.470222014438626
-2.437630360936694,-2.437630360936694
-2.405147044621244,-2.405147044621244
-2.372772629114655,-2.372772629114655
-2.3405076435869447,-2.3405076435869447
-2.308352583968542,-2.308352583968542
-2.276307914100547,-2.276307914100547
-2.244374066825085,-2.244374066825085
-2.212551445018304,-2.212551445018304
-2.1808404225684166,-2.1808404225684166
-2.1492413453011565,-2.1492413453011565
-2.1177545318549065,-2.1177545318549065
-2.0863802745076563,-2.0863802745076563
-2.0551188399579305,-2.0551188399579305
-2.023970470061659,-2.023970470061659
-1.9929353825269676,-1.9929353825269676
-1.962013771568728,-1.962013771568728
-1.9312058085246981,-1.9312058085246981
-1.9005116424349382,-1.9005116424349382
-1.8699314005861796,-1.8699314005861796
-1.8394651890227378,-1.8394651890227378
-1.8091130930254746,-1.8091130930254746
-1.778875177560287,-1.778875177560287
-1.748751487697506,-1.748751487697506
-1.7187420490035568,-1.7187420490035568
-1.688846867906145,-1.688846867906145
-1.6590659320342078,-1.6590659320342078
-1.629399210533781,-1.629399210533781
-1.599846654360915,-1.599846654360915
-1.570408196552685,-1.570408196552685
-1.5410837524773242,-1.5410837524773242
-1.5118732200644338,-1.5118732200644338
-1.4827764800161918,-1.4827764800161918
-1.4537933960004341,-1.4537933960004341
-1.424923814826431,-1.424923814826431
-1.396167566604149,-1.396167566604149
-1.367524464887741,-1.367524464887741
-1.3389943068039647,-1.3389943068039647
-1.3105768731662018,-1.3105768731662018
-1.2822719285747015,-1.2822719285747015
-1.25407922150364,-1.25407922150364
-1.2259984843755587,-1.2259984843755587
-1.1980294336236947,-1.1980294336236947
-1.170171769742712,-1.170171769742712
-1.142425177328272,-1.142425177328272
-1.1147893251058976,-1.1147893251058976
-1.0872638659495075,-1.0872638659495075
-1.0598484368900172,-1.0598484368900172
-1.0325426591143347,-1.0325426591143347
-1.005346137955086,-1.005346137955086
-0.978258462871354,-0.978258462871354
-0.9512792074207114,-0.9512792074207114
-0.9244079292227949,-0.9244079292227949
-0.8976441699146426,-0.8976441699146426
-0.8709874550980056,-0.8709874550980056
-0.8444372942788169,-0.8444372942788169
-0.8179931807989826,-0.8179931807989826
-0.7916545917606438,-0.7916545917606438
-0.7654209879430328,-0.7654209879430328
-0.7392918137120429,-0.7392918137120429
-0.713266496922599,-0.713266496922599
-0.6873444488139099,-0.6873444488139099
-0.6615250638976681,-0.6615250638976681
-0.6358077198392369,-0.6358077198392369
-0.6101917773318718,-0.6101917773318718
-0.5846765799639818,-0.5846765799639818
-0.559261454079449,-0.559261454079449
-0.5339457086309947,-0.5339457086309947
-0.5087286350265741,-0.5087286350265741
-0.4836095069687734,-0.4836095069687734
-0.45858758028716345,-0.45858758028716345
-0.43366209276356005,-0.43366209276356005
-0.40883226395012523,-0.40883226395012523
-0.3840972949802397,-0.3840972949802397
-0.35945636837205747,-0.35945636837205747
-0.3349086478246515,-0.3349086478246515
-0.31045327800664624,-0.31045327800664624
-0.28608938433722264,-0.28608938433722264
-0.2618160727593744,-0.2618160727593744
-0.23763242950528102,-0.23763242950528102
-0.21353752085365874,-0.21353752085365874
-0.18953039287893728,-0.18953039287893728
-0.16561007119210308,-0.16561007119210308
-0.14177556067304037,-0.14177556067304037
-0.11802584519419285,-0.11802584519419285
-0.09435988733535795,-0.09435988733535795
-0.07077662808941797,-0.07077662808941797
-0.0472749865588021,-0.0472749865588021
-0.023853859642465104,-0.023853859642465104
-0.0005121217131559211,-0.0005121217131559211
0.022751375715256553,0.022751375715256553
0.045937804330646384,0.045937804330646384
0.0690483593759375,0.0690483593759375
0.09208426001312045,0.09208426001312045
0.11504674969825504,0.11504674969825504
0.1379370965677487,0.1379370965677487
0.16075659383620886,0.16075659383620886
0.18350656020618253,0.18350656020618253
0.20618834029010696,0.20618834029010696
0.22880330504480967,0.22880330504480967
0.25135285221890835,0.25135285221890835
0.2738384068134758,0.2738384068134758
0.29626142155635077,0.29626142155635077
0.31862337739048807,0.31862337739048807
0.34092578397675927,0.34092578397675927
0.3631701802116322,0.3631701802116322
0.38535813476017194,0.38535813476017194
0.4074912466048259,0.4074912466048259
0.42957114561047466,0.42957114561047466
0.4515994931062465,0.4515994931062465
0.4735779824846175,0.4735779824846175
0.49550833981833725,0.49550833981833725
0.5173923244957431,0.5173923244957431
0.5392317298750471,0.5392317298750471
0.5610283839582074,0.5610283839582074
0.5827841500850147,0.5827841500850147
0.6045009276480517,0.6045009276480517
0.6261806528292168,0.6261806528292168
0.6478252993585164,0.6478252993585164
0.6694368792958741,0.6694368792958741
0.6910174438367224,0.6910174438367224
0.7125690841421848,0.7125690841421848
0.7340939321946724,0.7340939321946724
0.7555941616797733,0.7555941616797733
0.777071988895325,0.777071988895325
0.7985296736886126,0.7985296736886126
0.819969520422663,0.819969520422663
0.8413938789726474,0.8413938789726474
0.8628051457534434,0.8628051457534434
0.8842057647794437,0.8842057647794437
0.9055982287577509,0.9055982287577509
0.9269850802159296,0.9269850802159296
0.9483689126655419,0.9483689126655419
0.9697523718027296,0.9697523718027296
0.991138156747165,0.991138156747165
1.0125290213207314,1.0125290213207314
1.0339277753673497,1.0339277753673497
1.0553372861154267,1.0553372861154267
1.0767604795844345,1.0767604795844345
1.098200342037219,1.098200342037219
1.1196599214796574,1.1196599214796574
1.1411423292093696,1.1411423292093696
1.1626507414152378,1.1626507414152378
1.1841884008295542,1.1841884008295542
1.205758618434681,1.205758618434681
1.2273647752261727,1.2273647752261727
1.24901032403438,1.24901032403438
1.2706987914066237,1.2706987914066237
1.292433779552098,1.292433779552098
1.3142189683517425,1.3142189683517425
1.3360581174353858,1.3360581174353858
1.3579550683285553,1.3579550683285553
1.3799137466714215,1.3799137466714215
1.4019381645124234,1.4019381645124234
1.4240324226792096,1.4240324226792096
1.4462007132296235,1.4462007132296235
1.4684473219855276,1.4684473219855276
1.4907766311523838,1.4907766311523838
1.5131931220275632,1.5131931220275632
1.5357013778004884,1.5357013778004884
1.5583060864477842,1.5583060864477842
1.5810120437267245,1.5810120437267245
1.603824156270356,1.603824156270356
1.6267474447877945,1.6267474447877945
1.6497870473732905,1.6497870473732905
1.6729482229277621,1.6729482229277621
1.6962363546966226,1.6962363546966226
1.7196569539278248,1.7196569539278248
1.7432156636541751,1.7432156636541751
1.7669182626040838,1.7669182626040838
1.7907706692450327,1.7907706692450327
1.814778945964179,1.814778945964179
1.8389493033906361,1.8389493033906361
1.8632881048640875,1.8632881048640875
1.8878018710545468,1.8878018710545468
1.9124972847381925,1.9124972847381925
1.937381195734348,1.937381195734348
1.9624606260088255,1.9624606260088255
1.9877427749489838,1.9877427749489838
2.0132350248160042,2.0132350248160042
2.038944946380035,2.038944946380035
2.0648803047440043,2.0648803047440043
2.0910490653620597,2.0910490653620597
2.1174594002587463,2.1174594002587463
2.144119694455204,2.144119694455204
2.1710385526088083,2.1710385526088083
2.1982248058728744,2.1982248058728744
2.225687518983192,2.225687518983192
2.253435997578329,2.253435997578329
2.2814797957608413,2.2814797957608413
2.3098287239066804,2.3098287239066804
2.3384928567302823,2.3384928567302823
2.3674825416130125,2.3674825416130125
2.3968084072028133,2.3968084072028133
2.426481372293115,2.426481372293115
2.4565126549892473,2.4565126549892473
2.4869137821707894,2.4869137821707894
2.5176965992585183,2.5176965992585183
2.5488732802947847,2.5488732802947847
2.5804563383463934,2.5804563383463934
2.6124586362392432,2.6124586362392432
2.6448933976342226,2.6448933976342226
2.677774218454057,2.677774218454057
2.711115078671046,2.711115078671046
2.744930354465829,2.744930354465829
2.7792348307675767,2.7792348307675767
2.814043714186214,2.814043714186214
2.849372646347537,2.849372646347537
2.8852377176423074,2.8852377176423074
2.9216554814006708,2.9216554814006708
2.958642968503488,2.958642968503488
2.9962177024424,2.9962177024424
3.034397714840747,3.034397714840747
3.0732015614476773,3.0732015614476773
3.1126483386180586,3.1126483386180586
3.152757700291095,3.152757700291095
3.1935498754807945,3.1935498754807945
3.2350456862917056,3.2350456862917056
3.277266566473662,3.277266566473662
3.3202345805294966,3.3202345805294966
3.363972443390026,3.363972443390026
3.408503540670868,3.408503540670868
3.453851949525962,3.453851949525962
3.500042460112952,3.500042460112952
3.5471005976859074,3.5471005976859074
3.5950526453311658,3.5950526453311658
3.6439256673623617,3.6439256673623617
3.693747533391083,3.693747533391083
3.7445469430898446,3.7445469430898446
3.79635345166446,3.79635345166446
4.2286484204702255,4.2286484204702255
4.2432131210689015,4.2432131210689015
4.257668792522947,4.257668792522947
4.272167021923135,4.272167021923135
4.286832713672419,4.286832713672419
4.3017736889976685,4.3017736889976685
4.317086192413813,4.317086192413813
4.332858318436873,4.332858318436873
4.349172278359296,4.349172278359296
4.366105973407678,4.366105973407678
4.383734130011271,4.383734130011271
4.402129146344706,4.402129146344706
4.4213617415995845,4.4213617415995845
4.441501466418604,4.441501466418604
4.462617113147269,4.462617113147269
4.484777052244818,4.484777052244818
4.508049513272434,4.508049513272434
4.53250282362954,4.53250282362954
4.558205614645812,4.558205614645812
4.585227002162579,4.585227002162579
4.6136367469854305,4.6136367469854305
4.64350539932709,4.64350539932709
4.674904430434935,4.674904430434935
4.707906353910371,4.707906353910371
4.742584838710132,4.742584838710132
4.779014815425416,4.779014815425416
4.817272577131327,4.817272577131327
4.857435875862771,4.857435875862771
4.899584015587491,4.899584015587491
4.943797942400032,4.943797942400032
4.9901603325430415,4.9901603325430415
5.0387556787678,5.0387556787678
5.089670375469586,5.089670375469586
5.142992802971146,5.142992802971146
5.198813411276204,5.198813411276204
5.257224803573106,5.257224803573106
5.318321819733653,5.318321819733653
5.382201620022888,5.382201620022888
5.4489637692117965,5.4489637692117965
5.518710321263841,5.518710321263841
5.591545904749514,5.591545904749514
5.667577809128393,5.667577809128393
5.746916072025643,5.746916072025643
5.829673567619759,5.829673567619759
5.915966096249189,5.915966096249189
6.005912475337759,6.005912475337759
6.099634631732471,6.099634631732471
6.197257695541532,6.197257695541532
6.2989100955557085,6.2989100955557085
6.404723656331857,6.404723656331857
6.514833697014177,6.514833697014177
6.62937913196544,6.62937913196544
6.748502573278074,6.748502573278074
6.872350435232653,6.872350435232653
7.001073040769388,7.001073040769388
7.134824730036852,7.134824730036852
7.273763971080533,7.273763971080533
7.418053472732918,7.418053472732918
7.56786029976572,7.56786029976572
7.7233559903641815,7.7233559903641815
7.884716675982745,7.884716675982745
8.052123203640896,8.052123203640896
8.225761260717636,8.225761260717636
8.405821502302807,8.405821502302807
8.59249968116326,8.59249968116326
8.785996780381938,8.785996780381938
8.98651914872772,8.98651914872772
9.194278638814186,9.194278638814186
9.409492748105443,9.409492748105443
9.63238476282737,9.63238476282737
