-7.00178897689235,-7.00178897689235
-7.0111913292197405,-7.0111913292197405
-7.017004088277032,-7.017004088277032
-7.021230338371794,-7.021230338371794
-7.024409842366109,-7.024409842366109
-7.02680677246501,-7.02680677246501
-7.028578988421605,-7.028578988421605
-7.029831710576958,-7.029831710576958
-7.030640162909597,-7.030640162909597
-7.031060828669752,-7.031060828669752
-7.031137690538083,-7.031137690538083
-7.030905973031521,-7.030905973031521
-7.030394524742792,-7.030394524742792
-7.0296274075272756,-7.0296274075272756
-7.028624997590464,-7.028624997590464
-7.027404772651961,-7.027404772651961
-7.0259818896948465,-7.0259818896948465
-7.024369618639673,-7.024369618639673
-7.022579674242396,-7.022579674242396
-7.020622474432454,-7.020622474432454
-7.01850734440911,-7.01850734440911
-7.016242680027704,-7.016242680027704
-7.013836080147613,-7.013836080147613
-7.011294454980545,-7.011294454980545
-7.008624115644924,-7.008624115644924
-7.005830848833068,-7.005830848833068
-7.002919979562022,-7.002919979562022
-6.999896424294585,-6.999896424294585
-6.996764736209947,-6.996764736209947
-6.993529144022747,-6.993529144022747
-6.990193585460526,-6.990193585460526
-6.986761736287922,-6.986761736287922
-6.983237035594432,-6.983237035594432
-6.9796227079283,-6.9796227079283
-6.975921782753445,-6.975921782753445
-6.972137111622321,-6.972137111622321
-6.968271383390328,-6.968271383390328
-6.964327137743285,-6.964327137743285
-6.960306777265474,-6.960306777265474
-6.9562125782399304,-6.9562125782399304
-6.952046700343201,-6.952046700343201
-6.947811195372526,-6.947811195372526
-6.943508015123197,-6.943508015123197
-6.93913901851713,-6.93913901851713
-6.934705978069523,-6.934705978069523
-6.930210585768704,-6.930210585768704
-6.925654458434269,-6.925654458434269
-6.921039142610106,-6.921039142610106
-6.916366119041721,-6.916366119041721
-6.91163680678108,-6.91163680678108
-6.906852566956922,-6.906852566956922
-6.902014706243957,-6.902014706243957
-6.897124480060391,-6.897124480060391
-6.892183095519906,-6.892183095519906
-6.887191714161178,-6.887191714161178
-6.88215145447553,-6.88215145447553
-6.877063394251038,-6.877063394251038
-6.871928572749457,-6.871928572749457
-6.86674799273059,-6.86674799273059
-6.861522622337272,-6.861522622337272
-6.856253396852726,-6.856253396852726
-6.850941220340934,-6.850941220340934
-6.845586967179591,-6.845586967179591
-6.8401914834943085,-6.8401914834943085
-6.83475558850186,-6.83475558850186
-6.829280075769603,-6.829280075769603
-6.82376571439749,-6.82376571439749
-6.8182132501285535,-6.8182132501285535
-6.812623406393157,-6.812623406393157
-6.806996885291911,-6.806996885291911
-6.801334368521678,-6.801334368521678
-6.795636518248733,-6.795636518248733
-6.789903977932783,-6.789903977932783
-6.784137373105266,-6.784137373105266
-6.778337312105061,-6.778337312105061
-6.772504386774474,-6.772504386774474
-6.766639173118138,-6.766639173118138
-6.7607422319272885,-6.7607422319272885
-6.754814109371643,-6.754814109371643
-6.748855337560955,-6.748855337560955
-6.742866435078172,-6.742866435078172
-6.73684790748596,-6.73684790748596
-6.730800247808255,-6.730800247808255
-6.724723936988327,-6.724723936988327
-6.718619444324819,-6.718619444324819
-6.712487227887015,-6.712487227887015
-6.706327734910615,-6.706327734910615
-6.700141402175099,-6.700141402175099
-6.693928656363766,-6.693928656363766
-6.687689914407428,-6.687689914407428
-6.681425583812671,-6.681425583812671
-6.675136062975535,-6.675136062975535
-6.668821741481419,-6.668821741481419
-6.662483000391976,-6.662483000391976
-6.656120212519655,-6.656120212519655
-6.649733742690586,-6.649733742690586
-6.643323947996413,-6.643323947996413
-6.636891178035626,-6.636891178035626
-6.630435775144958,-6.630435775144958
-6.623958074621355,-6.623958074621355
-6.617458404934967,-6.617458404934967
-6.610937087933649,-6.610937087933649
-6.604394439039339,-6.604394439039339
-6.597830767436785,-6.597830767436785
-6.5912463762549045,-6.5912463762549045
-6.584641562741199,-6.584641562741199
-6.578016618429532,-6.578016618429532
-6.57137182930157,-6.57137182930157
-6.56470747594219,-6.56470747594219
-6.558023833689154,-6.558023833689154
-6.551321172777277,-6.551321172777277
-6.544599758477366,-6.544599758477366
-6.537859851230154,-6.537859851230154
-6.531101706775452,-6.531101706775452
-6.5243255762767385,-6.5243255762767385
-6.51753170644137,-6.51753170644137
-6.51072033963663,-6.51072033963663
-6.50389171400176,-6.50389171400176
-6.497046063556176,-6.497046063556176
-6.490183618304022,-6.490183618304022
-6.483304604335191,-6.483304604335191
-6.476409243923011,-6.476409243923011
-6.469497755618677,-6.469497755618677
-6.4625703543426045,-6.4625703543426045
-6.455627251472811,-6.455627251472811
-6.448668654930445,-6.448668654930445
-6.44169476926258,-6.44169476926258
-6.434705795722386,-6.434705795722386
-6.427701932346778,-6.427701932346778
-6.420683374031633,-6.420683374031633
-6.413650312604676,-6.413650312604676
-6.406602936896138,-6.406602936896138
-6.399541432807241,-6.399541432807241
-6.392465983376614,-6.392465983376614
-6.385376768844729,-6.385376768844729
-6.378273966716378,-6.378273966716378
-6.371157751821344,-6.371157751821344
-6.36402829637325,-6.36402829637325
-6.356885770026718,-6.356885770026718
-6.349730339932859,-6.349730339932859
-6.3425621707931645,-6.3425621707931645
-6.335381424911871,-6.335381424911871
-6.328188262246829,-6.328188262246829
-6.3209828404589405,-6.3209828404589405
-6.313765314960227,-6.313765314960227
-6.30653583896054,-6.30653583896054
-6.2992945635130075,-6.2992945635130075
-6.2920416375582215,-6.2920416375582215
-6.284777207967222,-6.284777207967222
-6.277501419583333,-6.277501419583333
-6.270214415262863,-6.270214415262863
-6.26291633591473,-6.26291633591473
-6.255607320539024,-6.255607320539024
-6.24828750626457,-6.24828750626457
-6.2409570283855045,-6.2409570283855045
-6.233616020396896,-6.233616020396896
-6.226264614029453,-6.226264614029453
-6.2189029392833435,-6.2189029392833435
-6.2115311244611435,-6.2115311244611435
-6.204149296199969,-6.204149296199969
-6.196757579502777,-6.196757579502777
-6.189356097768907,-6.189356097768907
-6.181944972823843,-6.181944972823843
-6.174524324948266,-6.174524324948266
-6.167094272906364,-6.167094272906364
-6.159654933973472,-6.159654933973472
-6.15220642396304,-6.15220642396304
-6.144748857252946,-6.144748857252946
-6.137282346811177,-6.137282346811177
-6.129807004220908,-6.129807004220908
-6.122322939704978,-6.122322939704978
-6.114830262149801,-6.114830262149801
-6.107329079128697,-6.107329079128697
-6.09981949692471,-6.09981949692471
-6.092301620552872,-6.092301620552872
-6.0847755537819745,-6.0847755537819745
-6.0772413991558265,-6.0772413991558265
-6.0696992580140385,-6.0696992580140385
-6.062149230512341,-6.062149230512341
-6.054591415642433,-6.054591415642433
-6.0470259112514,-6.0470259112514
-6.039452814060691,-6.039452814060691
-6.031872219684684,-6.031872219684684
-6.024284222648835,-6.024284222648835
-6.016688916407443,-6.016688916407443
-6.009086393361007,-6.009086393361007
-6.001476744873239,-6.001476744873239
-5.993860061287675,-5.993860061287675
-5.986236431943968,-5.986236431943968
-5.978605945193793,-5.978605945193793
-5.9709686884164626,-5.9709686884164626
-5.963324748034168,-5.963324748034168
-5.955674209526934,-5.955674209526934
-5.948017157447243,-5.948017157447243
-5.940353675434368,-5.940353675434368
-5.932683846228402,-5.932683846228402
-5.925007751684003,-5.925007751684003
-5.917325472783855,-5.917325472783855
-5.909637089651864,-5.909637089651864
-5.9019426815660765,-5.9019426815660765
-5.894242326971348,-5.894242326971348
-5.886536103491747,-5.886536103491747
-5.878824087942723,-5.878824087942723
-5.87110635634303,-5.87110635634303
-5.863382983926409,-5.863382983926409
-5.855654045153053,-5.855654045153053
-5.847919613720831,-5.847919613720831
-5.840179762576316,-5.840179762576316
-5.832434563925578,-5.832434563925578
-5.82468408924479,-5.82468408924479
-5.816928409290603,-5.816928409290603
-5.809167594110365,-5.809167594110365
-5.801401713052095,-5.801401713052095
-5.793630834774318,-5.793630834774318
-5.7858550272556775,-5.7858550272556775
-5.778074357804391,-5.778074357804391
-5.770288893067513,-5.770288893067513
-5.762498699040049,-5.762498699040049
-5.754703841073874,-5.754703841073874
-5.746904383886505,-5.746904383886505
-5.7391003915697105,-5.7391003915697105
-5.73129192759796,-5.73129192759796
-5.723479054836721,-5.723479054836721
-5.715661835550606,-5.715661835550606
-5.707840331411381,-5.707840331411381
-5.700014603505812,-5.700014603505812
-5.6921847123434,-5.6921847123434
-5.684350717863945,-5.684350717863945
-5.676512679445014,-5.676512679445014
-5.668670655909238,-5.668670655909238
-5.6608247055315175,-5.6608247055315175
-5.652974886046081,-5.652974886046081
-5.645121254653426,-5.645121254653426
-5.6372638680271425,-5.6372638680271425
-5.629402782320614,-5.629402782320614
-5.621538053173619,-5.621538053173619
-5.613669735718791,-5.613669735718791
-5.605797884587999,-5.605797884587999
-5.597922553918604,-5.597922553918604
-5.590043797359615,-5.590043797359615
-5.582161668077738,-5.582161668077738
-5.574276218763325,-5.574276218763325
-5.56638750163623,-5.56638750163623
-5.55849556845156,-5.55849556845156
-5.55060047050534,-5.55060047050534
-5.542702258640069,-5.542702258640069
-5.534800983250208,-5.534800983250208
-5.526896694287558,-5.526896694287558
-5.518989441266563,-5.518989441266563
-5.511079273269521,-5.511079273269521
-5.5031662389517155,-5.5031662389517155
-5.495250386546463,-5.495250386546463
-5.487331763870075,-5.487331763870075
-5.4794104183267525,-5.4794104183267525
-5.47148639691339,-5.47148639691339
-5.463559746224312,-5.463559746224312
-5.455630512455937,-5.455630512455937
-5.447698741411355,-5.447698741411355
-5.43976447850485,-5.43976447850485
-5.431827768766343,-5.431827768766343
-5.423888656845766,-5.423888656845766
-5.415947187017376,-5.415947187017376
-5.408003403183991,-5.408003403183991
-5.400057348881169,-5.400057348881169
-5.392109067281326,-5.392109067281326
-5.384158601197783,-5.384158601197783
-5.3762059930887585,-5.3762059930887585
-5.368251285061294,-5.368251285061294
-5.360294518875127,-5.360294518875127
-5.352335735946508,-5.352335735946508
-5.344374977351948,-5.344374977351948
-5.336412283831923,-5.336412283831923
-5.328447695794521,-5.328447695794521
-5.320481253319029,-5.320481253319029
-5.312512996159476,-5.312512996159476
-5.304542963748114,-5.304542963748114
-5.296571195198856,-5.296571195198856
-5.288597729310669,-5.288597729310669
-5.2806226045708975,-5.2806226045708975
-5.272645859158563,-5.272645859158563
-5.264667530947598,-5.264667530947598
-5.256687657510047,-5.256687657510047
-5.248706276119206,-5.248706276119206
-5.24072342375274,-5.24072342375274
-5.232739137095731,-5.232739137095731
-5.224753452543701,-5.224753452543701
-5.216766406205584,-5.216766406205584
-5.208778033906657,-5.208778033906657
-5.200788371191437,-5.200788371191437
-5.192797453326526,-5.192797453326526
-5.184805315303424,-5.184805315303424
-5.176811991841304,-5.176811991841304
-5.168817517389742,-5.168817517389742
-5.1608219261314145,-5.1608219261314145
-5.152825251984763,-5.152825251984763
-5.144827528606607,-5.144827528606607
-5.136828789394739,-5.136828789394739
-5.128829067490479,-5.128829067490479
-5.120828395781179,-5.120828395781179
-5.11282680690272,-5.11282680690272
-5.104824333241958,-5.104824333241958
-5.0968210069391375,-5.0968210069391375
-5.0888168598902785,-5.0888168598902785
-5.080811923749533,-5.080811923749533
-5.072806229931501,-5.072806229931501
-5.064799809613527,-5.064799809613527
-5.0567926937379575,-5.0567926937379575
-5.048784913014372,-5.048784913014372
-5.040776497921787,-5.040776497921787
-5.032767478710824,-5.032767478710824
-5.024757885405864,-5.024757885405864
-5.0167477478071545,-5.0167477478071545
-5.008737095492902,-5.008737095492902
-5.000725957821335,-5.000725957821335
-4.992714363932743,-4.992714363932743
-4.984702342751478,-4.984702342751478
-4.976689922987945,-4.976689922987945
-4.968677133140561,-4.968677133140561
-4.960664001497683,-4.960664001497683
-4.952650556139523,-4.952650556139523
-4.944636824940031,-4.944636824940031
-4.936622835568755,-4.936622835568755
-4.92860861549268,-4.92860861549268
-4.920594191978042,-4.920594191978042
-4.912579592092122,-4.912579592092122
-4.904564842705016,-4.904564842705016
-4.896549970491376,-4.896549970491376
-4.888535001932149,-4.888535001932149
-4.880519963316267,-4.880519963316267
-4.872504880742345,-4.872504880742345
-4.8644897801203335,-4.8644897801203335
-4.856474687173167,-4.856474687173167
-4.848459627438382,-4.848459627438382
-4.840444626269727,-4.840444626269727
-4.83242970883874,-4.83242970883874
-4.824414900136314,-4.824414900136314
-4.816400224974245,-4.816400224974245
-4.808385707986758,-4.808385707986758
-4.800371373632007,-4.800371373632007
-4.7923572461935855,-4.7923572461935855
-4.784343349781975,-4.784343349781975
-4.77632970833602,-4.77632970833602
-4.768316345624353,-4.768316345624353
-4.760303285246821,-4.760303285246821
-4.752290550635891,-4.752290550635891
-4.744278165058031,-4.744278165058031
-4.736266151615086,-4.736266151615086
-4.728254533245635,-4.728254533245635
-4.720243332726325,-4.720243332726325
-4.712232572673197,-4.712232572673197
-4.704222275542997,-4.704222275542997
-4.6962124636344615,-4.6962124636344615
-4.688203159089609,-4.688203159089609
-4.680194383894988,-4.680194383894988
-4.672186159882936,-4.672186159882936
-4.66417850873281,-4.66417850873281
-4.656171451972212,-4.656171451972212
-4.648165010978187,-4.648165010978187
-4.6401592069784225,-4.6401592069784225
-4.632154061052428,-4.632154061052428
-4.624149594132694,-4.624149594132694
-4.616145827005854,-4.616145827005854
-4.608142780313818,-4.608142780313818
-4.600140474554901,-4.600140474554901
-4.592138930084936,-4.592138930084936
-4.584138167118379,-4.584138167118379
-4.576138205729399,-4.576138205729399
-4.568139065852948,-4.568139065852948
-4.560140767285837,-4.560140767285837
-4.552143329687782,-4.552143329687782
-4.5441467725824465,-4.5441467725824465
-4.536151115358477,-4.536151115358477
-4.528156377270519,-4.528156377270519
-4.520162577440224,-4.520162577440224
-4.512169734857247,-4.512169734857247
-4.504177868380236,-4.504177868380236
-4.496186996737801,-4.496186996737801
-4.488197138529487,-4.488197138529487
-4.48020831222672,-4.48020831222672
-4.472220536173757,-4.472220536173757
-4.464233828588617,-4.464233828588617
-4.456248207564006,-4.456248207564006
-4.448263691068228,-4.448263691068228
-4.440280296946096,-4.440280296946096
-4.432298042919817,-4.432298042919817
-4.424316946589885,-4.424316946589885
-4.416337025435952,-4.416337025435952
-4.408358296817694,-4.408358296817694
-4.400380777975669,-4.400380777975669
-4.39240448603217,-4.39240448603217
-4.384429437992054,-4.384429437992054
-4.376455650743579,-4.376455650743579
-4.368483141059224,-4.368483141059224
-4.3605119255965015,-4.3605119255965015
-4.352542020898762,-4.352542020898762
-4.344573443395988,-4.344573443395988
-4.336606209405587,-4.336606209405587
-4.328640335133164,-4.328640335133164
-4.3206758366733,-4.3206758366733
-4.312712730010308,-4.312712730010308
-4.304751031018994,-4.304751031018994
-4.296790755465405,-4.296790755465405
-4.288831919007561,-4.288831919007561
-4.280874537196203,-4.280874537196203
-4.2729186254755005,-4.2729186254755005
-4.2649641991837814,-4.2649641991837814
-4.2570112735542365,-4.2570112735542365
-4.2490598637156225,-4.2490598637156225
-4.241109984692963,-4.241109984692963
-4.233161651408231,-4.233161651408231
-4.225214878681037,-4.225214878681037
-4.217269681229293,-4.217269681229293
-4.209326073669898,-4.209326073669898
-4.201384070519382,-4.201384070519382
-4.193443686194575,-4.193443686194575
-4.185504935013243,-4.185504935013243
-4.177567831194738,-4.177567831194738
-4.169632388860631,-4.169632388860631
-4.161698622035342,-4.161698622035342
-4.15376654464676,-4.15376654464676
-4.145836170526862,-4.145836170526862
-4.1379075134123235,-4.1379075134123235
-4.129980586945126,-4.129980586945126
-4.122055404673144,-4.122055404673144
-4.114131980050754,-4.114131980050754
-4.106210326439408,-4.106210326439408
-4.09829045710822,-4.09829045710822
-4.090372385234543,-4.090372385234543
-4.082456123904536,-4.082456123904536
-4.074541686113728,-4.074541686113728
-4.066629084767578,-4.066629084767578
-4.0587183326820275,-4.0587183326820275
-4.0508094425840495,-4.0508094425840495
-4.042902427112189,-4.042902427112189
-4.034997298817103,-4.034997298817103
-4.02709407016209,-4.02709407016209
-4.019192753523619,-4.019192753523619
-4.011293361191849,-4.011293361191849
-4.003395905371148,-4.003395905371148
-3.9955003981806065,-3.9955003981806065
-3.9876068516545393,-3.9876068516545393
-3.9797152777429936,-3.9797152777429936
-3.9718256883122405,-3.9718256883122405
-3.963938095145273,-3.963938095145273
-3.956052509942291,-3.956052509942291
-3.948168944321186,-3.948168944321186
-3.9402874098180187,-3.9402874098180187
-3.932407917887491,-3.932407917887491
-3.9245304799034226,-3.9245304799034226
-3.91665510715921,-3.91665510715921
-3.9087818108682892,-3.9087818108682892
-3.9009106021645925,-3.9009106021645925
-3.893041492102999,-3.893041492102999
-3.885174491659787,-3.885174491659787
-3.8773096117330743,-3.8773096117330743
-3.869446863143257,-3.869446863143257
-3.8615862566334473,-3.8615862566334473
-3.8537278028699062,-3.8537278028699062
-3.8458715124424665,-3.8458715124424665
-3.838017395864959,-3.838017395864959
-3.8301654635756313,-3.8301654635756313
-3.8223157259375653,-3.8223157259375653
-3.814468193239087,-3.814468193239087
-3.8066228756941745,-3.8066228756941745
-3.798779783442862,-3.798779783442862
-3.7909389265516404,-3.7909389265516404
-3.7831003150138574,-3.7831003150138574
-3.7752639587501045,-3.7752639587501045
-3.767429867608611,-3.767429867608611
-3.7595980513656277,-3.7595980513656277
-3.751768519725811,-3.751768519725811
-3.7439412823225986,-3.7439412823225986
-3.736116348718591,-3.736116348718591
-3.728293728405913,-3.728293728405913
-3.720473430806596,-3.720473430806596
-3.712655465272929,-3.712655465272929
-3.704839841087831,-3.704839841087831
-3.6970265674652056,-3.6970265674652056
-3.6892156535502956,-3.6892156535502956
-3.6814071084200344,-3.6814071084200344
-3.6736009410833974,-3.6736009410833974
-3.6657971604817474,-3.6657971604817474
-3.657995775489176,-3.657995775489176
-3.650196794912841,-3.650196794912841
-3.642400227493307,-3.642400227493307
-3.634606081904877,-3.634606081904877
-3.62681436675592,-3.62681436675592
-3.619025090589204,-3.619025090589204
-3.6112382618822134,-3.6112382618822134
-3.6034538890474783,-3.6034538890474783
-3.595671980432885,-3.595671980432885
-3.5878925443219996,-3.5878925443219996
-3.580115588934373,-3.580115588934373
-3.5723411224258563,-3.5723411224258563
-3.5645691528889096,-3.5645691528889096
-3.556799688352898,-3.556799688352898
-3.5490327367844032,-3.5490327367844032
-3.541268306087517,-3.541268306087517
-3.533506404104139,-3.533506404104139
-3.525747038614271,-3.525747038614271
-3.517990217336306,-3.517990217336306
-3.51023594792732,-3.51023594792732
-3.502484237983356,-3.502484237983356
-3.4947350950397076,-3.4947350950397076
-3.4869885265711997,-3.4869885265711997
-3.4792445399924676,-3.4792445399924676
-3.471503142658232,-3.471503142658232
-3.4637643418635746,-3.4637643418635746
-3.4560281448442063,-3.4560281448442063
-3.4482945587767366,-3.4482945587767366
-3.4405635907789422,-3.4405635907789422
-3.432835247910026,-3.432835247910026
-3.425109537170887,-3.425109537170887
-3.4173864655043684,-3.4173864655043684
-3.4096660397955247,-3.4096660397955247
-3.4019482668718704,-3.4019482668718704
-3.3942331535036323,-3.3942331535036323
-3.3865207064040037,-3.3865207064040037
-3.378810932229391,-3.378810932229391
-3.3711038375796547,-3.3711038375796547
-3.363399428998361,-3.363399428998361
-3.3556977129730168,-3.3556977129730168
-3.347998695935311,-3.347998695935311
-3.3403023842613524,-3.3403023842613524
-3.3326087842719048,-3.3326087842719048
-3.324917902232619,-3.324917902232619
-3.317229744354264,-3.317229744354264
-3.3095443167929566,-3.3095443167929566
-3.301861625650388,-3.301861625650388
-3.2941816769740484,-3.2941816769740484
-3.28650447675745,-3.28650447675745
-3.2788300309403473,-3.2788300309403473
-3.271158345408957,-3.271158345408957
-3.263489425996175,-3.263489425996175
-3.2558232784817926,-3.2558232784817926
-3.2481599085927066,-3.2481599085927066
-3.2404993220031324,-3.2404993220031324
-3.2328415243348148,-3.2328415243348148
-3.225186521157234,-3.225186521157234
-3.2175343179878118,-3.2175343179878118
-3.209884920292113,-3.209884920292113
-3.202238333484054,-3.202238333484054
-3.1945945629260986,-3.1945945629260986
-3.1869536139294548,-3.1869536139294548
-3.1793154917542754,-3.1793154917542754
-3.1716802016098526,-3.1716802016098526
-3.1640477486548098,-3.1640477486548098
-3.156418137997293,-3.156418137997293
-3.148791374695165,-3.148791374695165
-3.141167463756187,-3.141167463756187
-3.133546410138211,-3.133546410138211
-3.1259282187493604,-3.1259282187493604
-3.118312894448218,-3.118312894448218
-3.1107004420440023,-3.1107004420440023
-3.103090866296752,-3.103090866296752
-3.095484171917502,-3.095484171917502
-3.087880363568462,-3.087880363568462
-3.0802794458631895,-3.0802794458631895
-3.0726814233667645,-3.0726814233667645
-3.065086300595964,-3.065086300595964
-3.057494082019429,-3.057494082019429
-3.049904772057836,-3.049904772057836
-3.0423183750840637,-3.0423183750840637
-3.0347348954233584,-3.0347348954233584
-3.0271543373535006,-3.0271543373535006
-3.0195767051049662,-3.0195767051049662
-3.0120020028610903,-3.0120020028610903
-3.004430234758225,-3.004430234758225
-2.9968614048858977,-2.9968614048858977
-2.9892955172869735,-2.9892955172869735
-2.981732575957805,-2.981732575957805
-2.9741725848483904,-2.9741725848483904
-2.9666155478625256,-2.9666155478625256
-2.959061468857955,-2.959061468857955
-2.951510351646524,-2.951510351646524
-2.9439621999943264,-2.9439621999943264
-2.9364170176218525,-2.9364170176218525
-2.928874808204135,-2.928874808204135
-2.921335575370895,-2.921335575370895
-2.9137993227066827,-2.9137993227066827
-2.9062660537510263,-2.9062660537510263
-2.898735771998564,-2.898735771998564
-2.891208480899191,-2.891208480899191
-2.8836841838581946,-2.8836841838581946
-2.876162884236391,-2.876162884236391
-2.8686445853502653,-2.8686445853502653
-2.861129290472099,-2.861129290472099
-2.853617002830111,-2.853617002830111
-2.8461077256085834,-2.8461077256085834
-2.838601461947998,-2.838601461947998
-2.831098214945161,-2.831098214945161
-2.823597987653335,-2.823597987653335
-2.816100783082364,-2.816100783082364
-2.8086066041988023,-2.8086066041988023
-2.801115453926036,-2.801115453926036
-2.7936273351444103,-2.7936273351444103
-2.7861422506913476,-2.7861422506913476
-2.778660203361474,-2.778660203361474
-2.7711811959067356,-2.7711811959067356
-2.76370523103652,-2.76370523103652
-2.7562323114177723,-2.7562323114177723
-2.748762439675116,-2.748762439675116
-2.741295618390961,-2.741295618390961
-2.7338318501056293,-2.7338318501056293
-2.726371137317456,-2.726371137317456
-2.718913482482913,-2.718913482482913
-2.711458888016713,-2.711458888016713
-2.704007356291924,-2.704007356291924
-2.696558889640073,-2.696558889640073
-2.6891134903512626,-2.6891134903512626
-2.681671160674271,-2.681671160674271
-2.6742319028166603,-2.6742319028166603
-2.6667957189448823,-2.6667957189448823
-2.6593626111843816,-2.6593626111843816
-2.6519325816196977,-2.6519325816196977
-2.64450563229457,-2.64450563229457
-2.6370817652120344,-2.6370817652120344
-2.629660982334528,-2.629660982334528
-2.6222432855839797,-2.6222432855839797
-2.6148286768419227,-2.6148286768419227
-2.6074171579495737,-2.6074171579495737
-2.6000087307079425,-2.6000087307079425
-2.592603396877921,-2.592603396877921
-2.5852011581803764,-2.5852011581803764
-2.577802016296249,-2.577802016296249
-2.5704059728666366,-2.5704059728666366
-2.563013029492896,-2.563013029492896
-2.5556231877367224,-2.5556231877367224
-2.548236449120245,-2.548236449120245
-2.5408528151261143,-2.5408528151261143
-2.533472287197588,-2.533472287197588
-2.526094866738621,-2.526094866738621
-2.5187205551139433,-2.5187205551139433
-2.511349353649152,-2.511349353649152
-2.503981263630795,-2.503981263630795
-2.496616286306447,-2.496616286306447
-2.4892544228847986,-2.4892544228847986
-2.481895674535732,-2.481895674535732
-2.474540042390405,-2.474540042390405
-2.4671875275413293,-2.4671875275413293
-2.459838131042447,-2.459838131042447
-2.452491853909209,-2.452491853909209
-2.4451486971186513,-2.4451486971186513
-2.4378086616094765,-2.4378086616094765
-2.4304717482821165,-2.4304717482821165
-2.4231379579988195,-2.4231379579988195
-2.415807291583714,-2.415807291583714
-2.4084797498228863,-2.4084797498228863
-2.4011553334644504,-2.4011553334644504
-2.3938340432186176,-2.3938340432186176
-2.386515879757768,-2.386515879757768
-2.3792008437165215,-2.3792008437165215
-2.3718889356918003,-2.3718889356918003
-2.3645801562429014,-2.3645801562429014
-2.357274505891561,-2.357274505891561
-2.3499719851220235,-2.3499719851220235
-2.3426725943810993,-2.3426725943810993
-2.335376334078239,-2.335376334078239
-2.328083204585588,-2.328083204585588
-2.3207932062380547,-2.3207932062380547
-2.3135063393333697,-2.3135063393333697
-2.3062226041321487,-2.3062226041321487
-2.298942000857951,-2.298942000857951
-2.29166452969734,-2.29166452969734
-2.2843901907999444,-2.2843901907999444
-2.277118984278511,-2.277118984278511
-2.2698509102089663,-2.2698509102089663
-2.262585968630472,-2.262585968630472
-2.2553241595454807,-2.2553241595454807
-2.2480654829197904,-2.2480654829197904
-2.240809938682599,-2.240809938682599
-2.2335575267265817,-2.2335575267265817
-2.2263082469078497,-2.2263082469078497
-2.219062099046145,-2.219062099046145
-2.2118190829247686,-2.2118190829247686
-2.204579198290784,-2.204579198290784
-2.1973424448548173,-2.1973424448548173
-2.1901088222913487,-2.1901088222913487
-2.1828783302386485,-2.1828783302386485
-2.1756509682988394,-2.1756509682988394
-2.168426736037949,-2.168426736037949
-2.1612056329859537,-2.1612056329859537
-2.153987658636828,-2.153987658636828
-2.146772812448583,-2.146772812448583
-2.1395610938433176,-2.1395610938433176
-2.1323525022072585,-2.1323525022072585
-2.1251470368908043,-2.1251470368908043
-2.117944697208565,-2.117944697208565
-2.11074548243941,-2.11074548243941
-2.1035493918265007,-2.1035493918265007
-2.0963564245773383,-2.0963564245773383
-2.0891665798637966,-2.0891665798637966
-2.081979856822168,-2.081979856822168
-2.0747962545531933,-2.0747962545531933
-2.067615772122109,-2.067615772122109
-2.060438408558675,-2.060438408558675
-2.053264162857218,-2.053264162857218
-2.046093033976661,-2.046093033976661
-2.0389250208405634,-2.0389250208405634
-2.0317601223371513,-2.0317601223371513
-2.024598337319356,-2.024598337319356
-2.017439664604839,-2.017439664604839
-2.0102841029760343,-2.0102841029760343
-2.003131651180171,-2.003131651180171
-1.9959823079293104,-1.9959823079293104
-1.988836071900373,-1.988836071900373
-1.9816929417351725,-1.9816929417351725
-1.9745529160404376,-1.9745529160404376
-1.967415993387849,-1.967415993387849
-1.960282172314061,-1.960282172314061
-1.953151451320732,-1.953151451320732
-1.94602382887455,-1.94602382887455
-1.9388993034072601,-1.9388993034072601
-1.9317778733156847,-1.9317778733156847
-1.9246595369617578,-1.9246595369617578
-1.9175442926725388,-1.9175442926725388
-1.9104321387402448,-1.9104321387402448
-1.9033230734222664,-1.9033230734222664
-1.896217094941197,-1.896217094941197
-1.8891142014848457,-1.8891142014848457
-1.8820143912062701,-1.8820143912062701
-1.874917662223784,-1.874917662223784
-1.86782401262099,-1.86782401262099
-1.8607334404467872,-1.8607334404467872
-1.8536459437153991,-1.8536459437153991
-1.8465615204063852,-1.8465615204063852
-1.8394801684646644,-1.8394801684646644
-1.8324018858005258,-1.8324018858005258
-1.8253266702896522,-1.8253266702896522
-1.8182545197731272,-1.8182545197731272
-1.81118543205746,-1.81118543205746
-1.804119404914592,-1.804119404914592
-1.797056436081916,-1.797056436081916
-1.7899965232622859,-1.7899965232622859
-1.782939664124032,-1.782939664124032
-1.7758858563009745,-1.7758858563009745
-1.768835097392433,-1.768835097392433
-1.7617873849632368,-1.7617873849632368
-1.754742716543737,-1.754742716543737
-1.747701089629818,-1.747701089629818
-1.7406625016829054,-1.7406625016829054
-1.7336269501299733,-1.7336269501299733
-1.726594432363555,-1.726594432363555
-1.7195649457417501,-1.7195649457417501
-1.7125384875882321,-1.7125384875882321
-1.7055150551922529,-1.7055150551922529
-1.6984946458086525,-1.6984946458086525
-1.6914772566578602,-1.6914772566578602
-1.6844628849259047,-1.6844628849259047
-1.6774515277644129,-1.6774515277644129
-1.6704431822906172,-1.6704431822906172
-1.663437845587359,-1.663437845587359
-1.65643551470309,-1.65643551470309
-1.6494361866518745,-1.6494361866518745
-1.642439858413391,-1.642439858413391
-1.635446526932934,-1.635446526932934
-1.6284561891214153,-1.6284561891214153
-1.6214688418553602,-1.6214688418553602
-1.614484481976912,-1.614484481976912
-1.6075031062938263,-1.6075031062938263
-1.600524711579473,-1.600524711579473
-1.5935492945728325,-1.5935492945728325
-1.5865768519784906,-1.5865768519784906
-1.5796073804666402,-1.5796073804666402
-1.5726408766730744,-1.5726408766730744
-1.565677337199181,-1.565677337199181
-1.558716758611939,-1.558716758611939
-1.5517591374439146,-1.5517591374439146
-1.5448044701932544,-1.5448044701932544
-1.5378527533236748,-1.5378527533236748
-1.5309039832644604,-1.5309039832644604
-1.5239581564104547,-1.5239581564104547
-1.517015269122052,-1.517015269122052
-1.5100753177251858,-1.5100753177251858
-1.5031382985113226,-1.5031382985113226
-1.4962042077374527,-1.4962042077374527
-1.489273041626079,-1.489273041626079
-1.4823447963652037,-1.4823447963652037
-1.4754194681083206,-1.4754194681083206
-1.468497052974401,-1.468497052974401
-1.461577547047883,-1.461577547047883
-1.4546609463786555,-1.4546609463786555
-1.447747246982048,-1.447747246982048
-1.440836444838815,-1.440836444838815
-1.4339285358951221,-1.4339285358951221
-1.4270235160625298,-1.4270235160625298
-1.4201213812179767,-1.4201213812179767
-1.4132221272037693,-1.4132221272037693
-1.4063257498275583,-1.4063257498275583
-1.3994322448623253,-1.3994322448623253
-1.3925416080463628,-1.3925416080463628
-1.3856538350832588,-1.3856538350832588
-1.3787689216418761,-1.3787689216418761
-1.3718868633563324,-1.3718868633563324
-1.3650076558259816,-1.3650076558259816
-1.3581312946153934,-1.3581312946153934
-1.3512577752543338,-1.3512577752543338
-1.3443870932377389,-1.3443870932377389
-1.3375192440256973,-1.3375192440256973
-1.3306542230434277,-1.3306542230434277
-1.3237920256812545,-1.3237920256812545
-1.3169326472945826,-1.3169326472945826
-1.3100760832038756,-1.3100760832038756
-1.3032223286946327,-1.3032223286946327
-1.2963713790173594,-1.2963713790173594
-1.289523229387546,-1.289523229387546
-1.2826778749856373,-1.2826778749856373
-1.2758353109570102,-1.2758353109570102
-1.2689955324119442,-1.2689955324119442
-1.2621585344255932,-1.2621585344255932
-1.2553243120379582,-1.2553243120379582
-1.248492860253859,-1.248492860253859
-1.2416641740429029,-1.2416641740429029
-1.2348382483394582,-1.2348382483394582
-1.2280150780426182,-1.2280150780426182
-1.2211946580161794,-1.2211946580161794
-1.2143769830885989,-1.2143769830885989
-1.207562048052973,-1.207562048052973
-1.2007498476669947,-1.2007498476669947
-1.1939403766529317,-1.1939403766529317
-1.1871336296975818,-1.1871336296975818
-1.180329601452249,-1.180329601452249
-1.1735282865326981,-1.1735282865326981
-1.1667296795191324,-1.1667296795191324
-1.1599337749561454,-1.1599337749561454
-1.1531405673526938,-1.1531405673526938
-1.146350051182055,-1.146350051182055
-1.1395622208817957,-1.1395622208817957
-1.1327770708537261,-1.1327770708537261
-1.1259945954638715,-1.1259945954638715
-1.1192147890424227,-1.1192147890424227
-1.1124376458837066,-1.1124376458837066
-1.1056631602461393,-1.1056631602461393
-1.0988913263521907,-1.0988913263521907
-1.0921221383883373,-1.0921221383883373
-1.085355590505029,-1.085355590505029
-1.0785916768166384,-1.0785916768166384
-1.0718303914014264,-1.0718303914014264
-1.0650717283014912,-1.0650717283014912
-1.058315681522733,-1.058315681522733
-1.0515622450348008,-1.0515622450348008
-1.044811412771057,-1.044811412771057
-1.0380631786285242,-1.0380631786285242
-1.0313175364678424,-1.0313175364678424
-1.0245744801132264,-1.0245744801132264
-1.0178340033524136,-1.0178340033524136
-1.011096099936618,-1.011096099936618
-1.0043607635804832,-1.0043607635804832
-0.9976279879620348,-0.9976279879620348
-0.9908977667226289,-0.9908977667226289
-0.9841700934669043,-0.9841700934669043
-0.9774449617627312,-0.9774449617627312
-0.9707223651411615,-0.9707223651411615
-0.9640022970963789,-0.9640022970963789
-0.9572847510856428,-0.9572847510856428
-0.9505697205292402,-0.9505697205292402
-0.9438571988104314,-0.9438571988104314
-0.9371471792753976,-0.9371471792753976
-0.9304396552331832,-0.9304396552331832
-0.9237346199556455,-0.9237346199556455
-0.9170320666773991,-0.9170320666773991
-0.9103319885957585,-0.9103319885957585
-0.9036343788706829,-0.9036343788706829
-0.8969392306247179,-0.8969392306247179
-0.8902465369429424,-0.8902465369429424
-0.883556290872906,-0.883556290872906
-0.8768684854245734,-0.8768684854245734
-0.870183113570264,-0.870183113570264
-0.8635001682445932,-0.8635001682445932
-0.8568196423444137,-0.8568196423444137
-0.8501415287287514,-0.8501415287287514
-0.8434658202187452,-0.8434658202187452
-0.8367925095975892,-0.8367925095975892
-0.8301215896104653,-0.8301215896104653
-0.8234530529644818,-0.8234530529644818
-0.8167868923286107,-0.8167868923286107
-0.8101231003336236,-0.8101231003336236
-0.803461669572027,-0.803461669572027
-0.7968025925979956,-0.7968025925979956
-0.790145861927308,-0.790145861927308
-0.7834914700372806,-0.7834914700372806
-0.7768394093667002,-0.7768394093667002
-0.7701896723157554,-0.7701896723157554
-0.7635422512459688,-0.7635422512459688
-0.7568971384801306,-0.7568971384801306
-0.7502543263022281,-0.7502543263022281
-0.7436138069573728,-0.7436138069573728
-0.7369755726517339,-0.7369755726517339
-0.7303396155524657,-0.7303396155524657
-0.7237059277876375,-0.7237059277876375
-0.7170745014461577,-0.7170745014461577
-0.7104453285777035,-0.7104453285777035
-0.7038184011926489,-0.7038184011926489
-0.6971937112619886,-0.6971937112619886
-0.6905712507172629,-0.6905712507172629
-0.6839510114504833,-0.6839510114504833
-0.6773329853140573,-0.6773329853140573
-0.6707171641207128,-0.6707171641207128
-0.6641035396434172,-0.6641035396434172
-0.6574921036153026,-0.6574921036153026
-0.6508828477295898,-0.6508828477295898
-0.6442757636395046,-0.6442757636395046
-0.6376708429582006,-0.6376708429582006
-0.6310680772586799,-0.6310680772586799
-0.624467458073711,-0.624467458073711
-0.6178689768957497,-0.6178689768957497
-0.6112726251768528,-0.6112726251768528
-0.6046783943286,-0.6046783943286
-0.5980862757220089,-0.5980862757220089
-0.5914962606874514,-0.5914962606874514
-0.5849083405145689,-0.5849083405145689
-0.5783225064521857,-0.5783225064521857
-0.5717387497082276,-0.5717387497082276
-0.565157061449632,-0.565157061449632
-0.5585774328022625,-0.5585774328022625
-0.5519998548508177,-0.5519998548508177
-0.5454243186387497,-0.5454243186387497
-0.53885081516817,-0.53885081516817
-0.5322793353997612,-0.5322793353997612
-0.5257098702526848,-0.5257098702526848
-0.5191424106044967,-0.5191424106044967
-0.5125769472910485,-0.5125769472910485
-0.5060134711063988,-0.5060134711063988
-0.49945197280271997,-0.49945197280271997
-0.4928924430902048,-0.4928924430902048
-0.4863348726369727,-0.4863348726369727
-0.47977925206897315,-0.47977925206897315
-0.47322557196989096,-0.47322557196989096
-0.46667382288105264,-0.46667382288105264
-0.4601239953013268,-0.4601239953013268
-0.4535760796870263,-0.4535760796870263
-0.4470300664518116,-0.4470300664518116
-0.44048594596659213,-0.44048594596659213
-0.4339437085594262,-0.4339437085594262
-0.42740334451542045,-0.42740334451542045
-0.4208648440766283,-0.4208648440766283
-0.41432819744195054,-0.41432819744195054
-0.4077933947670324,-0.4077933947670324
-0.4012604261641585,-0.4012604261641585
-0.3947292817021503,-0.3947292817021503
-0.3881999514062643,-0.3881999514062643
-0.3816724252580839,-0.3816724252580839
-0.37514669319541416,-0.37514669319541416
-0.3686227451121745,-0.3686227451121745
-0.3621005708582957,-0.3621005708582957
-0.3555801602396072,-0.3555801602396072
-0.34906150301773015,-0.34906150301773015
-0.3425445889099676,-0.3425445889099676
-0.3360294075891982,-0.3360294075891982
-0.32951594868375755,-0.32951594868375755
-0.32300420177733624,-0.32300420177733624
-0.31649415640885814,-0.31649415640885814
-0.30998580207237675,-0.30998580207237675
-0.3034791282169513,-0.3034791282169513
-0.29697412424654396,-0.29697412424654396
-0.29047077951989303,-0.29047077951989303
-0.28396908335040444,-0.28396908335040444
-0.27746902500603404,-0.27746902500603404
-0.27097059370916865,-0.27097059370916865
-0.2644737786365072,-0.2644737786365072
-0.2579785689189424,-0.2579785689189424
-0.2514849536414438,-0.2514849536414438
-0.24499292184293398,-0.24499292184293398
-0.23850246251616766,-0.23850246251616766
-0.23201356460760955,-0.23201356460760955
-0.22552621701731423,-0.22552621701731423
-0.2190404085988003,-0.2190404085988003
-0.21255612815892455,-0.21255612815892455
-0.20607336445775923,-0.20607336445775923
-0.19959210620846637,-0.19959210620846637
-0.19311234207717012,-0.19311234207717012
-0.18663406068282762,-0.18663406068282762
-0.1801572505971018,-0.1801572505971018
-0.17368190034423509,-0.17368190034423509
-0.16720799840091569,-0.16720799840091569
-0.16073553319614764,-0.16073553319614764
-0.15426449311111917,-0.15426449311111917
-0.14779486647907228,-0.14779486647907228
-0.14132664158516764,-0.14132664158516764
-0.13485980666635072,-0.13485980666635072
-0.12839434991121573,-0.12839434991121573
-0.1219302594598731,-0.1219302594598731
-0.1154675234038115,-0.1154675234038115
-0.10900612978575838,-0.10900612978575838
-0.10254606659954313,-0.10254606659954313
-0.09608732178996005,-0.09608732178996005
-0.08962988325262644,-0.08962988325262644
-0.08317373883384015,-0.08317373883384015
-0.07671887633044071,-0.07671887633044071
-0.07026528348966608,-0.07026528348966608
-0.06381294800900919,-0.06381294800900919
-0.05736185753607262,-0.05736185753607262
-0.05091199966842382,-0.05091199966842382
-0.044463361953451054,-0.044463361953451054
-0.03801593188821398,-0.03801593188821398
-0.0315696969192969,-0.0315696969192969
-0.025124644442658873,-0.025124644442658873
-0.01868076180348697,-0.01868076180348697
-0.012238036296043033,-0.012238036296043033
-0.005796455163512691,-0.005796455163512691
0.0006439944021470625,0.0006439944021470625
0.007083325260358703,0.007083325260358703
0.013521550322081058,0.013521550322081058
0.01995868254996672,0.01995868254996672
0.026394734958508595,0.026394734958508595
0.032829720614210536,0.032829720614210536
0.03926365263573205,0.03926365263573205
0.045696544194059156,0.045696544194059156
0.05212840851265148,0.05212840851265148
0.05855925886761749,0.05855925886761749
0.06498910858786017,0.06498910858786017
0.07141797105525598,0.07141797105525598
0.07784585970480463,0.07784585970480463
0.08427278802480517,0.08427278802480517
0.09069876955701058,0.09069876955701058
0.09712381789680491,0.09712381789680491
0.10354794669336505,0.10354794669336505
0.10997116964982717,0.10997116964982717
0.11639350052346473,0.11639350052346473
0.12281495312584793,0.12281495312584793
0.12923554132302756,0.12923554132302756
0.1356552790356961,0.1356552790356961
0.14207418023937085,0.14207418023937085
0.14849225896456075,0.14849225896456075
0.15490952929695012,0.15490952929695012
0.16132600537756664,0.16132600537756664
0.16774170140296793,0.16774170140296793
0.17415663162541206,0.17415663162541206
0.18057081035304717,0.18057081035304717
0.18698425195007973,0.18698425195007973
0.1933969708369706,0.1933969708369706
0.19980898149060622,0.19980898149060622
0.20622029844449347,0.20622029844449347
0.21263093628893173,0.21263093628893173
0.21904090967121534,0.21904090967121534
0.2254502332958068,0.2254502332958068
0.2318589219245345,0.2318589219245345
0.238266990376776,0.238266990376776
0.24467445352965755,0.24467445352965755
0.25108132631823377,0.25108132631823377
0.2574876237356933,0.2574876237356933
0.2638933608335424,0.2638933608335424
0.27029855272180947,0.27029855272180947
0.2767032145692334,0.2767032145692334
0.283107361603468,0.283107361603468
0.2895110091112745,0.2895110091112745
0.2959141724387279,0.2959141724387279
0.3023168669914115,0.3023168669914115
0.30871910823462734,0.30871910823462734
0.3151209116935887,0.3151209116935887
0.3215222929536375,0.3215222929536375
0.32792326766043817,0.32792326766043817
0.3343238515201954,0.3343238515201954
0.340724060299852,0.340724060299852
0.3471239098273099,0.3471239098273099
0.35352341599162745,0.35352341599162745
0.35992259474324634,0.35992259474324634
0.36632146209419053,0.36632146209419053
0.37272003411829324,0.37272003411829324
0.37911832695140063,0.37911832695140063
0.3855163567916014,0.3855163567916014
0.39191413989943336,0.39191413989943336
0.39831169259811194,0.39831169259811194
0.40470903127374397,0.40470903127374397
0.4111061723755569,0.4111061723755569
0.4175031324161137,0.4175031324161137
0.42389992797154735,0.42389992797154735
0.43029657568177726,0.43029657568177726
0.4366930922507456,0.4366930922507456
0.4430894944466361,0.4430894944466361
0.44948579910211606,0.44948579910211606
0.4558820231145541,0.4558820231145541
0.46227818344626603,0.46227818344626603
0.46867429712473807,0.46867429712473807
0.47507038124287215,0.47507038124287215
0.4814664529592107,0.4814664529592107
0.4878625294981889,0.4878625294981889
0.49425862815036165,0.49425862815036165
0.5006547662726555,0.5006547662726555
0.5070509612885987,0.5070509612885987
0.51344723068858,0.51344723068858
0.5198435920300774,0.5198435920300774
0.5262400629379215,0.5262400629379215
0.5326366611045286,0.5326366611045286
0.5390334042901637,0.5390334042901637
0.5454303103231772,0.5454303103231772
0.5518273971002751,0.5518273971002751
0.558224682586753,0.558224682586753
0.5646221848167706,0.5646221848167706
0.5710199218935932,0.5710199218935932
0.5774179119898616,0.5774179119898616
0.5838161733478434,0.5838161733478434
0.5902147242797045,0.5902147242797045
0.5966135831677585,0.5966135831677585
0.6030127684647468,0.6030127684647468
0.6094122986940909,0.6094122986940909
0.6158121924501708,0.6158121924501708
0.6222124683985871,0.6222124683985871
0.6286131452764377,0.6286131452764377
0.6350142418925829,0.6350142418925829
0.6414157771279287,0.6414157771279287
0.6478177699356941,0.6478177699356941
0.6542202393416958,0.6542202393416958
0.6606232044446183,0.6606232044446183
0.6670266844163066,0.6670266844163066
0.6734306985020333,0.6734306985020333
0.6798352660208,0.6798352660208
0.6862404063656059,0.6862404063656059
0.6926461390037483,0.6926461390037483
0.6990524834771024,0.6990524834771024
0.7054594594024204,0.7054594594024204
0.7118670864716135,0.7118670864716135
0.7182753844520591,0.7182753844520591
0.7246843731868827,0.7246843731868827
0.7310940725952685,0.7310940725952685
0.7375045026727466,0.7375045026727466
0.7439156834915082,0.7439156834915082
0.7503276352006912,0.7503276352006912
0.7567403780267047,0.7567403780267047
0.7631539322735157,0.7631539322735157
0.7695683183229758,0.7695683183229758
0.775983556635115,0.775983556635115
0.7823996677484697,0.7823996677484697
0.78881667228038,0.78881667228038
0.7952345909273222,0.7952345909273222
0.8016534444652108,0.8016534444652108
0.8080732537497334,0.8080732537497334
0.8144940397166563,0.8144940397166563
0.8209158233821613,0.8209158233821613
0.8273386258431661,0.8273386258431661
0.8337624682776481,0.8337624682776481
0.8401873719449758,0.8401873719449758
0.8466133581862441,0.8466133581862441
0.8530404484246056,0.8530404484246056
0.8594686641655999,0.8594686641655999
0.8658980269974953,0.8658980269974953
0.8723285585916309,0.8723285585916309
0.8787602807027562,0.8787602807027562
0.8851932151693691,0.8851932151693691
0.8916273839140638,0.8916273839140638
0.8980628089438843,0.8980628089438843
0.9044995123506697,0.9044995123506697
0.9109375163113995,0.9109375163113995
0.917376843088555,0.917376843088555
0.9238175150304766,0.9238175150304766
0.930259554571717,0.930259554571717
0.9367029842334006,0.9367029842334006
0.9431478266235872,0.9431478266235872
0.9495941044376404,0.9495941044376404
0.9560418404585916,0.9560418404585916
0.9624910575575052,0.9624910575575052
0.9689417786938523,0.9689417786938523
0.975394026915889,0.975394026915889
0.9818478253610263,0.9818478253610263
0.9883031972562073,0.9883031972562073
0.9947601659182939,0.9947601659182939
1.0012187547544387,1.0012187547544387
1.0076789872624854,1.0076789872624854
1.0141408870313373,1.0141408870313373
1.0206044777413654,1.0206044777413654
1.0270697831647828,1.0270697831647828
1.0335368271660572,1.0335368271660572
1.0400056337022898,1.0400056337022898
1.0464762268236287,1.0464762268236287
1.0529486306736597,1.0529486306736597
1.0594228694898211,1.0594228694898211
1.0658989676037978,1.0658989676037978
1.0723769494419442,1.0723769494419442
1.0788568395256812,1.0788568395256812
1.0853386624719246,1.0853386624719246
1.0918224429934886,1.0918224429934886
1.098308205899516,1.098308205899516
1.1047959760958903,1.1047959760958903
1.111285778585671,1.111285778585671
1.1177776384695057,1.1177776384695057
1.1242715809460784,1.1242715809460784
1.130767631312522,1.130767631312522
1.1372658149648716,1.1372658149648716
1.1437661573984839,1.1437661573984839
1.1502686842084977,1.1502686842084977
1.1567734210902558,1.1567734210902558
1.16328039383977,1.16328039383977
1.1697896283541547,1.1697896283541547
1.1763011506320888,1.1763011506320888
1.1828149867742592,1.1828149867742592
1.1893311629838343,1.1893311629838343
1.1958497055669013,1.1958497055669013
1.2023706409329522,1.2023706409329522
1.2088939955953302,1.2088939955953302
1.2154197961717113,1.2154197961717113
1.2219480693845675,1.2219480693845675
1.2284788420616477,1.2284788420616477
1.2350121411364468,1.2350121411364468
1.2415479936486982,1.2415479936486982
1.2480864267448402,1.2480864267448402
1.2546274676785225,1.2546274676785225
1.261171143811076,1.261171143811076
1.2677174826120212,1.2677174826120212
1.2742665116595524,1.2742665116595524
1.2808182586410453,1.2808182586410453
1.2873727513535498,1.2873727513535498
1.2939300177043058,1.2939300177043058
1.3004900857112391,1.3004900857112391
1.3070529835034865,1.3070529835034865
1.3136187393218954,1.3136187393218954
1.3201873815195584,1.3201873815195584
1.3267589385623182,1.3267589385623182
1.3333334390293055,1.3333334390293055
1.3399109116134578,1.3399109116134578
1.3464913851220572,1.3464913851220572
1.3530748884772574,1.3530748884772574
1.359661450716633,1.359661450716633
1.3662511009937075,1.3662511009937075
1.3728438685785118,1.3728438685785118
1.379439782858119,1.379439782858119
1.3860388733372124,1.3860388733372124
1.3926411696386216,1.3926411696386216
1.399246701503902,1.399246701503902
1.4058554987938792,1.4058554987938792
1.4124675914892313,1.4124675914892313
1.4190830096910425,1.4190830096910425
1.425701783621395,1.425701783621395
1.4323239436239281,1.4323239436239281
1.438949520164435,1.438949520164435
1.4455785438314337,1.4455785438314337
1.4522110453367696,1.4522110453367696
1.4588470555161925,1.4588470555161925
1.4654866053299707,1.4654866053299707
1.4721297258634714,1.4721297258634714
1.478776448327784,1.478776448327784
1.4854268040603107,1.4854268040603107
1.4920808245253945,1.4920808245253945
1.49873854131492,1.49873854131492
1.5053999861489475,1.5053999861489475
1.5120651908763232,1.5120651908763232
1.5187341874753213,1.5187341874753213
1.5254070080542614,1.5254070080542614
1.5320836848521617,1.5320836848521617
1.5387642502393608,1.5387642502393608
1.5454487367181813,1.5454487367181813
1.5521371769235601,1.5521371769235601
1.5588296036237217,1.5588296036237217
1.5655260497208145,1.5655260497208145
1.5722265482515942,1.5722265482515942
1.5789311323880684,1.5789311323880684
1.5856398354381889,1.5856398354381889
1.5923526908465069,1.5923526908465069
1.5990697321948724,1.5990697321948724
1.6057909932030943,1.6057909932030943
1.6125165077296555,1.6125165077296555
1.6192463097723901,1.6192463097723901
1.6259804334691823,1.6259804334691823
1.632718913098669,1.632718913098669
1.6394617830809564,1.6394617830809564
1.646209077978323,1.646209077978323
1.6529608324959377,1.6529608324959377
1.6597170814825786,1.6597170814825786
1.6664778599313688,1.6664778599313688
1.6732432029805036,1.6732432029805036
1.6800131459139787,1.6800131459139787
1.6867877241623395,1.6867877241623395
1.6935669733034293,1.6935669733034293
1.7003509290631371,1.7003509290631371
1.707139627316152,1.707139627316152
1.713933104086722,1.713933104086722
1.720731395549434,1.720731395549434
1.727534538029974,1.727534538029974
1.734342568005905,1.734342568005905
1.7411555221074493,1.7411555221074493
1.7479734371182851,1.7479734371182851
1.7547963499763306,1.7547963499763306
1.7616242977745433,1.7616242977745433
1.7684573177617227,1.7684573177617227
1.7752954473433271,1.7752954473433271
1.7821387240822864,1.7821387240822864
1.7889871856998154,1.7889871856998154
1.7958408700762438,1.7958408700762438
1.8026998152518547,1.8026998152518547
1.8095640594277171,1.8095640594277171
1.8164336409665258,1.8164336409665258
1.8233085983934523,1.8233085983934523
1.8301889703970082,1.8301889703970082
1.8370747958298994,1.8370747958298994
1.8439661137098908,1.8439661137098908
1.850862963220679,1.850862963220679
1.8577653837127845,1.8577653837127845
1.8646734147044228,1.8646734147044228
1.8715870958824001,1.8715870958824001
1.8785064671030063,1.8785064671030063
1.8854315683929346,1.8854315683929346
1.8923624399501777,1.8923624399501777
1.8992991221449456,1.8992991221449456
1.906241655520589,1.906241655520589
1.9131900807945375,1.9131900807945375
1.9201444388592295,1.9201444388592295
1.9271047707830475,1.9271047707830475
1.9340711178112846,1.9340711178112846
1.9410435213670805,1.9410435213670805
1.9480220230524061,1.9480220230524061
1.955006664649011,1.955006664649011
1.9619974881194213,1.9619974881194213
1.968994535607903,1.968994535607903
1.9759978494414712,1.9759978494414712
1.9830074721308721,1.9830074721308721
1.9900234463716007,1.9900234463716007
1.997045815044897,1.997045815044897
2.004074621218787,2.004074621218787
2.0111099081490846,2.0111099081490846
2.018151719280447,2.018151719280447
2.025200098247397,2.025200098247397
2.032255088875391,2.032255088875391
2.039316735181856,2.039316735181856
2.0463850813772706,2.0463850813772706
2.053460171866219,2.053460171866219
2.0605420512484898,2.0605420512484898
2.067630764320145,2.067630764320145
2.07472635607463,2.07472635607463
2.0818288717038613,2.0818288717038613
2.0889383565993533,2.0889383565993533
2.096054856353325,2.096054856353325
2.1031784167598366,2.1031784167598366
2.1103090838159115,2.1103090838159115
2.1174469037226995,2.1174469037226995
2.124591922886608,2.124591922886608
2.1317441879204826,2.1317441879204826
2.1389037456447557,2.1389037456447557
2.146070643088643,2.146070643088643
2.1532449274913166,2.1532449274913166
2.1604266463031085,2.1604266463031085
2.167615847186707,2.167615847186707
2.1748125780183774,2.1748125780183774
2.1820168868891754,2.1820168868891754
2.1892288221061884,2.1892288221061884
2.1964484321937623,2.1964484321937623
2.203675765894766,2.203675765894766
2.2109108721718327,2.2109108721718327
2.2181538002086456,2.2181538002086456
2.2254045994111995,2.2254045994111995
2.2326633194091023,2.2326633194091023
2.239930010056855,2.239930010056855
2.247204721435179,2.247204721435179
2.254487503852306,2.254487503852306
2.2617784078453322,2.2617784078453322
2.2690774841815298,2.2690774841815298
2.2763847838597147,2.2763847838597147
2.283700358111578,2.283700358111578
2.2910242584030804,2.2910242584030804
2.2983565364358056,2.2983565364358056
2.305697244148365,2.305697244148365
2.3130464337177794,2.3130464337177794
2.3204041575609047,2.3204041575609047
2.3277704683358342,2.3277704683358342
2.3351454189433483,2.3351454189433483
2.342529062528329,2.342529062528329
2.3499214524812437,2.3499214524812437
2.3573226424395806,2.3573226424395806
2.3647326862893423,2.3647326862893423
2.3721516381665166,2.3721516381665166
2.379579552458589,2.379579552458589
2.387016483806043,2.387016483806043
2.3944624871038793,2.3944624871038793
2.4019176175031447,2.4019176175031447
2.409381930412494,2.409381930412494
2.41685548149973,2.41685548149973
2.4243383266933725,2.4243383266933725
2.4318305221842427,2.4318305221842427
2.439332124427059,2.439332124427059
2.4468431901420424,2.4468431901420424
2.4543637763165234,2.4543637763165234
2.4618939402065805,2.4618939402065805
2.469433739338689,2.469433739338689
2.47698323151137,2.47698323151137
2.4845424747968594,2.4845424747968594
2.4921115275427885,2.4921115275427885
2.4996904483738893,2.4996904483738893
2.5072792961937007,2.5072792961937007
2.5148781301862813,2.5148781301862813
2.52248700981795,2.52248700981795
2.53010599483905,2.53010599483905
2.5377351452856973,2.5377351452856973
2.5453745214815626,2.5453745214815626
2.553024184039661,2.553024184039661
2.560684193864169,2.560684193864169
2.5683546121522407,2.5683546121522407
2.576035500395836,2.576035500395836
2.5837269203835764,2.5837269203835764
2.5914289342026184,2.5914289342026184
2.5991416042405286,2.5991416042405286
2.6068649931871706,2.6068649931871706
2.6145991640366226,2.6145991640366226
2.622344180089114,2.622344180089114
2.6301001049529575,2.6301001049529575
2.6378670025465007,2.6378670025465007
2.64564493710011,2.64564493710011
2.6534339731581635,2.6534339731581635
2.6612341755810496,2.6612341755810496
2.669045609547193,2.669045609547193
2.676868340555085,2.676868340555085
2.684702434425361,2.684702434425361
2.692547957302855,2.692547957302855
2.7004049756586945,2.7004049756586945
2.708273556292403,2.708273556292403
2.7161537663340396,2.7161537663340396
2.72404567324633,2.72404567324633
2.7319493448268237,2.7319493448268237
2.739864849210076,2.739864849210076
2.7477922548698497,2.7477922548698497
2.7557316306213275,2.7557316306213275
2.7636830456233348,2.7636830456233348
2.771646569380596,2.771646569380596
2.779622271746019,2.779622271746019
2.7876102229229662,2.7876102229229662
2.7956104934675716,2.7956104934675716
2.803623154291063,2.803623154291063
2.811648276662123,2.811648276662123
2.8196859322092434,2.8196859322092434
2.827736192923119,2.827736192923119
2.8357991311590496,2.8357991311590496
2.843874819639379,2.843874819639379
2.8519633314559387,2.8519633314559387
2.8600647400725094,2.8600647400725094
2.86817911932733,2.86817911932733
2.8763065434355863,2.8763065434355863
2.884447086991972,2.884447086991972
2.89260082497322,2.89260082497322
2.9007678327406956,2.9007678327406956
2.9089481860429847,2.9089481860429847
2.917141961018532,2.917141961018532
2.925349234198262,2.925349234198262
2.9335700825082736,2.9335700825082736
2.9418045832725044,2.9418045832725044
2.9500528142154687,2.9500528142154687
2.9583148534649766,2.9583148534649766
2.9665907795549096,2.9665907795549096
2.97488067142799,2.97488067142799
2.9831846084386155,2.9831846084386155
2.9915026703556604,2.9915026703556604
2.9998349373653728,2.9998349373653728
3.008181490074223,3.008181490074223
3.0165424095118474,3.0165424095118474
3.0249177771339486,3.0249177771339486
3.033307674825297,3.033307674825297
3.041712184902679,3.041712184902679
3.0501313901179463,3.0501313901179463
3.0585653736610237,3.0585653736610237
3.067014219163012,3.067014219163012
3.075478010699252,3.075478010699252
3.083956832792476,3.083956832792476
3.092450770415926,3.092450770415926
3.100959908996573,3.100959908996573
3.109484334418289,3.109484334418289
3.118024133025109,3.118024133025109
3.126579391624476,3.126579391624476
3.1351501974905642,3.1351501974905642
3.1437366383675704,3.1437366383675704
3.1523388024731007,3.1523388024731007
3.1609567785015313,3.1609567785015313
3.169590655627454,3.169590655627454
3.178240523509087,3.178240523509087
3.1869064722917915,3.1869064722917915
3.1955885926115513,3.1955885926115513
3.2042869755985475,3.2042869755985475
3.2130017128807036,3.2130017128807036
3.22173289658732,3.22173289658732
3.2304806193526923,3.2304806193526923
3.2392449743198184,3.2392449743198184
3.2480260551440705,3.2480260551440705
3.2568239559969747,3.2568239559969747
3.2656387715699586,3.2656387715699586
3.2744705970781998,3.2744705970781998
3.2833195282644376,3.2833195282644376
3.292185661402893,3.292185661402893
3.3010690933031634,3.3010690933031634
3.3099699213142055,3.3099699213142055
3.3188882433283067,3.3188882433283067
3.3278241577851424,3.3278241577851424
3.336777763675826,3.336777763675826
3.345749160547044,3.345749160547044
3.3547384485051714,3.3547384485051714
3.363745728220498,3.363745728220498
3.372771100931419,3.372771100931419
3.381814668448744,3.381814668448744
3.3908765331599593,3.3908765331599593
3.399956798033621,3.399956798033621
3.409055566623724,3.409055566623724
3.4181729430741403,3.4181729430741403
3.4273090321230897,3.4273090321230897
3.4364639391076763,3.4364639391076763
3.44563776996844,3.44563776996844
3.45483063125396,3.45483063125396
3.4640426301255123,3.4640426301255123
3.4732738743617744,3.4732738743617744
3.482524472363562,3.482524472363562
3.4917945331586098,3.4917945331586098
3.5010841664064136,3.5010841664064136
3.510393482403126,3.510393482403126
3.519722592086476,3.519722592086476
3.529071607040739,3.529071607040739
3.5384406395017813,3.5384406395017813
3.5478298023621355,3.5478298023621355
3.5572392091761302,3.5572392091761302
3.566668974165055,3.566668974165055
3.576119212222403,3.576119212222403
3.585590038919164,3.585590038919164
3.595081570509141,3.595081570509141
3.6045939239343388,3.6045939239343388
3.614127216830419,3.614127216830419
3.623681567532194,3.623681567532194
3.633257095079177,3.633257095079177
3.642853919221182,3.642853919221182
3.6524721604239976,3.6524721604239976
3.662111939875115,3.662111939875115
3.671773379489495,3.671773379489495
3.6814566019154085,3.6814566019154085
3.691161730540338,3.691161730540338
3.70088888949694,3.70088888949694
3.7106382036690584,3.7106382036690584
3.7204097986978,3.7204097986978
3.7302038009876806,3.7302038009876806
3.7400203377128385,3.7400203377128385
3.7498595368233025,3.7498595368233025
3.7597215270513122,3.7597215270513122
3.769606437917725,3.769606437917725
3.779514399738501,3.779514399738501
3.789445543631211,3.789445543631211
3.799400001521643,3.799400001521643
3.8093779061504827,3.8093779061504827
3.8193793910800458,3.8193793910800458
3.829404590701096,3.829404590701096
3.8394536402397113,3.8394536402397113
3.849526675764248,3.849526675764248
3.8596238341923805,3.8596238341923805
3.8697452532981833,3.8697452532981833
3.8798910717193107,3.8798910717193107
3.890061428964262,3.890061428964262
3.900256465419701,3.900256465419701
3.910476322357878,3.910476322357878
3.9207211419440915,3.9207211419440915
3.93099106724428,3.93099106724428
3.941286242232661,3.941286242232661
3.9516068117994707,3.9516068117994707
3.9619529217587584,3.9619529217587584
3.972324718856299,3.972324718856299
3.982722350777582,3.982722350777582
3.9931459661558755,3.9931459661558755
4.003595714580376,4.003595714580376
4.014071746604467,4.014071746604467
4.024574213754054,4.024574213754054
4.035103268535996,4.035103268535996
4.04565906444661,4.04565906444661
4.056241755980304,4.056241755980304
4.066851498638276,4.066851498638276
4.077488448937331,4.077488448937331
4.088152764418762,4.088152764418762
4.098844603657365,4.098844603657365
4.109564126270549,4.109564126270549
4.1203114929275255,4.1203114929275255
4.131086865358611,4.131086865358611
4.141890406364648,4.141890406364648
4.152722279826512,4.152722279826512
4.163582650714745,4.163582650714745
4.174471685099268,4.174471685099268
4.1853895501592255,4.1853895501592255
4.196336414192956,4.196336414192956
4.207312446628041,4.207312446628041
4.2183178180314735,4.2183178180314735
4.229352700119966,4.229352700119966
4.240417265770374,4.240417265770374
4.251511689030206,4.251511689030206
4.262636145128284,4.262636145128284
4.273790810485518,4.273790810485518
4.284975862725814,4.284975862725814
4.29619148068709,4.29619148068709
4.307437844432422,4.307437844432422
4.318715135261339,4.318715135261339
4.330023535721236,4.330023535721236
4.3413632296189135,4.3413632296189135
4.3527344020322705,4.3527344020322705
4.364137239322102,4.364137239322102
4.3755719291440744,4.3755719291440744
4.387038660460825,4.387038660460825
4.3985376235542,4.3985376235542
4.410069010037626,4.410069010037626
4.421633012868659,4.421633012868659
4.433229826361669,4.433229826361669
4.444859646200667,4.444859646200667
4.456522669452283,4.456522669452283
4.468219094578916,4.468219094578916
4.4799491214520435,4.4799491214520435
4.491712951365673,4.491712951365673
4.50351078704995,4.50351078704995
4.515342832684964,4.515342832684964
4.527209293914704,4.527209293914704
4.539110377861176,4.539110377861176
4.551046293138691,4.551046293138691
4.5630172498683415,4.5630172498683415
4.5750234596926616,4.5750234596926616
4.587065135790448,4.587065135790448
4.599142492891749,4.599142492891749
4.61125574729309,4.61125574729309
4.623405116872847,4.623405116872847
4.635590821106816,4.635590821106816
4.647813081083981,4.647813081083981
4.660072119522477,4.660072119522477
4.672368160785767,4.672368160785767
4.684701430899003,4.684701430899003
4.697072157565579,4.697072157565579
4.709480570183931,4.709480570183931
4.721926899864533,4.721926899864533
4.734411379447094,4.734411379447094
4.74693424351798,4.74693424351798
4.759495728427869,4.759495728427869
4.772096072309629,4.772096072309629
4.784735515096413,4.784735515096413
4.797414298539983,4.797414298539983
4.81013266622929,4.81013266622929
4.822890863609287,4.822890863609287
4.835689137999974,4.835689137999974
4.848527738615684,4.848527738615684
4.861406916584651,4.861406916584651
4.874326924968807,4.874326924968807
4.887288018783851,4.887288018783851
4.900290455019548,4.900290455019548
4.913334492660345,4.913334492660345
4.926420392706239,4.926420392706239
4.939548418193898,4.939548418193898
4.952718834218078,4.952718834218078
4.965931907953333,4.965931907953333
4.979187908676015,4.979187908676015
4.992487107786547,4.992487107786547
5.005829778831997,5.005829778831997
5.019216197528981,5.019216197528981
5.032646641786851,5.032646641786851
5.046121391731201,5.046121391731201
5.0596407297276835,5.0596407297276835
5.073204940406165,5.073204940406165
5.086814310685209,5.086814310685209
5.100469129796876,5.100469129796876
5.114169689311862,5.114169689311862
5.127916283165015,5.127916283165015
5.141709207681171,5.141709207681171
5.155548761601353,5.155548761601353
5.169435246109334,5.169435246109334
5.183368964858562,5.183368964858562
5.19735022399949,5.19735022399949
5.211379332207248,5.211379332207248
5.225456600709706,5.225456600709706
5.239582343315963,5.239582343315963
5.253756876445206,5.253756876445206
5.267980519156001,5.267980519156001
5.282253593175956,5.282253593175956
5.296576422931856,5.296576422931856
5.3109493355801956,5.3109493355801956
5.325372661038166,5.325372661038166
5.339846732015049,5.339846732015049
5.354371884044117,5.354371884044117
5.368948455514945,5.368948455514945
5.383576787706226,5.383576787706226
5.398257224819011,5.398257224819011
5.412990114010488,5.412990114010488
5.427775805428234,5.427775805428234
5.442614652244948,5.442614652244948
5.457507010693699,5.457507010693699
5.472453240103729,5.472453240103729
5.487453702936725,5.487453702936725
5.502508764823693,5.502508764823693
5.517618794602297,5.517618794602297
5.532784164354836,5.532784164354836
5.548005249446744,5.548005249446744
5.563282428565674,5.563282428565674
5.578616083761152,5.578616083761152
5.594006600484865,5.594006600484865
5.609454367631536,5.609454367631536
5.6249597775804165,5.6249597775804165
5.640523226237395,5.640523226237395
5.656145113077787,5.656145113077787
5.671825841189763,5.671825841189763
5.687565817318417,5.687565817318417
5.703365451910536,5.703365451910536
5.719225159160066,5.719225159160066
5.735145357054283,5.735145357054283
5.751126467420653,5.751126467420653
5.767168915974446,5.767168915974446
5.783273132367086,5.783273132367086
5.799439550235286,5.799439550235286
5.815668607250915,5.815668607250915
5.831960745171657,5.831960745171657
5.848316409892499,5.848316409892499
5.864736051498037,5.864736051498037
5.881220124315585,5.881220124315585
5.897769086969141,5.897769086969141
5.914383402434227,5.914383402434227
5.931063538093648,5.931063538093648
5.947809965794077,5.947809965794077
5.964623161903594,5.964623161903594
5.98150360737017,5.98150360737017
5.9984517877811125,5.9984517877811125
6.015468193423441,6.015468193423441
6.032553319345271,6.032553319345271
6.049707665418235,6.049707665418235
6.066931736400923,6.066931736400923
6.08422604200334,6.08422604200334
6.10159109695249,6.10159109695249
6.119027421058999,6.119027421058999
6.136535539284902,6.136535539284902
6.154115981812558,6.154115981812558
6.171769284114703,6.171769284114703
6.189495987025692,6.189495987025692
6.20729663681399,6.20729663681399
6.225171785255861,6.225171785255861
6.243121989710324,6.243121989710324
6.261147813195383,6.261147813195383
6.279249824465604,6.279249824465604
6.297428598091009,6.297428598091009
6.315684714537339,6.315684714537339
6.334018760247697,6.334018760247697
6.3524313277256494,6.3524313277256494
6.3709230156197805,6.3709230156197805
6.389494428809706,6.389494428809706
6.4081461784936025,6.4081461784936025
6.426878882277334,6.426878882277334
6.445693164265123,6.445693164265123
6.464589655151857,6.464589655151857
6.483568992317,6.483568992317
6.502631819920277,6.502631819920277
6.521778788999019,6.521778788999019
6.541010557567297,6.541010557567297
6.560327790716816,6.560327790716816
6.579731160719713,6.579731160719713
6.5992213471332075,6.5992213471332075
6.61879903690615,6.61879903690615
6.63846492448756,6.63846492448756
6.658219711937161,6.658219711937161
6.678064109038012,6.678064109038012
6.69799883341117,6.69799883341117
6.718024610632528,6.718024610632528
6.738142174351863,6.738142174351863
6.75835226641413,6.75835226641413
6.77865563698304,6.77865563698304
6.799053044666949,6.799053044666949
6.819545256647219,6.819545256647219
6.840133048809018,6.840133048809018
6.860817205874598,6.860817205874598
6.881598521539168,6.881598521539168
6.902477798609403,6.902477798609403
6.923455849144678,6.923455849144678
6.944533494600993,6.944533494600993
6.965711565977757,6.965711565977757
6.986990903967466,6.986990903967466
7.008372359108363,7.008372359108363
7.029856791940057,7.029856791940057
7.0514450731622995,7.0514450731622995
7.073138083796917,7.073138083796917
7.094936715353026,7.094936715353026
7.116841869995536,7.116841869995536
7.138854460717063,7.138854460717063
7.1609754115133954,7.1609754115133954
7.183205657562502,7.183205657562502
7.205546145407219,7.205546145407219
7.2279978331416554,7.2279978331416554
7.250561690601535,7.250561690601535
7.27323869955845,7.27323869955845
7.296029853918141,7.296029853918141
7.318936159922952,7.318936159922952
7.341958636358532,7.341958636358532
7.365098314764958,7.365098314764958
7.388356239652231,7.388356239652231
7.411733468720438,7.411733468720438
7.435231073084604,7.435231073084604
7.458850137504387,7.458850137504387
7.482591760618718,7.482591760618718
7.5064570551854715,7.5064570551854715
7.530447148326476,7.530447148326476
7.55456318177778,7.55456318177778
7.578806312145461,7.578806312145461
7.603177711167022,7.603177711167022
7.627678565978657,7.627678565978657
7.65231007938843,7.65231007938843
7.677073470155561,7.677073470155561
7.701969973275946,7.701969973275946
7.727000840274179,7.727000840274179
7.7521673395022095,7.7521673395022095
7.77747075644471,7.77747075644471
7.8029123940314875,7.8029123940314875
7.8284935729570755,7.8284935729570755
7.854215632007714,7.854215632007714
7.880079928395881,7.880079928395881
7.906087838102626,7.906087838102626
7.93224075622793,7.93224075622793
7.958540097349346,7.958540097349346
7.984987295889051,7.984987295889051
8.011583806489636,8.011583806489636
8.03833110439888,8.03833110439888
8.065230685863789,8.065230685863789
8.092284068534054,8.092284068534054
8.119492791875306,8.119492791875306
8.146858417592453,8.146858417592453
8.174382530063381,8.174382530063381
8.202066736783273,8.202066736783273
8.229912668819889,8.229912668819889
8.257921981280232,8.257921981280232
8.286096353788778,8.286096353788778
8.314437490977758,8.314437490977758
8.342947122989713,8.342947122989713
8.371627005992872,8.371627005992872
8.400478922709619,8.400478922709619
8.42950468295848,8.42950468295848
8.45870612421003,8.45870612421003
8.48808511215723,8.48808511215723
8.517643541300568,8.517643541300568
8.547383335548508,8.547383335548508
8.577306448833635,8.577306448833635
8.607414865745204,8.607414865745204
8.6377106021784,8.6377106021784
8.668195706000969,8.668195706000969
8.698872257737696,8.698872257737696
8.729742371273403,8.729742371273403
8.760808194575047,8.760808194575047
8.79207191043346,8.79207191043346
8.823535737225455,8.823535737225455
8.855201929696985,8.855201929696985
8.887072779768042,8.887072779768042
8.919150617359975,8.919150617359975
8.951437811246018,8.951437811246018
8.983936769925858,8.983936769925858
9.016649942525028,9.016649942525028
9.049579819719918,9.049579819719918
9.082728934689401,9.082728934689401
9.116099864093878,9.116099864093878
9.14969522908282,9.14969522908282
9.183517696331755,9.183517696331755
9.217569979109653,9.217569979109653
9.251854838377927,9.251854838377927
9.286375083922112,9.286375083922112
9.321133575517454,9.321133575517454
9.35613322412948,9.35613322412948
9.391376993151011,9.391376993151011
9.426867899676854,9.426867899676854
9.4626090158176,9.4626090158176
9.498603470053927,9.498603470053927
9.534854448632913,9.534854448632913
9.571365197008062,9.571365197008062
9.608139021324574,9.608139021324574
9.64517928995157,9.64517928995157
9.682489435063104,9.682489435063104
9.720072954269915,9.720072954269915
9.757933412303778,9.757933412303778
9.796074442756545,9.796074442756545
9.834499749875961,9.834499749875961
9.873213110420659,9.873213110420659
9.912218375576575,9.912218375576575
9.951519472937205,9.951519472937205
9.991120408550326,9.991120408550326
10.031025269033957,10.031025269033957
10.071238223764306,10.071238223764306
10.11176352713862,10.11176352713862
10.152605520916131,10.152605520916131
10.19376863664035,10.19376863664035
10.23525739814613,10.23525739814613
10.277076424155002,10.277076424155002
10.31923043096261,10.31923043096261
10.361724235222256,10.361724235222256
10.404562756828643,10.404562756828643
10.447751021906173,10.447751021906173
10.49129416590636,10.49129416590636
10.535197436819317,10.535197436819317
10.57946619850432,10.57946619850432
10.624105934144708,10.624105934144708
10.66912224983282,10.66912224983282
10.714520878290953,10.714520878290953
10.760307682734533,10.760307682734533
10.806488660884002,10.806488660884002
10.853069949132411,10.853069949132411
10.900057826876152,10.900057826876152
10.947458721016371,10.947458721016371
10.995279210639339,10.995279210639339
11.043526031884236,11.043526031884236
11.092206083007726,11.092206083007726
11.141326429654669,11.141326429654669
11.190894310345275,11.190894310345275
11.24091714218937,11.24091714218937
11.291402526839327,11.291402526839327
11.3423582566936,11.3423582566936
11.393792321363668,11.393792321363668
11.44571291441789,11.44571291441789
11.498128440416762,11.498128440416762
11.551047522254851,11.551047522254851
11.604479008825328,11.604479008825328
11.658431983024562,11.658431983024562
11.712915770115028,11.712915770115028
11.767939946465857,11.767939946465857
11.823514348691738,11.823514348691738
11.879649083212175,11.879649083212175
11.93635453625463,11.93635453625463
11.99364138432645,11.99364138432645
12.051520605182203,12.051520605182203
12.110003489314831,12.110003489314831
12.169101652001126,12.169101652001126
12.22882704593377,12.22882704593377
12.289191974474631,12.289191974474631
12.350209105566417,12.350209105566417
12.411891486342302,12.411891486342302
12.474252558476206,12.474252558476206
12.537306174318925,12.537306174318925
12.60106661386924,12.60106661386924
12.665548602632327,12.665548602632327
12.730767330421857,12.730767330421857
12.79673847116612,12.79673847116612
12.86347820378344,12.86347820378344
12.931003234196917,12.931003234196917
12.999330818564077,12.999330818564077
13.068478787802652,13.068478787802652
13.13846557350046,13.13846557350046
13.20931023530429,13.20931023530429
13.281032489890386,13.281032489890386
13.353652741627272,13.353652741627272
13.427192115051241,13.427192115051241
13.501672489284742,13.501672489284742
13.577116534538922,13.577116534538922
13.653547750853615,13.653547750853615
13.730990509241636,13.730990509241636
13.809470095418854,13.809470095418854
13.889012756317697,13.889012756317697
13.969645749599374,13.969645749599374
14.051397396400228,14.051397396400228
14.134297137569186,14.134297137569186
14.218375593677608,14.218375593677608
14.303664629109273,14.303664629109273
14.390197420568393,14.390197420568393
14.478008530376606,14.478008530376606
14.567133984966468,14.567133984966468
14.65761135902016,14.65761135902016
14.749479865748121,14.749479865748121
14.84278045385368,14.84278045385368
14.937555911787161,14.937555911787161
15.033850979957306,15.033850979957306
15.13171247164083,15.13171247164083
15.231189403412463,15.231189403412463
15.332333136009957,15.332333136009957
15.435197526652622,15.435197526652622
15.539839093950242,15.539839093950242
15.646317196672937,15.646317196672937
15.754694227804874,15.754694227804874
15.86503582547761,15.86503582547761
15.977411102577648,15.977411102577648
16.091892897048844,16.091892897048844
16.20855804517042,16.20855804517042
16.32748768038979,16.32748768038979
16.44876756063431,16.44876756063431
16.57248842742391,16.57248842742391
16.698746400567632,16.698746400567632
16.827643412762814,16.827643412762814
16.95928768904063,16.95928768904063
17.093794276730577,17.093794276730577
17.231285632473092,17.231285632473092
17.37189227381491,17.37189227381491
17.51575350410965,17.51575350410965
17.66301822085265,17.66301822085265
17.813845819251153,17.813845819251153
17.968407204825336,17.968407204825336
18.12688593122567,18.12688593122567
18.28947948232754,18.28947948232754
18.456400721138237,18.456400721138237
18.62787953226856,18.62787953226856
18.80416468986559,18.80416468986559
18.98552598921077,18.98552598921077
19.172256687961447,19.172256687961447
19.364676312650786,19.364676312650786
19.5631338980773,19.5631338980773
19.768011742295588,19.768011742295588
19.979729778968498,19.979729778968498
20.1987506930761,20.1987506930761
20.425585937041376,20.425585937041376
20.660802844473437,20.660802844473437
20.90503309104048,20.90503309104048
21.158982820783983,21.158982820783983
21.42344484755997,21.42344484755997
21.6993134639358,21.6993134639358
21.987602556357643,21.987602556357643
22.289467954198486,22.289467954198486
22.606235258928855,22.606235258928855
22.93943484986761,22.93943484986761
23.290846409244754,23.290846409244754
23.662556253258906,23.662556253258906
24.057032161175037,24.057032161175037
24.477222531641345,24.477222531641345
24.92669002302075,24.92669002302075
25.40979515493431,25.40979515493431
25.93195411348176,25.93195411348176
26.500009944902526,26.500009944902526
27.12278281640286,27.12278281640286
27.811914200904326,27.811914200904326
28.583216202884206,28.583216202884206
29.45893874080362,29.45893874080362
30.47182367906096,30.47182367906096
31.672958306412855,31.672958306412855
33.14870962974064,33.14870962974064
35.06324963823856,35.06324963823856
37.794156990298724,37.794156990298724
42.6156977923314,42.6156977923314
