-8.519156668547515,-8.519156668547515
-8.476400411754163,-8.476400411754163
-8.432848225334759,-8.432848225334759
-8.388537170884463,-8.388537170884463
-8.343503052494745,-8.343503052494745
-8.297780455189345,-8.297780455189345
-8.251402782346466,-8.251402782346466
-8.204402292128924,-8.204402292128924
-8.156810132943912,-8.156810132943912
-8.108656377953428,-8.108656377953428
-8.05997005865621,-8.05997005865621
-8.010779197561607,-8.010779197561607
-7.961110839975481,-7.961110839975481
-7.910991084917929,-7.910991084917929
-7.860445115192217,-7.860445115192217
-7.809497226624037,-7.809497226624037
-7.758170856489826,-7.758170856489826
-7.706488611152612,-7.706488611152612
-7.654472292923461,-7.654472292923461
-7.602142926166358,-7.602142926166358
-7.549520782663979,-7.549520782663979
-7.496625406261531,-7.496625406261531
-7.443475636805507,-7.443475636805507
-7.390089633393971,-7.390089633393971
-7.336484896954559,-7.336484896954559
-7.282678292166215,-7.282678292166215
-7.228686068740319,-7.228686068740319
-7.1745238820766035,-7.1745238820766035
-7.120206813308941,-7.120206813308941
-7.065749388755835,-7.065749388755835
-7.01116559879016,-7.01116559879016
-6.956468916142429,-6.956468916142429
-6.901672313651543,-6.901672313651543
-6.846788281476835,-6.846788281476835
-6.791828843784774,-6.791828843784774
-6.7368055749236575,-6.7368055749236575
-6.681729615099119,-6.681729615099119
-6.626611685563268,-6.626611685563268
-6.571462103329815,-6.571462103329815
-6.5162907954274605,-6.5162907954274605
-6.461107312703462,-6.461107312703462
-6.405920843189106,-6.405920843189106
-6.350740225038597,-6.350740225038597
-6.295573959052586,-6.295573959052586
-6.24043022079737,-6.24043022079737
-6.185316872330564,-6.185316872330564
-6.130241473543801,-6.130241473543801
-6.0752112931328455,-6.0752112931328455
-6.020233319205192,-6.020233319205192
-5.96531426953515,-5.96531426953515
-5.910460601476051,-5.910460601476051
-5.855678521539132,-5.855678521539132
-5.800973994648356,-5.800973994648356
-5.74635275308028,-5.74635275308028
-5.691820305097887,-5.691820305097887
-5.63738194328703,-5.63738194328703
-5.583042752604046,-5.583042752604046
-5.528807618142838,-5.528807618142838
-5.474681232629556,-5.474681232629556
-5.4206681036528055,-5.4206681036528055
-5.366772560637205,-5.366772560637205
-5.312998761567799,-5.312998761567799
-5.2593506994728205,-5.2593506994728205
-5.205832208671967,-5.205832208671967
-5.152446970797328,-5.152446970797328
-5.099198520593804,-5.099198520593804
-5.04609025150579,-5.04609025150579
-4.993125421056701,-4.993125421056701
-4.940307156027733,-4.940307156027733
-4.887638457442131,-4.887638457442131
-4.835122205361079,-4.835122205361079
-4.782761163497146,-4.782761163497146
-4.730557983651108,-4.730557983651108
-4.678515209977806,-4.678515209977806
-4.626635283086549,-4.626635283086549
-4.574920543981443,-4.574920543981443
-4.523373237846869,-4.523373237846869
-4.4719955176832356,-4.4719955176832356
-4.420789447797953,-4.420789447797953
-4.369757007156452,-4.369757007156452
-4.31890009259801,-4.31890009259801
-4.2682205219208695,-4.2682205219208695
-4.2177200368412135,-4.2177200368412135
-4.167400305830249,-4.167400305830249
-4.117262926833637,-4.117262926833637
-4.067309429877398,-4.067309429877398
-4.017541279564224,-4.017541279564224
-3.9679598774640996,-3.9679598774640996
-3.9185665644029837,-3.9185665644029837
-3.8693626226531945,-3.8693626226531945
-3.82034927802906,-3.82034927802906
-3.77152770189124,-3.77152770189124
-3.722899013063106,-3.722899013063106
-3.6744642796623688,-3.6744642796623688
-3.6262245208511263,-3.6262245208511263
-3.5781807085073636,-3.5781807085073636
-3.530333768820857,-3.530333768820857
-3.482684583816342,-3.482684583816342
-3.4352339928067184,-3.4352339928067184
-3.3879827937789577,-3.3879827937789577
-3.3409317447153333,-3.3409317447153333
-3.2940815648524646,-3.2940815648524646
-3.247432935880611,-3.247432935880611
-3.200986503085563,-3.200986503085563
-3.1547428764354044,-3.1547428764354044
-3.108702631614338,-3.108702631614338
-3.0628663110056844,-3.0628663110056844
-3.0172344246261167,-3.0172344246261167
-2.971807451013087,-2.971807451013087
-2.9265858380673637,-2.9265858380673637
-2.881570003852507,-2.881570003852507
-2.8367603373530517,-2.8367603373530517
-2.7921571991931136,-2.7921571991931136
-2.7477609223170485,-2.7477609223170485
-2.7035718126337533,-2.7035718126337533
-2.6595901496261245,-2.6595901496261245
-2.6158161869271375,-2.6158161869271375
-2.572250152863963,-2.572250152863963
-2.5288922509714444,-2.5288922509714444
-2.485742660476265,-2.485742660476265
-2.4428015367530254,-2.4428015367530254
-2.40006901175343,-2.40006901175343
-2.357545194409733,-2.357545194409733
-2.3152301710135266,-2.3152301710135266
-2.273124005570931,-2.273124005570931
-2.231226740135179,-2.231226740135179
-2.1895383951175647,-2.1895383951175647
-2.1480589695776557,-2.1480589695776557
-2.106788441493663,-2.106788441493663
-2.0657267680137816,-2.0657267680137816
-2.0248738856893116,-2.0248738856893116
-1.984229710690301,-1.984229710690301
-1.9437941390044526,-1.9437941390044526
-1.9035670466199464,-1.9035670466199464
-1.863548289692855,-1.863548289692855
-1.8237377046997567,-1.8237377046997567
-1.7841351085761177,-1.7841351085761177
-1.7447402988410194,-1.7447402988410194
-1.705553053708732,-1.705553053708732
-1.6665731321876318,-1.6665731321876318
-1.6278002741669342,-1.6278002741669342
-1.589234200491665,-1.589234200491665
-1.5508746130262883,-1.5508746130262883
-1.5127211947073766,-1.5127211947073766
-1.4747736095856776,-1.4747736095856776
-1.4370315028579155,-1.4370315028579155
-1.3994945008886386,-1.3994945008886386
-1.3621622112224125,-1.3621622112224125
-1.325034222586608,-1.325034222586608
-1.2881101048850578,-1.2881101048850578
-1.2513894091827962,-1.2513894091827962
-1.2148716676820865,-1.2148716676820865
-1.1785563936899457,-1.1785563936899457
-1.1424430815773245,-1.1424430815773245
-1.1065312067301059,-1.1065312067301059
-1.0708202254920627,-1.0708202254920627
-1.0353095750998942,-1.0353095750998942
-0.9999986736104576,-0.9999986736104576
-0.9648869198202837,-0.9648869198202837
-0.9299736931774578,-0.9299736931774578
-0.8952583536859344,-0.8952583536859344
-0.860740241802338,-0.860740241802338
-0.8264186783252885,-0.8264186783252885
-0.7922929642772848,-0.7922929642772848
-0.7583623807791585,-0.7583623807791585
-0.7246261889171018,-0.7246261889171018
-0.6910836296022731,-0.6910836296022731
-0.6577339234229487,-0.6577339234229487
-0.6245762704892065,-0.6245762704892065
-0.5916098502700989,-0.5916098502700989
-0.5588338214232647,-0.5588338214232647
-0.5262473216169304,-0.5262473216169304
-0.493849467344231,-0.493849467344231
-0.46163935372977133,-0.46163935372977133
-0.4296160543283517,-0.4296160543283517
-0.39777862091575805,-0.39777862091575805
-0.36612608327151763,-0.36612608327151763
-0.3346574489535097,-0.3346574489535097
-0.3033717030643116,-0.3033717030643116
-0.2722678080091533,-0.2722678080091533
-0.24134470324534454,-0.24134470324534454
-0.2106013050230316,-0.2106013050230316
-0.1800365061171277,-0.1800365061171277
-0.14964917555026144,-0.14964917555026144
-0.11943815830656908,-0.11943815830656908
-0.08940227503615471,-0.08940227503615471
-0.05954032175003246,-0.05954032175003246
-0.029851069505353857,-0.029851069505353857
-0.0003332640807165982,-0.0003332640807165982
0.029014374358658467,0.029014374358658467
0.05819315160610486,0.05819315160610486
0.08720439976927535,0.08720439976927535
0.11604947763673529,0.11604947763673529
0.14472977105563717,0.14472977105563717
0.17324669332073822,0.17324669332073822
0.2016016855750342,0.2016016855750342
0.22979621722229343,0.22979621722229343
0.25783178635178594,0.25783178635178594
0.2857099201755152,0.2857099201755152
0.31343217547827085,0.31343217547827085
0.34100013908083454,0.34100013908083454
0.3684154283166838,0.3684154283166838
0.39567969152255056,0.39567969152255056
0.42279460854320855,0.42279460854320855
0.4497618912508743,0.4497618912508743
0.4765832840796245,0.4765832840796245
0.5032605645752465,0.5032605645752465
0.5297955439609551,0.5297955439609551
0.5561900677194279,0.5561900677194279
0.5824460161916234,0.5824460161916234
0.6085653051928719,0.6085653051928719
0.6345498866467408,0.6345498866467408
0.660401749237201,0.660401749237201
0.6861229190796373,0.6861229190796373
0.7117154604112698,0.7117154604112698
0.7371814763015725,0.7371814763015725
0.7625231093833018,0.7625231093833018
0.7877425426047646,0.7877425426047646
0.8128420000039889,0.8128420000039889
0.8378237475054755,0.8378237475054755
0.8626900937402432,0.8626900937402432
0.8874433908899031,0.8874433908899031
0.912086035555525,0.912086035555525
0.9366204696520926,0.9366204696520926
0.9610491813293653,0.9610491813293653
0.9853747059200079,0.9853747059200079
1.0095996269158671,1.0095996269158671
1.03372657697332,1.03372657697332
1.0577582389486464,1.0577582389486464
1.0816973469644098,1.0816973469644098
1.1055466875078794,1.1055466875078794
1.129309100562551,1.129309100562551
1.1529874807738685,1.1529874807738685
1.1765847786502899,1.1765847786502899
1.2001040018008795,1.2001040018008795
1.2235482162106512,1.2235482162106512
1.2469205475549314,1.2469205475549314
1.2702241825540572,1.2702241825540572
1.2934623703697676,1.2934623703697676
1.3166384240447033,1.3166384240447033
1.3397557219864566,1.3397557219864566
1.3628177094976999,1.3628177094976999
1.3858279003539327,1.3858279003539327
1.4087898784304747,1.4087898784304747
1.431707299380366,1.431707299380366
1.4545838923648957,1.4545838923648957
1.4774234618385529,1.4774234618385529
1.5002298893902202,1.5002298893902202
1.5230071356425403,1.5230071356425403
1.545759242211393,1.545759242211393
1.5684903337275267,1.5684903337275267
1.5912046199224377,1.5912046199224377
1.6139063977806567,1.6139063977806567
1.63660005376067,1.63660005376067
1.659290066086785,1.659290066086785
1.6819810071143102,1.6819810071143102
1.7046775457704968,1.7046775457704968
1.7273844500737663,1.7273844500737663
1.7501065897338364,1.7501065897338364
1.7728489388354078,1.7728489388354078
1.7956165786081968,1.7956165786081968
1.818414700286144,1.818414700286144
1.8412486080587418,1.8412486080587418
1.8641237221174936,1.8641237221174936
1.8870455818006187,1.8870455818006187
1.9100198488391933,1.9100198488391933
1.9330523107080324,1.9330523107080324
1.9561488840846908,1.9561488840846908
1.9793156184200693,1.9793156184200693
2.0025586996242146,2.0025586996242146
2.0258844538709915,2.0258844538709915
2.04929935152542,2.04929935152542
2.07281001119757,2.07281001119757
2.0964232039270114,2.0964232039270114
2.120145857501944,2.120145857501944
2.143985060917204,2.143985060917204
2.167948068975511,2.167948068975511
2.192042307036404,2.192042307036404
2.2162753759174167,2.2162753759174167
2.2406550569522157,2.2406550569522157
2.2651893172104987,2.2651893172104987
2.289886314884606,2.289886314884606
2.314754404847898,2.314754404847898
2.3398021443901307,2.3398021443901307
2.3650382991351235,2.3650382991351235
2.3904718491462225,2.3904718491462225
2.416111995225143,2.416111995225143
2.4419681654099517,2.4419681654099517
2.468050021678066,2.468050021678066
2.494367466860309,2.494367466860309
2.5209306517722148,2.5209306517722148
2.547749982568893,2.547749982568893
2.574836128329954,2.574836128329954
2.602200028881134,2.602200028881134
2.6298529028594135,2.6298529028594135
2.6578062560285898,2.6578062560285898
2.686071889852437,2.686071889852437
2.714661910332724,2.714661910332724
2.743588737119567,2.743588737119567
2.7728651129017376,2.7728651129017376
2.8025041130847317,2.8025041130847317
2.8325191557645826,2.8325191557645826
2.862924012005584,2.862924012005584
2.8937328164302594,2.8937328164302594
2.924960078130118,2.924960078130118
2.9566206919059117,2.9566206919059117
2.9887299498463067,2.9887299498463067
3.0213035532540746,3.0213035532540746
3.0543576249291142,3.0543576249291142
3.087908721817788,3.087908721817788
3.121973848038312,3.121973848038312
3.156570468292094,3.156570468292094
3.1917165216711405,3.1917165216711405
3.2274304358718857,3.2274304358718857
3.2637311418259887,3.2637311418259887
3.300638088758873,3.300638088758873
3.3381712596869906,3.3381712596869906
3.376351187365064,3.376351187365064
3.4151989706947132,3.4151989706947132
3.454736291606178,3.454736291606178
3.494985432425046,3.494985432425046
3.5359692937361302,3.5359692937361302
3.57771141275691,3.57771141275691
3.6202359822331593,3.6202359822331593
3.6635678698696634,3.6635678698696634
3.7077326383091602,3.7077326383091602
3.7527565656729105,3.7527565656729105
3.7986666666765387,3.7986666666765387
3.845490714335081,3.845490714335081
3.893257262271401,3.893257262271401
3.9419956676424435,3.9419956676424435
3.991736114698048,3.991736114698048
4.04250963898731,4.04250963898731
4.094348152227783,4.094348152227783
4.147284467853089,4.147284467853089
4.201352327254753,4.201352327254753
4.256586426734475,4.256586426734475
4.31302244518318,4.31302244518318
4.37069707250365,4.37069707250365
4.4296480387937525,4.4296480387937525
4.489914144307588,4.489914144307588
4.551535290212232,4.551535290212232
4.614552510158003,4.614552510158003
4.679008002680555,4.679008002680555
4.7449451644534,4.7449451644534
4.812408624409745,4.812408624409745
4.881444278752936,4.881444278752936
4.952099326875078,4.952099326875078
5.0244223082037,5.0244223082037
5.098463139996849,5.098463139996849
5.174273156107038,5.174273156107038
5.251905146735165,5.251905146735165
5.331413399195594,5.331413399195594
6.746747810946218,6.746747810946218
6.739131730411705,6.739131730411705
6.731038175269705,6.731038175269705
6.7227726779349695,6.7227726779349695
6.714584473689985,6.714584473689985
6.706686728237687,6.706686728237687
6.699268093757425,6.699268093757425
6.692499874891195,6.692499874891195
6.686540752858786,6.686540752858786
6.681540052385648,6.681540052385648
6.677640090137535,6.677640090137535
6.674977918248722,6.674977918248722
6.673686654882608,6.673686654882608
6.673896524278277,6.673896524278277
6.6757356871800155,6.6757356871800155
6.679330916708986,6.679330916708986
6.684808158129257,6.684808158129257
6.692292999973832,6.692292999973832
6.701911076543245,6.701911076543245
6.713788416618141,6.713788416618141
6.728051749568957,6.728051749568957
6.744828777410285,6.744828777410285
6.764248419418804,6.764248419418804
6.786441034501511,6.786441034501511
6.811538625423123,6.811538625423123
6.83967502818114,6.83967502818114
6.870986089184667,6.870986089184667
6.905609832402156,6.905609832402156
6.943686618256482,6.943686618256482
6.985359295740719,6.985359295740719
7.030773348983413,7.030773348983413
7.080077039295865,7.080077039295865
7.133421543574954,7.133421543574954
7.190961089805038,7.190961089805038
7.252853090296336,7.252853090296336
7.319258273209066,7.319258273209066
7.390340812839916,7.390340812839916
7.466268459086803,7.466268459086803
7.547212666456709,7.547212666456709
7.63334872293882,7.63334872293882
7.724855879029099,7.724855879029099
7.821917477161548,7.821917477161548
7.924721081775517,7.924721081775517
8.033458610226152,8.033458610226152
8.148326464725905,8.148326464725905
8.269525665488711,8.269525665488711
