-8.63963192920947,-8.63963192920947
-8.617832598718076,-8.617832598718076
-8.594646299157656,-8.594646299157656
-8.570127453202828,-8.570127453202828
-8.544328636961326,-8.544328636961326
-8.517300636414877,-8.517300636414877
-8.489092502371314,-8.489092502371314
-8.459751603960102,-8.459751603960102
-8.429323680702765,-8.429323680702765
-8.397852893189349,-8.397852893189349
-8.365381872391419,-8.365381872391419
-8.33195176764164,-8.33195176764164
-8.297602293309414,-8.297602293309414
-8.26237177420167,-8.26237177420167
-8.22629718971722,-8.22629718971722
-8.189414216782826,-8.189414216782826
-8.151757271598438,-8.151757271598438
-8.113359550218739,-8.113359550218739
-8.074253067997514,-8.074253067997514
-8.03446869792109,-8.03446869792109
-7.994036207856378,-7.994036207856378
-7.952984296738859,-7.952984296738859
-7.911340629725195,-7.911340629725195
-7.8691318723347905,-7.8691318723347905
-7.8263837236042395,-7.8263837236042395
-7.783120948278039,-7.783120948278039
-7.73936740805862,-7.73936740805862
-7.695146091938277,-7.695146091938277
-7.650479145635185,-7.650479145635185
-7.605387900155255,-7.605387900155255
-7.5598928995011825,-7.5598928995011825
-7.514013927549664,-7.514013927549664
-7.467770034117296,-7.467770034117296
-7.421179560235385,-7.421179560235385
-7.374260162653373,-7.374260162653373
-7.327028837590342,-7.327028837590342
-7.279501943753583,-7.279501943753583
-7.231695224642856,-7.231695224642856
-7.183623830158702,-7.183623830158702
-7.135302337532636,-7.135302337532636
-7.086744771596837,-7.086744771596837
-7.03796462441054,-7.03796462441054
-6.988974874259986,-6.988974874259986
-6.939788004048454,-6.939788004048454
-6.890416019092567,-6.890416019092567
-6.8408704643407185,-6.8408704643407185
-6.791162441029129,-6.791162441029129
-6.741302622790775,-6.741302622790775
-6.691301271232012,-6.691301271232012
-6.641168250991531,-6.641168250991531
-6.590913044295819,-6.590913044295819
-6.54054476502516,-6.54054476502516
-6.490072172303775,-6.490072172303775
-6.4395036836274855,-6.4395036836274855
-6.388847387541923,-6.388847387541923
-6.3381110558841245,-6.3381110558841245
-6.28730215559994,-6.28730215559994
-6.236427860149523,-6.236427860149523
-6.1854950605127925,-6.1854950605127925
-6.134510375806581,-6.134510375806581
-6.083480163524838,-6.083480163524838
-6.0324105294130534,-6.0324105294130534
-5.981307336987758,-5.981307336987758
-5.930176216711774,-5.930176216711774
-5.879022574835539,-5.879022574835539
-5.827851601914686,-5.827851601914686
-5.776668281013745,-5.776668281013745
-5.725477395605637,-5.725477395605637
-5.674283537176372,-5.674283537176372
-5.623091112544137,-5.623091112544137
-5.571904350901766,-5.571904350901766
-5.520727310591303,-5.520727310591303
-5.469563885619205,-5.469563885619205
-5.418417811920484,-5.418417811920484
-5.36729267337991,-5.36729267337991
-5.316191907618131,-5.316191907618131
-5.265118811550414,-5.265118811550414
-5.214076546725534,-5.214076546725534
-5.163068144452043,-5.163068144452043
-5.112096510719054,-5.112096510719054
-5.061164430918452,-5.061164430918452
-5.010274574375239,-5.010274574375239
-4.959429498692579,-4.959429498692579
-4.908631653917887,-4.908631653917887
-4.85788338653616,-4.85788338653616
-4.8071869432965695,-4.8071869432965695
-4.756544474878149,-4.756544474878149
-4.70595803940028,-4.70595803940028
-4.655429605783473,-4.655429605783473
-4.604961056965818,-4.604961056965818
-4.554554192980312,-4.554554192980312
-4.504210733898095,-4.504210733898095
-4.453932322642518,-4.453932322642518
-4.403720527678791,-4.403720527678791
-4.3535768455838175,-4.3535768455838175
-4.303502703500684,-4.303502703500684
-4.253499461482155,-4.253499461482155
-4.203568414727341,-4.203568414727341
-4.153710795715647,-4.153710795715647
-4.1039277762419,-4.1039277762419
-4.054220469356479,-4.054220469356479
-4.004589931214155,-4.004589931214155
-3.9550371628351733,-3.9550371628351733
-3.9055631117820586,-3.9055631117820586
-3.8561686737554552,-3.8561686737554552
-3.806854694112227,-3.806854694112227
-3.757621969308948,-3.757621969308948
-3.7084712482737556,-3.7084712482737556
-3.6594032337094857,-3.6594032337094857
-3.6104185833308895,-3.6104185833308895
-3.561517911038606,-3.561517911038606
-3.512701788032522,-3.512701788032522
-3.463970743866984,-3.463970743866984
-3.415325267450316,-3.415325267450316
-3.3667658079909315,-3.3667658079909315
-3.3182927758922856,-3.3182927758922856
-3.2699065435988164,-3.2699065435988164
-3.2216074463949362,-3.2216074463949362
-3.1733957831590565,-3.1733957831590565
-3.125271817074546,-3.125271817074546
-3.0772357762994544,-3.0772357762994544
-3.0292878545967525,-3.0292878545967525
-2.9814282119267563,-2.9814282119267563
-2.933656975003369,-2.933656975003369
-2.8859742378156414,-2.8859742378156414
-2.8383800621161632,-2.8383800621161632
-2.7908744778776637,-2.7908744778776637
-2.7434574837191774,-2.7434574837191774
-2.6961290473030597,-2.6961290473030597
-2.6488891057040687,-2.6488891057040687
-2.601737565751687,-2.601737565751687
-2.5546743043467854,-2.5546743043467854
-2.5076991687536956,-2.5076991687536956
-2.460811976868684,-2.460811976868684
-2.414012517465783,-2.414012517465783
-2.3673005504208975,-2.3673005504208975
-2.320675806915012,-2.320675806915012
-2.274137989617343,-2.274137989617343
-2.227686772849176,-2.227686772849176
-2.1813218027291255,-2.1813218027291255
-2.1350426973004897,-2.1350426973004897
-2.0888490466413456,-2.0888490466413456
-2.042740412957985,-2.042740412957985
-1.9967163306622502,-1.9967163306622502
-1.9507763064333123,-1.9507763064333123
-1.9049198192643682,-1.9049198192643682
-1.859146320494722,-1.859146320494722
-1.8134552338276875,-1.8134552338276875
-1.7678459553346872,-1.7678459553346872
-1.7223178534459356,-1.7223178534459356
-1.6768702689280244,-1.6768702689280244
-1.631502514848731,-1.631502514848731
-1.5862138765293232,-1.5862138765293232
-1.541003611484618,-1.541003611484618
-1.4958709493510298,-1.4958709493510298
-1.4508150918028018,-1.4508150918028018
-1.4058352124566147,-1.4058352124566147
-1.3609304567647322,-1.3609304567647322
-1.3160999418968107,-1.3160999418968107
-1.271342756610502,-1.271342756610502
-1.2266579611109503,-1.2266579611109503
-1.1820445868992444,-1.1820445868992444
-1.1375016366099033,-1.1375016366099033
-1.0930280838374267,-1.0930280838374267
-1.048622872951939,-1.048622872951939
-1.0042849189039293,-1.0042849189039293
-0.9600131070180877,-0.9600131070180877
-0.9158062927762025,-0.9158062927762025
-0.8716633015890866,-0.8716633015890866
-0.8275829285574726,-0.8275829285574726
-0.7835639382218155,-0.7835639382218155
-0.7396050643009061,-0.7396050643009061
-0.6957050094192139,-0.6957050094192139
-0.6518624448228371,-0.6518624448228371
-0.608076010083941,-0.608076010083941
-0.5643443127935469,-0.5643443127935469
-0.5206659282425217,-0.5206659282425217
-0.4770393990906088,-0.4770393990906088
-0.4334632350233202,-0.4334632350233202
-0.3899359123965082,-0.3899359123965082
-0.3464558738684157,-0.3464558738684157
-0.3030215280189912,-0.3030215280189912
-0.25963124895624695,-0.25963124895624695
-0.21628337590942512,-0.21628337590942512
-0.17297621280871903,-0.17297621280871903
-0.12970802785129137,-0.12970802785129137
-0.0864770530533158,-0.0864770530533158
-0.04328148378775237,-0.04328148378775237
-0.00011947830755853498,-0.00011947830755853498
0.04301084274597795,0.04301084274597795
0.08611139685011093,0.08611139685011093
0.12918414012305482,0.12918414012305482
0.1722310678623043,0.1722310678623043
0.21525421509922607,0.21525421509922607
0.2582556571703076,0.2582556571703076
0.3012375103054627,0.3012375103054627
0.34420193223381323,0.34420193223381323
0.38715112280737685,0.38715112280737685
0.43008732464311544,0.43008732464311544
0.47301282378380977,0.47301282378380977
0.5159299503782491,0.5159299503782491
0.5588410793812405,0.5588410793812405
0.6017486312739655,0.6017486312739655
0.6446550728052279,0.6446550728052279
0.6875629177541629,0.6875629177541629
0.7304747277149962,0.7304747277149962
0.773393112904465,0.773393112904465
0.8163207329925402,0.8163207329925402
0.8592602979571057,0.8592602979571057
0.9022145689632909,0.9022145689632909
0.9451863592681584,0.9451863592681584
0.988178535151499,0.988178535151499
1.0311940168734952,1.0311940168734952
1.0742357796600608,1.0742357796600608
1.1173068547166822,1.1173068547166822
1.1604103302716235,1.1604103302716235
1.203549352649397,1.203549352649397
1.2467271273754246,1.2467271273754246
1.2899469203128555,1.2899469203128555
1.3332120588325522,1.3332120588325522
1.3765259330172732,1.3765259330172732
1.4198919969011448,1.4198919969011448
1.4633137697455392,1.4633137697455392
1.5067948373525246,1.5067948373525246
1.5503388534170972,1.5503388534170972
1.5939495409194488,1.5939495409194488
1.6376306935585707,1.6376306935585707
1.6813861772285446,1.6813861772285446
1.725219931538924,1.725219931538924
1.7691359713806494,1.7691359713806494
1.8131383885390135,1.8131383885390135
1.8572313533552294,1.8572313533552294
1.9014191164382206,1.9014191164382206
1.9457060104283148,1.9457060104283148
1.9900964518145698,1.9900964518145698
2.0345949428075376,2.0345949428075376
2.079206073269325,2.079206073269325
2.123934522702885,2.123934522702885
2.168785062302535,2.168785062302535
2.213762557067763,2.213762557067763
2.2588719679824787,2.2588719679824787
2.3041183542619,2.3041183542619
2.349506875669386,2.349506875669386
2.3950427949055717,2.3950427949055717
2.440731480072264,2.440731480072264
2.4865784072136154,2.4865784072136154
2.5325891629372124,2.5325891629372124
2.578769447117763,2.578769447117763
2.625125075686189,2.625125075686189
2.671661983507004,2.671661983507004
2.718386227346956,2.718386227346956
2.7653039889380113,2.7653039889380113
2.81242157813785,2.81242157813785
2.859745436191161,2.859745436191161
2.9072821390951007,2.9072821390951007
2.9550384010724122,2.9550384010724122
3.003021078155805,3.003021078155805
3.051237171887281,3.051237171887281
3.0996938331362567,3.0996938331362567
3.148398366040402,3.148398366040402
3.1973582320732508,3.1973582320732508
3.2465810542427844,3.2465810542427844
3.2960746214252667,3.2960746214252667
3.3458468928387872,3.3458468928387872
3.395906002661061,3.395906002661061
3.446260264796194,3.446260264796194
3.4969181777952443,3.4969181777952443
3.5478884299355493,3.5478884299355493
3.59917990446395,3.59917990446395
3.650801685009151,3.650801685009151
3.702763061168655,3.702763061168655
3.7550735342758137,3.7550735342758137
3.8077428233527217,3.8077428233527217
3.860780871254831,3.860780871254831
3.9141978510133146,3.9141978510133146
3.9680041723813875,3.9680041723813875
4.022210488590955,4.022210488590955
4.076827703326119,4.076827703326119
4.131866977920268,4.131866977920268
4.187339738783638,4.187339738783638
4.2432576850684125,4.2432576850684125
4.29963279657862,4.29963279657862
4.356477341932292,4.356477341932292
4.413803886983483,4.413803886983483
4.471625303512021,4.471625303512021
4.529954778189003,4.529954778189003
4.5888058218262495,4.5888058218262495
4.648192278918195,4.648192278918195
4.708128337484832,4.708128337484832
4.768628539224585,4.768628539224585
4.829707789986174,4.829707789986174
4.891381370568797,4.891381370568797
4.953664947860123,4.953664947860123
5.0165745863218625,5.0165745863218625
5.080126759832903,5.080126759832903
5.144338363900219,5.144338363900219
5.209226728248021,5.209226728248021
5.274809629795852,5.274809629795852
5.341105306036573,5.341105306036573
5.408132468825456,5.408132468825456
5.475910318591833,5.475910318591833
5.54445855898503,5.54445855898503
5.613797411966569,5.613797411966569
5.683947633360884,5.683947633360884
5.754930528877102,5.754930528877102
5.826767970614667,5.826767970614667
5.899482414065907,5.899482414065907
5.973096915628912,5.973096915628912
6.047635150644392,6.047635150644392
6.123121431970466,6.123121431970466
6.19958072910963,6.19958072910963
6.277038687902487,6.277038687902487
6.355521650803082,6.355521650803082
6.435056677751029,6.435056677751029
6.51567156765594,6.51567156765594
6.597394880509963,6.597394880509963
6.680255960144572,6.680255960144572
6.764284957648092,6.764284957648092
6.849512855460776,6.849512855460776
6.935971492164571,6.935971492164571
7.023693587985089,7.023693587985089
7.112712771023622,7.112712771023622
7.203063604237396,7.203063604237396
7.294781613186649,7.294781613186649
7.387903314567445,7.387903314567445
7.482466245549521,7.482466245549521
7.578508993938845,7.578508993938845
7.676071229184942,7.676071229184942
7.77519373425341,7.77519373425341
7.875918438384466,7.875918438384466
7.978288450758746,7.978288450758746
8.082348095091957,8.082348095091957
8.188142945180445,8.188142945180445
8.295719861420087,8.295719861420087
8.405127028321383,8.405127028321383
8.516413993043988,8.516413993043988
8.62963170497444,8.62963170497444
8.744832556371183,8.744832556371183
8.862070424101416,8.862070424101416
8.981400712494908,8.981400712494908
9.102880397340067,9.102880397340067
9.226568071048348,9.226568071048348
9.352523989013239,9.352523989013239
9.480810117190753,9.480810117190753
9.611490180928701,9.611490180928701
9.744629715072529,9.744629715072529
9.88029611537599,9.88029611537599
10.018558691245415,10.018558691245415
10.159488719846829,10.159488719846829
10.303159501605657,10.303159501605657
10.44964641712925,10.44964641712925
10.599026985583045,10.599026985583045
10.75138092455159,10.75138092455159
10.906790211416252,10.906790211416252
11.065339146281959,11.065339146281959
11.227114416485788,11.227114416485788
11.392205162720886,11.392205162720886
11.560703046809579,11.560703046809579
11.73270232116024,11.73270232116024
11.908299899942984,11.908299899942984
12.087595432019752,12.087595432019752
12.270691375665058,12.270691375665058
12.45769307511413,12.45769307511413
12.648708838975814,12.648708838975814
12.843850020548189,12.843850020548189
13.043231100075465,13.043231100075465
13.246969768985274,13.246969768985274
13.455187016146123,13.455187016146123
13.668007216185407,13.668007216185407
13.88555821990893,13.88555821990893
14.107971446863614,14.107971446863614
14.3353819800856,14.3353819800856
14.567928663076682,14.567928663076682
14.80575419905259,14.80575419905259
15.049005252507333,15.049005252507333
15.297832553138527,15.297832553138527
15.552391002179096,15.552391002179096
15.81283978118171,15.81283978118171
16.079342463302773,16.079342463302773
16.352067127133523,16.352067127133523
16.63118647312656,16.63118647312656
16.91687794266676,16.91687794266676
17.20932383983622,17.20932383983622
19.061247596541882,19.061247596541882
19.007116984904556,19.007116984904556
18.957266762065462,18.957266762065462
18.91197698847973,18.91197698847973
18.87152856066748,18.87152856066748
18.83620382955596,18.83620382955596
18.806287155265633,18.806287155265633
18.78206540987668,18.78206540987668
18.763828437381303,18.763828437381303
18.751869478236515,18.751869478236515
18.74648556454064,18.74648556454064
18.747977890768087,18.747977890768087
18.756652164135613,18.756652164135613
18.772818937985644,18.772818937985644
18.79679393102209,18.79679393102209
18.828898334786878,18.828898334786878
