-7.00096699157618,-7.00096699157618
-7.004339225757068,-7.004339225757068
-7.005050743194,-7.005050743194
-7.004588305220857,-7.004588305220857
-7.003352543278746,-7.003352543278746
-7.001539535495009,-7.001539535495009
-6.999266451065276,-6.999266451065276
-6.99661138831723,-6.99661138831723
-6.993630181197665,-6.993630181197665
-6.990364753609703,-6.990364753609703
-6.9868477510834,-6.9868477510834
-6.9831053185241805,-6.9831053185241805
-6.979158868396831,-6.979158868396831
-6.975026260277238,-6.975026260277238
-6.970722618119169,-6.970722618119169
-6.966260914515743,-6.966260914515743
-6.961652399525834,-6.961652399525834
-6.95690692256252,-6.95690692256252
-6.952033178739694,-6.952033178739694
-6.947038900619892,-6.947038900619892
-6.941931009701943,-6.941931009701943
-6.93671573769214,-6.93671573769214
-6.931398724737661,-6.931398724737661
-6.925985099846574,-6.925985099846574
-6.920479547358332,-6.920479547358332
-6.914886362364437,-6.914886362364437
-6.909209497284374,-6.909209497284374
-6.903452601293945,-6.903452601293945
-6.897619053926775,-6.897619053926775
-6.891711993887206,-6.891711993887206
-6.885734343898474,-6.885734343898474
-6.879688832245515,-6.879688832245515
-6.873578011544446,-6.873578011544446
-6.867404275171134,-6.867404275171134
-6.86116987170284,-6.86116987170284
-6.8548769176645195,-6.8548769176645195
-6.848527408821517,-6.848527408821517
-6.842123230220139,-6.842123230220139
-6.835666165144993,-6.835666165144993
-6.829157903135348,-6.829157903135348
-6.822600047180942,-6.822600047180942
-6.8159941201995995,-6.8159941201995995
-6.8093415708841025,-6.8093415708841025
-6.802643778993263,-6.802643778993263
-6.7959020601517155,-6.7959020601517155
-6.789117670214149,-6.789117670214149
-6.782291809242315,-6.782291809242315
-6.775425625136801,-6.775425625136801
-6.768520216960265,-6.768520216960265
-6.761576637984198,-6.761576637984198
-6.754595898487384,-6.754595898487384
-6.747578968330864,-6.747578968330864
-6.74052677933126,-6.74052677933126
-6.73344022745183,-6.73344022745183
-6.726320174828425,-6.726320174828425
-6.719167451645597,-6.719167451645597
-6.711982857876485,-6.711982857876485
-6.704767164898603,-6.704767164898603
-6.697521116996399,-6.697521116996399
-6.6902454327603635,-6.6902454327603635
-6.6829408063913975,-6.6829408063913975
-6.675607908918357,-6.675607908918357
-6.6682473893358685,-6.6682473893358685
-6.660859875668841,-6.660859875668841
-6.653445975969475,-6.653445975969475
-6.646006279252053,-6.646006279252053
-6.638541356370267,-6.638541356370267
-6.631051760841458,-6.631051760841458
-6.623538029621704,-6.623538029621704
-6.616000683835375,-6.616000683835375
-6.6084402294624365,-6.6084402294624365
-6.600857157986553,-6.600857157986553
-6.593251947006701,-6.593251947006701
-6.585625060814847,-6.585625060814847
-6.5779769509420225,-6.5779769509420225
-6.570308056674909,-6.570308056674909
-6.5626188055448935,-6.5626188055448935
-6.554909613791435,-6.554909613791435
-6.5471808868013746,-6.5471808868013746
-6.539433019525737,-6.539433019525737
-6.531666396875472,-6.531666396875472
-6.523881394097399,-6.523881394097399
-6.516078377131648,-6.516078377131648
-6.508257702951638,-6.508257702951638
-6.500419719887729,-6.500419719887729
-6.492564767935444,-6.492564767935444
-6.484693179049232,-6.484693179049232
-6.476805277422558,-6.476805277422558
-6.46890137975514,-6.46890137975514
-6.460981795508043,-6.460981795508043
-6.453046827147337,-6.453046827147337
-6.445096770376915,-6.445096770376915
-6.437131914361094,-6.437131914361094
-6.429152541937563,-6.429152541937563
-6.421158929821147,-6.421158929821147
-6.413151348798949,-6.413151348798949
-6.405130063917247,-6.405130063917247
-6.397095334660637,-6.397095334660637
-6.389047415123774,-6.389047415123774
-6.38098655417613,-6.38098655417613
-6.372912995620083,-6.372912995620083
-6.3648269783427045,-6.3648269783427045
-6.356728736461523,-6.356728736461523
-6.348618499464595,-6.348618499464595
-6.340496492345123,-6.340496492345123
-6.332362935730911,-6.332362935730911
-6.324218046008896,-6.324218046008896
-6.316062035444973,-6.316062035444973
-6.307895112299345,-6.307895112299345
-6.299717480937618,-6.299717480937618
-6.291529341937807,-6.291529341937807
-6.283330892193462,-6.283330892193462
-6.275122325013076,-6.275122325013076
-6.26690383021595,-6.26690383021595
-6.25867559422467,-6.25867559422467
-6.250437800154317,-6.250437800154317
-6.242190627898623,-6.242190627898623
-6.233934254213112,-6.233934254213112
-6.225668852795426,-6.225668852795426
-6.217394594362925,-6.217394594362925
-6.209111646727674,-6.209111646727674
-6.200820174868942,-6.200820174868942
-6.192520341003301,-6.192520341003301
-6.184212304652426,-6.184212304652426
-6.175896222708697,-6.175896222708697
-6.1675722494986776,-6.1675722494986776
-6.159240536844577,-6.159240536844577
-6.15090123412375,-6.15090123412375
-6.142554488326324,-6.142554488326324
-6.134200444111045,-6.134200444111045
-6.1258392438593585,-6.1258392438593585
-6.117471027727864,-6.117471027727864
-6.109095933699146,-6.109095933699146
-6.100714097631072,-6.100714097631072
-6.092325653304608,-6.092325653304608
-6.08393073247021,-6.08393073247021
-6.075529464892838,-6.075529464892838
-6.067121978395649,-6.067121978395649
-6.058708398902414,-6.058708398902414
-6.050288850478711,-6.050288850478711
-6.041863455371918,-6.041863455371918
-6.033432334050087,-6.033432334050087
-6.024995605239696,-6.024995605239696
-6.01655338596235,-6.01655338596235
-6.008105791570446,-6.008105791570446
-5.999652935781857,-5.999652935781857
-5.991194930713656,-5.991194930713656
-5.982731886914916,-5.982731886914916
-5.974263913398614,-5.974263913398614
-5.965791117672682,-5.965791117672682
-5.95731360577022,-5.95731360577022
-5.948831482278903,-5.948831482278903
-5.940344850369604,-5.940344850369604
-5.931853811824278,-5.931853811824278
-5.923358467063107,-5.923358467063107
-5.91485891517094,-5.91485891517094
-5.906355253923054,-5.906355253923054
-5.897847579810256,-5.897847579810256
-5.889335988063344,-5.889335988063344
-5.880820572676941,-5.880820572676941
-5.8723014264327515,-5.8723014264327515
-5.863778640922207,-5.863778640922207
-5.8552523065685715,-5.8552523065685715
-5.8467225126484985,-5.8467225126484985
-5.8381893473130475,-5.8381893473130475
-5.829652897608199,-5.829652897608199
-5.821113249494864,-5.821113249494864
-5.812570487868427,-5.812570487868427
-5.8040246965777955,-5.8040246965777955
-5.7954759584440225,-5.7954759584440225
-5.786924355278472,-5.786924355278472
-5.778369967900559,-5.778369967900559
-5.769812876155079,-5.769812876155079
-5.761253158929138,-5.761253158929138
-5.752690894168673,-5.752690894168673
-5.74412615889462,-5.74412615889462
-5.735559029218689,-5.735559029218689
-5.72698958035879,-5.72698958035879
-5.7184178866541115,-5.7184178866541115
-5.709844021579863,-5.709844021579863
-5.701268057761672,-5.701268057761672
-5.692690066989685,-5.692690066989685
-5.684110120232336,-5.684110120232336
-5.6755282876498265,-5.6755282876498265
-5.6669446386073,-5.6669446386073
-5.65835924168774,-5.65835924168774
-5.64977216470458,-5.64977216470458
-5.641183474714054,-5.641183474714054
-5.632593238027262,-5.632593238027262
-5.6240015202220075,-5.6240015202220075
-5.61540838615436,-5.61540838615436
-5.6068138999699855,-5.6068138999699855
-5.598218125115236,-5.598218125115236
-5.589621124348009,-5.589621124348009
-5.581022959748391,-5.581022959748391
-5.572423692729054,-5.572423692729054
-5.563823384045478,-5.563823384045478
-5.5552220938059245,-5.5552220938059245
-5.546619881481247,-5.546619881481247
-5.5380168059144665,-5.5380168059144665
-5.529412925330179,-5.529412925330179
-5.520808297343766,-5.520808297343766
-5.5122029789704206,-5.5122029789704206
-5.503597026634001,-5.503597026634001
-5.494990496175701,-5.494990496175701
-5.486383442862556,-5.486383442862556
-5.477775921395781,-5.477775921395781
-5.46916798591895,-5.46916798591895
-5.4605596900260105,-5.4605596900260105
-5.451951086769149,-5.451951086769149
-5.443342228666507,-5.443342228666507
-5.434733167709745,-5.434733167709745
-5.426123955371464,-5.426123955371464
-5.417514642612491,-5.417514642612491
-5.408905279889028,-5.408905279889028
-5.400295917159654,-5.400295917159654
-5.391686603892219,-5.391686603892219
-5.383077389070591,-5.383077389070591
-5.374468321201285,-5.374468321201285
-5.365859448319976,-5.365859448319976
-5.357250817997882,-5.357250817997882
-5.348642477348041,-5.348642477348041
-5.340034473031468,-5.340034473031468
-5.331426851263202,-5.331426851263202
-5.322819657818248,-5.322819657818248
-5.314212938037405,-5.314212938037405
-5.305606736833004,-5.305606736833004
-5.297001098694526,-5.297001098694526
-5.288396067694137,-5.288396067694137
-5.279791687492116,-5.279791687492116
-5.271188001342193,-5.271188001342193
-5.26258505209679,-5.26258505209679
-5.253982882212178,-5.253982882212178
-5.2453815337535366,-5.2453815337535366
-5.2367810483999335,-5.2367810483999335
-5.228181467449213,-5.228181467449213
-5.219582831822801,-5.219582831822801
-5.210985182070442,-5.210985182070442
-5.2023885583748335,-5.2023885583748335
-5.193793000556204,-5.193793000556204
-5.185198548076797,-5.185198548076797
-5.1766052400452915,-5.1766052400452915
-5.168013115221141,-5.168013115221141
-5.159422212018855,-5.159422212018855
-5.150832568512187,-5.150832568512187
-5.142244222438273,-5.142244222438273
-5.133657211201698,-5.133657211201698
-5.125071571878487,-5.125071571878487
-5.116487341220045,-5.116487341220045
-5.107904555657023,-5.107904555657023
-5.099323251303122,-5.099323251303122
-5.09074346395885,-5.09074346395885
-5.082165229115193,-5.082165229115193
-5.073588581957261,-5.073588581957261
-5.0650135573678385,-5.0650135573678385
-5.056440189930913,-5.056440189930913
-5.047868513935131,-5.047868513935131
-5.039298563377193,-5.039298563377193
-5.030730371965222,-5.030730371965222
-5.022163973122043,-5.022163973122043
-5.013599399988446,-5.013599399988446
-5.005036685426378,-5.005036685426378
-4.996475862022094,-4.996475862022094
-4.987916962089253,-4.987916962089253
-4.979360017671978,-4.979360017671978
-4.970805060547856,-4.970805060547856
-4.962252122230908,-4.962252122230908
-4.953701233974497,-4.953701233974497
-4.945152426774205,-4.945152426774205
-4.936605731370663,-4.936605731370663
-4.928061178252339,-4.928061178252339
-4.919518797658282,-4.919518797658282
-4.91097861958083,-4.91097861958083
-4.902440673768275,-4.902440673768275
-4.893904989727487,-4.893904989727487
-4.885371596726506,-4.885371596726506
-4.876840523797087,-4.876840523797087
-4.86831179973722,-4.86831179973722
-4.8597854531135996,-4.8597854531135996
-4.851261512264071,-4.851261512264071
-4.842740005300031,-4.842740005300031
-4.834220960108802,-4.834220960108802
-4.825704404355974,-4.825704404355974
-4.817190365487694,-4.817190365487694
-4.808678870732956,-4.808678870732956
-4.800169947105828,-4.800169947105828
-4.791663621407659,-4.791663621407659
-4.783159920229262,-4.783159920229262
-4.774658869953057,-4.774658869953057
-4.766160496755187,-4.766160496755187
-4.757664826607605,-4.757664826607605
-4.749171885280129,-4.749171885280129
-4.7406816983424775,-4.7406816983424775
-4.732194291166265,-4.732194291166265
-4.723709688926978,-4.723709688926978
-4.715227916605923,-4.715227916605923
-4.706748998992145,-4.706748998992145
-4.698272960684323,-4.698272960684323
-4.689799826092636,-4.689799826092636
-4.6813296194406115,-4.6813296194406115
-4.67286236476694,-4.67286236476694
-4.664398085927267,-4.664398085927267
-4.65593680659597,-4.65593680659597
-4.647478550267899,-4.647478550267899
-4.639023340260105,-4.639023340260105
-4.6305711997135335,-4.6305711997135335
-4.622122151594709,-4.622122151594709
-4.613676218697387,-4.613676218697387
-4.605233423644194,-4.605233423644194
-4.59679378888823,-4.59679378888823
-4.588357336714672,-4.588357336714672
-4.579924089242336,-4.579924089242336
-4.571494068425235,-4.571494068425235
-4.563067296054103,-4.563067296054103
-4.5546437937579105,-4.5546437937579105
-4.546223583005355,-4.546223583005355
-4.537806685106334,-4.537806685106334
-4.529393121213399,-4.529393121213399
-4.520982912323187,-4.520982912323187
-4.512576079277845,-4.512576079277845
-4.504172642766419,-4.504172642766419
-4.495772623326248,-4.495772623326248
-4.487376041344313,-4.487376041344313
-4.4789829170586035,-4.4789829170586035
-4.470593270559426,-4.470593270559426
-4.462207121790734,-4.462207121790734
-4.453824490551417,-4.453824490551417
-4.445445396496586,-4.445445396496586
-4.437069859138833,-4.437069859138833
-4.428697897849493,-4.428697897849493
-4.4203295318598625,-4.4203295318598625
-4.41196478026243,-4.41196478026243
-4.403603662012077,-4.403603662012077
-4.395246195927267,-4.395246195927267
-4.386892400691221,-4.386892400691221
-4.3785422948530845,-4.3785422948530845
-4.370195896829064,-4.370195896829064
-4.361853224903567,-4.361853224903567
-4.35351429723032,-4.35351429723032
-4.345179131833477,-4.345179131833477
-4.3368477466087105,-4.3368477466087105
-4.328520159324289,-4.328520159324289
-4.32019638762215,-4.32019638762215
-4.31187644901895,-4.31187644901895
-4.303560360907109,-4.303560360907109
-4.295248140555839,-4.295248140555839
-4.286939805112162,-4.286939805112162
-4.278635371601916,-4.278635371601916
-4.27033485693075,-4.27033485693075
-4.262038277885105,-4.262038277885105
-4.253745651133184,-4.253745651133184
-4.245456993225917,-4.245456993225917
-4.237172320597904,-4.237172320597904
-4.2288916495683555,-4.2288916495683555
-4.220614996342016,-4.220614996342016
-4.21234237701009,-4.21234237701009
-4.2040738075511355,-4.2040738075511355
-4.195809303831967,-4.195809303831967
-4.1875488816085396,-4.1875488816085396
-4.179292556526821,-4.179292556526821
-4.171040344123663,-4.171040344123663
-4.162792259827654,-4.162792259827654
-4.154548318959962,-4.154548318959962
-4.146308536735174,-4.146308536735174
-4.138072928262124,-4.138072928262124
-4.12984150854471,-4.12984150854471
-4.121614292482702,-4.121614292482702
-4.113391294872541,-4.113391294872541
-4.105172530408131,-4.105172530408131
-4.096958013681624,-4.096958013681624
-4.088747759184184,-4.088747759184184
-4.080541781306764,-4.080541781306764
-4.072340094340857,-4.072340094340857
-4.064142712479239,-4.064142712479239
-4.055949649816718,-4.055949649816718
-4.047760920350861,-4.047760920350861
-4.039576537982717,-4.039576537982717
-4.031396516517539,-4.031396516517539
-4.023220869665485,-4.023220869665485
-4.015049611042322,-4.015049611042322
-4.006882754170121,-4.006882754170121
-3.9987203124779387,-3.9987203124779387
-3.9905622993025003,-3.9905622993025003
-3.982408727888867,-3.982408727888867
-3.9742596113911004,-3.9742596113911004
-3.96611496287292,-3.96611496287292
-3.9579747953083535,-3.9579747953083535
-3.949839121582378,-3.949839121582378
-3.941707954491558,-3.941707954491558
-3.933581306744674,-3.933581306744674
-3.9254591909633447,-3.9254591909633447
-3.9173416196826434,-3.9173416196826434
-3.909228605351707,-3.909228605351707
-3.9011201603343437,-3.9011201603343437
-3.8930162969096234,-3.8930162969096234
-3.8849170272724702,-3.8849170272724702
-3.8768223635342527,-3.8768223635342527
-3.8687323177233544,-3.8687323177233544
-3.8606469017857514,-3.8606469017857514
-3.8525661275855794,-3.8525661275855794
-3.84449000690569,-3.84449000690569
-3.836418551448211,-3.836418551448211
-3.828351772835091,-3.828351772835091
-3.820289682608647,-3.820289682608647
-3.8122322922321,-3.8122322922321
-3.8041796130901084,-3.8041796130901084
-3.796131656489296,-3.796131656489296
-3.788088433658771,-3.788088433658771
-3.7800499557506475,-3.7800499557506475
-3.7720162338405503,-3.7720162338405503
-3.763987278928128,-3.763987278928128
-3.7559631019375477,-3.7559631019375477
-3.747943713717996,-3.747943713717996
-3.7399291250441657,-3.7399291250441657
-3.7319193466167455,-3.7319193466167455
-3.7239143890628985,-3.7239143890628985
-3.71591426293674,-3.71591426293674
-3.7079189787198086,-3.7079189787198086
-3.6999285468215337,-3.6999285468215337
-3.6919429775796972,-3.6919429775796972
-3.6839622812608903,-3.6839622812608903
-3.6759864680609686,-3.6759864680609686
-3.6680155481055006,-3.6680155481055006
-3.660049531450209,-3.660049531450209
-3.652088428081415,-3.652088428081415
-3.644132247916471,-3.644132247916471
-3.6361810008041906,-3.6361810008041906
-3.6282346965252805,-3.6282346965252805
-3.6202933447927585,-3.6202933447927585
-3.612356955252375,-3.612356955252375
-3.6044255374830274,-3.6044255374830274
-3.596499100997167,-3.596499100997167
-3.5885776552412136,-3.5885776552412136
-3.5806612095959505,-3.5806612095959505
-3.572749773376926,-3.572749773376926
-3.5648433558348502,-3.5648433558348502
-3.5569419661559842,-3.5569419661559842
-3.549045613462527,-3.549045613462527
-3.5411543068129996,-3.5411543068129996
-3.533268055202627,-3.533268055202627
-3.5253868675637134,-3.5253868675637134
-3.5175107527660123,-3.5175107527660123
-3.5096397196170983,-3.5096397196170983
-3.5017737768627333,-3.5017737768627333
-3.493912933187227,-3.493912933187227
-3.486057197213797,-3.486057197213797
-3.478206577504924,-3.478206577504924
-3.4703610825626985,-3.4703610825626985
-3.4625207208291813,-3.4625207208291813
-3.4546855006867365,-3.4546855006867365
-3.446855430458382,-3.446855430458382
-3.4390305184081216,-3.4390305184081216
-3.431210772741286,-3.431210772741286
-3.423396201604864,-3.423396201604864
-3.4155868130878306,-3.4155868130878306
-3.4077826152214747,-3.4077826152214747
-3.3999836159797217,-3.3999836159797217
-3.392189823279452,-3.392189823279452
-3.384401244980823,-3.384401244980823
-3.3766178888875786,-3.3766178888875786
-3.3688397627473634,-3.3688397627473634
-3.3610668742520273,-3.3610668742520273
-3.353299231037939,-3.353299231037939
-3.345536840686279,-3.345536840686279
-3.337779710723347,-3.337779710723347
-3.330027848620856,-3.330027848620856
-3.3222812617962276,-3.3222812617962276
-3.3145399576128822,-3.3145399576128822
-3.3068039433805305,-3.3068039433805305
-3.2990732263554583,-3.2990732263554583
-3.2913478137408108,-3.2913478137408108
-3.2836277126868727,-3.2836277126868727
-3.2759129302913506,-3.2759129302913506
-3.2682034735996415,-3.2682034735996415
-3.2604993496051162,-3.2604993496051162
-3.252800565249381,-3.252800565249381
-3.2451071274225534,-3.2451071274225534
-3.237419042963523,-3.237419042963523
-3.2297363186602195,-3.2297363186602195
-3.2220589612498696,-3.2220589612498696
-3.2143869774192595,-3.2143869774192595
-3.2067203738049908,-3.2067203738049908
-3.1990591569937323,-3.1990591569937323
-3.1914033335224774,-3.1914033335224774
-3.1837529098787853,-3.1837529098787853
-3.176107892501036,-3.176107892501036
-3.1684682877786727,-3.1684682877786727
-3.1608341020524455,-3.1608341020524455
-3.1532053416146475,-3.1532053416146475
-3.1455820127093617,-3.1455820127093617
-3.1379641215326908,-3.1379641215326908
-3.1303516742329953,-3.1303516742329953
-3.1227446769111227,-3.1227446769111227
-3.1151431356206385,-3.1151431356206385
-3.107547056368059,-3.107547056368059
-3.099956445113069,-3.099956445113069
-3.09237130776875,-3.09237130776875
-3.084791650201806,-3.084791650201806
-3.077217478232776,-3.077217478232776
-3.0696487976362588,-3.0696487976362588
-3.062085614141122,-3.062085614141122
-3.054527933430725,-3.054527933430725
-3.0469757611431234,-3.0469757611431234
-3.039429102871284,-3.039429102871284
-3.031887964163291,-3.031887964163291
-3.024352350522555,-3.024352350522555
-3.0168222674080125,-3.0168222674080125
-3.009297720234337,-3.009297720234337
-3.001778714372134,-3.001778714372134
-2.994265255148142,-2.994265255148142
-2.9867573478454306,-2.9867573478454306
-2.9792549977035954,-2.9792549977035954
-2.9717582099189537,-2.9717582099189537
-2.9642669896447353,-2.9642669896447353
-2.956781341991276,-2.956781341991276
-2.9493012720262026,-2.9493012720262026
-2.9418267847746216,-2.9418267847746216
-2.9343578852193066,-2.9343578852193066
-2.926894578300882,-2.926894578300882
-2.919436868918003,-2.919436868918003
-2.9119847619275383,-2.9119847619275383
-2.904538262144751,-2.904538262144751
-2.8970973743434714,-2.8970973743434714
-2.889662103256278,-2.889662103256278
-2.8822324535746686,-2.8822324535746686
-2.874808429949235,-2.874808429949235
-2.867390036989834,-2.867390036989834
-2.859977279265758,-2.859977279265758
-2.8525701613059,-2.8525701613059
-2.845168687598927,-2.845168687598927
-2.8377728625934378,-2.8377728625934378
-2.830382690698134,-2.830382690698134
-2.8229981762819767,-2.8229981762819767
-2.8156193236743525,-2.8156193236743525
-2.80824613716523,-2.80824613716523
-2.800878621005317,-2.800878621005317
-2.793516779406222,-2.793516779406222
-2.7861606165406068,-2.7861606165406068
-2.7788101365423397,-2.7788101365423397
-2.7714653435066494,-2.7714653435066494
-2.7641262414902767,-2.7641262414902767
-2.7567928345116237,-2.7567928345116237
-2.749465126550904,-2.749465126550904
-2.7421431215502885,-2.7421431215502885
-2.7348268234140525,-2.7348268234140525
-2.7275162360087197,-2.7275162360087197
-2.7202113631632048,-2.7202113631632048
-2.7129122086689614,-2.7129122086689614
-2.7056187762801134,-2.7056187762801134
-2.698331069713604,-2.698331069713604
-2.691049092649329,-2.691049092649329
-2.683772848730275,-2.683772848730275
-2.676502341562656,-2.676502341562656
-2.669237574716048,-2.669237574716048
-2.6619785517235233,-2.6619785517235233
-2.654725276081781,-2.654725276081781
-2.647477751251281,-2.647477751251281
-2.640235980656373,-2.640235980656373
-2.632999967685424,-2.632999967685424
-2.6257697156909474,-2.6257697156909474
-2.6185452279897294,-2.6185452279897294
-2.6113265078629557,-2.6113265078629557
-2.6041135585563353,-2.6041135585563353
-2.596906383280221,-2.596906383280221
-2.5897049852097362,-2.5897049852097362
-2.5825093674848913,-2.5825093674848913
-2.5753195332107097,-2.5753195332107097
-2.5681354854573395,-2.5681354854573395
-2.5609572272601766,-2.5609572272601766
-2.5537847616199807,-2.5537847616199807
-2.5466180915029892,-2.5466180915029892
-2.539457219841031,-2.539457219841031
-2.5323021495316462,-2.5323021495316462
-2.5251528834381913,-2.5251528834381913
-2.518009424389955,-2.518009424389955
-2.5108717751822662,-2.5108717751822662
-2.5037399385766093,-2.5037399385766093
-2.496613917300726,-2.496613917300726
-2.489493714048723,-2.489493714048723
-2.482379331481187,-2.482379331481187
-2.4752707722252794,-2.4752707722252794
-2.4681680388748486,-2.4681680388748486
-2.4610711339905307,-2.4610711339905307
-2.4539800600998527,-2.4539800600998527
-2.4468948196973335,-2.4468948196973335
-2.4398154152445866,-2.4398154152445866
-2.4327418491704194,-2.4327418491704194
-2.4256741238709303,-2.4256741238709303
-2.41861224170961,-2.41861224170961
-2.411556205017435,-2.411556205017435
-2.4045060160929683,-2.4045060160929683
-2.397461677202451,-2.397461677202451
-2.390423190579898,-2.390423190579898
-2.3833905584271906,-2.3833905584271906
-2.376363782914175,-2.376363782914175
-2.3693428661787435,-2.3693428661787435
-2.3623278103269354,-2.3623278103269354
-2.355318617433022,-2.355318617433022
-2.3483152895395976,-2.3483152895395976
-2.341317828657667,-2.341317828657667
-2.3343262367667323,-2.3343262367667323
-2.327340515814884,-2.327340515814884
-2.3203606677188806,-2.3203606677188806
-2.313386694364239,-2.313386694364239
-2.3064185976053153,-2.3064185976053153
-2.299456379265389,-2.299456379265389
-2.29250004113675,-2.29250004113675
-2.285549584980772,-2.285549584980772
-2.2786050125280006,-2.2786050125280006
-2.27166632547823,-2.27166632547823
-2.2647335255005867,-2.2647335255005867
-2.2578066142336017,-2.2578066142336017
-2.250885593285294,-2.250885593285294
-2.243970464233244,-2.243970464233244
-2.237061228624674,-2.237061228624674
-2.230157887976519,-2.230157887976519
-2.2232604437755064,-2.2232604437755064
-2.216368897478226,-2.216368897478226
-2.2094832505112043,-2.2094832505112043
-2.202603504270981,-2.202603504270981
-2.1957296601241745,-2.1957296601241745
-2.1888617194075595,-2.1888617194075595
-2.181999683428132,-2.181999683428132
-2.175143553463185,-2.175143553463185
-2.1682933307603687,-2.1682933307603687
-2.1614490165377678,-2.1614490165377678
-2.1546106119839656,-2.1546106119839656
-2.1477781182581093,-2.1477781182581093
-2.140951536489978,-2.140951536489978
-2.134130867780048,-2.134130867780048
-2.127316113199558,-2.127316113199558
-2.120507273790572,-2.120507273790572
-2.113704350566043,-2.113704350566043
-2.1069073445098785,-2.1069073445098785
-2.1001162565769973,-2.1001162565769973
-2.093331087693397,-2.093331087693397
-2.0865518387562108,-2.0865518387562108
-2.0797785106337656,-2.0797785106337656
-2.0730111041656496,-2.0730111041656496
-2.0662496201627634,-2.0662496201627634
-2.059494059407381,-2.059494059407381
-2.052744422653207,-2.052744422653207
-2.0460007106254325,-2.0460007106254325
-2.0392629240207953,-2.0392629240207953
-2.032531063507631,-2.032531063507631
-2.025805129725928,-2.025805129725928
-2.0190851232873865,-2.0190851232873865
-2.0123710447754672,-2.0123710447754672
-2.0056628947454467,-2.0056628947454467
-1.998960673724471,-1.998960673724471
-1.9922643822116042,-1.9922643822116042
-1.985574020677883,-1.985574020677883
-1.978889589566366,-1.978889589566366
-1.9722110892921823,-1.9722110892921823
-1.9655385202425848,-1.9655385202425848
-1.9588718827769953,-1.9588718827769953
-1.9522111772270547,-1.9522111772270547
-1.94555640389667,-1.94555640389667
-1.9389075630620616,-1.9389075630620616
-1.9322646549718117,-1.9322646549718117
-1.9256276798469054,-1.9256276798469054
-1.9189966378807806,-1.9189966378807806
-1.9123715292393724,-1.9123715292393724
-1.9057523540611545,-1.9057523540611545
-1.8991391124571864,-1.8991391124571864
-1.8925318045111528,-1.8925318045111528
-1.885930430279409,-1.885930430279409
-1.8793349897910234,-1.8793349897910234
-1.872745483047815,-1.872745483047815
-1.866161910024398,-1.866161910024398
-1.8595842706682213,-1.8595842706682213
-1.8530125648996059,-1.8530125648996059
-1.846446792611789,-1.846446792611789
-1.8398869536709574,-1.8398869536709574
-1.8333330479162893,-1.8333330479162893
-1.8267850751599894,-1.8267850751599894
-1.8202430351873298,-1.8202430351873298
-1.8137069277566802,-1.8137069277566802
-1.807176752599551,-1.807176752599551
-1.8006525094206236,-1.8006525094206236
-1.7941341978977883,-1.7941341978977883
-1.7876218176821763,-1.7876218176821763
-1.7811153683981968,-1.7811153683981968
-1.7746148496435672,-1.7746148496435672
-1.7681202609893476,-1.7681202609893476
-1.7616316019799734,-1.7616316019799734
-1.755148872133288,-1.755148872133288
-1.7486720709405696,-1.7486720709405696
-1.7422011978665681,-1.7422011978665681
-1.7357362523495323,-1.7357362523495323
-1.7292772338012403,-1.7292772338012403
-1.7228241416070267,-1.7228241416070267
-1.7163769751258167,-1.7163769751258167
-1.7099357336901493,-1.7099357336901493
-1.7035004166062067,-1.7035004166062067
-1.6970710231538435,-1.6970710231538435
-1.6906475525866118,-1.6906475525866118
-1.684230004131788,-1.684230004131788
-1.6778183769903978,-1.6778183769903978
-1.6714126703372438,-1.6714126703372438
-1.6650128833209288,-1.6650128833209288
-1.65861901506388,-1.65861901506388
-1.652231064662375,-1.652231064662375
-1.6458490311865623,-1.6458490311865623
-1.6394729136804882,-1.6394729136804882
-1.6331027111621146,-1.6331027111621146
-1.6267384226233468,-1.6267384226233468
-1.6203800470300491,-1.6203800470300491
-1.6140275833220714,-1.6140275833220714
-1.607681030413265,-1.607681030413265
-1.601340387191508,-1.601340387191508
-1.5950056525187197,-1.5950056525187197
-1.5886768252308856,-1.5886768252308856
-1.5823539041380696,-1.5823539041380696
-1.5760368880244398,-1.5760368880244398
-1.5697257756482794,-1.5697257756482794
-1.5634205657420108,-1.5634205657420108
-1.5571212570122062,-1.5571212570122062
-1.5508278481396103,-1.5508278481396103
-1.5445403377791502,-1.5445403377791502
-1.538258724559958,-1.538258724559958
-1.5319830070853793,-1.5319830070853793
-1.525713183932994,-1.525713183932994
-1.5194492536546254,-1.5194492536546254
-1.5131912147763582,-1.5131912147763582
-1.5069390657985489,-1.5069390657985489
-1.5006928051958424,-1.5006928051958424
-1.4944524314171799,-1.4944524314171799
-1.488217942885857,-1.488217942885857
-1.4819893379993676,-1.4819893379993676
-1.475766615129664,-1.475766615129664
-1.4695497726230007,-1.4695497726230007
-1.463338808799989,-1.463338808799989
-1.457133721955605,-1.457133721955605
-1.4509345103591984,-1.4509345103591984
-1.4447411722545065,-1.4447411722545065
-1.4385537058596565,-1.4385537058596565
-1.4323721093671784,-1.4323721093671784
-1.426196380944009,-1.426196380944009
-1.4200265187315035,-1.4200265187315035
-1.4138625208454407,-1.4138625208454407
-1.4077043853760278,-1.4077043853760278
-1.4015521103879094,-1.4015521103879094
-1.3954056939201718,-1.3954056939201718
-1.389265133986349,-1.389265133986349
-1.3831304285744261,-1.3831304285744261
-1.3770015756468466,-1.3770015756468466
-1.3708785731405126,-1.3708785731405126
-1.3647614189667938,-1.3647614189667938
-1.3586501110115248,-1.3586501110115248
-1.3525446471350113,-1.3525446471350113
-1.3464450251720337,-1.3464450251720337
-1.340351242931846,-1.340351242931846
-1.3342632981981797,-1.3342632981981797
-1.3281811887292425,-1.3281811887292425
-1.3221049122577226,-1.3221049122577226
-1.3160344664907877,-1.3160344664907877
-1.309969849110082,-1.309969849110082
-1.30391105777173,-1.30391105777173
-1.2978580901063337,-1.2978580901063337
-1.291810943718972,-1.291810943718972
-1.2857696161891978,-1.2857696161891978
-1.279734105071037,-1.279734105071037
-1.2737044078929862,-1.2737044078929862
-1.2676805221580099,-1.2676805221580099
-1.2616624453435357,-1.2616624453435357
-1.2556501749014521,-1.2556501749014521
-1.2496437082581044,-1.2496437082581044
-1.243643042814291,-1.243643042814291
-1.237648175945255,-1.237648175945255
-1.2316591050006824,-1.2316591050006824
-1.2256758273046964,-1.2256758273046964
-1.2196983401558505,-1.2196983401558505
-1.2137266408271201,-1.2137266408271201
-1.2077607265658983,-1.2077607265658983
-1.2018005945939885,-1.2018005945939885
-1.195846242107596,-1.195846242107596
-1.1898976662773184,-1.1898976662773184
-1.1839548642481408,-1.1839548642481408
-1.178017833139424,-1.178017833139424
-1.172086570044896,-1.172086570044896
-1.1661610720326432,-1.1661610720326432
-1.1602413361450985,-1.1602413361450985
-1.154327359399034,-1.154327359399034
-1.1484191387855474,-1.1484191387855474
-1.1425166712700512,-1.1425166712700512
-1.1366199537922619,-1.1366199537922619
-1.1307289832661882,-1.1307289832661882
-1.1248437565801181,-1.1248437565801181
-1.1189642705966063,-1.1189642705966063
-1.11309052215246,-1.11309052215246
-1.107222508058727,-1.107222508058727
-1.101360225100682,-1.101360225100682
-1.095503670037809,-1.095503670037809
-1.0896528396037906,-1.0896528396037906
-1.0838077305064904,-1.0838077305064904
-1.0779683394279393,-1.0779683394279393
-1.0721346630243174,-1.0721346630243174
-1.0663066979259386,-1.0663066979259386
-1.0604844407372351,-1.0604844407372351
-1.0546678880367397,-1.0546678880367397
-1.0488570363770668,-1.0488570363770668
-1.0430518822848958,-1.0430518822848958
-1.0372524222609543,-1.0372524222609543
-1.0314586527799965,-1.0314586527799965
-1.0256705702907867,-1.0256705702907867
-1.0198881712160779,-1.0198881712160779
-1.0141114519525933,-1.0141114519525933
-1.0083404088710066,-1.0083404088710066
-1.00257503831592,-1.00257503831592
-0.9968153366058425,-0.9968153366058425
-0.9910613000331724,-0.9910613000331724
-0.9853129248641707,-0.9853129248641707
-0.9795702073389427,-0.9795702073389427
-0.9738331436714123,-0.9738331436714123
-0.9681017300493036,-0.9681017300493036
-0.9623759626341115,-0.9623759626341115
-0.9566558375610844,-0.9566558375610844
-0.9509413509391933,-0.9509413509391933
-0.9452324988511154,-0.9452324988511154
-0.9395292773532,-0.9395292773532
-0.9338316824754527,-0.9338316824754527
-0.9281397102215003,-0.9281397102215003
-0.9224533565685737,-0.9224533565685737
-0.9167726174674745,-0.9167726174674745
-0.911097488842552,-0.911097488842552
-0.905427966591674,-0.905427966591674
-0.8997640465862015,-0.8997640465862015
-0.8941057246709573,-0.8941057246709573
-0.8884529966642013,-0.8884529966642013
-0.8828058583575977,-0.8828058583575977
-0.8771643055161904,-0.8771643055161904
-0.8715283338783684,-0.8715283338783684
-0.865897939155841,-0.865897939155841
-0.8602731170336017,-0.8602731170336017
-0.8546538631699037,-0.8546538631699037
-0.8490401731962222,-0.8490401731962222
-0.843432042717229,-0.843432042717229
-0.8378294673107551,-0.8378294673107551
-0.8322324425277637,-0.8322324425277637
-0.8266409638923106,-0.8266409638923106
-0.8210550269015191,-0.8210550269015191
-0.8154746270255394,-0.8154746270255394
-0.8098997597075178,-0.8098997597075178
-0.8043304203635633,-0.8043304203635633
-0.7987666043827113,-0.7987666043827113
-0.7932083071268877,-0.7932083071268877
-0.7876555239308745,-0.7876555239308745
-0.7821082501022741,-0.7821082501022741
-0.7765664809214726,-0.7765664809214726
-0.7710302116416023,-0.7710302116416023
-0.7654994374885047,-0.7654994374885047
-0.7599741536606932,-0.7599741536606932
-0.754454355329317,-0.754454355329317
-0.7489400376381184,-0.7489400376381184
-0.743431195703397,-0.743431195703397
-0.7379278246139703,-0.7379278246139703
-0.7324299194311343,-0.7324299194311343
-0.726937475188621,-0.726937475188621
-0.7214504868925603,-0.7214504868925603
-0.7159689495214393,-0.7159689495214393
-0.7104928580260598,-0.7104928580260598
-0.7050222073294973,-0.7050222073294973
-0.6995569923270573,-0.6995569923270573
-0.6940972078862361,-0.6940972078862361
-0.6886428488466746,-0.6886428488466746
-0.683193910020117,-0.683193910020117
-0.6777503861903654,-0.6777503861903654
-0.6723122721132369,-0.6723122721132369
-0.6668795625165196,-0.6668795625165196
-0.6614522520999252,-0.6614522520999252
-0.6560303355350449,-0.6560303355350449
-0.6506138074653046,-0.6506138074653046
-0.6452026625059173,-0.6452026625059173
-0.6397968952438362,-0.6397968952438362
-0.6343965002377081,-0.6343965002377081
-0.6290014720178261,-0.6290014720178261
-0.6236118050860819,-0.6236118050860819
-0.6182274939159154,-0.6182274939159154
-0.6128485329522683,-0.6128485329522683
-0.6074749166115334,-0.6074749166115334
-0.6021066392815061,-0.6021066392815061
-0.5967436953213326,-0.5967436953213326
-0.5913860790614599,-0.5913860790614599
-0.586033784803586,-0.586033784803586
-0.5806868068206085,-0.5806868068206085
-0.5753451393565696,-0.5753451393565696
-0.5700087766266078,-0.5700087766266078
-0.5646777128169024,-0.5646777128169024
-0.5593519420846229,-0.5593519420846229
-0.5540314585578721,-0.5540314585578721
-0.5487162563356343,-0.5487162563356343
-0.5434063294877208,-0.5434063294877208
-0.5381016720547149,-0.5381016720547149
-0.5328022780479154,-0.5328022780479154
-0.5275081414492806,-0.5275081414492806
-0.5222192562113742,-0.5222192562113742
-0.5169356162573077,-0.5169356162573077
-0.5116572154806813,-0.5116572154806813
-0.5063840477455279,-0.5063840477455279
-0.5011161068862564,-0.5011161068862564
-0.4958533867075904,-0.4958533867075904
-0.4905958809845107,-0.4905958809845107
-0.48534358346219547,-0.48534358346219547
-0.48009648785596065,-0.48009648785596065
-0.47485458785120027,-0.47485458785120027
-0.46961787710332326,-0.46961787710332326
-0.4643863492376946,-0.4643863492376946
-0.45915999784957245,-0.45915999784957245
-0.45393881650404666,-0.45393881650404666
-0.4487227987359752,-0.4487227987359752
-0.4435119380499207,-0.4435119380499207
-0.4383062279200881,-0.4383062279200881
-0.4331056617902609,-0.4331056617902609
-0.42791023307373477,-0.42791023307373477
-0.4227199351532526,-0.4227199351532526
-0.417534761380941,-0.417534761380941
-0.4123547050782435,-0.4123547050782435
-0.40717975953585295,-0.40717975953585295
-0.40200991801364405,-0.40200991801364405
-0.3968451737406098,-0.3968451737406098
-0.39168551991478945,-0.39168551991478945
-0.38653094970320157,-0.38653094970320157
-0.3813814562417752,-0.3813814562417752
-0.3762370326352808,-0.3762370326352808
-0.37109767195726073,-0.37109767195726073
-0.36596336724995654,-0.36596336724995654
-0.3608341115242401,-0.3608341115242401
-0.3557098977595432,-0.3557098977595432
-0.35059071890378385,-0.35059071890378385
-0.34547656787329356,-0.34547656787329356
-0.340367437552746,-0.340367437552746
-0.3352633207950829,-0.3352633207950829
-0.33016421042144106,-0.33016421042144106
-0.32507009922107644,-0.32507009922107644
-0.31998097995128955,-0.31998097995128955
-0.3148968453373517,-0.3148968453373517
-0.30981768807242777,-0.30981768807242777
-0.3047435008174996,-0.3047435008174996
-0.29967427620128845,-0.29967427620128845
-0.2946100068201804,-0.2946100068201804
-0.2895506852381458,-0.2895506852381458
-0.28449630398666104,-0.28449630398666104
-0.279446855564629,-0.279446855564629
-0.27440233243830275,-0.27440233243830275
-0.2693627270412015,-0.2693627270412015
-0.2643280317740318,-0.2643280317740318
-0.2592982390046055,-0.2592982390046055
-0.25427334106776106,-0.25427334106776106
-0.24925333026527552,-0.24925333026527552
-0.2442381988657888,-0.2442381988657888
-0.23922793910471338,-0.23922793910471338
-0.23422254318415725,-0.23422254318415725
-0.22922200327283204,-0.22922200327283204
-0.22422631150597683,-0.22422631150597683
-0.21923545998526384,-0.21923545998526384
-0.21424944077871794,-0.21424944077871794
-0.2092682459206292,-0.2092682459206292
-0.20429186741146507,-0.20429186741146507
-0.19932029721778152,-0.19932029721778152
-0.19435352727213556,-0.19435352727213556
-0.1893915494729983,-0.1893915494729983
-0.18443435568466335,-0.18443435568466335
-0.1794819377371566,-0.1794819377371566
-0.17453428742614602,-0.17453428742614602
-0.1695913965128522,-0.1695913965128522
-0.1646532567239552,-0.1646532567239552
-0.15971985975150074,-0.15971985975150074
-0.15479119725280968,-0.15479119725280968
-0.1498672608503842,-0.1498672608503842
-0.14494804213181334,-0.14494804213181334
-0.14003353264967708,-0.14003353264967708
-0.13512372392145197,-0.13512372392145197
-0.13021860742941732,-0.13021860742941732
-0.12531817462055597,-0.12531817462055597
-0.12042241690645789,-0.12042241690645789
-0.11553132566322247,-0.11553132566322247
-0.11064489223136152,-0.11064489223136152
-0.10576310791569933,-0.10576310791569933
-0.10088596398527307,-0.10088596398527307
-0.09601345167323189,-0.09601345167323189
-0.09114556217673839,-0.09114556217673839
-0.08628228665686655,-0.08628228665686655
-0.0814236162384979,-0.0814236162384979
-0.0765695420102201,-0.0765695420102201
-0.07172005502422518,-0.07172005502422518
-0.06687514629620425,-0.06687514629620425
-0.06203480680524173,-0.06203480680524173
-0.05719902749371231,-0.05719902749371231
-0.0523677992671746,-0.0523677992671746
-0.04754111299426466,-0.04754111299426466
-0.04271895950658812,-0.04271895950658812
-0.037901329598612754,-0.037901329598612754
-0.03308821402756153,-0.03308821402756153
-0.028279603513301697,-0.028279603513301697
-0.02347548873823591,-0.02347548873823591
-0.01867586034719091,-0.01867586034719091
-0.013880708947308654,-0.013880708947308654
-0.009090025107932562,-0.009090025107932562
-0.004303799360495445,-0.004303799360495445
0.0004779778015936271,0.0004779778015936271
0.005255315923061272,0.005255315923061272
0.010028224586886245,0.010028224586886245
0.014796713414416287,0.014796713414416287
0.019560792065476864,0.019560792065476864
0.02432047023849786,0.02432047023849786
0.029075757670620962,0.029075757670620962
0.03382666413782648,0.03382666413782648
0.038573199455042506,0.038573199455042506
0.043315373476275024,0.043315373476275024
0.048053196094716005,0.048053196094716005
0.05278667724287624,0.05278667724287624
0.05751582689269649,0.05751582689269649
0.06224065505567823,0.06224065505567823
0.06696117178299837,0.06696117178299837
0.07167738716564073,0.07167738716564073
0.07638931133451608,0.07638931133451608
0.08109695446058579,0.08109695446058579
0.08580032675499373,0.08580032675499373
0.09049943846918498,0.09049943846918498
0.09519429989504186,0.09519429989504186
0.09988492136500389,0.09988492136500389
0.10457131325220344,0.10457131325220344
0.1092534859705897,0.1092534859705897
0.113931449975065,0.113931449975065
0.11860521576160951,0.11860521576160951
0.12327479386741974,0.12327479386741974
0.12794019487103506,0.12794019487103506
0.13260142939247846,0.13260142939247846
0.13725850809338153,0.13725850809338153
0.14191144167712963,0.14191144167712963
0.14656024088898953,0.14656024088898953
0.15120491651625365,0.15120491651625365
0.1558454793883677,0.1558454793883677
0.16048194037708124,0.16048194037708124
0.1651143103965761,0.1651143103965761
0.16974260040361308,0.16974260040361308
0.17436682139766804,0.17436682139766804
0.17898698442108005,0.17898698442108005
0.18360310055918472,0.18360310055918472
0.18821518094046671,0.18821518094046671
0.19282323673669627,0.19282323673669627
0.19742727916308075,0.19742727916308075
0.20202731947840466,0.20202731947840466
0.20662336898518124,0.20662336898518124
0.21121543902979528,0.21121543902979528
0.21580354100265656,0.21580354100265656
0.22038768633834396,0.22038768633834396
0.2249678865157619,0.2249678865157619
0.22954415305828282,0.22954415305828282
0.23411649753390903,0.23411649753390903
0.23868493155541626,0.23868493155541626
0.24324946678051554,0.24324946678051554
0.2478101149119996,0.2478101149119996
0.25236688769790777,0.25236688769790777
0.25691979693167133,0.25691979693167133
0.2614688544522828,0.2614688544522828
0.2660140721444431,0.2660140721444431
0.2705554619387305,0.2705554619387305
0.27509303581175104,0.27509303581175104
0.2796268057863099,0.2796268057863099
0.28415678393156396,0.28415678393156396
0.2886829823631918,0.2886829823631918
0.2932054132435521,0.2932054132435521
0.2977240887818542,0.2977240887818542
0.302239021234317,0.302239021234317
0.3067502229043438,0.3067502229043438
0.311257706142682,0.311257706142682
0.3157614833475994,0.3157614833475994
0.32026156696504593,0.32026156696504593
0.32475796948883373,0.32475796948883373
0.3292507034607985,0.3292507034607985
0.33373978147098216,0.33373978147098216
0.3382252161577982,0.3382252161577982
0.3427070202082143,0.3427070202082143
0.3471852063579189,0.3471852063579189
0.3516597873915082,0.3516597873915082
0.35613077614265504,0.35613077614265504
0.3605981854942953,0.3605981854942953
0.3650620283787996,0.3650620283787996
0.3695223177781644,0.3695223177781644
0.3739790667241826,0.3739790667241826
0.3784322882986382,0.3784322882986382
0.3828819956334799,0.3828819956334799
0.38732820191101636,0.38732820191101636
0.39177092036409167,0.39177092036409167
0.3962101642762852,0.3962101642762852
0.4006459469820869,0.4006459469820869
0.4050782818671,0.4050782818671
0.4095071823682196,0.4095071823682196
0.41393266197383477,0.41393266197383477
0.41835473422401376,0.41835473422401376
0.4227734127107055,0.4227734127107055
0.4271887110779256,0.4271887110779256
0.43160064302196344,0.43160064302196344
0.4360092222915694,0.4360092222915694
0.4404144626881629,0.4404144626881629
0.4448163780660245,0.4448163780660245
0.4492149823325035,0.4492149823325035
0.4536102894482136,0.4536102894482136
0.45800231342724335,0.45800231342724335
0.4623910683373549,0.4623910683373549
0.4667765683001945,0.4667765683001945
0.4711588274914938,0.4711588274914938
0.4755378601412872,0.4755378601412872
0.47991368053410904,0.47991368053410904
0.4842863030092183,0.4842863030092183
0.4886557419607976,0.4886557419607976
0.4930220118381764,0.4930220118381764
0.49738512714603844,0.49738512714603844
0.5017451024446439,0.5017451024446439
0.5061019523500386,0.5061019523500386
0.5104556915342823,0.5104556915342823
0.5148063347256573,0.5148063347256573
0.5191538967089,0.5191538967089
0.5234983923254131,0.5234983923254131
0.5278398364734999,0.5278398364734999
0.5321782441085765,0.5321782441085765
0.5365136302434125,0.5365136302434125
0.5408460099483434,0.5408460099483434
0.545175398351514,0.545175398351514
0.5495018106390953,0.5495018106390953
0.5538252620555292,0.5538252620555292
0.5581457679037483,0.5581457679037483
0.5624633435454225,0.5624633435454225
0.5667780044011842,0.5667780044011842
0.5710897659508763,0.5710897659508763
0.5753986437337786,0.5753986437337786
0.5797046533488581,0.5797046533488581
0.5840078104550075,0.5840078104550075
0.5883081307712843,0.5883081307712843
0.5926056300771577,0.5926056300771577
0.5969003242127571,0.5969003242127571
0.6011922290791184,0.6011922290791184
0.6054813606384277,0.6054813606384277
0.6097677349142753,0.6097677349142753
0.6140513679919098,0.6140513679919098
0.6183322760184904,0.6183322760184904
0.6226104752033363,0.6226104752033363
0.6268859818181873,0.6268859818181873
0.6311588121974636,0.6311588121974636
0.6354289827385247,0.6354289827385247
0.6396965099019233,0.6396965099019233
0.6439614102116751,0.6439614102116751
0.6482237002555232,0.6482237002555232
0.6524833966852018,0.6524833966852018
0.6567405162166994,0.6567405162166994
0.6609950756305335,0.6609950756305335
0.6652470917720197,0.6652470917720197
0.6694965815515456,0.6694965815515456
0.6737435619448383,0.6737435619448383
0.6779880499932448,0.6779880499932448
0.6822300628040107,0.6822300628040107
0.6864696175505567,0.6864696175505567
0.690706731472756,0.690706731472756
0.6949414218772237,0.6949414218772237
0.6991737061375918,0.6991737061375918
0.7034036016948064,0.7034036016948064
0.7076311260574012,0.7076311260574012
0.7118562968018004,0.7118562968018004
0.7160791315725977,0.7160791315725977
0.7202996480828603,0.7202996480828603
0.7245178641144113,0.7245178641144113
0.7287337975181379,0.7287337975181379
0.7329474662142786,0.7329474662142786
0.7371588881927338,0.7371588881927338
0.7413680815133558,0.7413680815133558
0.7455750643062652,0.7455750643062652
0.7497798547721445,0.7497798547721445
0.7539824711825546,0.7539824711825546
0.7581829318802369,0.7581829318802369
0.7623812552794309,0.7623812552794309
0.7665774598661805,0.7665774598661805
0.7707715641986571,0.7707715641986571
0.7749635869074658,0.7749635869074658
0.7791535466959777,0.7791535466959777
0.7833414623406355,0.7833414623406355
0.7875273526912925,0.7875273526912925
0.7917112366715201,0.7917112366715201
0.7958931332789523,0.7958931332789523
0.8000730615855984,0.8000730615855984
0.804251040738188,0.804251040738188
0.8084270899584919,0.8084270899584919
0.8126012285436663,0.8126012285436663
0.8167734758665813,0.8167734758665813
0.8209438513761725,0.8209438513761725
0.8251123745977653,0.8251123745977653
0.8292790651334365,0.8292790651334365
0.8334439426623439,0.8334439426623439
0.8376070269410861,0.8376070269410861
0.8417683378040445,0.8417683378040445
0.8459278951637403,0.8459278951637403
0.850085719011184,0.850085719011184
0.8542418294162398,0.8542418294162398
0.8583962465279722,0.8583962465279722
0.8625489905750219,0.8625489905750219
0.8667000818659539,0.8667000818659539
0.8708495407896366,0.8708495407896366
0.874997387815599,0.874997387815599
0.8791436434944088,0.8791436434944088
0.8832883284580375,0.8832883284580375
0.8874314634202439,0.8874314634202439
0.8915730691769428,0.8915730691769428
0.895713166606592,0.895713166606592
0.899851776670566,0.899851776670566
0.9039889204135515,0.9039889204135515
0.9081246189639226,0.9081246189639226
0.9122588935341396,0.9122588935341396
0.9163917654211343,0.9163917654211343
0.9205232560067093,0.9205232560067093
0.924653386757929,0.924653386757929
0.9287821792275274,0.9287821792275274
0.9329096550542995,0.9329096550542995
0.9370358359635174,0.9370358359635174
0.9411607437673251,0.9411607437673251
0.9452844003651609,0.9452844003651609
0.9494068277441567,0.9494068277441567
0.9535280479795667,0.9535280479795667
0.9576480832351703,0.9576480832351703
0.9617669557637077,0.9617669557637077
0.9658846879072877,0.9658846879072877
0.9700013020978285,0.9700013020978285
0.9741168208574724,0.9741168208574724
0.9782312667990284,0.9782312667990284
0.9823446626263965,0.9823446626263965
0.9864570311350149,0.9864570311350149
0.9905683952122885,0.9905683952122885
0.9946787778380425,0.9946787778380425
0.9987882020849572,0.9987882020849572
1.0028966911190274,1.0028966911190274
1.0070042682000018,1.0070042682000018
1.0111109566818495,1.0111109566818495
1.0152167800132048,1.0152167800132048
1.0193217617378398,1.0193217617378398
1.0234259254951152,1.0234259254951152
1.0275292950204582,1.0275292950204582
1.0316318941458202,1.0316318941458202
1.0357337468001617,1.0357337468001617
1.0398348770099146,1.0398348770099146
1.0439353088994736,1.0439353088994736
1.0480350666916642,1.0480350666916642
1.0521341747082433,1.0521341747082433
1.056232657370371,1.056232657370371
1.0603305391991171,1.0603305391991171
1.0644278448159405,1.0644278448159405
1.0685245989432037,1.0685245989432037
1.0726208264046568,1.0726208264046568
1.0767165521259587,1.0767165521259587
1.0808118011351662,1.0808118011351662
1.0849065985632658,1.0849065985632658
1.089000969644674,1.089000969644674
1.0930949397177585,1.0930949397177585
1.0971885342253584,1.0971885342253584
1.1012817787153164,1.1012817787153164
1.1053746988410014,1.1053746988410014
1.1094673203618395,1.1094673203618395
1.113559669143849,1.113559669143849
1.1176517711601863,1.1176517711601863
1.1217436524916866,1.1217436524916866
1.1258353393274025,1.1258353393274025
1.1299268579651605,1.1299268579651605
1.1340182348121177,1.1340182348121177
1.138109496385317,1.138109496385317
1.1422006693122435,1.1422006693122435
1.1462917803313932,1.1462917803313932
1.1503828562928464,1.1503828562928464
1.1544739241588369,1.1544739241588369
1.1585650110043257,1.1585650110043257
1.162656144017583,1.162656144017583
1.1667473505007806,1.1667473505007806
1.1708386578705718,1.1708386578705718
1.1749300936586857,1.1749300936586857
1.1790216855125233,1.1790216855125233
1.1831134611957637,1.1831134611957637
1.1872054485889656,1.1872054485889656
1.191297675690175,1.191297675690175
1.1953901706155359,1.1953901706155359
1.1994829615999172,1.1994829615999172
1.2035760769975288,1.2035760769975288
1.2076695452825452,1.2076695452825452
1.2117633950497353,1.2117633950497353
1.215857655015107,1.215857655015107
1.2199523540165385,1.2199523540165385
1.22404752101442,1.22404752101442
1.2281431850923026,1.2281431850923026
1.2322393754575602,1.2322393754575602
1.2363361214420368,1.2363361214420368
1.240433452502709,1.240433452502709
1.2445313982223511,1.2445313982223511
1.2486299883102163,1.2486299883102163
1.252729252602704,1.252729252602704
1.2568292210640375,1.2568292210640375
1.2609299237869525,1.2609299237869525
1.2650313909933917,1.2650313909933917
1.2691336530351973,1.2691336530351973
1.2732367403948013,1.2732367403948013
1.2773406836859453,1.2773406836859453
1.281445513654377,1.281445513654377
1.285551261178578,1.285551261178578
1.2896579572704676,1.2896579572704676
1.2937656330761442,1.2937656330761442
1.2978743198766005,1.2978743198766005
1.3019840490884724,1.3019840490884724
1.306094852264766,1.306094852264766
1.3102067610956167,1.3102067610956167
1.3143198074090259,1.3143198074090259
1.3184340231716332,1.3184340231716332
1.322549440489462,1.322549440489462
1.3266660916087027,1.3266660916087027
1.3307840089164698,1.3307840089164698
1.3349032249415955,1.3349032249415955
1.3390237723553995,1.3390237723553995
1.3431456839724922,1.3431456839724922
1.3472689927515558,1.3472689927515558
1.35139373179616,1.35139373179616
1.3555199343555555,1.3555199343555555
1.3596476338254988,1.3596476338254988
1.3637768637490582,1.3637768637490582
1.3679076578174516,1.3679076578174516
1.3720400498708645,1.3720400498708645
1.3761740738992994,1.3761740738992994
1.380309764043404,1.380309764043404
1.3844471545953365,1.3844471545953365
1.3885862799996038,1.3885862799996038
1.3927271748539385,1.3927271748539385
1.3968698739101528,1.3968698739101528
1.4010144120750256,1.4010144120750256
1.4051608244111709,1.4051608244111709
1.4093091461379357,1.4093091461379357
1.4134594126322826,1.4134594126322826
1.4176116594297017,1.4176116594297017
1.421765922225107,1.421765922225107
1.4259222368737596,1.4259222368737596
1.4300806393921754,1.4300806393921754
1.4342411659590688,1.4342411659590688
1.4384038529162697,1.4384038529162697
1.4425687367696804,1.4425687367696804
1.4467358541902091,1.4467358541902091
1.4509052420147388,1.4509052420147388
1.4550769372470767,1.4550769372470767
1.4592509770589377,1.4592509770589377
1.4634273987909037,1.4634273987909037
1.467606239953429,1.467606239953429
1.4717875382278114,1.4717875382278114
1.4759713314672087,1.4759713314672087
1.4801576576976283,1.4801576576976283
1.4843465551189603,1.4843465551189603
1.488538062105983,1.488538062105983
1.4927322172094035,1.4927322172094035
1.4969290591568873,1.4969290591568873
1.5011286268541135,1.5011286268541135
1.505330959385815,1.505330959385815
1.5095360960168576,1.5095360960168576
1.513744076193287,1.513744076193287
1.5179549395434313,1.5179549395434313
1.5221687258789665,1.5221687258789665
1.5263854751960249,1.5263854751960249
1.5306052276762872,1.5306052276762872
1.5348280236881042,1.5348280236881042
1.5390539037876116,1.5390539037876116
1.543282908719856,1.543282908719856
1.547515079419931,1.547515079419931
1.5517504570141372,1.5517504570141372
1.5559890828211225,1.5559890828211225
1.560230998353049,1.560230998353049
1.5644762453167684,1.5644762453167684
1.5687248656150077,1.5687248656150077
1.5729769013475567,1.5729769013475567
1.5772323948124662,1.5772323948124662
1.5814913885072597,1.5814913885072597
1.5857539251301587,1.5857539251301587
1.5900200475813098,1.5900200475813098
1.5942897989640172,1.5942897989640172
1.5985632225859954,1.5985632225859954
1.6028403619606317,1.6028403619606317
1.607121260808255,1.607121260808255
1.6114059630574056,1.6114059630574056
1.615694512846128,1.615694512846128
1.6199869545232795,1.6199869545232795
1.6242833326498278,1.6242833326498278
1.6285836920001744,1.6285836920001744
1.6328880775634829,1.6328880775634829
1.6371965345450266,1.6371965345450266
1.6415091083675388,1.6415091083675388
1.645825844672567,1.645825844672567
1.6501467893218522,1.6501467893218522
1.654471988398718,1.654471988398718
1.6588014882094646,1.6588014882094646
1.6631353352847664,1.6631353352847664
1.6674735763810984,1.6674735763810984
1.6718162584821707,1.6718162584821707
1.6761634288003642,1.6761634288003642
1.68051513477818,1.68051513477818
1.6848714240897091,1.6848714240897091
1.6892323446421145,1.6892323446421145
1.6935979445771132,1.6935979445771132
1.6979682722724796,1.6979682722724796
1.7023433763435543,1.7023433763435543
1.7067233056447833,1.7067233056447833
1.7111081092712457,1.7111081092712457
1.715497836560207,1.715497836560207
1.7198925370926792,1.7198925370926792
1.724292260695011,1.724292260695011
1.7286970574404685,1.7286970574404685
1.7331069776508343,1.7331069776508343
1.7375220718980302,1.7375220718980302
1.7419423910057499,1.7419423910057499
1.7463679860511008,1.7463679860511008
1.7507989083662547,1.7507989083662547
1.755235209540122,1.755235209540122
1.7596769414200466,1.7596769414200466
1.7641241561134946,1.7641241561134946
1.7685769059897691,1.7685769059897691
1.7730352436817387,1.7730352436817387
1.7774992220875871,1.7774992220875871
1.7819688943725611,1.7819688943725611
1.7864443139707478,1.7864443139707478
1.790925534586857,1.790925534586857
1.795412610198032,1.795412610198032
1.7999055950556646,1.7999055950556646
1.8044045436872183,1.8044045436872183
1.8089095108980933,1.8089095108980933
1.813420551773475,1.813420551773475
1.8179377216802335,1.8179377216802335
1.8224610762687983,1.8224610762687983
1.8269906714750914,1.8269906714750914
1.8315265635224423,1.8315265635224423
1.8360688089235468,1.8360688089235468
1.840617464482414,1.840617464482414
1.845172587296366,1.845172587296366
1.8497342347580144,1.8497342347580144
1.8543024645572952,1.8543024645572952
1.8588773346834817,1.8588773346834817
1.8634589034272517,1.8634589034272517
1.8680472293827362,1.8680472293827362
1.8726423714496274,1.8726423714496274
1.8772443888352597,1.8772443888352597
1.8818533410567537,1.8818533410567537
1.886469287943136,1.886469287943136
1.89109228963752,1.89109228963752
1.895722406599266,1.895722406599266
1.900359699606198,1.900359699606198
1.9050042297568004,1.9050042297568004
1.909656058472479,1.909656058472479
1.9143152474997942,1.9143152474997942
1.9189818589127603,1.9189818589127603
1.9236559551151238,1.9236559551151238
1.9283375988427014,1.9283375988427014
1.9330268531656967,1.9330268531656967
1.9377237814910837,1.9377237814910837
1.9424284475649647,1.9424284475649647
1.9471409154749946,1.9471409154749946
1.9518612496527854,1.9518612496527854
1.9565895148763721,1.9565895148763721
1.9613257762726581,1.9613257762726581
1.9660700993199298,1.9660700993199298
1.970822549850349,1.970822549850349
1.9755831940525084,1.9755831940525084
1.9803520984739675,1.9803520984739675
1.9851293300238617,1.9851293300238617
1.9899149559754845,1.9899149559754845
1.9947090439689381,1.9947090439689381
1.9995116620137672,1.9995116620137672
2.0043228784916587,2.0043228784916587
2.009142762159124,2.009142762159124
2.013971382150251,2.013971382150251
2.018808807979431,2.018808807979431
2.023655109544163,2.023655109544163
2.0285103571278373,2.0285103571278373
2.033374621402587,2.033374621402587
2.0382479734321226,2.0382479734321226
2.0431304846746396,2.0431304846746396
2.04802222698571,2.04802222698571
2.0529232726212343,2.0529232726212343
2.057833694240395,2.057833694240395
2.0627535649086663,2.0627535649086663
2.0676829581008196,2.0676829581008196
2.0726219477039898,2.0726219477039898
2.0775706080207352,2.0775706080207352
2.0825290137721724,2.0825290137721724
2.0874972401010856,2.0874972401010856
2.092475362575124,2.092475362575124
2.0974634571899697,2.0974634571899697
2.1024616003725933,2.1024616003725933
2.1074698689845017,2.1074698689845017
2.112488340325027,2.112488340325027
2.1175170921346504,2.1175170921346504
2.1225562025983638,2.1225562025983638
2.127605750349054,2.127605750349054
2.132665814470915,2.132665814470915
2.137736474502905,2.137736474502905
2.1428178104422413,2.1428178104422413
2.147909902747915,2.147909902747915
2.153012832344239,2.153012832344239
2.15812668062444,2.15812668062444
2.163251529454298,2.163251529454298
2.1683874611757887,2.1683874611757887
2.1735345586107853,2.1735345586107853
2.178692905064788,2.178692905064788
2.1838625843307016,2.1838625843307016
2.1890436806926408,2.1890436806926408
2.194236278929762,2.194236278929762
2.199440464320153,2.199440464320153
2.204656322644767,2.204656322644767
2.2098839401913626,2.2098839401913626
2.2151234037585126,2.2151234037585126
2.2203748006596395,2.2203748006596395
2.225638218727105,2.225638218727105
2.2309137463163244,2.2309137463163244
2.236201472309924,2.236201472309924
2.2415014861219515,2.2415014861219515
2.246813877702128,2.246813877702128
2.2521387375401285,2.2521387375401285
2.2574761566699215,2.2574761566699215
2.2628262266741386,2.2628262266741386
2.26818903968851,2.26818903968851
2.273564688406323,2.273564688406323
2.2789532660829352,2.2789532660829352
2.2843548665403297,2.2843548665403297
2.289769584171735,2.289769584171735
2.295197513946271,2.295197513946271
2.3006387514136453,2.3006387514136453
2.3060933927089,2.3060933927089
2.3115615345572387,2.3115615345572387
2.3170432742788454,2.3170432742788454
2.3225387097937933,2.3225387097937933
2.3280479396269995,2.3280479396269995
2.3335710629132267,2.3335710629132267
2.3391081794021424,2.3391081794021424
2.3446593894634122,2.3446593894634122
2.350224794091872,2.350224794091872
2.3558044949127517,2.3558044949127517
2.3613985941869338,2.3613985941869338
2.3670071948162783,2.3670071948162783
2.3726304003490215,2.3726304003490215
2.3782683149852,2.3782683149852
2.3839210435821685,2.3839210435821685
2.3895886916601343,2.3895886916601343
2.395271365407789,2.395271365407789
2.4009691716879837,2.4009691716879837
2.4066822180434717,2.4066822180434717
2.4124106127026947,2.4124106127026947
2.418154464585651,2.418154464585651
2.423913883309832,2.423913883309832
2.4296889791962037,2.4296889791962037
2.4354798632752583,2.4354798632752583
2.441286647293139,2.441286647293139
2.4471094437178316,2.4471094437178316
2.4529483657454203,2.4529483657454203
2.4588035273064035,2.4588035273064035
2.464675043072095,2.464675043072095
2.4705630284610858,2.4705630284610858
2.4764675996457863,2.4764675996457863
2.4823888735590223,2.4823888735590223
2.488326967900717,2.488326967900717
2.494282001144663,2.494282001144663
2.500254092545337,2.500254092545337
2.506243362144807,2.506243362144807
2.5122499307797215,2.5122499307797215
2.5182739200883715,2.5182739200883715
2.5243154525178353,2.5243154525178353
2.5303746513311904,2.5303746513311904
2.5364516406148234,2.5364516406148234
2.5425465452858225,2.5425465452858225
2.54865949109944,2.54865949109944
2.554790604656645,2.554790604656645
2.560940013411768,2.560940013411768
2.5671078456802365,2.5671078456802365
2.573294230646384,2.573294230646384
2.579499298371355,2.579499298371355
2.585723179801102,2.585723179801102
2.5919660067744883,2.5919660067744883
2.5982279120314584,2.5982279120314584
2.604509029221316,2.604509029221316
2.6108094929111014,2.6108094929111014
2.617129438594068,2.617129438594068
2.6234690026982435,2.6234690026982435
2.629828322595113,2.629828322595113
2.6362075366083735,2.6362075366083735
2.642606784022818,2.642606784022818
2.6490262050933233,2.6490262050933233
2.655465941053933,2.655465941053933
2.661926134127034,2.661926134127034
2.668406927532675,2.668406927532675
2.6749084654979827,2.6749084654979827
2.6814308932666795,2.6814308932666795
2.687974357108717,2.687974357108717
2.694539004330037,2.694539004330037
2.7011249832824507,2.7011249832824507
2.707732443373621,2.707732443373621
2.7143615350771686,2.7143615350771686
2.7210124099429076,2.7210124099429076
2.727685220607216,2.727685220607216
2.7343801208035097,2.7343801208035097
2.741097265372845,2.741097265372845
2.747836810274665,2.747836810274665
2.754598912597684,2.754598912597684
2.761383730570884,2.761383730570884
2.768191423574645,2.768191423574645
2.7750221521520375,2.7750221521520375
2.7818760780202405,2.7818760780202405
2.7887533640820976,2.7887533640820976
2.795654174437819,2.795654174437819
2.8025786743968255,2.8025786743968255
2.8095270304897646,2.8095270304897646
2.8164994104806436,2.8164994104806436
2.8234959833791256,2.8234959833791256
2.8305169194529953,2.8305169194529953
2.837562390240769,2.837562390240769
2.8446325685644704,2.8446325685644704
2.8517276285425495,2.8517276285425495
2.858847745602995,2.858847745602995
2.8659930964965983,2.8659930964965983
2.87316385931039,2.87316385931039
2.8803602134812376,2.8803602134812376
2.887582339809635,2.887582339809635
2.894830420473669,2.894830420473669
2.9021046390431526,2.9021046390431526
2.909405180493944,2.909405180493944
2.9167322312224626,2.9167322312224626
2.9240859790603904,2.9240859790603904
2.931466613289567,2.931466613289567
2.938874324657056,2.938874324657056
2.946309305390443,2.946309305390443
2.953771749213325,2.953771749213325
2.961261851360995,2.961261851360995
2.9687798085963335,2.9687798085963335
2.976325819225917,2.976325819225917
2.9839000831163527,2.9839000831163527
2.9915028017108156,2.9915028017108156
2.999134178045792,2.999134178045792
3.006794416768085,3.006794416768085
3.014483724152031,3.014483724152031
3.0222023081169347,3.0222023081169347
3.0299503782447594,3.0299503782447594
3.037728145798041,3.037728145798041
3.045535823738076,3.045535823738076
3.0533736267433174,3.0533736267433174
3.0612417712280426,3.0612417712280426
3.0691404753612828,3.0691404753612828
3.0770699590860064,3.0770699590860064
3.085030444138563,3.085030444138563
3.0930221540683984,3.0930221540683984
3.1010453142580423,3.1010453142580423
3.1091001519433887,3.1091001519433887
3.117186896234238,3.117186896234238
3.125305778135131,3.125305778135131
3.1334570305664813,3.1334570305664813
3.141640888386012,3.141640888386012
3.149857588410483,3.149857588410483
3.1581073694377158,3.1581073694377158
3.1663904722689566,3.1663904722689566
3.1747071397315425,3.1747071397315425
3.1830576167018982,3.1830576167018982
3.19144215012884,3.19144215012884
3.1998609890572456,3.1998609890572456
3.208314384652052,3.208314384652052
3.2168025902225974,3.2168025902225974
3.2253258612473026,3.2253258612473026
3.2338844553987407,3.2338844553987407
3.2424786325690538,3.2424786325690538
3.2511086548957424,3.2511086548957424
3.2597747867878293,3.2597747867878293
3.2684772949524143,3.2684772949524143
3.2772164484216257,3.2772164484216257
3.285992518579963,3.285992518579963
3.2948057791920315,3.2948057791920315
3.3036565064307166,3.3036565064307166
3.3125449789057657,3.3125449789057657
3.321471477692795,3.321471477692795
3.3304362863627315,3.3304362863627315
3.339439691011697,3.339439691011697
3.3484819802913677,3.3484819802913677
3.3575634454397587,3.3575634454397587
3.3666843803124853,3.3666843803124853
3.375845081414513,3.375845081414513
3.385045847932407,3.385045847932407
3.394286981767028,3.394286981767028
3.4035687875667673,3.4035687875667673
3.4128915727612954,3.4128915727612954
3.42225564759582,3.42225564759582
3.4316613251658876,3.4316613251658876
3.441108921452709,3.441108921452709
3.450598755359045,3.450598755359045
3.460131148745691,3.460131148745691
3.4697064264684703,3.4697064264684703
3.4793249164158504,3.4793249164158504
3.4889869495471593,3.4889869495471593
3.498692859931392,3.498692859931392
3.5084429847866523,3.5084429847866523
3.518237664520191,3.518237664520191
3.5280772427691205,3.5280772427691205
3.537962066441796,3.537962066441796
3.5478924857598146,3.5478924857598146
3.5578688543007275,3.5578688543007275
3.567891529041448,3.567891529041448
3.5779608704023627,3.5779608704023627
3.588077242292163,3.588077242292163
3.5982410121533968,3.5982410121533968
3.608452551008795,3.608452551008795
3.6187122335083663,3.6187122335083663
3.629020437977238,3.629020437977238
3.6393775464643405,3.6393775464643405
3.649783944791843,3.649783944791843
3.6602400226054774,3.6602400226054774
3.6707461734256923,3.6707461734256923
3.6813027946996426,3.6813027946996426
3.6919102878540726,3.6919102878540726
3.702569058349113,3.702569058349113
3.713279515732983,3.713279515732983
3.7240420736976314,3.7240420736976314
3.7348571501352983,3.7348571501352983
3.7457251671961123,3.7457251671961123
3.756646551346645,3.756646551346645
3.7676217334294786,3.7676217334294786
3.7786511487238115,3.7786511487238115
3.789735237007136,3.789735237007136
3.800874442617995,3.800874442617995
3.812069214519834,3.812069214519834
3.823320006365955,3.823320006365955
3.8346272765656786,3.8346272765656786
3.8459914883516464,3.8459914883516464
3.857413109848319,3.857413109848319
3.868892614141702,3.868892614141702
3.880430479350344,3.880430479350344
3.8920271886976083,3.8920271886976083
3.903683230585242,3.903683230585242
3.91539909866827,3.91539909866827
3.9271752919312872,3.9271752919312872
3.939012314766147,3.939012314766147
3.950910677051031,3.950910677051031
3.96287089423102,3.96287089423102
3.9748934874001334,3.9748934874001334
3.9869789833849247,3.9869789833849247
3.999127914829598,3.999127914829598
4.011340820282715,4.011340820282715
4.023618244285574,4.023618244285574
4.035960737462227,4.035960737462227
4.048368856611198,4.048368856611198
4.060843164798943,4.060843164798943
4.073384231455105,4.073384231455105
4.085992632469606,4.085992632469606
4.098668950291572,4.098668950291572
4.11141377403018,4.11141377403018
4.1242276995574665,4.1242276995574665
4.13711132961315,4.13711132961315
4.150065273911471,4.150065273911471
4.163090149250122,4.163090149250122
4.176186579621366,4.176186579621366
4.189355196325321,4.189355196325321
4.20259663808549,4.20259663808549
4.215911551166595,4.215911551166595
4.229300589494775,4.229300589494775
4.242764414780208,4.242764414780208
4.256303696642194,4.256303696642194
4.2699191127367415,4.2699191127367415
4.283611348886814,4.283611348886814
4.297381099215187,4.297381099215187
4.311229066280051,4.311229066280051
4.325155961213375,4.325155961213375
4.339162503862167,4.339162503862167
4.353249422932672,4.353249422932672
4.367417456137532,4.367417456137532
4.38166735034607,4.38166735034607
4.395999861737698,4.395999861737698
4.4104157559586135,4.4104157559586135
4.424915808281773,4.424915808281773
4.439500803770287,4.439500803770287
4.454171537444311,4.454171537444311
4.468928814451541,4.468928814451541
4.483773450241367,4.483773450241367
4.498706270742775,4.498706270742775
4.513728112546192,4.513728112546192
4.528839823089238,4.528839823089238
4.5440422608466156,4.5440422608466156
4.559336295524108,4.559336295524108
4.574722808256967,4.574722808256967
4.590202691812668,4.590202691812668
4.6057768507982075,4.6057768507982075
4.62144620187203,4.62144620187203
4.637211673960783,4.637211673960783
4.653074208480962,4.653074208480962
4.669034759565613,4.669034759565613
4.685094294296171,4.685094294296171
4.701253792939696,4.701253792939696
4.7175142491915665,4.7175142491915665
4.733876670423776,4.733876670423776
4.750342077939027,4.750342077939027
4.766911507230791,4.766911507230791
4.783586008249481,4.783586008249481
4.800366645674912,4.800366645674912
4.817254499195221,4.817254499195221
4.834250663792453,4.834250663792453
4.851356250035042,4.851356250035042
4.868572384377255,4.868572384377255
4.885900209465945,4.885900209465945
4.903340884454758,4.903340884454758
4.920895585326037,4.920895585326037
4.938565505220613,4.938565505220613
4.956351854775742,4.956351854775742
4.974255862471458,4.974255862471458
4.992278774985568,4.992278774985568
5.010421857557509,5.010421857557509
5.028686394361412,5.028686394361412
5.0470736888886005,5.0470736888886005
5.065585064339849,5.065585064339849
5.084221864027667,5.084221864027667
5.10298545178891,5.10298545178891
5.1218772124081005,5.1218772124081005
5.140898552051761,5.140898552051761
5.160050898714048,5.160050898714048
5.179335702674125,5.179335702674125
5.19875443696563,5.19875443696563
5.2183085978585915,5.2183085978585915
5.237999705354222,5.237999705354222
5.257829303692974,5.257829303692974
5.277798961876307,5.277798961876307
5.297910274202684,5.297910274202684
5.318164860818087,5.318164860818087
5.338564368281709,5.338564368281709
5.359110470147222,5.359110470147222
5.3798048675602095,5.3798048675602095
5.400649289872234,5.400649289872234
5.421645495272122,5.421645495272122
5.4427952714351076,5.4427952714351076
5.464100436190391,5.464100436190391
5.485562838207715,5.485562838207715
5.507184357703695,5.507184357703695
5.528966907168508,5.528966907168508
5.550912432113715,5.550912432113715
5.573022911841962,5.573022911841962
5.595300360239219,5.595300360239219
5.617746826590513,5.617746826590513
5.640364396419894,5.640364396419894
5.663155192355563,5.663155192355563
5.686121375021008,5.686121375021008
5.709265143953142,5.709265143953142
5.732588738548408,5.732588738548408
5.756094439037968,5.756094439037968
5.779784567492878,5.779784567492878
5.8036614888605085,5.8036614888605085
5.8277276120333665,5.8277276120333665
5.851985390951523,5.851985390951523
5.87643732573988,5.87643732573988
5.90108596388167,5.90108596388167
5.925933901429578,5.925933901429578
5.950983784255958,5.950983784255958
5.976238309343569,5.976238309343569
6.001700226118536,6.001700226118536
6.027372337827177,6.027372337827177
6.053257502958432,6.053257502958432
6.079358636713678,6.079358636713678
6.105678712525902,6.105678712525902
6.13222076363021,6.13222076363021
6.158987884687829,6.158987884687829
6.185983233465656,6.185983233465656
6.213210032573806,6.213210032573806
6.24067157126352,6.24067157126352
6.268371207287997,6.268371207287997
6.2963123688287395,6.2963123688287395
6.324498556490289,6.324498556490289
6.3529333453662336,6.3529333453662336
6.38162038717967,6.38162038717967
6.4105634125011886,6.4105634125011886
6.4397662330479095,6.4397662330479095
6.4692327440671535,6.4692327440671535
6.498966926808507,6.498966926808507
6.52897285108817,6.52897285108817
6.559254677949843,6.559254677949843
6.589816662426529,6.589816662426529
6.620663156407946,6.620663156407946
6.651798611618262,6.651798611618262
6.683227582709471,6.683227582709471
6.714954730475787,6.714954730475787
6.746984825194769,6.746984825194769
6.779322750101252,6.779322750101252
6.811973505000416,6.811973505000416
6.844942210026855,6.844942210026855
6.878234109556729,6.878234109556729
6.9118545762805,6.9118545762805
6.945809115444283,6.945809115444283
6.980103369268317,6.980103369268317
7.014743121551457,7.014743121551457
7.0497343024711645,7.0497343024711645
7.085082993589047,7.085082993589047
7.120795433072683,7.120795433072683
7.1568780211450544,7.1568780211450544
7.193337325773446,7.193337325773446
7.2301800886107666,7.2301800886107666
7.267413231202757,7.267413231202757
7.305043861475575,7.305043861475575
7.343079280519005,7.343079280519005
7.381526989681691,7.381526989681691
7.420394697995807,7.420394697995807
7.459690329949736,7.459690329949736
7.499422033628384,7.499422033628384
7.539598189242351,7.539598189242351
7.580227418068512,7.580227418068512
7.621318591825967,7.621318591825967
7.662880842513131,7.662880842513131
7.7049235727334295,7.7049235727334295
7.74745646653913,7.74745646653913
7.790489500824853,7.790489500824853
7.834032957304386,7.834032957304386
7.878097435107257,7.878097435107257
7.922693864033897,7.922693864033897
7.967833518511215,7.967833518511215
8.013528032293449,8.013528032293449
8.059789413956612,8.059789413956612
8.106630063238661,8.106630063238661
8.154062788281367,8.154062788281367
8.202100823834224,8.202100823834224
8.250757850485698,8.250757850485698
8.300048014992267,8.300048014992267
8.34998595178132,8.34998595178132
8.400586805710253,8.400586805710253
8.4518662561709,8.4518662561709
8.503840542636135,8.503840542636135
8.556526491753369,8.556526491753369
8.609941546098748,8.609941546098748
8.664103794715938,8.664103794715938
8.719032005574183,8.719032005574183
8.774745660092266,8.774745660092266
8.831264989888291,8.831264989888291
8.888611015929918,8.888611015929918
8.946805590275819,8.946805590275819
9.005871440617165,9.005871440617165
9.065832217847499,9.065832217847499
9.126712546911872,9.126712546911872
9.188538081210513,9.188538081210513
9.25133556085951,9.25133556085951
9.315132875141595,9.315132875141595
9.379959129514212,9.379959129514212
9.445844717580137,9.445844717580137
9.512821398468652,9.512821398468652
9.580922380122889,9.580922380122889
9.650182409043264,9.650182409043264
9.720637867097363,9.720637867097363
9.792326876075004,9.792326876075004
9.865289410744563,9.865289410744563
9.939567421254285,9.939567421254285
10.015204965821749,10.015204965821749
10.092248354767502,10.092248354767502
10.170746307077389,10.170746307077389
10.25075012082555,10.25075012082555
10.332313858957896,10.332313858957896
10.415494552128878,10.415494552128878
10.500352420505987,10.500352420505987
10.586951116712324,10.586951116712324
10.675357992372923,10.675357992372923
10.765644391072763,10.765644391072763
10.857885970931923,10.857885970931923
10.952163060467317,10.952163060467317
11.04856105195147,11.04856105195147
11.14717083711439,11.14717083711439
11.248089290781145,11.248089290781145
11.351419808919164,11.351419808919164
11.457272908613497,11.457272908613497
11.565766898729155,11.565766898729155
11.67702863150005,11.67702863150005
11.791194347058061,11.791194347058061
11.908410625049825,11.908410625049825
12.028835460067699,12.028835460067699
12.152639480751384,12.152639480751384
12.280007336234895,12.280007336234895
12.411139278295444,12.411139278295444
12.546252973330887,12.546252973330887
12.685585585445017,12.685585585445017
12.829396180839232,12.829396180839232
12.977968514901873,12.977968514901873
13.131614277525554,13.131614277525554
13.290676890170634,13.290676890170634
13.45553597125045,13.45553597125045
13.626612616207785,13.626612616207785
13.804375677479594,13.804375677479594
13.989349280612192,13.989349280612192
14.182121880610518,14.182121880610518
14.383357253634813,14.383357253634813
14.593807942730523,14.593807942730523
14.814331846096863,14.814331846096863
15.045912872899835,15.045912872899835
15.289686925801584,15.289686925801584
15.546974949065987,15.546974949065987
15.819325481734868,15.819325481734868
16.108570198480074,16.108570198480074
16.416897506993884,16.416897506993884
16.746951740657476,16.746951740657476
17.10196943422065,17.10196943422065
17.48597067612388,17.48597067612388
17.904034621805746,17.904034621805746
18.362707917111898,18.362707917111898
18.870631282626952,18.870631282626952
19.43954103192258,19.43954103192258
20.08595185603047,20.08595185603047
20.834165946227685,20.834165946227685
21.722102128641044,21.722102128641044
22.81386510713589,22.81386510713589
24.231309246362606,24.231309246362606
26.254687028792357,26.254687028792357
29.829804663841443,29.829804663841443
