-7.0990315195148534,-7.0990315195148534
-7.11005626018884,-7.11005626018884
-7.117211819535258,-7.117211819535258
-7.122656800829653,-7.122656800829653
-7.126972873988619,-7.126972873988619
-7.130444721481556,-7.130444721481556
-7.133242459253583,-7.133242459253583
-7.135479476926901,-7.135479476926901
-7.1372368388510425,-7.1372368388510425
-7.1385754136217505,-7.1385754136217505
-7.139542598724088,-7.139542598724088
-7.1401763534977265,-7.1401763534977265
-7.140507766332964,-7.140507766332964
-7.140562767241654,-7.140562767241654
-7.140363314432822,-7.140363314432822
-7.139928242591876,-7.139928242591876
-7.1392738854863005,-7.1392738854863005
-7.138414543309979,-7.138414543309979
-7.137362840349613,-7.137362840349613
-7.136130003380091,-7.136130003380091
-7.134726081606833,-7.134726081606833
-7.133160122737298,-7.133160122737298
-7.131440315604421,-7.131440315604421
-7.129574106927027,-7.129574106927027
-7.127568297817207,-7.127568297817207
-7.125429124244635,-7.125429124244635
-7.123162324659353,-7.123162324659353
-7.1207731972371135,-7.1207731972371135
-7.118266648664806,-7.118266648664806
-7.115647235973424,-7.115647235973424
-7.112919202614695,-7.112919202614695
-7.1100865097387125,-7.1100865097387125
-7.107152863445027,-7.107152863445027
-7.104121738635005,-7.104121738635005
-7.100996399979394,-7.100996399979394
-7.097779920424472,-7.097779920424472
-7.094475197587701,-7.094475197587701
-7.09108496833548,-7.09108496833548
-7.087611821788136,-7.087611821788136
-7.084058210958756,-7.084058210958756
-7.080426463200633,-7.080426463200633
-7.076718789612035,-7.076718789612035
-7.07293729352516,-7.07293729352516
-7.069083978188157,-7.069083978188157
-7.065160753733864,-7.065160753733864
-7.061169443516163,-7.061169443516163
-7.05711178988412,-7.05711178988412
-7.052989459454906,-7.052989459454906
-7.048804047938743,-7.048804047938743
-7.044557084562436,-7.044557084562436
-7.0402500361324245,-7.0402500361324245
-7.035884310773315,-7.035884310773315
-7.031461261373673,-7.031461261373673
-7.026982188767187,-7.026982188767187
-7.022448344674106,-7.022448344674106
-7.017860934425141,-7.017860934425141
-7.013221119487569,-7.013221119487569
-7.008530019811166,-7.008530019811166
-7.003788716009762,-7.003788716009762
-6.998998251392556,-6.998998251392556
-6.994159633857931,-6.994159633857931
-6.98927383766117,-6.98927383766117
-6.984341805066436,-6.984341805066436
-6.9793644478923245,-6.9793644478923245
-6.974342648959393,-6.974342648959393
-6.969277263447372,-6.969277263447372
-6.964169120168946,-6.964169120168946
-6.959019022766448,-6.959019022766448
-6.9538277508371955,-6.9538277508371955
-6.948596060992718,-6.948596060992718
-6.94332468785665,-6.94332468785665
-6.938014345005696,-6.938014345005696
-6.9326657258576105,-6.9326657258576105
-6.92727950450994,-6.92727950450994
-6.92185633653284,-6.92185633653284
-6.916396859719108,-6.916396859719108
-6.910901694794233,-6.910901694794233
-6.905371446089142,-6.905371446089142
-6.8998067021780365,-6.8998067021780365
-6.894208036483537,-6.894208036483537
-6.888576007851241,-6.888576007851241
-6.882911161095577,-6.882911161095577
-6.877214027518734,-6.877214027518734
-6.871485125404301,-6.871485125404301
-6.8657249604871495,-6.8657249604871495
-6.859934026400949,-6.859934026400949
-6.854112805104667,-6.854112805104667
-6.848261767289235,-6.848261767289235
-6.842381372765537,-6.842381372765537
-6.836472070834792,-6.836472070834792
-6.830534300642294,-6.830534300642294
-6.824568491515451,-6.824568491515451
-6.8185750632869775,-6.8185750632869775
-6.812554426604059,-6.812554426604059
-6.806506983224207,-6.806506983224207
-6.800433126298566,-6.800433126298566
-6.794333240643286,-6.794333240643286
-6.7882077029995935,-6.7882077029995935
-6.782056882283165,-6.782056882283165
-6.775881139823314,-6.775881139823314
-6.769680829592534,-6.769680829592534
-6.763456298426863,-6.763456298426863
-6.757207886237528,-6.757207886237528
-6.750935926214297,-6.750935926214297
-6.744640745020944,-6.744640745020944
-6.738322662983192,-6.738322662983192
-6.731981994269525,-6.731981994269525
-6.7256190470651465,-6.7256190470651465
-6.719234123739482,-6.719234123739482
-6.712827521007444,-6.712827521007444
-6.7063995300848145,-6.7063995300848145
-6.69995043683796,-6.69995043683796
-6.693480521928164,-6.693480521928164
-6.686990060950814,-6.686990060950814
-6.680479324569662,-6.680479324569662
-6.6739485786463595,-6.6739485786463595
-6.667398084365525,-6.667398084365525
-6.660828098355473,-6.660828098355473
-6.654238872804828,-6.654238872804828
-6.647630655575199,-6.647630655575199
-6.641003690310042,-6.641003690310042
-6.63435821653993,-6.63435821653993
-6.62769446978432,-6.62769446978432
-6.6210126816499955,-6.6210126816499955
-6.614313079926311,-6.614313079926311
-6.607595888677357,-6.607595888677357
-6.600861328331197,-6.600861328331197
-6.594109615766244,-6.594109615766244
-6.587340964394949,-6.587340964394949
-6.580555584244858,-6.580555584244858
-6.573753682037154,-6.573753682037154
-6.566935461262797,-6.566935461262797
-6.560101122256336,-6.560101122256336
-6.553250862267475,-6.553250862267475
-6.546384875530507,-6.546384875530507
-6.539503353331656,-6.539503353331656
-6.532606484074445,-6.532606484074445
-6.525694453343119,-6.525694453343119
-6.5187674439642445,-6.5187674439642445
-6.511825636066499,-6.511825636066499
-6.5048692071387615,-6.5048692071387615
-6.4978983320865265,-6.4978983320865265
-6.490913183286733,-6.490913183286733
-6.483913930641037,-6.483913930641037
-6.4769007416276105,-6.4769007416276105
-6.469873781351478,-6.469873781351478
-6.462833212593498,-6.462833212593498
-6.455779195857971,-6.455779195857971
-6.448711889418967,-6.448711889418967
-6.4416314493654125,-6.4416314493654125
-6.434538029644943,-6.434538029644943
-6.427431782106609,-6.427431782106609
-6.420312856542433,-6.420312856542433
-6.41318140072789,-6.41318140072789
-6.406037560461316,-6.406037560461316
-6.3988814796023075,-6.3988814796023075
-6.391713300109111,-6.391713300109111
-6.384533162075074,-6.384533162075074
-6.377341203764154,-6.377341203764154
-6.3701375616455405,-6.3701375616455405
-6.362922370427389,-6.362922370427389
-6.3556957630897335,-6.3556957630897335
-6.348457870916559,-6.348457870916559
-6.341208823527109,-6.341208823527109
-6.333948748906388,-6.333948748906388
-6.326677773434966,-6.326677773434966
-6.319396021918018,-6.319396021918018
-6.312103617613692,-6.312103617613692
-6.304800682260781,-6.304800682260781
-6.29748733610575,-6.29748733610575
-6.290163697929113,-6.290163697929113
-6.282829885071195,-6.282829885071195
-6.275486013457285,-6.275486013457285
-6.268132197622215,-6.268132197622215
-6.260768550734359,-6.260768550734359
-6.25339518461909,-6.25339518461909
-6.246012209781695,-6.246012209781695
-6.238619735429764,-6.238619735429764
-6.231217869495095,-6.231217869495095
-6.223806718655078,-6.223806718655078
-6.216386388353621,-6.216386388353621
-6.208956982821603,-6.208956982821603
-6.20151860509688,-6.20151860509688
-6.19407135704384,-6.19407135704384
-6.186615339372546,-6.186615339372546
-6.179150651657457,-6.179150651657457
-6.171677392355735,-6.171677392355735
-6.164195658825168,-6.164195658825168
-6.156705547341716,-6.156705547341716
-6.149207153116659,-6.149207153116659
-6.141700570313414,-6.141700570313414
-6.134185892063971,-6.134185892063971
-6.126663210485003,-6.126663210485003
-6.119132616693626,-6.119132616693626
-6.111594200822849,-6.111594200822849
-6.104048052036679,-6.104048052036679
-6.0964942585449515,-6.0964942585449515
-6.088932907617826,-6.088932907617826
-6.081364085600011,-6.081364085600011
-6.073787877924679,-6.073787877924679
-6.066204369127124,-6.066204369127124
-6.058613642858129,-6.058613642858129
-6.051015781897076,-6.051015781897076
-6.043410868164793,-6.043410868164793
-6.035798982736155,-6.035798982736155
-6.028180205852422,-6.028180205852422
-6.0205546169333495,-6.0205546169333495
-6.012922294589063,-6.012922294589063
-6.005283316631696,-6.005283316631696
-5.99763776008681,-5.99763776008681
-5.9899857012045885,-5.9899857012045885
-5.982327215470836,-5.982327215470836
-5.9746623776177366,-5.9746623776177366
-5.966991261634443,-5.966991261634443
-5.959313940777446,-5.959313940777446
-5.951630487580754,-5.951630487580754
-5.943940973865886,-5.943940973865886
-5.936245470751681,-5.936245470751681
-5.928544048663917,-5.928544048663917
-5.920836777344763,-5.920836777344763
-5.913123725862059,-5.913123725862059
-5.905404962618413,-5.905404962618413
-5.897680555360155,-5.897680555360155
-5.889950571186104,-5.889950571186104
-5.882215076556207,-5.882215076556207
-5.874474137299993,-5.874474137299993
-5.866727818624903,-5.866727818624903
-5.858976185124452,-5.858976185124452
-5.851219300786262,-5.851219300786262
-5.843457228999942,-5.843457228999942
-5.835690032564838,-5.835690032564838
-5.827917773697654,-5.827917773697654
-5.820140514039917,-5.820140514039917
-5.812358314665339,-5.812358314665339
-5.804571236087043,-5.804571236087043
-5.796779338264662,-5.796779338264662
-5.788982680611315,-5.788982680611315
-5.781181322000476,-5.781181322000476
-5.7733753207727165,-5.7733753207727165
-5.765564734742341,-5.765564734742341
-5.757749621203906,-5.757749621203906
-5.74993003693863,-5.74993003693863
-5.742106038220701,-5.742106038220701
-5.734277680823484,-5.734277680823484
-5.726445020025608,-5.726445020025608
-5.718608110616978,-5.718608110616978
-5.710767006904665,-5.710767006904665
-5.702921762718715,-5.702921762718715
-5.695072431417863,-5.695072431417863
-5.6872190658951425,-5.6872190658951425
-5.679361718583423,-5.679361718583423
-5.671500441460841,-5.671500441460841
-5.663635286056156,-5.663635286056156
-5.655766303454023,-5.655766303454023
-5.647893544300157,-5.647893544300157
-5.6400170588064595,-5.6400170588064595
-5.632136896756025,-5.632136896756025
-5.624253107508084,-5.624253107508084
-5.616365740002875,-5.616365740002875
-5.60847484276643,-5.60847484276643
-5.600580463915293,-5.600580463915293
-5.5926826511611605,-5.5926826511611605
-5.584781451815454,-5.584781451815454
-5.576876912793825,-5.576876912793825
-5.568969080620585,-5.568969080620585
-5.561058001433067,-5.561058001433067
-5.553143720985935,-5.553143720985935
-5.545226284655413,-5.545226284655413
-5.537305737443455,-5.537305737443455
-5.529382123981858,-5.529382123981858
-5.5214554885363,-5.5214554885363
-5.513525875010342,-5.513525875010342
-5.505593326949343,-5.505593326949343
-5.497657887544339,-5.497657887544339
-5.489719599635848,-5.489719599635848
-5.481778505717633,-5.481778505717633
-5.473834647940405,-5.473834647940405
-5.465888068115469,-5.465888068115469
-5.457938807718319,-5.457938807718319
-5.449986907892187,-5.449986907892187
-5.442032409451528,-5.442032409451528
-5.434075352885468,-5.434075352885468
-5.426115778361197,-5.426115778361197
-5.418153725727314,-5.418153725727314
-5.410189234517121,-5.410189234517121
-5.402222343951881,-5.402222343951881
-5.394253092944016,-5.394253092944016
-5.386281520100269,-5.386281520100269
-5.378307663724823,-5.378307663724823
-5.370331561822371,-5.370331561822371
-5.362353252101146,-5.362353252101146
-5.354372771975906,-5.354372771975906
-5.3463901585708875,-5.3463901585708875
-5.338405448722697,-5.338405448722697
-5.3304186789831975,-5.3304186789831975
-5.322429885622316,-5.322429885622316
-5.314439104630843,-5.314439104630843
-5.306446371723177,-5.306446371723177
-5.29845172234004,-5.29845172234004
-5.290455191651156,-5.290455191651156
-5.282456814557884,-5.282456814557884
-5.27445662569583,-5.27445662569583
-5.266454659437417,-5.266454659437417
-5.258450949894415,-5.258450949894415
-5.250445530920445,-5.250445530920445
-5.242438436113454,-5.242438436113454
-5.2344296988181425,-5.2344296988181425
-5.226419352128376,-5.226419352128376
-5.218407428889554,-5.218407428889554
-5.21039396170095,-5.21039396170095
-5.202378982918028,-5.202378982918028
-5.1943625246547205,-5.1943625246547205
-5.186344618785679,-5.186344618785679
-5.178325296948496,-5.178325296948496
-5.170304590545909,-5.170304590545909
-5.162282530747945,-5.162282530747945
-5.154259148494082,-5.154259148494082
-5.146234474495344,-5.146234474495344
-5.138208539236392,-5.138208539236392
-5.130181372977576,-5.130181372977576
-5.122153005756973,-5.122153005756973
-5.114123467392389,-5.114123467392389
-5.106092787483336,-5.106092787483336
-5.098060995412998,-5.098060995412998
-5.0900281203501505,-5.0900281203501505
-5.081994191251076,-5.081994191251076
-5.073959236861443,-5.073959236861443
-5.065923285718171,-5.065923285718171
-5.057886366151258,-5.057886366151258
-5.049848506285607,-5.049848506285607
-5.0418097340428165,-5.0418097340428165
-5.033770077142938,-5.033770077142938
-5.025729563106237,-5.025729563106237
-5.0176882192549215,-5.0176882192549215
-5.009646072714841,-5.009646072714841
-5.001603150417175,-5.001603150417175
-4.993559479100103,-4.993559479100103
-4.985515085310441,-4.985515085310441
-4.977469995405274,-4.977469995405274
-4.9694242355535625,-4.9694242355535625
-4.961377831737721,-4.961377831737721
-4.953330809755202,-4.953330809755202
-4.945283195220027,-4.945283195220027
-4.9372350135643295,-4.9372350135643295
-4.929186290039867,-4.929186290039867
-4.921137049719511,-4.921137049719511
-4.913087317498728,-4.913087317498728
-4.9050371180970425,-4.9050371180970425
-4.896986476059474,-4.896986476059474
-4.888935415757967,-4.888935415757967
-4.880883961392806,-4.880883961392806
-4.8728321369939955,-4.8728321369939955
-4.864779966422652,-4.864779966422652
-4.856727473372356,-4.856727473372356
-4.848674681370502,-4.848674681370502
-4.8406216137796285,-4.8406216137796285
-4.832568293798732,-4.832568293798732
-4.824514744464568,-4.824514744464568
-4.8164609886529375,-4.8164609886529375
-4.808407049079955,-4.808407049079955
-4.800352948303306,-4.800352948303306
-4.792298708723494,-4.792298708723494
-4.784244352585058,-4.784244352585058
-4.776189901977801,-4.776189901977801
-4.768135378837977,-4.768135378837977
-4.760080804949488,-4.760080804949488
-4.7520262019450525,-4.7520262019450525
-4.743971591307373,-4.743971591307373
-4.7359169943702755,-4.7359169943702755
-4.727862432319853,-4.727862432319853
-4.719807926195581,-4.719807926195581
-4.711753496891437,-4.711753496891437
-4.7036991651569915,-4.7036991651569915
-4.695644951598496,-4.695644951598496
-4.687590876679957,-4.687590876679957
-4.679536960724205,-4.679536960724205
-4.671483223913935,-4.671483223913935
-4.663429686292752,-4.663429686292752
-4.655376367766205,-4.655376367766205
-4.647323288102789,-4.647323288102789
-4.639270466934969,-4.639270466934969
-4.631217923760161,-4.631217923760161
-4.623165677941728,-4.623165677941728
-4.615113748709946,-4.615113748709946
-4.607062155162971,-4.607062155162971
-4.599010916267796,-4.599010916267796
-4.590960050861187,-4.590960050861187
-4.5829095776506215,-4.5829095776506215
-4.574859515215214,-4.574859515215214
-4.566809882006622,-4.566809882006622
-4.5587606963499585,-4.5587606963499585
-4.550711976444681,-4.550711976444681
-4.54266374036548,-4.54266374036548
-4.534616006063152,-4.534616006063152
-4.526568791365471,-4.526568791365471
-4.518522113978039,-4.518522113978039
-4.5104759914851416,-4.5104759914851416
-4.502430441350584,-4.502430441350584
-4.494385480918525,-4.494385480918525
-4.486341127414297,-4.486341127414297
-4.478297397945223,-4.478297397945223
-4.470254309501419,-4.470254309501419
-4.4622118789565945,-4.4622118789565945
-4.454170123068841,-4.454170123068841
-4.446129058481413,-4.446129058481413
-4.438088701723499,-4.438088701723499
-4.430049069210994,-4.430049069210994
-4.422010177247246,-4.422010177247246
-4.413972042023819,-4.413972042023819
-4.4059346796212235,-4.4059346796212235
-4.39789810600966,-4.39789810600966
-4.389862337049739,-4.389862337049739
-4.381827388493208,-4.381827388493208
-4.373793275983659,-4.373793275983659
-4.365760015057239,-4.365760015057239
-4.357727621143343,-4.357727621143343
-4.34969610956531,-4.34969610956531
-4.341665495541108,-4.341665495541108
-4.333635794184005,-4.333635794184005
-4.325607020503252,-4.325607020503252
-4.317579189404737,-4.317579189404737
-4.309552315691647,-4.309552315691647
-4.30152641406512,-4.30152641406512
-4.29350149912489,-4.29350149912489
-4.2854775853699225,-4.2854775853699225
-4.277454687199053,-4.277454687199053
-4.269432818911605,-4.269432818911605
-4.261411994708019,-4.261411994708019
-4.2533922286904575,-4.2533922286904575
-4.245373534863423,-4.245373534863423
-4.237355927134346,-4.237355927134346
-4.2293394193142,-4.2293394193142
-4.221324025118074,-4.221324025118074
-4.213309758165766,-4.213309758165766
-4.205296631982365,-4.205296631982365
-4.1972846599988145,-4.1972846599988145
-4.18927385555249,-4.18927385555249
-4.1812642318877575,-4.1812642318877575
-4.173255802156529,-4.173255802156529
-4.165248579418814,-4.165248579418814
-4.157242576643274,-4.157242576643274
-4.149237806707751,-4.149237806707751
-4.141234282399812,-4.141234282399812
-4.133232016417278,-4.133232016417278
-4.125231021368751,-4.125231021368751
-4.117231309774129,-4.117231309774129
-4.109232894065134,-4.109232894065134
-4.101235786585806,-4.101235786585806
-4.093239999593026,-4.093239999593026
-4.085245545257007,-4.085245545257007
-4.077252435661792,-4.077252435661792
-4.06926068280575,-4.06926068280575
-4.061270298602058,-4.061270298602058
-4.0532812948791905,-4.0532812948791905
-4.0452936833813915,-4.0452936833813915
-4.0373074757691505,-4.0373074757691505
-4.0293226836196725,-4.0293226836196725
-4.021339318427343,-4.021339318427343
-4.013357391604189,-4.013357391604189
-4.00537691448033,-4.00537691448033
-3.9973978983044383,-3.9973978983044383
-3.989420354244183,-3.989420354244183
-3.9814442933866716,-3.9814442933866716
-3.973469726738894,-3.973469726738894
-3.9654966652281542,-3.9654966652281542
-3.957525119702504,-3.957525119702504
-3.9495551009311707,-3.9495551009311707
-3.941586619604977,-3.941586619604977
-3.933619686336769,-3.933619686336769
-3.9256543116618214,-3.9256543116618214
-3.917690506038257,-3.917690506038257
-3.9097282798474535,-3.9097282798474535
-3.901767643394448,-3.901767643394448
-3.893808606908332,-3.893808606908332
-3.885851180542659,-3.885851180542659
-3.8778953743758304,-3.8778953743758304
-3.8699411984114875,-3.8699411984114875
-3.861988662578899,-3.861988662578899
-3.8540377767333407,-3.8540377767333407
-3.84608855065648,-3.84608855065648
-3.838140994056745,-3.838140994056745
-3.8301951165697035,-3.8301951165697035
-3.822250927758429,-3.822250927758429
-3.814308437113867,-3.814308437113867
-3.8063676540551947,-3.8063676540551947
-3.798428587930187,-3.798428587930187
-3.7904912480155657,-3.7904912480155657
-3.7825556435173553,-3.7825556435173553
-3.7746217835712312,-3.7746217835712312
-3.766689677242869,-3.766689677242869
-3.758759333528284,-3.758759333528284
-3.7508307613541754,-3.7508307613541754
-3.742903969578259,-3.742903969578259
-3.734978966989604,-3.734978966989604
-3.727055762308966,-3.727055762308966
-3.71913436418911,-3.71913436418911
-3.711214781215139,-3.711214781215139
-3.7032970219048176,-3.7032970219048176
-3.695381094708888,-3.695381094708888
-3.68746700801139,-3.68746700801139
-3.6795547701299705,-3.6795547701299705
-3.6716443893161994,-3.6716443893161994
-3.663735873755874,-3.663735873755874
-3.6558292315693257,-3.6558292315693257
-3.647924470811724,-3.647924470811724
-3.6400215994733744,-3.6400215994733744
-3.632120625480017,-3.632120625480017
-3.6242215566931195,-3.6242215566931195
-3.6163244009101736,-3.6163244009101736
-3.608429165864978,-3.608429165864978
-3.6005358592279326,-3.6005358592279326
-3.5926444886063162,-3.5926444886063162
-3.584755061544573,-3.584755061544573
-3.576867585524588,-3.576867585524588
-3.56898206796597,-3.56898206796597
-3.5610985162263193,-3.5610985162263193
-3.5532169376015035,-3.5532169376015035
-3.5453373393259238,-3.5453373393259238
-3.5374597285727902,-3.5374597285727902
-3.529584112454375,-3.529584112454375
-3.521710498022282,-3.521710498022282
-3.5138388922677106,-3.5138388922677106
-3.5059693021217018,-3.5059693021217018
-3.4981017344554055,-3.4981017344554055
-3.490236196080328,-3.490236196080328
-3.4823726937485815,-3.4823726937485815
-3.4745112341531397,-3.4745112341531397
-3.4666518239280784,-3.4666518239280784
-3.4587944696488226,-3.4587944696488226
-3.4509391778323875,-3.4509391778323875
-3.44308595493762,-3.44308595493762
-3.4352348073654366,-3.4352348073654366
-3.427385741459058,-3.427385741459058
-3.4195387635042445,-3.4195387635042445
-3.4116938797295298,-3.4116938797295298
-3.403851096306444,-3.403851096306444
-3.3960104193497482,-3.3960104193497482
-3.3881718549176587,-3.3881718549176587
-3.3803354090120674,-3.3803354090120674
-3.372501087578767,-3.372501087578767
-3.3646688965076694,-3.3646688965076694
-3.3568388416330253,-3.3568388416330253
-3.349010928733638,-3.349010928733638
-3.3411851635330767,-3.3411851635330767
-3.3333615516998916,-3.3333615516998916
-3.3255400988478225,-3.3255400988478225
-3.3177208105360076,-3.3177208105360076
-3.309903692269189,-3.309903692269189
-3.3020887494979183,-3.3020887494979183
-3.29427598761876,-3.29427598761876
-3.2864654119744907,-3.2864654119744907
-3.2786570278543024,-3.2786570278543024
-3.2708508404939933,-3.2708508404939933
-3.2630468550761713,-3.2630468550761713
-3.255245076730443,-3.255245076730443
-3.2474455105336046,-3.2474455105336046
-3.2396481615098396,-3.2396481615098396
-3.2318530346309027,-3.2318530346309027
-3.224060134816304,-3.224060134816304
-3.216269466933502,-3.216269466933502
-3.208481035798083,-3.208481035798083
-3.2006948461739424,-3.2006948461739424
-3.1929109027734683,-3.1929109027734683
-3.1851292102577182,-3.1851292102577182
-3.1773497732365996,-3.1773497732365996
-3.16957259626904,-3.16957259626904
-3.1617976838631674,-3.1617976838631674
-3.1540250404764802,-3.1540250404764802
-3.146254670516016,-3.146254670516016
-3.138486578338526,-3.138486578338526
-3.130720768250639,-3.130720768250639
-3.1229572445090303,-3.1229572445090303
-3.1151960113205845,-3.1151960113205845
-3.1074370728425618,-3.1074370728425618
-3.0996804331827565,-3.0996804331827565
-3.0919260963996638,-3.0919260963996638
-3.084174066502629,-3.084174066502629
-3.076424347452016,-3.076424347452016
-3.0686769431593537,-3.0686769431593537
-3.060931857487499,-3.060931857487499
-3.053189094250786,-3.053189094250786
-3.045448657215176,-3.045448657215176
-3.0377105500984136,-3.0377105500984136
-3.029974776570172,-3.029974776570172
-3.0222413402522004,-3.0222413402522004
-3.0145102447184735,-3.0145102447184735
-3.006781493495334,-3.006781493495334
-2.999055090061637,-2.999055090061637
-2.991331037848894,-2.991331037848894
-2.9836093402414106,-2.9836093402414106
-2.975890000576429,-2.975890000576429
-2.968173022144267,-2.968173022144267
-2.9604584081884506,-2.9604584081884506
-2.952746161905859,-2.952746161905859
-2.9450362864468476,-2.9450362864468476
-2.93732878491539,-2.93732878491539
-2.9296236603692076,-2.9296236603692076
-2.9219209158198995,-2.9219209158198995
-2.914220554233072,-2.914220554233072
-2.9065225785284694,-2.9065225785284694
-2.898826991580098,-2.898826991580098
-2.8911337962163555,-2.8911337962163555
-2.8834429952201504,-2.8834429952201504
-2.875754591329033,-2.875754591329033
-2.8680685872353107,-2.8680685872353107
-2.8603849855861734,-2.8603849855861734
-2.852703788983813,-2.852703788983813
-2.845024999985541,-2.845024999985541
-2.837348621103904,-2.837348621103904
-2.829674654806807,-2.829674654806807
-2.8220031035176234,-2.8220031035176234
-2.8143339696153102,-2.8143339696153102
-2.8066672554345216,-2.8066672554345216
-2.799002963265719,-2.799002963265719
-2.7913410953552895,-2.7913410953552895
-2.7836816539056444,-2.7836816539056444
-2.776024641075337,-2.776024641075337
-2.7683700589791647,-2.7683700589791647
-2.7607179096882772,-2.7607179096882772
-2.7530681952302887,-2.7530681952302887
-2.7454209175893665,-2.7454209175893665
-2.737776078706352,-2.737776078706352
-2.7301336804788505,-2.7301336804788505
-2.7224937247613386,-2.7224937247613386
-2.714856213365264,-2.714856213365264
-2.7072211480591384,-2.7072211480591384
-2.6995885305686462,-2.6995885305686462
-2.6919583625767354,-2.6919583625767354
-2.684330645723711,-2.684330645723711
-2.676705381607336,-2.676705381607336
-2.6690825717829236,-2.6690825717829236
-2.6614622177634284,-2.6614622177634284
-2.653844321019541,-2.653844321019541
-2.646228882979777,-2.646228882979777
-2.6386159050305698,-2.6386159050305698
-2.6310053885163573,-2.6310053885163573
-2.6233973347396717,-2.6233973347396717
-2.615791744961224,-2.615791744961224
-2.6081886203999964,-2.6081886203999964
-2.6005879622333214,-2.6005879622333214
-2.592989771596969,-2.592989771596969
-2.5853940495852306,-2.5853940495852306
-2.577800797250999,-2.577800797250999
-2.570210015605855,-2.570210015605855
-2.5626217056201437,-2.5626217056201437
-2.5550358682230554,-2.5550358682230554
-2.547452504302704,-2.547452504302704
-2.539871614706208,-2.539871614706208
-2.532293200239763,-2.532293200239763
-2.524717261668724,-2.524717261668724
-2.517143799717673,-2.517143799717673
-2.509572815070501,-2.509572815070501
-2.502004308370475,-2.502004308370475
-2.4944382802203164,-2.4944382802203164
-2.4868747311822696,-2.4868747311822696
-2.479313661778174,-2.479313661778174
-2.4717550724895316,-2.4717550724895316
-2.464198963757582,-2.464198963757582
-2.4566453359833633,-2.4566453359833633
-2.4490941895277873,-2.4490941895277873
-2.4415455247117,-2.4415455247117
-2.4339993418159502,-2.4339993418159502
-2.4264556410814557,-2.4264556410814557
-2.4189144227092645,-2.4189144227092645
-2.411375686860621,-2.411375686860621
-2.403839433657027,-2.403839433657027
-2.3963056631803035,-2.3963056631803035
-2.3887743754726527,-2.3887743754726527
-2.381245570536718,-2.381245570536718
-2.3737192483356413,-2.3737192483356413
-2.3661954087931236,-2.3661954087931236
-2.358674051793481,-2.358674051793481
-2.351155177181707,-2.351155177181707
-2.3436387847635203,-2.3436387847635203
-2.3361248743054257,-2.3361248743054257
-2.3286134455347676,-2.3286134455347676
-2.3211044981397846,-2.3211044981397846
-2.31359803176966,-2.31359803176966
-2.3060940460345765,-2.3060940460345765
-2.2985925405057666,-2.2985925405057666
-2.2910935147155653,-2.2910935147155653
-2.283596968157455,-2.283596968157455
-2.2761029002861233,-2.2761029002861233
-2.2686113105175014,-2.2686113105175014
-2.2611221982288203,-2.2611221982288203
-2.253635562758652,-2.253635562758652
-2.2461514034069623,-2.2461514034069623
-2.2386697194351477,-2.2386697194351477
-2.2311905100660874,-2.2311905100660874
-2.223713774484183,-2.223713774484183
-2.216239511835407,-2.216239511835407
-2.2087677212273356,-2.2087677212273356
-2.2012984017292045,-2.2012984017292045
-2.193831552371938,-2.193831552371938
-2.1863671721481945,-2.1863671721481945
-2.178905260012407,-2.178905260012407
-2.1714458148808204,-2.1714458148808204
-2.16398883563153,-2.16398883563153
-2.15653432110452,-2.15653432110452
-2.1490822701017,-2.1490822701017
-2.1416326813869406,-2.1416326813869406
-2.134185553686109,-2.134185553686109
-2.126740885687106,-2.126740885687106
-2.1192986760398966,-2.1192986760398966
-2.111858923356548,-2.111858923356548
-2.1044216262112565,-2.1044216262112565
-2.0969867831403852,-2.0969867831403852
-2.089554392642491,-2.089554392642491
-2.082124453178359,-2.082124453178359
-2.074696963171032,-2.074696963171032
-2.067271921005836,-2.067271921005836
-2.0598493250304117,-2.0598493250304117
-2.0524291735547475,-2.0524291735547475
-2.045011464851195,-2.045011464851195
-2.037596197154508,-2.037596197154508
-2.0301833686618607,-2.0301833686618607
-2.0227729775328767,-2.0227729775328767
-2.015365021889653,-2.015365021889653
-2.0079594998167845,-2.0079594998167845
-2.0005564093613812,-2.0005564093613812
-1.993155748533106,-1.993155748533106
-1.9857575153041795,-1.9857575153041795
-1.9783617076094135,-1.9783617076094135
-1.970968323346226,-1.970968323346226
-1.9635773603746645,-1.9635773603746645
-1.9561888165174213,-1.9561888165174213
-1.9488026895598611,-1.9488026895598611
-1.9414189772500283,-1.9414189772500283
-1.9340376772986725,-1.9340376772986725
-1.9266587873792607,-1.9266587873792607
-1.9192823051279995,-1.9192823051279995
-1.9119082281438444,-1.9119082281438444
-1.9045365539885204,-1.9045365539885204
-1.8971672801865316,-1.8971672801865316
-1.8898004042251777,-1.8898004042251777
-1.8824359235545696,-1.8824359235545696
-1.8750738355876377,-1.8750738355876377
-1.867714137700147,-1.867714137700147
-1.8603568272307043,-1.8603568272307043
-1.8530019014807755,-1.8530019014807755
-1.8456493577146917,-1.8456493577146917
-1.8382991931596582,-1.8382991931596582
-1.830951405005765,-1.830951405005765
-1.8236059904059951,-1.8236059904059951
-1.8162629464762332,-1.8162629464762332
-1.808922270295269,-1.808922270295269
-1.8015839589048097,-1.8015839589048097
-1.7942480093094781,-1.7942480093094781
-1.786914418476828,-1.786914418476828
-1.7795831833373388,-1.7795831833373388
-1.7722543007844251,-1.7722543007844251
-1.7649277676744424,-1.7649277676744424
-1.7576035808266828,-1.7576035808266828
-1.7502817370233845,-1.7502817370233845
-1.742962233009729,-1.742962233009729
-1.7356450654938442,-1.7356450654938442
-1.7283302311468056,-1.7283302311468056
-1.7210177266026332,-1.7210177266026332
-1.7137075484582942,-1.7137075484582942
-1.7063996932736991,-1.7063996932736991
-1.6990941575717051,-1.6990941575717051
-1.6917909378381057,-1.6917909378381057
-1.6844900305216322,-1.6844900305216322
-1.677191432033952,-1.677191432033952
-1.6698951387496621,-1.6698951387496621
-1.662601147006283,-1.662601147006283
-1.655309453104255,-1.655309453104255
-1.6480200533069334,-1.6480200533069334
-1.6407329438405807,-1.6407329438405807
-1.6334481208943585,-1.6334481208943585
-1.626165580620322,-1.626165580620322
-1.618885319133411,-1.618885319133411
-1.6116073325114408,-1.6116073325114408
-1.6043316167950923,-1.6043316167950923
-1.5970581679879023,-1.5970581679879023
-1.5897869820562547,-1.5897869820562547
-1.5825180549293676,-1.5825180549293676
-1.575251382499282,-1.575251382499282
-1.5679869606208487,-1.5679869606208487
-1.560724785111718,-1.560724785111718
-1.5534648517523235,-1.5534648517523235
-1.5462071562858701,-1.5462071562858701
-1.5389516944183168,-1.5389516944183168
-1.531698461818366,-1.531698461818366
-1.524447454117444,-1.524447454117444
-1.5171986669096862,-1.5171986669096862
-1.509952095751918,-1.509952095751918
-1.5027077361636425,-1.5027077361636425
-1.4954655836270188,-1.4954655836270188
-1.488225633586843,-1.488225633586843
-1.48098788145053,-1.48098788145053
-1.4737523225880949,-1.4737523225880949
-1.466518952332133,-1.466518952332133
-1.4592877659777952,-1.4592877659777952
-1.452058758782771,-1.452058758782771
-1.444831925967264,-1.444831925967264
-1.437607262713972,-1.437607262713972
-1.4303847641680594,-1.4303847641680594
-1.4231644254371376,-1.4231644254371376
-1.4159462415912403,-1.4159462415912403
-1.4087302076627974,-1.4087302076627974
-1.4015163186466086,-1.4015163186466086
-1.3943045694998195,-1.3943045694998195
-1.387094955141897,-1.387094955141897
-1.3798874704545967,-1.3798874704545967
-1.372682110281941,-1.372682110281941
-1.3654788694301856,-1.3654788694301856
-1.3582777426677954,-1.3582777426677954
-1.351078724725413,-1.351078724725413
-1.3438818102958294,-1.3438818102958294
-1.3366869940339516,-1.3366869940339516
-1.3294942705567756,-1.3294942705567756
-1.3223036344433496,-1.3223036344433496
-1.3151150802347475,-1.3151150802347475
-1.3079286024340304,-1.3079286024340304
-1.30074419550622,-1.30074419550622
-1.293561853878257,-1.293561853878257
-1.2863815719389746,-1.2863815719389746
-1.2792033440390544,-1.2792033440390544
-1.2720271644910024,-1.2720271644910024
-1.2648530275691003,-1.2648530275691003
-1.2576809275093812,-1.2576809275093812
-1.2505108585095797,-1.2505108585095797
-1.2433428147291057,-1.2433428147291057
-1.2361767902889977,-1.2361767902889977
-1.2290127792718892,-1.2290127792718892
-1.2218507757219634,-1.2218507757219634
-1.2146907736449215,-1.2146907736449215
-1.2075327670079323,-1.2075327670079323
-1.2003767497395992,-1.2003767497395992
-1.1932227157299116,-1.1932227157299116
-1.1860706588302092,-1.1860706588302092
-1.1789205728531327,-1.1789205728531327
-1.1717724515725856,-1.1717724515725856
-1.164626288723685,-1.164626288723685
-1.1574820780027217,-1.1574820780027217
-1.1503398130671112,-1.1503398130671112
-1.143199487535351,-1.143199487535351
-1.1360610949869698,-1.1360610949869698
-1.1289246289624875,-1.1289246289624875
-1.1217900829633574,-1.1217900829633574
-1.11465745045193,-1.11465745045193
-1.1075267248513943,-1.1075267248513943
-1.1003978995457322,-1.1003978995457322
-1.0932709678796717,-1.0932709678796717
-1.0861459231586323,-1.0861459231586323
-1.0790227586486734,-1.0790227586486734
-1.0719014675764442,-1.0719014675764442
-1.0647820431291348,-1.0647820431291348
-1.057664478454418,-1.057664478454418
-1.0505487666603979,-1.0505487666603979
-1.0434349008155555,-1.0434349008155555
-1.0363228739486952,-1.0363228739486952
-1.029212679048891,-1.029212679048891
-1.022104309065426,-1.022104309065426
-1.014997756907739,-1.014997756907739
-1.007893015445369,-1.007893015445369
-1.000790077507896,-1.000790077507896
-0.99368893588488,-0.99368893588488
-0.9865895833258078,-0.9865895833258078
-0.9794920125400304,-0.9794920125400304
-0.9723962161967039,-0.9723962161967039
-0.965302186924728,-0.965302186924728
-0.9582099173126851,-0.9582099173126851
-0.9511193999087806,-0.9511193999087806
-0.9440306272207781,-0.9440306272207781
-0.9369435917159377,-0.9369435917159377
-0.9298582858209511,-0.9298582858209511
-0.9227747019218792,-0.9227747019218792
-0.9156928323640879,-0.9156928323640879
-0.9086126694521801,-0.9086126694521801
-0.9015342054499293,-0.9015342054499293
-0.8944574325802188,-0.8944574325802188
-0.8873823430249682,-0.8873823430249682
-0.8803089289250673,-0.8803089289250673
-0.8732371823803089,-0.8732371823803089
-0.8661670954493198,-0.8661670954493198
-0.8590986601494907,-0.8590986601494907
-0.8520318684569037,-0.8520318684569037
-0.8449667123062646,-0.8449667123062646
-0.8379031835908305,-0.8379031835908305
-0.8308412741623378,-0.8308412741623378
-0.8237809758309271,-0.8237809758309271
-0.8167222803650719,-0.8167222803650719
-0.8096651794915053,-0.8096651794915053
-0.802609664895146,-0.802609664895146
-0.7955557282190171,-0.7955557282190171
-0.7885033610641773,-0.7885033610641773
-0.7814525549896404,-0.7814525549896404
-0.7744033015123013,-0.7744033015123013
-0.7673555921068526,-0.7673555921068526
-0.7603094182057107,-0.7603094182057107
-0.7532647711989374,-0.7532647711989374
-0.7462216424341571,-0.7462216424341571
-0.7391800232164766,-0.7391800232164766
-0.732139904808406,-0.732139904808406
-0.7251012784297748,-0.7251012784297748
-0.7180641352576537,-0.7180641352576537
-0.7110284664262653,-0.7110284664262653
-0.7039942630269039,-0.7039942630269039
-0.6969615161078542,-0.6969615161078542
-0.6899302166743004,-0.6899302166743004
-0.6829003556882438,-0.6829003556882438
-0.6758719240684159,-0.6758719240684159
-0.6688449126901918,-0.6688449126901918
-0.6618193123855036,-0.6618193123855036
-0.654795113942748,-0.654795113942748
-0.6477723081067018,-0.6477723081067018
-0.6407508855784305,-0.6407508855784305
-0.6337308370151984,-0.6337308370151984
-0.6267121530303765,-0.6267121530303765
-0.6196948241933506,-0.6196948241933506
-0.6126788410294313,-0.6126788410294313
-0.6056641940197597,-0.6056641940197597
-0.5986508736012134,-0.5986508736012134
-0.5916388701663097,-0.5916388701663097
-0.5846281740631157,-0.5846281740631157
-0.5776187755951501,-0.5776187755951501
-0.570610665021284,-0.570610665021284
-0.5636038325556458,-0.5636038325556458
-0.5565982683675265,-0.5565982683675265
-0.5495939625812761,-0.5495939625812761
-0.5425909052762058,-0.5425909052762058
-0.535589086486489,-0.535589086486489
-0.5285884962010599,-0.5285884962010599
-0.5215891243635135,-0.5215891243635135
-0.5145909608719997,-0.5145909608719997
-0.5075939955791238,-0.5075939955791238
-0.5005982182918426,-0.5005982182918426
-0.4936036187713593,-0.4936036187713593
-0.4866101867330175,-0.4866101867330175
-0.4796179118461965,-0.4796179118461965
-0.4726267837342055,-0.4726267837342055
-0.4656367919741758,-0.4656367919741758
-0.458647926096952,-0.458647926096952
-0.45166017558698285,-0.45166017558698285
-0.4446735298822146,-0.4446735298822146
-0.4376879783739789,-0.4376879783739789
-0.4307035104068807,-0.4307035104068807
-0.42372011527868736,-0.42372011527868736
-0.4167377822402185,-0.4167377822402185
-0.40975650049523044,-0.40975650049523044
-0.4027762592003018,-0.4027762592003018
-0.3957970474647182,-0.3957970474647182
-0.388818854350362,-0.388818854350362
-0.38184166887158927,-0.38184166887158927
-0.3748654799951165,-0.3748654799951165
-0.36789027663990026,-0.36789027663990026
-0.36091604767702434,-0.36091604767702434
-0.3539427819295708,-0.3539427819295708
-0.3469704681725105,-0.3469704681725105
-0.339999095132572,-0.339999095132572
-0.3330286514881297,-0.3330286514881297
-0.3260591258690706,-0.3260591258690706
-0.31909050685668283,-0.31909050685668283
-0.3121227829835199,-0.3121227829835199
-0.3051559427332834,-0.3051559427332834
-0.2981899745406957,-0.2981899745406957
-0.29122486679137244,-0.29122486679137244
-0.28426060782169427,-0.28426060782169427
-0.2772971859186789,-0.2772971859186789
-0.2703345893198559,-0.2703345893198559
-0.2633728062131325,-0.2633728062131325
-0.25641182473666335,-0.25641182473666335
-0.24945163297871964,-0.24945163297871964
-0.2424922189775589,-0.2424922189775589
-0.2355335707212897,-0.2355335707212897
-0.2285756761477359,-0.2285756761477359
-0.22161852314430464,-0.22161852314430464
-0.2146620995478506,-0.2146620995478506
-0.20770639314453876,-0.20770639314453876
-0.20075139166970474,-0.20075139166970474
-0.1937970828077183,-0.1937970828077183
-0.1868434541918468,-0.1868434541918468
-0.1798904934041116,-0.1798904934041116
-0.17293818797514726,-0.17293818797514726
-0.16598652538406053,-0.16598652538406053
-0.15903549305828896,-0.15903549305828896
-0.1520850783734564,-0.1520850783734564
-0.1451352686532273,-0.1451352686532273
-0.13818605116916155,-0.13818605116916155
-0.1312374131405705,-0.1312374131405705
-0.12428934173436906,-0.12428934173436906
-0.117341824064925,-0.117341824064925
-0.11039484719391156,-0.11039484719391156
-0.10344839813015988,-0.10344839813015988
-0.09650246382950604,-0.09650246382950604
-0.08955703119463741,-0.08955703119463741
-0.08261208707494325,-0.08261208707494325
-0.07566761826636006,-0.07566761826636006
-0.06872361151121721,-0.06872361151121721
-0.061780053498080176,-0.061780053498080176
-0.05483693086159466,-0.05483693086159466
-0.047894230182331236,-0.047894230182331236
-0.040951937986624366,-0.040951937986624366
-0.034010040746414304,-0.034010040746414304
-0.02706852487908548,-0.02706852487908548
-0.02012737674730844,-0.02012737674730844
-0.013186582658874667,-0.013186582658874667
-0.006246128866533882,-0.006246128866533882
0.0006939984321701739,0.0006939984321701739
0.0076338130950623535,0.0076338130950623535
0.014573329035505119,0.014573329035505119
0.021512560222568193,0.021512560222568193
0.028451520681186473,0.028451520681186473
0.035390224492343934,0.035390224492343934
0.042328685793229535,0.042328685793229535
0.049266918777421384,0.049266918777421384
0.056204937695045226,0.056204937695045226
0.06314275685296328,0.06314275685296328
0.07008039061493128,0.07008039061493128
0.0770178534017912,0.0770178534017912
0.08395515969163286,0.08395515969163286
0.09089232401998341,0.09089232401998341
0.09782936097997423,0.09782936097997423
0.1047662852225316,0.1047662852225316
0.1117031114565511,0.1117031114565511
0.11863985444907701,0.11863985444907701
0.12557652902549402,0.12557652902549402
0.13251315006969927,0.13251315006969927
0.1394497325243003,0.1394497325243003
0.14638629139078865,0.14638629139078865
0.15332284172973737,0.15332284172973737
0.16025939866098052,0.16025939866098052
0.16719597736381153,0.16719597736381153
0.17413259307716397,0.17413259307716397
0.1810692610998126,0.1810692610998126
0.18800599679055735,0.18800599679055735
0.19494281556842738,0.19494281556842738
0.2018797329128626,0.2018797329128626
0.2088167643639248,0.2088167643639248
0.21575392552248232,0.21575392552248232
0.22269123205042002,0.22269123205042002
0.22962869967082433,0.22962869967082433
0.236566344168202,0.236566344168202
0.24350418138866625,0.24350418138866625
0.2504422272401502,0.2504422272401502
0.25738049769260424,0.25738049769260424
0.264319008778211,0.264319008778211
0.271257776591579,0.271257776591579
0.27819681728996426,0.27819681728996426
0.28513614709346846,0.28513614709346846
0.2920757822852586,0.2920757822852586
0.2990157392117708,0.2990157392117708
0.30595603428293017,0.30595603428293017
0.3128966839723582,0.3128966839723582
0.3198377048175954,0.3198377048175954
0.32677911342031063,0.32677911342031063
0.3337209264465283,0.3337209264465283
0.34066316062683527,0.34066316062683527
0.3476058327566156,0.3476058327566156
0.35454895969625916,0.35454895969625916
0.3614925583713965,0.3614925583713965
0.3684366457731119,0.3684366457731119
0.3753812389581819,0.3753812389581819
0.3823263550492871,0.3823263550492871
0.38927201123525756,0.38927201123525756
0.39621822477128693,0.39621822477128693
0.40316501297917695,0.40316501297917695
0.41011239324755644,0.41011239324755644
0.41706038303213,0.41706038303213
0.4240089998558996,0.4240089998558996
0.4309582613094109,0.4309582613094109
0.4379081850509841,0.4379081850509841
0.44485878880696056,0.44485878880696056
0.4518100903719345,0.4518100903719345
0.45876210760900576,0.45876210760900576
0.4657148584500129,0.4657148584500129
0.4726683608957882,0.4726683608957882
0.4796226330163927,0.4796226330163927
0.48657769295137815,0.48657769295137815
0.4935335589100205,0.4935335589100205
0.5004902491715855,0.5004902491715855
0.5074477820855692,0.5074477820855692
0.5144061760719622,0.5144061760719622
0.5213654496214921,0.5213654496214921
0.5283256212958946,0.5283256212958946
0.5352867097281593,0.5352867097281593
0.5422487336227998,0.5422487336227998
0.5492117117561031,0.5492117117561031
0.5561756629764074,0.5561756629764074
0.5631406062043488,0.5631406062043488
0.5701065604331453,0.5701065604331453
0.5770735447288482,0.5770735447288482
0.5840415782306249,0.5840415782306249
0.591010680151015,0.591010680151015
0.5979808697762193,0.5979808697762193
0.6049521664663553,0.6049521664663553
0.6119245896557503,0.6119245896557503
0.6188981588532022,0.6188981588532022
0.6258728936422714,0.6258728936422714
0.6328488136815507,0.6328488136815507
0.639825938704958,0.639825938704958
0.6468042885220048,0.6468042885220048
0.6537838830180994,0.6537838830180994
0.6607647421548163,0.6607647421548163
0.6677468859701995,0.6677468859701995
0.6747303345790414,0.6747303345790414
0.6817151081731839,0.6817151081731839
0.6887012270218026,0.6887012270218026
0.6956887114717122,0.6956887114717122
0.7026775819476548,0.7026775819476548
0.7096678589526071,0.7096678589526071
0.7166595630680703,0.7166595630680703
0.7236527149543873,0.7236527149543873
0.7306473353510283,0.7306473353510283
0.7376434450769175,0.7376434450769175
0.7446410650307218,0.7446410650307218
0.7516402161911749,0.7516402161911749
0.758640919617378,0.758640919617378
0.7656431964491232,0.7656431964491232
0.7726470679071967,0.7726470679071967
0.7796525552937102,0.7796525552937102
0.7866596799924046,0.7866596799924046
0.7936684634689847,0.7936684634689847
0.8006789272714282,0.8006789272714282
0.8076910930303267,0.8076910930303267
0.814704982459192,0.814704982459192
0.8217206173548063,0.8217206173548063
0.8287380195975319,0.8287380195975319
0.8357572111516625,0.8357572111516625
0.8427782140657388,0.8427782140657388
0.8498010504729051,0.8498010504729051
0.8568257425912262,0.8568257425912262
0.8638523127240477,0.8638523127240477
0.8708807832603211,0.8708807832603211
0.8779111766749642,0.8779111766749642
0.8849435155291911,0.8849435155291911
0.8919778224708745,0.8919778224708745
0.8990141202348919,0.8990141202348919
0.9060524316434736,0.9060524316434736
0.9130927796065599,0.9130927796065599
0.920135187122163,0.920135187122163
0.9271796772767241,0.9271796772767241
0.9342262732454675,0.9342262732454675
0.941274998292769,0.941274998292769
0.9483258757725251,0.9483258757725251
0.955378929128519,0.955378929128519
0.9624341818947839,0.9624341818947839
0.9694916576959787,0.9694916576959787
0.9765513802477688,0.9765513802477688
0.9836133733571983,0.9836133733571983
0.9906776609230622,0.9906776609230622
0.9977442669362949,0.9977442669362949
1.004813215480356,1.004813215480356
1.0118845307316124,1.0118845307316124
1.0189582369597223,1.0189582369597223
1.0260343585280298,1.0260343585280298
1.0331129198939601,1.0331129198939601
1.0401939456094151,1.0401939456094151
1.0472774603211619,1.0472774603211619
1.0543634887712396,1.0543634887712396
1.0614520557973643,1.0614520557973643
1.0685431863333317,1.0685431863333317
1.0756369054094166,1.0756369054094166
1.0827332381527988,1.0827332381527988
1.089832209787954,1.089832209787954
1.0969338456370943,1.0969338456370943
1.104038171120559,1.104038171120559
1.1111452117572573,1.1111452117572573
1.1182549931650707,1.1182549931650707
1.1253675410612989,1.1253675410612989
1.132482881263066,1.132482881263066
1.1396010396877678,1.1396010396877678
1.1467220423534918,1.1467220423534918
1.1538459153794653,1.1538459153794653
1.1609726849864799,1.1609726849864799
1.1681023774973438,1.1681023774973438
1.1752350193373178,1.1752350193373178
1.1823706370345668,1.1823706370345668
1.189509257220603,1.189509257220603
1.1966509066307438,1.1966509066307438
1.2037956121045603,1.2037956121045603
1.2109434005863429,1.2109434005863429
1.2180942991255472,1.2180942991255472
1.2252483348772767,1.2252483348772767
1.2324055351027277,1.2324055351027277
1.2395659271696766,1.2395659271696766
1.2467295385529344,1.2467295385529344
1.2538963968348389,1.2538963968348389
1.2610665297057138,1.2610665297057138
1.2682399649643665,1.2682399649643665
1.2754167305185562,1.2754167305185562
1.282596854385494,1.282596854385494
1.2897803646923172,1.2897803646923172
1.296967289676601,1.296967289676601
1.3041576576868312,1.3041576576868312
1.311351497182927,1.311351497182927
1.3185488367367197,1.3185488367367197
1.3257497050324756,1.3257497050324756
1.3329541308673933,1.3329541308673933
1.3401621431521205,1.3401621431521205
1.3473737709112625,1.3473737709112625
1.3545890432839107,1.3545890432839107
1.3618079895241462,1.3618079895241462
1.3690306390015856,1.3690306390015856
1.3762570212018859,1.3762570212018859
1.3834871657272951,1.3834871657272951
1.3907211022971715,1.3907211022971715
1.3979588607485314,1.3979588607485314
1.4052004710365813,1.4052004710365813
1.412445963235272,1.412445963235272
1.4196953675378343,1.4196953675378343
1.4269487142573438,1.4269487142573438
1.4342060338272602,1.4342060338272602
1.4414673568020038,1.4414673568020038
1.4487327138574977,1.4487327138574977
1.45600213579175,1.45600213579175
1.4632756535254092,1.4632756535254092
1.470553298102349,1.470553298102349
1.4778351006902317,1.4778351006902317
1.4851210925811016,1.4851210925811016
1.492411305191955,1.492411305191955
1.49970577006534,1.49970577006534
1.507004518869935,1.507004518869935
1.5143075834011603,1.5143075834011603
1.5216149955817535,1.5216149955817535
1.5289267874623986,1.5289267874623986
1.5362429912223057,1.5362429912223057
1.5435636391698477,1.5435636391698477
1.5508887637431488,1.5508887637431488
1.558218397510726,1.558218397510726
1.5655525731720912,1.5655525731720912
1.572891323558394,1.572891323558394
1.5802346816330377,1.5802346816330377
1.5875826804923276,1.5875826804923276
1.5949353533660933,1.5949353533660933
1.6022927336183508,1.6022927336183508
1.6096548547479272,1.6096548547479272
1.6170217503891344,1.6170217503891344
1.624393454312401,1.624393454312401
1.6317700004249545,1.6317700004249545
1.6391514227714656,1.6391514227714656
1.6465377555347327,1.6465377555347327
1.6539290330363374,1.6539290330363374
1.66132528973734,1.66132528973734
1.6687265602389416,1.6687265602389416
1.6761328792831904,1.6761328792831904
1.6835442817536495,1.6835442817536495
1.6909608026761136,1.6909608026761136
1.6983824772192884,1.6983824772192884
1.7058093406955146,1.7058093406955146
1.7132414285614568,1.7132414285614568
1.7206787764188343,1.7206787764188343
1.7281214200151216,1.7281214200151216
1.7355693952442925,1.7355693952442925
1.7430227381475247,1.7430227381475247
1.7504814849139532,1.7504814849139532
1.7579456718813862,1.7579456718813862
1.7654153355370705,1.7654153355370705
1.772890512518423,1.772890512518423
1.7803712396137845,1.7803712396137845
1.7878575537631773,1.7878575537631773
1.795349492059077,1.795349492059077
1.802847091747167,1.802847091747167
1.8103503902271176,1.8103503902271176
1.8178594250533584,1.8178594250533584
1.8253742339358678,1.8253742339358678
1.8328948547409643,1.8328948547409643
1.8404213254920825,1.8404213254920825
1.8479536843705868,1.8479536843705868
1.8554919697165757,1.8554919697165757
1.8630362200296884,1.8630362200296884
1.8705864739699132,1.8705864739699132
1.8781427703584146,1.8781427703584146
1.8857051481783635,1.8857051481783635
1.893273646575765,1.893273646575765
1.900848304860289,1.900848304860289
1.9084291625061205,1.9084291625061205
1.9160162591528123,1.9160162591528123
1.923609634606135,1.923609634606135
1.9312093288389325,1.9312093288389325
1.9388153819919924,1.9388153819919924
1.9464278343749242,1.9464278343749242
1.9540467264670331,1.9540467264670331
1.9616720989182004,1.9616720989182004
1.9693039925497755,1.9693039925497755
1.9769424483554783,1.9769424483554783
1.984587507502301,1.984587507502301
1.9922392113314071,1.9922392113314071
1.999897601359053,1.999897601359053
2.0075627192775185,2.0075627192775185
2.015234606956022,2.015234606956022
2.0229133064416587,2.0229133064416587
2.0305988599603366,2.0305988599603366
2.038291309917742,2.038291309917742
2.0459906989002756,2.0459906989002756
2.053697069676015,2.053697069676015
2.0614104651956855,2.0614104651956855
2.069130928593639,2.069130928593639
2.076858503188835,2.076858503188835
2.0845932324858127,2.0845932324858127
2.0923351601757005,2.0923351601757005
2.100084330137218,2.100084330137218
2.107840786437683,2.107840786437683
2.115604573334018,2.115604573334018
2.123375735273788,2.123375735273788
2.131154316896217,2.131154316896217
2.1389403630332415,2.1389403630332415
2.146733918710536,2.146733918710536
2.1545350291485876,2.1545350291485876
2.1623437397637315,2.1623437397637315
2.170160096169242,2.170160096169242
2.177984144176389,2.177984144176389
2.185815929795535,2.185815929795535
2.193655499237211,2.193655499237211
2.20150289891323,2.20150289891323
2.20935817543778,2.20935817543778
2.2172213756285477,2.2172213756285477
2.225092546507832,2.225092546507832
2.232971735303686,2.232971735303686
2.2408589894510373,2.2408589894510373
2.248754356592857,2.248754356592857
2.256657884581288,2.256657884581288
2.2645696214788376,2.2645696214788376
2.272489615559523,2.272489615559523
2.280417915310067,2.280417915310067
2.288354569431078,2.288354569431078
2.296299626838257,2.296299626838257
2.304253136663588,2.304253136663588
2.312215148256572,2.312215148256572
2.320185711185432,2.320185711185432
2.3281648752383606,2.3281648752383606
2.3361526904247487,2.3361526904247487
2.344149206976451,2.344149206976451
2.3521544753490278,2.3521544753490278
2.36016854622303,2.36016854622303
2.368191470505269,2.368191470505269
2.376223299330107,2.376223299330107
2.384264084060752,2.384264084060752
2.392313876290572,2.392313876290572
2.400372727844398,2.400372727844398
2.4084406907798708,2.4084406907798708
2.416517817388751,2.416517817388751
2.424604160198294,2.424604160198294
2.4326997719725787,2.4326997719725787
2.4408047057138975,2.4408047057138975
2.448919014664115,2.448919014664115
2.457042752306069,2.457042752306069
2.4651759723649516,2.4651759723649516
2.473318728809738,2.473318728809738
2.4814710758545795,2.4814710758545795
2.4896330679602605,2.4896330679602605
2.4978047598356112,2.4978047598356112
2.5059862064389815,2.5059862064389815
2.514177462979679,2.514177462979679
2.5223785849194704,2.5223785849194704
2.5305896279740363,2.5305896279740363
2.538810648114488,2.538810648114488
2.5470417015688587,2.5470417015688587
2.555282844823637,2.555282844823637
2.563534134625274,2.563534134625274
2.571795627981755,2.571795627981755
2.5800673821641196,2.5800673821641196
2.5883494547080557,2.5883494547080557
2.5966419034154526,2.5966419034154526
2.60494478635601,2.60494478635601
2.613258161868819,2.613258161868819
2.621582088563997,2.621582088563997
2.6299166253243014,2.6299166253243014
2.638261831306765,2.638261831306765
2.646617765944351,2.646617765944351
2.654984488947626,2.654984488947626
2.66336206030643,2.66336206030643
2.671750540291556,2.671750540291556
2.680149989456467,2.680149989456467
2.688560468639014,2.688560468639014
2.6969820389631605,2.6969820389631605
2.7054147618407187,2.7054147618407187
2.713858698973116,2.713858698973116
2.722313912353167,2.722313912353167
2.730780464266859,2.730780464266859
2.739258417295138,2.739258417295138
2.7477478343157338,2.7477478343157338
2.7562487785049865,2.7562487785049865
2.764761313339691,2.764761313339691
2.773285502598943,2.773285502598943
2.7818214103660104,2.7818214103660104
2.790369101030238,2.790369101030238
2.798928639288932,2.798928639288932
2.807500090149276,2.807500090149276
2.816083518930267,2.816083518930267
2.8246789912646655,2.8246789912646655
2.8332865731009567,2.8332865731009567
2.8419063307053216,2.8419063307053216
2.8505383306636354,2.8505383306636354
2.859182639883486,2.859182639883486
2.867839325596195,2.867839325596195
2.8765084553588505,2.8765084553588505
2.885190097056376,2.885190097056376
2.893884318903616,2.893884318903616
2.9025911894474143,2.9025911894474143
2.911310777568725,2.911310777568725
2.9200431524847446,2.9200431524847446
2.9287883837510584,2.9287883837510584
2.937546541263803,2.937546541263803
2.946317695261835,2.946317695261835
2.9551019163289367,2.9551019163289367
2.963899275396039,2.963899275396039
2.972709843743443,2.972709843743443
2.9815336930030836,2.9815336930030836
2.9903708951607757,2.9903708951607757
2.999221522558543,2.999221522558543
3.0080856478969022,3.0080856478969022
3.0169633442371833,3.0169633442371833
3.0258546850038948,3.0258546850038948
3.0347597439870855,3.0347597439870855
3.0436785953447294,3.0436785953447294
3.0526113136051274,3.0526113136051274
3.0615579736693346,3.0615579736693346
3.070518650813619,3.070518650813619
3.0794934206919162,3.0794934206919162
3.08848235933832,3.08848235933832
3.0974855431695887,3.0974855431695887
3.106503048987688,3.106503048987688
3.1155349539823294,3.1155349539823294
3.124581335733544,3.124581335733544
3.1336422722142805,3.1336422722142805
3.1427178417930275,3.1427178417930275
3.1518081232364503,3.1518081232364503
3.1609131957120367,3.1609131957120367
3.1700331387908074,3.1700331387908074
3.179168032449999,3.179168032449999
3.1883179570758196,3.1883179570758196
3.1974829934661724,3.1974829934661724
3.2066632228334635,3.2066632228334635
3.2158587268073817,3.2158587268073817
3.2250695874377393,3.2250695874377393
3.2342958871973035,3.2342958871973035
3.243537708984694,3.243537708984694
3.252795136127264,3.252795136127264
3.2620682523840383,3.2620682523840383
3.2713571419486493,3.2713571419486493
3.2806618894523303,3.2806618894523303
3.289982579966898,3.289982579966898
3.2993192990078035,3.2993192990078035
3.308672132537158,3.308672132537158
3.318041166966851,3.318041166966851
3.327426489161617,3.327426489161617
3.3368281864422156,3.3368281864422156
3.3462463465885492,3.3462463465885492
3.3556810578428995,3.3556810578428995
3.3651324089131105,3.3651324089131105
3.3746004889758647,3.3746004889758647
3.384085387679935,3.384085387679935
3.393587195149516,3.393587195149516
3.4031060019875405,3.4031060019875405
3.4126418992790613,3.4126418992790613
3.422194978594627,3.422194978594627
3.4317653319937342,3.4317653319937342
3.4413530520282554,3.4413530520282554
3.450958231745958,3.450958231745958
3.4605809646939933,3.4605809646939933
3.4702213449224804,3.4702213449224804
3.4798794669880513,3.4798794669880513
3.4895554259575086,3.4895554259575086
3.499249317411438,3.499249317411438
3.5089612374479198,3.5089612374479198
3.518691282686217,3.518691282686217
3.5284395502705546,3.5284395502705546
3.5382061378738725,3.5382061378738725
3.5479911437016756,3.5479911437016756
3.5577946664958544,3.5577946664958544
3.567616805538607,3.567616805538607
3.5774576606563344,3.5774576606563344
3.5873173322236314,3.5873173322236314
3.5971959211672497,3.5971959211672497
3.607093528970171,3.607093528970171
3.617010257675644,3.617010257675644
3.626946209891322,3.626946209891322
3.6369014887933924,3.6369014887933924
3.646876198130782,3.646876198130782
3.6568704422293603,3.6568704422293603
3.6668843259962323,3.6668843259962323
3.6769179549240194,3.6769179549240194
3.686971435095229,3.686971435095229
3.6970448731866212,3.6970448731866212
3.7071383764736585,3.7071383764736585
3.7172520528349535,3.7172520528349535
3.727386010756811,3.727386010756811
3.7375403593377516,3.7375403593377516
3.747715208293148,3.747715208293148
3.757910667959827,3.757910667959827
3.7681268493007978,3.7681268493007978
3.7783638639099633,3.7783638639099633
3.7886218240168956,3.7886218240168956
3.7989008424916686,3.7989008424916686
3.8092010328497303,3.8092010328497303
3.819522509256819,3.819522509256819
3.829865386533919,3.829865386533919
3.84022978016228,3.84022978016228
3.8506158062884897,3.8506158062884897
3.8610235817295764,3.8610235817295764
3.8714532239781616,3.8714532239781616
3.8819048512076773,3.8819048512076773
3.89237858227764,3.89237858227764
3.9028745367389575,3.9028745367389575
3.913392834839283,3.913392834839283
3.923933597528444,3.923933597528444
3.9344969464639217,3.9344969464639217
3.9450830040163773,3.9450830040163773
3.9556918932752105,3.9556918932752105
3.9663237380542182,3.9663237380542182
3.9769786628972916,3.9769786628972916
3.987656793084149,3.987656793084149
3.998358254636148,3.998358254636148
4.00908317432215,4.00908317432215
4.0198316796644535,4.0198316796644535
4.030603898944771,4.030603898944771
4.04139996121026,4.04139996121026
4.052219996279645,4.052219996279645
4.063064134749385,4.063064134749385
4.073932507999884,4.073932507999884
4.084825248201799,4.084825248201799
4.095742488322382,4.095742488322382
4.10668436213192,4.10668436213192
4.117651004210206,4.117651004210206
4.128642549953095,4.128642549953095
4.139659135579112,4.139659135579112
4.150700898136171,4.150700898136171
4.161767975508304,4.161767975508304
4.1728605064224915,4.1728605064224915
4.183978630455556,4.183978630455556
4.195122488041159,4.195122488041159
4.206292220476804,4.206292220476804
4.217487969930972,4.217487969930972
4.228709879450293,4.228709879450293
4.239958092966831,4.239958092966831
4.251232755305418,4.251232755305418
4.262534012191048,4.262534012191048
4.273862010256394,4.273862010256394
4.285216897049378,4.285216897049378
4.296598821040827,4.296598821040827
4.308007931632183,4.308007931632183
4.319444379163354,4.319444379163354
4.330908314920586,4.330908314920586
4.342399891144475,4.342399891144475
4.353919261037999,4.353919261037999
4.3654665787746945,4.3654665787746945
4.377041999506908,4.377041999506908
4.388645679374112,4.388645679374112
4.400277775511328,4.400277775511328
4.411938446057632,4.411938446057632
4.423627850164779,4.423627850164779
4.435346148005888,4.435346148005888
4.4470935007842245,4.4470935007842245
4.458870070742098,4.458870070742098
4.470676021169849,4.470676021169849
4.4825115164149265,4.4825115164149265
4.49437672189107,4.49437672189107
4.506271804087589,4.506271804087589
4.518196930578762,4.518196930578762
4.530152270033314,4.530152270033314
4.542137992224009,4.542137992224009
4.55415426803735,4.55415426803735
4.5662012694833995,4.5662012694833995
4.578279169705687,4.578279169705687
4.590388142991237,4.590388142991237
4.6025283647806985,4.6025283647806985
4.614700011678624,4.614700011678624
4.626903261463827,4.626903261463827
4.639138293099856,4.639138293099856
4.651405286745602,4.651405286745602
4.663704423766045,4.663704423766045
4.67603588674308,4.67603588674308
4.68839985948648,4.68839985948648
4.700796527045003,4.700796527045003
4.713226075717616,4.713226075717616
4.725688693064836,4.725688693064836
4.738184567920208,4.738184567920208
4.750713890401913,4.750713890401913
4.7632768519245365,4.7632768519245365
4.775873645210929,4.775873645210929
4.788504464304216,4.788504464304216
4.80116950457998,4.80116950457998
4.813868962758547,4.813868962758547
4.826603036917436,4.826603036917436
4.839371926503944,4.839371926503944
4.852175832347874,4.852175832347874
4.865014956674431,4.865014956674431
4.877889503117264,4.877889503117264
4.890799676731657,4.890799676731657
4.903745684007852,4.903745684007852
4.916727732884584,4.916727732884584
4.929746032762741,4.929746032762741
4.942800794519193,4.942800794519193
4.955892230520775,4.955892230520775
4.9690205546384565,4.9690205546384565
4.982185982261686,4.982185982261686
4.995388730312887,4.995388730312887
5.008629017262127,5.008629017262127
5.021907063141982,5.021907063141982
5.035223089562592,5.035223089562592
5.048577319726865,5.048577319726865
5.061969978445873,5.061969978445873
5.07540129215446,5.07540129215446
5.088871488927032,5.088871488927032
5.102380798493535,5.102380798493535
5.115929452255609,5.115929452255609
5.12951768330298,5.12951768330298
5.14314572643005,5.14314572643005
5.1568138181526635,5.1568138181526635
5.170522196725098,5.170522196725098
5.184271102157268,5.184271102157268
5.198060776232161,5.198060776232161
5.2118914625234645,5.2118914625234645
5.2257634064134075,5.2257634064134075
5.239676855110865,5.239676855110865
5.253632057669668,5.253632057669668
5.267629265007145,5.267629265007145
5.281668729922891,5.281668729922891
5.295750707117787,5.295750707117787
5.309875453213281,5.309875453213281
5.3240432267708755,5.3240432267708755
5.33825428831188,5.33825428831188
5.35250890033743,5.35250890033743
5.366807327348763,5.366807327348763
5.3811498358677445,5.3811498358677445
5.395536694457646,5.395536694457646
5.4099681737442324,5.4099681737442324
5.4244445464371065,5.4244445464371065
5.438966087351317,5.438966087351317
5.453533073429254,5.453533073429254
5.4681457837628535,5.4681457837628535
5.4828044996160825,5.4828044996160825
5.497509504447717,5.497509504447717
5.512261083934399,5.512261083934399
5.527059525994053,5.527059525994053
5.541905120809573,5.541905120809573
5.556798160852849,5.556798160852849
5.571738940909079,5.571738940909079
5.586727758101437,5.586727758101437
5.601764911916096,5.601764911916096
5.61685070422753,5.61685070422753
5.631985439324196,5.631985439324196
5.647169423934543,5.647169423934543
5.662402967253426,5.662402967253426
5.677686380968807,5.677686380968807
5.6930199792888665,5.6930199792888665
5.708404078969474,5.708404078969474
5.723838999342052,5.723838999342052
5.739325062341804,5.739325062341804
5.754862592536339,5.754862592536339
5.770451917154679,5.770451917154679
5.786093366116725,5.786093366116725
5.8017872720630645,5.8017872720630645
5.817533970385226,5.817533970385226
5.833333799256363,5.833333799256363
5.849187099662376,5.849187099662376
5.8650942154334595,5.8650942154334595
5.881055493276067,5.881055493276067
5.8970712828053955,5.8970712828053955
5.913141936578301,5.913141936578301
5.929267810126654,5.929267810126654
5.945449261991208,5.945449261991208
5.961686653755947,5.961686653755947
5.97798035008294,5.97798035008294
5.994330718747662,5.994330718747662
6.010738130674854,6.010738130674854
6.027202959974902,6.027202959974902
6.04372558398075,6.04372558398075
6.060306383285341,6.060306383285341
6.076945741779594,6.076945741779594
6.093644046690975,6.093644046690975
6.110401688622615,6.110401688622615
6.127219061593014,6.127219061593014
6.144096563076306,6.144096563076306
6.161034594043165,6.161034594043165
6.1780335590023014,6.1780335590023014
6.195093866042587,6.195093866042587
6.212215926875779,6.212215926875779
6.229400156879935,6.229400156879935
6.246646975143466,6.246646975143466
6.263956804509853,6.263956804509853
6.281330071623023,6.281330071623023
6.29876720697345,6.29876720697345
6.316268644944974,6.316268644944974
6.333834823862273,6.333834823862273
6.351466186039125,6.351466186039125
6.369163177827391,6.369163177827391
6.386926249666768,6.386926249666768
6.404755856135312,6.404755856135312
6.422652456000713,6.422652456000713
6.44061651227243,6.44061651227243
6.4586484922546195,6.4586484922546195
6.476748867599884,6.476748867599884
6.494918114363869,6.494918114363869
6.513156713060735,6.513156713060735
6.531465148719535,6.531465148719535
6.549843910941442,6.549843910941442
6.5682934939579045,6.5682934939579045
6.58681439668976,6.58681439668976
6.605407122807281,6.605407122807281
6.624072180791215,6.624072180791215
6.642810083994732,6.642810083994732
6.661621350706487,6.661621350706487
6.680506504214663,6.680506504214663
6.6994660728720445,6.6994660728720445
6.718500590162162,6.718500590162162
6.737610594766554,6.737610594766554
6.756796630633142,6.756796630633142
6.776059247045688,6.776059247045688
6.795398998694476,6.795398998694476
6.8148164457481,6.8148164457481
6.834312153926515,6.834312153926515
6.853886694575303,6.853886694575303
6.873540644741176,6.873540644741176
6.893274587248735,6.893274587248735
6.9130891107785875,6.9130891107785875
6.93298480994677,6.93298480994677
6.952962285385522,6.952962285385522
6.973022143825422,6.973022143825422
6.993164998179,6.993164998179
7.01339146762575,7.01339146762575
7.033702177698631,7.033702177698631
7.054097760372047,7.054097760372047
7.074578854151385,7.074578854151385
7.095146104164163,7.095146104164163
7.115800162252696,7.115800162252696
7.136541687068439,7.136541687068439
7.157371344168019,7.157371344168019
7.178289806110955,7.178289806110955
7.199297752559133,7.199297752559133
7.220395870377996,7.220395870377996
7.241584853739669,7.241584853739669
7.262865404227869,7.262865404227869
7.284238230944701,7.284238230944701
7.305704050619434,7.305704050619434
7.32726358771925,7.32726358771925
7.348917574562012,7.348917574562012
7.370666751431118,7.370666751431118
7.39251186669243,7.39251186669243
7.41445367691342,7.41445367691342
7.436492946984523,7.436492946984523
7.458630450242716,7.458630450242716
7.480866968597429,7.480866968597429
7.503203292658821,7.503203292658821
7.52564022186851,7.52564022186851
7.548178564632722,7.548178564632722
7.570819138457985,7.570819138457985
7.593562770089432,7.593562770089432
7.616410295651755,7.616410295651755
7.639362560792854,7.639362560792854
7.662420420830232,7.662420420830232
7.685584740900282,7.685584740900282
7.70885639611046,7.70885639611046
7.732236271694407,7.732236271694407
7.75572526317012,7.75572526317012
7.779324276501255,7.779324276501255
7.803034228261629,7.803034228261629
7.826856045802934,7.826856045802934
7.85079066742583,7.85079066742583
7.874839042554467,7.874839042554467
7.899002131914502,7.899002131914502
7.9232809077147035,7.9232809077147035
7.947676353832209,7.947676353832209
7.972189466001616,7.972189466001616
7.996821252007871,7.996821252007871
8.021572731883156,8.021572731883156
8.046444938107781,8.046444938107781
8.07143891581527,8.07143891581527
8.096555723001716,8.096555723001716
8.121796430739455,8.121796430739455
8.147162123395233,8.147162123395233
8.172653898852975,8.172653898852975
8.198272868741256,8.198272868741256
8.224020158665592,8.224020158665592
8.249896908445628,8.249896908445628
8.275904272357499,8.275904272357499
8.302043419381338,8.302043419381338
8.328315533454118,8.328315533454118
8.354721813727968,8.354721813727968
8.381263474834176,8.381263474834176
8.40794174715289,8.40794174715289
8.434757877088794,8.434757877088794
8.4617131273528,8.4617131273528
8.488808777250068,8.488808777250068
8.516046122974375,8.516046122974375
8.5434264779091,8.5434264779091
8.570951172934922,8.570951172934922
8.598621556744494,8.598621556744494
8.626438996164286,8.626438996164286
8.65440487648369,8.65440487648369
8.682520601791655,8.682520601791655
8.710787595321115,8.710787595321115
8.739207299801334,8.739207299801334
8.767781177818438,8.767781177818438
8.796510712184293,8.796510712184293
8.825397406314108,8.825397406314108
8.854442784612877,8.854442784612877
8.883648392870958,8.883648392870958
8.913015798669035,8.913015798669035
8.942546591792755,8.942546591792755
8.972242384657378,8.972242384657378
9.00210481274253,9.00210481274253
9.032135535037575,9.032135535037575
9.062336234497801,9.062336234497801
9.092708618511802,9.092708618511802
9.123254419380288,9.123254419380288
9.153975394806714,9.153975394806714
9.18487332840017,9.18487332840017
9.215950030190777,9.215950030190777
9.247207337157976,9.247207337157976
9.278647113772147,9.278647113772147
9.310271252549983,9.310271252549983
9.342081674623998,9.342081674623998
9.374080330326576,9.374080330326576
9.40626919978904,9.40626919978904
9.438650293556302,9.438650293556302
9.471225653217397,9.471225653217397
9.503997352052556,9.503997352052556
9.53696749569721,9.53696749569721
9.570138222823628,9.570138222823628
9.6035117058406,9.6035117058406
9.63709015161181,9.63709015161181
9.670875802193473,9.670875802193473
9.704870935591906,9.704870935591906
9.739077866541685,9.739077866541685
9.77349894730498,9.77349894730498
9.808136568492827,9.808136568492827
9.84299315990909,9.84299315990909
10.97183254262359,10.97183254262359
10.990432931201612,10.990432931201612
11.009166809773044,11.009166809773044
11.028038799027698,11.028038799027698
11.047053440689377,11.047053440689377
11.066215210649204,11.066215210649204
11.085528530507005,11.085528530507005
11.10499777778992,11.10499777778992
11.124627295065418,11.124627295065418
11.144421398124727,11.144421398124727
11.164384383381154,11.164384383381154
11.18452053460246,11.18452053460246
11.204834129076282,11.204834129076282
11.225329443291535,11.225329443291535
11.24601075820545,11.24601075820545
11.266882364155533,11.266882364155533
11.287948565466792,11.287948565466792
11.309213684797562,11.309213684797562
11.330682067261124,11.330682067261124
11.35235808435543,11.35235808435543
11.374246137729363,11.374246137729363
11.396350662810168,11.396350662810168
11.418676132313747,11.418676132313747
11.44122705965741,11.44122705965741
11.464008002292394,11.464008002292394
11.487023564971453,11.487023564971453
11.510278402965803,11.510278402965803
11.533777225243975,11.533777225243975
11.557524797624371,11.557524797624371
11.581525945912336,11.581525945912336
11.605785559031515,11.605785559031515
11.630308592158919,11.630308592158919
11.65510006987245,11.65510006987245
11.680165089319374,11.680165089319374
11.705508823413082,11.705508823413082
11.731136524066379,11.731136524066379
11.757053525468258,11.757053525468258
11.783265247411396,11.783265247411396
11.809777198677395,11.809777198677395
11.836594980486565,11.836594980486565
11.863724290019292,11.863724290019292
11.891170924015634,11.891170924015634
11.91894078246006,11.91894078246006
11.947039872358221,11.947039872358221
11.975474311612762,11.975474311612762
12.004250333005393,12.004250333005393
12.03337428829214,12.03337428829214
12.062852652419654,12.062852652419654
12.092692027869845,12.092692027869845
12.12289914914113,12.12289914914113
12.153480887374045,12.153480887374045
12.18444425512994,12.18444425512994
12.215796411331572,12.215796411331572
12.247544666374687,12.247544666374687
12.27969648742016,12.27969648742016
12.31225950387668,12.31225950387668
12.345241513084579,12.345241513084579
12.37865048621176,12.37865048621176
12.41249457437314,12.41249457437314
12.446782114985886,12.446782114985886
12.481521638373136,12.481521638373136
12.516721874629917,12.516721874629917
12.55239176076506,12.55239176076506
12.588540448134491,12.588540448134491
12.625177310181567,12.625177310181567
12.662311950501472,12.662311950501472
12.6999542112471,12.6999542112471
12.738114181895602,12.738114181895602
12.776802208395498,12.776802208395498
12.816028902715498,12.816028902715498
12.85580515281761,12.85580515281761
12.896142133078504,12.896142133078504
12.937051315184727,12.937051315184727
12.978544479528725,12.978544479528725
13.020633727134692,13.020633727134692
13.063331492145036,13.063331492145036
13.106650554900385,13.106650554900385
13.150604055648255,13.150604055648255
13.195205508917768,13.195205508917768
13.240468818600512,13.240468818600512
13.28640829378077,13.28640829378077
13.33303866536055,13.33303866536055
13.380375103528984,13.380375103528984
13.428433236128658,13.428433236128658
13.477229167975599,13.477229167975599
13.526779501193758,13.526779501193758
13.577101356629104,13.577101356629104
13.62821239641366,13.62821239641366
13.680130847755276,13.680130847755276
13.732875528034498,13.732875528034498
13.786465871296148,13.786465871296148
13.840921956230597,13.840921956230597
13.89626453574704,13.89626453574704
13.952515068249312,13.952515068249312
14.009695750733831,14.009695750733831
14.067829553839188,14.067829553839188
14.12694025898807,14.12694025898807
14.187052497773472,14.187052497773472
14.24819179375468,14.24819179375468
14.310384606842865,14.310384606842865
14.373658380471834,14.373658380471834
14.43804159176696,14.43804159176696
14.503563804944505,14.503563804944505
14.570255728194864,14.570255728194864
14.638149274326903,14.638149274326903
14.707277625476294,14.707277625476294
14.777675302209857,14.777675302209857
14.849378237389839,14.849378237389839
14.922423855197895,14.922423855197895
14.99685115575821,14.99685115575821
15.072700805843043,15.072700805843043
15.150015236194088,15.150015236194088
15.228838746047991,15.228838746047991
15.309217615516525,15.309217615516525
15.391200226540942,15.391200226540942
15.474837193219155,15.474837193219155
15.560181502391643,15.560181502391643
15.647288665471866,15.647288665471866
15.736216882618692,15.736216882618692
15.827027220475978,15.827027220475978
15.919783804848755,15.919783804848755
16.014554029848988,16.014554029848988
16.111408785231124,16.111408785231124
16.21042270385091,16.21042270385091
16.31167443142535,16.31167443142535
16.4152469210514,16.4152469210514
16.5212277552631,16.5212277552631
16.629709498778116,16.629709498778116
16.740790085513648,16.740790085513648
16.854573243948536,16.854573243948536
16.971168965485457,16.971168965485457
17.090694021140905,17.090694021140905
17.213272532676,17.213272532676
17.339036605204047,17.339036605204047
17.468127029394676,17.468127029394676
17.60069406267416,17.60069406267416
17.7368983003374,17.7368983003374
17.8769116492889,17.8769116492889
18.020918419279297,18.020918419279297
18.169116549079668,18.169116549079668
18.32171898813431,18.32171898813431
18.478955257976875,18.478955257976875
18.641073222239,18.641073222239
18.80834109962463,18.80834109962463
18.981049761020067,18.981049761020067
19.159515360287987,19.159515360287987
19.34408235867792,19.34408235867792
19.535127015735593,19.535127015735593
19.733061435844355,19.733061435844355
19.93833828005934,19.93833828005934
20.151456279012464,20.151456279012464
20.372966716141807,20.372966716141807
20.60348109375706,20.60348109375706
20.84368025082532,20.84368025082532
21.094325275502236,21.094325275502236
21.35627065390238,21.35627065390238
21.630480228767112,21.630480228767112
21.91804672110088,21.91804672110088
22.220215814405293,22.220215814405293
22.538416144511068,22.538416144511068
22.874297023177675,22.874297023177675
23.229776420081883,23.229776420081883
23.607102745054934,23.607102745054934
24.008935486903297,24.008935486903297
24.43845206820763,24.43845206820763
24.89949186146654,24.89949186146654
25.396754045428036,25.396754045428036
25.936075426253126,25.936075426253126
26.5248304505699,26.5248304505699
27.172524188424067,27.172524188424067
27.89170206033064,27.89170206033064
28.69940392444645,28.69940392444645
29.61960728248759,29.61960728248759
30.687596173489155,30.687596173489155
31.958424394348167,31.958424394348167
33.52516456795929,33.52516456795929
35.56473505835745,35.56473505835745
38.48402973889091,38.48402973889091
43.656248520957874,43.656248520957874
