-7.002511927833251,-7.002511927833251
-7.01721787804853,-7.01721787804853
-7.027517271302041,-7.027517271302041
-7.035867307287853,-7.035867307287853
-7.042930117467214,-7.042930117467214
-7.04902976401711,-7.04902976401711
-7.05435989477132,-7.05435989477132
-7.059049584371832,-7.059049584371832
-7.063191110680505,-7.063191110680505
-7.066853762156471,-7.066853762156471
-7.070091492709238,-7.070091492709238
-7.072947512538147,-7.072947512538147
-7.0754572104448314,-7.0754572104448314
-7.077650103301575,-7.077650103301575
-7.079551186764183,-7.079551186764183
-7.081181900892418,-7.081181900892418
-7.08256083887981,-7.08256083887981
-7.0837042790450475,-7.0837042790450475
-7.084626591973855,-7.084626591973855
-7.085340557424392,-7.085340557424392
-7.085857614693894,-7.085857614693894
-7.086188063045897,-7.086188063045897
-7.086341224062559,-7.086341224062559
-7.086325574556374,-7.086325574556374
-7.086148856427274,-7.086148856427274
-7.085818168257451,-7.085818168257451
-7.085340042288312,-7.085340042288312
-7.08472050958447,-7.08472050958447
-7.083965155567601,-7.083965155567601
-7.0830791676361,-7.0830791676361
-7.082067376232133,-7.082067376232133
-7.080934290445864,-7.080934290445864
-7.07968412903615,-7.07968412903615
-7.078320847582355,-7.078320847582355
-7.076848162352333,-7.076848162352333
-7.075269571368501,-7.075269571368501
-7.073588373071492,-7.073588373071492
-7.071807682914406,-7.071807682914406
-7.069930448166782,-7.069930448166782
-7.0679594611634,-7.0679594611634
-7.065897371196917,-7.065897371196917
-7.063746695223572,-7.063746695223572
-7.061509827526415,-7.061509827526415
-7.059189048459968,-7.059189048459968
-7.056786532382937,-7.056786532382937
-7.054304354871062,-7.054304354871062
-7.051744499290001,-7.051744499290001
-7.049108862797628,-7.049108862797628
-7.046399261836413,-7.046399261836413
-7.043617437168857,-7.043617437168857
-7.040765058502577,-7.040765058502577
-7.037843728745989,-7.037843728745989
-7.034854987930748,-7.034854987930748
-7.031800316832949,-7.031800316832949
-7.028681140321467,-7.028681140321467
-7.025498830458638,-7.025498830458638
-7.0222547093758,-7.0222547093758
-7.0189500519437376,-7.0189500519437376
-7.015586088255999,-7.015586088255999
-7.012164005941216,-7.012164005941216
-7.00868495231887,-7.00868495231887
-7.005150036411546,-7.005150036411546
-7.001560330825429,-7.001560330825429
-6.9979168735096335,-6.9979168735096335
-6.9942206694039895,-6.9942206694039895
-6.990472691983985,-6.990472691983985
-6.9866738847107435,-6.9866738847107435
-6.982825162393261,-6.982825162393261
-6.978927412469404,-6.978927412469404
-6.974981496211665,-6.974981496211665
-6.9709882498630895,-6.9709882498630895
-6.966948485708391,-6.966948485708391
-6.962862993084789,-6.962862993084789
-6.958732539336749,-6.958732539336749
-6.954557870718487,-6.954557870718487
-6.950339713247736,-6.950339713247736
-6.9460787735140315,-6.9460787735140315
-6.9417757394445125,-6.9417757394445125
-6.93743128102998,-6.93743128102998
-6.933046051013765,-6.933046051013765
-6.928620685545755,-6.928620685545755
-6.924155804803757,-6.924155804803757
-6.919652013584213,-6.919652013584213
-6.915109901864116,-6.915109901864116
-6.910530045335901,-6.910530045335901
-6.905913005916856,-6.905913005916856
-6.901259332234627,-6.901259332234627
-6.8965695600901284,-6.8965695600901284
-6.8918442128992075,-6.8918442128992075
-6.887083802114261,-6.887083802114261
-6.882288827626906,-6.882288827626906
-6.8774597781527795,-6.8774597781527795
-6.87259713159944,-6.87259713159944
-6.867701355418292,-6.867701355418292
-6.862772906941376,-6.862772906941376
-6.857812233703855,-6.857812233703855
-6.8528197737529295,-6.8528197737529295
-6.847795955943891,-6.847795955943891
-6.842741200223974,-6.842741200223974
-6.837655917904648,-6.837655917904648
-6.8325405119229,-6.8325405119229
-6.827395377092089,-6.827395377092089
-6.82222090034286,-6.82222090034286
-6.817017460954635,-6.817017460954635
-6.811785430778104,-6.811785430778104
-6.806525174449181,-6.806525174449181
-6.80123704959481,-6.80123704959481
-6.795921407031005,-6.795921407031005
-6.790578590953506,-6.790578590953506
-6.785208939121366,-6.785208939121366
-6.779812783033815,-6.779812783033815
-6.7743904481006965,-6.7743904481006965
-6.768942253806757,-6.768942253806757
-6.763468513870089,-6.763468513870089
-6.757969536394961,-6.757969536394961
-6.752445624019278,-6.752445624019278
-6.746897074056942,-6.746897074056942
-6.741324178635285,-6.741324178635285
-6.735727224827816,-6.735727224827816
-6.730106494782472,-6.730106494782472
-6.7244622658455535,-6.7244622658455535
-6.718794810681544,-6.718794810681544
-6.71310439738896,-6.71310439738896
-6.7073912896124135,-6.7073912896124135
-6.701655746651023,-6.701655746651023
-6.695898023563338,-6.695898023563338
-6.690118371268907,-6.690118371268907
-6.684317036646622,-6.684317036646622
-6.67849426262996,-6.67849426262996
-6.672650288299271,-6.672650288299271
-6.666785348971173,-6.666785348971173
-6.660899676285234,-6.660899676285234
-6.654993498287984,-6.654993498287984
-6.649067039514392,-6.649067039514392
-6.643120521066892,-6.643120521066892
-6.637154160692054,-6.637154160692054
-6.631168172854978,-6.631168172854978
-6.62516276881151,-6.62516276881151
-6.619138156678344,-6.619138156678344
-6.613094541501093,-6.613094541501093
-6.607032125320416,-6.607032125320416
-6.600951107236221,-6.600951107236221
-6.5948516834700985,-6.5948516834700985
-6.588734047425951,-6.588734047425951
-6.5825983897489575,-6.5825983897489575
-6.576444898382883,-6.576444898382883
-6.570273758625818,-6.570273758625818
-6.564085153184388,-6.564085153184388
-6.5578792622264865,-6.5578792622264865
-6.551656263432586,-6.551656263432586
-6.545416332045676,-6.545416332045676
-6.539159640919861,-6.539159640919861
-6.532886360567675,-6.532886360567675
-6.526596659206157,-6.526596659206157
-6.520290702801713,-6.520290702801713
-6.513968655113825,-6.513968655113825
-6.507630677737615,-6.507630677737615
-6.501276930145338,-6.501276930145338
-6.494907569726803,-6.494907569726803
-6.488522751828779,-6.488522751828779
-6.482122629793405,-6.482122629793405
-6.475707354995645,-6.475707354995645
-6.469277076879808,-6.469277076879808
-6.462831942995172,-6.462831942995172
-6.456372099030727,-6.456372099030727
-6.449897688849075,-6.449897688849075
-6.443408854519508,-6.443408854519508
-6.436905736350294,-6.436905736350294
-6.430388472920176,-6.430388472920176
-6.423857201109132,-6.423857201109132
-6.417312056128412,-6.417312056128412
-6.410753171549857,-6.410753171549857
-6.4041806793345275,-6.4041806793345275
-6.3975947098606945,-6.3975947098606945
-6.390995391951143,-6.390995391951143
-6.384382852899887,-6.384382852899887
-6.377757218498246,-6.377757218498246
-6.37111861306034,-6.37111861306034
-6.36446715944801,-6.36446715944801
-6.357802979095173,-6.357802979095173
-6.351126192031639,-6.351126192031639
-6.344436916906392,-6.344436916906392
-6.3377352710103585,-6.3377352710103585
-6.331021370298682,-6.331021370298682
-6.324295329412502,-6.324295329412502
-6.317557261700262,-6.317557261700262
-6.310807279238559,-6.310807279238559
-6.304045492852543,-6.304045492852543
-6.297272012135882,-6.297272012135882
-6.290486945470297,-6.290486945470297
-6.283690400044692,-6.283690400044692
-6.276882481873865,-6.276882481873865
-6.270063295816855,-6.270063295816855
-6.263232945594874,-6.263232945594874
-6.256391533808896,-6.256391533808896
-6.249539161956858,-6.249539161956858
-6.242675930450531,-6.242675930450531
-6.235801938632026,-6.235801938632026
-6.228917284789989,-6.228917284789989
-6.222022066175437,-6.222022066175437
-6.215116379017308,-6.215116379017308
-6.208200318537673,-6.208200318537673
-6.201273978966666,-6.201273978966666
-6.194337453557106,-6.194337453557106
-6.1873908345988315,-6.1873908345988315
-6.180434213432757,-6.180434213432757
-6.173467680464659,-6.173467680464659
-6.166491325178686,-6.166491325178686
-6.1595052361506095,-6.1595052361506095
-6.1525095010608215,-6.1525095010608215
-6.145504206707085,-6.145504206707085
-6.138489439017041,-6.138489439017041
-6.131465283060471,-6.131465283060471
-6.124431823061335,-6.124431823061335
-6.117389142409587,-6.117389142409587
-6.11033732367276,-6.11033732367276
-6.103276448607337,-6.103276448607337
-6.09620659816992,-6.09620659816992
-6.0891278525281844,-6.0891278525281844
-6.08204029107163,-6.08204029107163
-6.074943992422147,-6.074943992422147
-6.06783903444438,-6.06783903444438
-6.060725494255904,-6.060725494255904
-6.053603448237225,-6.053603448237225
-6.046472972041591,-6.046472972041591
-6.039334140604637,-6.039334140604637
-6.032187028153852,-6.032187028153852
-6.025031708217877,-6.025031708217877
-6.017868253635648,-6.017868253635648
-6.010696736565364,-6.010696736565364
-6.003517228493317,-6.003517228493317
-5.996329800242549,-5.996329800242549
-5.989134521981374,-5.989134521981374
-5.9819314632317395,-5.9819314632317395
-5.974720692877461,-5.974720692877461
-5.9675022791722965,-5.9675022791722965
-5.960276289747896,-5.960276289747896
-5.953042791621614,-5.953042791621614
-5.94580185120419,-5.94580185120419
-5.938553534307294,-5.938553534307294
-5.931297906150954,-5.931297906150954
-5.924035031370854,-5.924035031370854
-5.916764974025504,-5.916764974025504
-5.909487797603319,-5.909487797603319
-5.902203565029539,-5.902203565029539
-5.894912338673074,-5.894912338673074
-5.887614180353213,-5.887614180353213
-5.880309151346236,-5.880309151346236
-5.872997312391912,-5.872997312391912
-5.865678723699889,-5.865678723699889
-5.858353444955998,-5.858353444955998
-5.851021535328438,-5.851021535328438
-5.843683053473863,-5.843683053473863
-5.836338057543391,-5.836338057543391
-5.82898660518849,-5.82898660518849
-5.821628753566797,-5.821628753566797
-5.814264559347828,-5.814264559347828
-5.806894078718605,-5.806894078718605
-5.799517367389198,-5.799517367389198
-5.792134480598172,-5.792134480598172
-5.7847454731179635,-5.7847454731179635
-5.777350399260156,-5.777350399260156
-5.769949312880693,-5.769949312880693
-5.762542267384996,-5.762542267384996
-5.755129315733016,-5.755129315733016
-5.7477105104442,-5.7477105104442
-5.740285903602384,-5.740285903602384
-5.732855546860618,-5.732855546860618
-5.725419491445913,-5.725419491445913
-5.7179777881639104,-5.7179777881639104
-5.710530487403503,-5.710530487403503
-5.7030776391413625,-5.7030776391413625
-5.695619292946414,-5.695619292946414
-5.688155497984243,-5.688155497984243
-5.680686303021437,-5.680686303021437
-5.673211756429859,-5.673211756429859
-5.665731906190866,-5.665731906190866
-5.658246799899457,-5.658246799899457
-5.650756484768371,-5.650756484768371
-5.643261007632122,-5.643261007632122
-5.63576041495097,-5.63576041495097
-5.628254752814844,-5.628254752814844
-5.6207440669472,-5.6207440669472
-5.613228402708834,-5.613228402708834
-5.605707805101634,-5.605707805101634
-5.598182318772281,-5.598182318772281
-5.590651988015895,-5.590651988015895
-5.583116856779636,-5.583116856779636
-5.575576968666245,-5.575576968666245
-5.568032366937551,-5.568032366937551
-5.560483094517908,-5.560483094517908
-5.552929193997607,-5.552929193997607
-5.545370707636219,-5.545370707636219
-5.537807677365912,-5.537807677365912
-5.530240144794708,-5.530240144794708
-5.522668151209704,-5.522668151209704
-5.515091737580241,-5.515091737580241
-5.507510944561039,-5.507510944561039
-5.499925812495284,-5.499925812495284
-5.492336381417672,-5.492336381417672
-5.484742691057422,-5.484742691057422
-5.477144780841229,-5.477144780841229
-5.469542689896201,-5.469542689896201
-5.46193645705274,-5.46193645705274
-5.454326120847392,-5.454326120847392
-5.446711719525655,-5.446711719525655
-5.439093291044755,-5.439093291044755
-5.431470873076381,-5.431470873076381
-5.42384450300939,-5.42384450300939
-5.416214217952466,-5.416214217952466
-5.408580054736754,-5.408580054736754
-5.400942049918462,-5.400942049918462
-5.393300239781414,-5.393300239781414
-5.385654660339588,-5.385654660339588
-5.378005347339607,-5.378005347339607
-5.37035233626321,-5.37035233626321
-5.362695662329685,-5.362695662329685
-5.355035360498268,-5.355035360498268
-5.347371465470514,-5.347371465470514
-5.339704011692649,-5.339704011692649
-5.332033033357868,-5.332033033357868
-5.324358564408633,-5.324358564408633
-5.316680638538913,-5.316680638538913
-5.308999289196423,-5.308999289196423
-5.301314549584814,-5.301314549584814
-5.293626452665848,-5.293626452665848
-5.285935031161541,-5.285935031161541
-5.2782403175562775,-5.2782403175562775
-5.270542344098907,-5.270542344098907
-5.262841142804811,-5.262841142804811
-5.255136745457935,-5.255136745457935
-5.247429183612809,-5.247429183612809
-5.2397184885965356,-5.2397184885965356
-5.232004691510765,-5.232004691510765
-5.224287823233623,-5.224287823233623
-5.216567914421641,-5.216567914421641
-5.208844995511651,-5.208844995511651
-5.201119096722652,-5.201119096722652
-5.193390248057665,-5.193390248057665
-5.185658479305563,-5.185658479305563
-5.177923820042874,-5.177923820042874
-5.17018629963557,-5.17018629963557
-5.162445947240824,-5.162445947240824
-5.15470279180876,-5.15470279180876
-5.1469568620841715,-5.1469568620841715
-5.139208186608226,-5.139208186608226
-5.131456793720143,-5.131456793720143
-5.12370271155886,-5.12370271155886
-5.1159459680646755,-5.1159459680646755
-5.10818659098087,-5.10818659098087
-5.100424607855315,-5.100424607855315
-5.0926600460420515,-5.0926600460420515
-5.084892932702869,-5.084892932702869
-5.077123294808847,-5.077123294808847
-5.069351159141889,-5.069351159141889
-5.061576552296239,-5.061576552296239
-5.053799500679978,-5.053799500679978
-5.0460200305165,-5.0460200305165
-5.038238167845983,-5.038238167845983
-5.030453938526828,-5.030453938526828
-5.022667368237094,-5.022667368237094
-5.014878482475909,-5.014878482475909
-5.0070873065648716,-5.0070873065648716
-4.99929386564943,-4.99929386564943
-4.99149818470025,-4.99149818470025
-4.983700288514568,-4.983700288514568
-4.975900201717529,-4.975900201717529
-4.968097948763498,-4.968097948763498
-4.960293553937383,-4.960293553937383
-4.952487041355918,-4.952487041355918
-4.94467843496894,-4.94467843496894
-4.9368677585606555,-4.9368677585606555
-4.929055035750893,-4.929055035750893
-4.92124028999634,-4.92124028999634
-4.9134235445917565,-4.9134235445917565
-4.9056048226712,-4.9056048226712
-4.897784147209209,-4.897784147209209
-4.889961541021991,-4.889961541021991
-4.882137026768597,-4.882137026768597
-4.874310626952076,-4.874310626952076
-4.866482363920616,-4.866482363920616
-4.858652259868687,-4.858652259868687
-4.850820336838153,-4.850820336838153
-4.842986616719388,-4.842986616719388
-4.835151121252371,-4.835151121252371
-4.827313872027764,-4.827313872027764
-4.819474890488002,-4.819474890488002
-4.8116341979283375,-4.8116341979283375
-4.803791815497905,-4.803791815497905
-4.795947764200756,-4.795947764200756
-4.788102064896887,-4.788102064896887
-4.780254738303261,-4.780254738303261
-4.772405804994815,-4.772405804994815
-4.764555285405451,-4.764555285405451
-4.7567031998290314,-4.7567031998290314
-4.748849568420351,-4.748849568420351
-4.740994411196101,-4.740994411196101
-4.733137748035832,-4.733137748035832
-4.725279598682893,-4.725279598682893
-4.717419982745372,-4.717419982745372
-4.709558919697022,-4.709558919697022
-4.701696428878178,-4.701696428878178
-4.693832529496664,-4.693832529496664
-4.685967240628694,-4.685967240628694
-4.678100581219759,-4.678100581219759
-4.670232570085507,-4.670232570085507
-4.6623632259126175,-4.6623632259126175
-4.654492567259661,-4.654492567259661
-4.646620612557952,-4.646620612557952
-4.638747380112396,-4.638747380112396
-4.630872888102327,-4.630872888102327
-4.622997154582334,-4.622997154582334
-4.615120197483076,-4.615120197483076
-4.607242034612104,-4.607242034612104
-4.599362683654654,-4.599362683654654
-4.591482162174448,-4.591482162174448
-4.583600487614482,-4.583600487614482
-4.575717677297799,-4.575717677297799
-4.567833748428266,-4.567833748428266
-4.559948718091342,-4.559948718091342
-4.552062603254822,-4.552062603254822
-4.544175420769599,-4.544175420769599
-4.536287187370397,-4.536287187370397
-4.528397919676507,-4.528397919676507
-4.52050763419252,-4.52050763419252
-4.512616347309036,-4.512616347309036
-4.504724075303387,-4.504724075303387
-4.496830834340337,-4.496830834340337
-4.488936640472782,-4.488936640472782
-4.481041509642443,-4.481041509642443
-4.473145457680553,-4.473145457680553
-4.465248500308527,-4.465248500308527
-4.457350653138647,-4.457350653138647
-4.449451931674721,-4.449451931674721
-4.441552351312737,-4.441552351312737
-4.4336519273415265,-4.4336519273415265
-4.4257506749434015,-4.4257506749434015
-4.417848609194802,-4.417848609194802
-4.409945745066925,-4.409945745066925
-4.402042097426354,-4.402042097426354
-4.394137681035683,-4.394137681035683
-4.386232510554129,-4.386232510554129
-4.378326600538143,-4.378326600538143
-4.37041996544202,-4.37041996544202
-4.362512619618486,-4.362512619618486
-4.3546045773193045,-4.3546045773193045
-4.346695852695855,-4.346695852695855
-4.33878645979971,-4.33878645979971
-4.330876412583229,-4.330876412583229
-4.322965724900112,-4.322965724900112
-4.3150544105059705,-4.3150544105059705
-4.30714248305889,-4.30714248305889
-4.299229956119979,-4.299229956119979
-4.291316843153927,-4.291316843153927
-4.283403157529545,-4.283403157529545
-4.275488912520297,-4.275488912520297
-4.2675741213048495,-4.2675741213048495
-4.259658796967586,-4.259658796967586
-4.251742952499144,-4.251742952499144
-4.243826600796922,-4.243826600796922
-4.235909754665604,-4.235909754665604
-4.227992426817668,-4.227992426817668
-4.220074629873882,-4.220074629873882
-4.212156376363819,-4.212156376363819
-4.20423767872634,-4.20423767872634
-4.19631854931009,-4.19631854931009
-4.188399000373992,-4.188399000373992
-4.18047904408771,-4.18047904408771
-4.172558692532152,-4.172558692532152
-4.164637957699923,-4.164637957699923
-4.1567168514957995,-4.1567168514957995
-4.148795385737202,-4.148795385737202
-4.1408735721546455,-4.1408735721546455
-4.1329514223922,-4.1329514223922
-4.1250289480079445,-4.1250289480079445
-4.117106160474409,-4.117106160474409
-4.109183071179026,-4.109183071179026
-4.101259691424564,-4.101259691424564
-4.093336032429566,-4.093336032429566
-4.08541210532878,-4.08541210532878
-4.0774879211735895,-4.0774879211735895
-4.069563490932436,-4.069563490932436
-4.061638825491238,-4.061638825491238
-4.0537139356538106,-4.0537139356538106
-4.045788832142271,-4.045788832142271
-4.037863525597457,-4.037863525597457
-4.029938026579328,-4.029938026579328
-4.022012345567362,-4.022012345567362
-4.0140864929609625,-4.0140864929609625
-4.006160479079844,-4.006160479079844
-3.998234314164427,-3.998234314164427
-3.990308008376229,-3.990308008376229
-3.982381571798241,-3.982381571798241
-3.9744550144353097,-3.9744550144353097
-3.9665283462145213,-3.9665283462145213
-3.9586015769855636,-3.9586015769855636
-3.950674716521106,-3.950674716521106
-3.942747774517162,-3.942747774517162
-3.9348207605934538,-3.9348207605934538
-3.9268936842937716,-3.9268936842937716
-3.9189665550863304,-3.9189665550863304
-3.911039382364127,-3.911039382364127
-3.9031121754452904,-3.9031121754452904
-3.8951849435734247,-3.8951849435734247
-3.887257695917957,-3.887257695917957
-3.879330441574482,-3.879330441574482
-3.871403189565094,-3.871403189565094
-3.8634759488387296,-3.8634759488387296
-3.855548728271492,-3.855548728271492
-3.8476215366669875,-3.8476215366669875
-3.83969438275665,-3.83969438275665
-3.8317672752000624,-3.8317672752000624
-3.8238402225852797,-3.8238402225852797
-3.8159132334291477,-3.8159132334291477
-3.807986316177616,-3.807986316177616
-3.8000594792060527,-3.8000594792060527
-3.7921327308195503,-3.7921327308195503
-3.784206079253236,-3.784206079253236
-3.7762795326725778,-3.7762795326725778
-3.7683530991736793,-3.7683530991736793
-3.760426786783583,-3.760426786783583
-3.7525006034605677,-3.7525006034605677
-3.7445745570944386,-3.7445745570944386
-3.7366486555068192,-3.7366486555068192
-3.7287229064514413,-3.7287229064514413
-3.72079731761443,-3.72079731761443
-3.7128718966145855,-3.7128718966145855
-3.704946651003665,-3.704946651003665
-3.6970215882666637,-3.6970215882666637
-3.689096715822086,-3.689096715822086
-3.681172041022222,-3.681172041022222
-3.6732475711534165,-3.6732475711534165
-3.6653233134363385,-3.6653233134363385
-3.65739927502625,-3.65739927502625
-3.6494754630132653,-3.6494754630132653
-3.6415518844226162,-3.6415518844226162
-3.6336285462149096,-3.6336285462149096
-3.625705455286384,-3.625705455286384
-3.617782618469166,-3.617782618469166
-3.6098600425315204,-3.6098600425315204
-3.601937734178102,-3.601937734178102
-3.5940157000502047,-3.5940157000502047
-3.5860939467260047,-3.5860939467260047
-3.5781724807208053,-3.5781724807208053
-3.5702513084872782,-3.5702513084872782
-3.5623304364157047,-3.5623304364157047
-3.554409870834208,-3.554409870834208
-3.5464896180089944,-3.5464896180089944
-3.538569684144583,-3.538569684144583
-3.530650075384036,-3.530650075384036
-3.52273079780919,-3.52273079780919
-3.51481185744088,-3.51481185744088
-3.5068932602391687,-3.5068932602391687
-3.4989750121035628,-3.4989750121035628
-3.491057118873241,-3.491057118873241
-3.4831395863272676,-3.4831395863272676
-3.475222420184812,-3.475222420184812
-3.467305626105363,-3.467305626105363
-3.4593892096889416,-3.4593892096889416
-3.4514731764763136,-3.4514731764763136
-3.443557531949199,-3.443557531949199
-3.435642281530475,-3.435642281530475
-3.427727430584388,-3.427727430584388
-3.419812984416753,-3.419812984416753
-3.411898948275158,-3.411898948275158
-3.4039853273491616,-3.4039853273491616
-3.396072126770494,-3.396072126770494
-3.3881593516132527,-3.3881593516132527
-3.380247006894094,-3.380247006894094
-3.372335097572433,-3.372335097572433
-3.3644236285506275,-3.3644236285506275
-3.3565126046741725,-3.3565126046741725
-3.348602030731885,-3.348602030731885
-3.3406919114560925,-3.3406919114560925
-3.332782251522816,-3.332782251522816
-3.3248730555519526,-3.3248730555519526
-3.3169643281074586,-3.3169643281074586
-3.3090560736975267,-3.3090560736975267
-3.301148296774763,-3.301148296774763
-3.293241001736367,-3.293241001736367
-3.2853341929243043,-3.2853341929243043
-3.277427874625477,-3.277427874625477
-3.2695220510718985,-3.2695220510718985
-3.2616167264408626,-3.2616167264408626
-3.2537119048551113,-3.2537119048551113
-3.2458075903830004,-3.2458075903830004
-3.237903787038667,-3.237903787038667
-3.2300004987821906,-3.2300004987821906
-3.2220977295197586,-3.2220977295197586
-3.214195483103823,-3.214195483103823
-3.206293763333263,-3.206293763333263
-3.198392573953539,-3.198392573953539
-3.190491918656851,-3.190491918656851
-3.1825918010822964,-3.1825918010822964
-3.174692224816016,-3.174692224816016
-3.1667931933913507,-3.1667931933913507
-3.158894710288991,-3.158894710288991
-3.1509967789371287,-3.1509967789371287
-3.143099402711596,-3.143099402711596
-3.1352025849360214,-3.1352025849360214
-3.1273063288819674,-3.1273063288819674
-3.1194106377690822,-3.1194106377690822
-3.1115155147652285,-3.1115155147652285
-3.1036209629866383,-3.1036209629866383
-3.0957269854980414,-3.0957269854980414
-3.08783358531281,-3.08783358531281
-3.079940765393094,-3.079940765393094
-3.0720485286499652,-3.0720485286499652
-3.064156877943489,-3.064156877943489
-3.0562658160829925,-3.0562658160829925
-3.048375345827056,-3.048375345827056
-3.040485469883728,-3.040485469883728
-3.032596190910585,-3.032596190910585
-3.02470751151494,-3.02470751151494
-3.0168194342539154,-3.0168194342539154
-3.0089319616345827,-3.0089319616345827
-3.0010450961140815,-3.0010450961140815
-2.9931588400997486,-2.9931588400997486
-2.985273195949233,-2.985273195949233
-2.9773881659706225,-2.9773881659706225
-2.9695037524225563,-2.9695037524225563
-2.961619957514345,-2.961619957514345
-2.9537367834060886,-2.9537367834060886
-2.9458542322087906,-2.9458542322087906
-2.937972305984473,-2.937972305984473
-2.9300910067462853,-2.9300910067462853
-2.9222103364586225,-2.9222103364586225
-2.9143302970372296,-2.9143302970372296
-2.906450890349316,-2.906450890349316
-2.8985721182136595,-2.8985721182136595
-2.8906939824007165,-2.8906939824007165
-2.8828164846327287,-2.8828164846327287
-2.874939626583823,-2.874939626583823
-2.867063409880121,-2.867063409880121
-2.859187836099838,-2.859187836099838
-2.8513129067733876,-2.8513129067733876
-2.8434386233834776,-2.8434386233834776
-2.8355649873652133,-2.8355649873652133
-2.827692000106195,-2.827692000106195
-2.819819662946615,-2.819819662946615
-2.8119479771793525,-2.8119479771793525
-2.80407694405007,-2.80407694405007
-2.796206564757307,-2.796206564757307
-2.7883368404525735,-2.7883368404525735
-2.780467772240441,-2.780467772240441
-2.7725993611786324,-2.7725993611786324
-2.7647316082781153,-2.7647316082781153
-2.7568645145031883,-2.7568645145031883
-2.7489980807715666,-2.7489980807715666
-2.7411323079544743,-2.7411323079544743
-2.733267196876725,-2.733267196876725
-2.7254027483168106,-2.7254027483168106
-2.717538963006983,-2.717538963006983
-2.7096758416333335,-2.7096758416333335
-2.701813384835883,-2.701813384835883
-2.6939515932086557,-2.6939515932086557
-2.68609046729976,-2.68609046729976
-2.678230007611468,-2.678230007611468
-2.670370214600297,-2.670370214600297
-2.6625110886770815,-2.6625110886770815
-2.65465263020705,-2.65465263020705
-2.6467948395098997,-2.6467948395098997
-2.638937716859875,-2.638937716859875
-2.631081262485835,-2.631081262485835
-2.6232254765713288,-2.6232254765713288
-2.6153703592546638,-2.6153703592546638
-2.6075159106289805,-2.6075159106289805
-2.599662130742319,-2.599662130742319
-2.591809019597688,-2.591809019597688
-2.5839565771531303,-2.5839565771531303
-2.5761048033217935,-2.5761048033217935
-2.568253697971991,-2.568253697971991
-2.5604032609272744,-2.5604032609272744
-2.5525534919664876,-2.5525534919664876
-2.5447043908238363,-2.5447043908238363
-2.536855957188949,-2.536855957188949
-2.52900819070694,-2.52900819070694
-2.5211610909784623,-2.5211610909784623
-2.5133146575597776,-2.5133146575597776
-2.5054688899628075,-2.5054688899628075
-2.4976237876551934,-2.4976237876551934
-2.4897793500603553,-2.4897793500603553
-2.4819355765575457,-2.4819355765575457
-2.474092466481904,-2.474092466481904
-2.4662500191245136,-2.4662500191245136
-2.4584082337324533,-2.4584082337324533
-2.450567109508854,-2.450567109508854
-2.4427266456129395,-2.4427266456129395
-2.4348868411600937,-2.4348868411600937
-2.4270476952218982,-2.4270476952218982
-2.4192092068261872,-2.4192092068261872
-2.4113713749570906,-2.4113713749570906
-2.403534198555093,-2.403534198555093
-2.395697676517066,-2.395697676517066
-2.387861807696326,-2.387861807696326
-2.3800265909026725,-2.3800265909026725
-2.372192024902439,-2.372192024902439
-2.3643581084185255,-2.3643581084185255
-2.356524840130456,-2.356524840130456
-2.3486922186744077,-2.3486922186744077
-2.340860242643261,-2.340860242643261
-2.3330289105866338,-2.3330289105866338
-2.3251982210109268,-2.3251982210109268
-2.317368172379355,-2.317368172379355
-2.3095387631119952,-2.3095387631119952
-2.3017099915858155,-2.3017099915858155
-2.293881856134715,-2.293881856134715
-2.286054355049559,-2.286054355049559
-2.2782274865782166,-2.2782274865782166
-2.2704012489255887,-2.2704012489255887
-2.2625756402536488,-2.2625756402536488
-2.254750658681469,-2.254750658681469
-2.2469263022852592,-2.2469263022852592
-2.2391025690983897,-2.2391025690983897
-2.23127945711143,-2.23127945711143
-2.22345696427217,-2.22345696427217
-2.2156350884856613,-2.2156350884856613
-2.2078138276142285,-2.2078138276142285
-2.1999931794775125,-2.1999931794775125
-2.192173141852486,-2.192173141852486
-2.184353712473488,-2.184353712473488
-2.1765348890322405,-2.1765348890322405
-2.1687166691778814,-2.1687166691778814
-2.1608990505169805,-2.1608990505169805
-2.1530820306135703,-2.1530820306135703
-2.145265606989159,-2.145265606989159
-2.1374497771227627,-2.1374497771227627
-2.129634538450916,-2.129634538450916
-2.1218198883677015,-2.1218198883677015
-2.11400582422476,-2.11400582422476
-2.1061923433313177,-2.1061923433313177
-2.0983794429541973,-2.0983794429541973
-2.09056712031784,-2.09056712031784
-2.082755372604319,-2.082755372604319
-2.0749441969533557,-2.0749441969533557
-2.0671335904623387,-2.0671335904623387
-2.0593235501863325,-2.0593235501863325
-2.051514073138095,-2.051514073138095
-2.043705156288088,-2.043705156288088
-2.0358967965644923,-2.0358967965644923
-2.0280889908532176,-2.0280889908532176
-2.020281735997913,-2.020281735997913
-2.0124750287999777,-2.0124750287999777
-2.004668866018571,-2.004668866018571
-1.9968632443706225,-1.9968632443706225
-1.989058160530835,-1.989058160530835
-1.9812536111316978,-1.9812536111316978
-1.97344959276349,-1.97344959276349
-1.9656461019742903,-1.9656461019742903
-1.957843135269976,-1.957843135269976
-1.950040689114233,-1.950040689114233
-1.9422387599285598,-1.9422387599285598
-1.9344373440922675,-1.9344373440922675
-1.9266364379424847,-1.9266364379424847
-1.9188360377741587,-1.9188360377741587
-1.9110361398400582,-1.9110361398400582
-1.9032367403507728,-1.9032367403507728
-1.8954378354747117,-1.8954378354747117
-1.8876394213381062,-1.8876394213381062
-1.8798414940250043,-1.8798414940250043
-1.8720440495772732,-1.8720440495772732
-1.8642470839945935,-1.8642470839945935
-1.8564505932344537,-1.8564505932344537
-1.848654573212153,-1.848654573212153
-1.8408590198007915,-1.8408590198007915
-1.8330639288312638,-1.8330639288312638
-1.8252692960922565,-1.8252692960922565
-1.8174751173302395,-1.8174751173302395
-1.8096813882494605,-1.8096813882494605
-1.801888104511933,-1.801888104511933
-1.794095261737431,-1.794095261737431
-1.7863028555034806,-1.7863028555034806
-1.7785108813453467,-1.7785108813453467
-1.7707193347560233,-1.7707193347560233
-1.7629282111862228,-1.7629282111862228
-1.7551375060443644,-1.7551375060443644
-1.747347214696561,-1.747347214696561
-1.7395573324666058,-1.7395573324666058
-1.7317678546359572,-1.7317678546359572
-1.723978776443727,-1.723978776443727
-1.716190093086663,-1.716190093086663
-1.708401799719133,-1.708401799719133
-1.7006138914531084,-1.7006138914531084
-1.6928263633581486,-1.6928263633581486
-1.6850392104613827,-1.6850392104613827
-1.6772524277474885,-1.6772524277474885
-1.6694660101586742,-1.6694660101586742
-1.6616799525946615,-1.6616799525946615
-1.653894249912664,-1.653894249912664
-1.646108896927363,-1.646108896927363
-1.6383238884108877,-1.6383238884108877
-1.630539219092794,-1.630539219092794
-1.6227548836600425,-1.6227548836600425
-1.6149708767569688,-1.6149708767569688
-1.6071871929852652,-1.6071871929852652
-1.5994038269039539,-1.5994038269039539
-1.5916207730293626,-1.5916207730293626
-1.5838380258350928,-1.5838380258350928
-1.5760555797519984,-1.5760555797519984
-1.5682734291681584,-1.5682734291681584
-1.560491568428847,-1.560491568428847
-1.552709991836501,-1.552709991836501
-1.544928693650696,-1.544928693650696
-1.5371476680881158,-1.5371476680881158
-1.5293669093225166,-1.5293669093225166
-1.5215864114847026,-1.5215864114847026
-1.5138061686624853,-1.5138061686624853
-1.5060261749006603,-1.5060261749006603
-1.4982464242009677,-1.4982464242009677
-1.4904669105220594,-1.4904669105220594
-1.4826876277794634,-1.4826876277794634
-1.4749085698455533,-1.4749085698455533
-1.467129730549505,-1.467129730549505
-1.459351103677267,-1.459351103677267
-1.4515726829715165,-1.4515726829715165
-1.4437944621316305,-1.4437944621316305
-1.436016434813636,-1.436016434813636
-1.4282385946301819,-1.4282385946301819
-1.4204609351504882,-1.4204609351504882
-1.412683449900318,-1.412683449900318
-1.4049061323619232,-1.4049061323619232
-1.3971289759740149,-1.3971289759740149
-1.389351974131709,-1.389351974131709
-1.3815751201864968,-1.3815751201864968
-1.3737984074461866,-1.3737984074461866
-1.366021829174872,-1.366021829174872
-1.3582453785928774,-1.3582453785928774
-1.350469048876721,-1.350469048876721
-1.3426928331590584,-1.3426928331590584
-1.3349167245286466,-1.3349167245286466
-1.3271407160302855,-1.3271407160302855
-1.3193648006647805,-1.3193648006647805
-1.3115889713888829,-1.3115889713888829
-1.3038132211152502,-1.3038132211152502
-1.2960375427123867,-1.2960375427123867
-1.2882619290046018,-1.2882619290046018
-1.2804863727719493,-1.2804863727719493
-1.272710866750183,-1.272710866750183
-1.2649354036306972,-1.2649354036306972
-1.257159976060482,-1.257159976060482
-1.249384576642056,-1.249384576642056
-1.241609197933426,-1.241609197933426
-1.233833832448021,-1.233833832448021
-1.2260584726546384,-1.2260584726546384
-1.218283110977392,-1.218283110977392
-1.2105077397956499,-1.2105077397956499
-1.2027323514439756,-1.2027323514439756
-1.1949569382120713,-1.1949569382120713
-1.1871814923447195,-1.1871814923447195
-1.1794060060417222,-1.1794060060417222
-1.1716304714578365,-1.1716304714578365
-1.1638548807027176,-1.1638548807027176
-1.156079225840854,-1.156079225840854
-1.148303498891509,-1.148303498891509
-1.1405276918286498,-1.1405276918286498
-1.132751796580889,-1.132751796580889
-1.1249758050314187,-1.1249758050314187
-1.1171997090179455,-1.1171997090179455
-1.1094235003326207,-1.1094235003326207
-1.101647170721977,-1.101647170721977
-1.0938707118868611,-1.0938707118868611
-1.0860941154823645,-1.0860941154823645
-1.0783173731177529,-1.0783173731177529
-1.0705404763563988,-1.0705404763563988
-1.0627634167157114,-1.0627634167157114
-1.0549861856670646,-1.0549861856670646
-1.047208774635725,-1.047208774635725
-1.03943117500078,-1.03943117500078
-1.031653378095066,-1.031653378095066
-1.0238753752050946,-1.0238753752050946
-1.016097157570975,-1.016097157570975
-1.00831871638634,-1.00831871638634
-1.0005400427982762,-1.0005400427982762
-0.9927611279072394,-0.9927611279072394
-0.9849819627669802,-0.9849819627669802
-0.9772025383844675,-0.9772025383844675
-0.9694228457198095,-0.9694228457198095
-0.9616428756861742,-0.9616428756861742
-0.9538626191497073,-0.9538626191497073
-0.9460820669294538,-0.9460820669294538
-0.9383012097972774,-0.9383012097972774
-0.930520038477777,-0.930520038477777
-0.9227385436482018,-0.9227385436482018
-0.9149567159383706,-0.9149567159383706
-0.907174545930588,-0.907174545930588
-0.8993920241595587,-0.8993920241595587
-0.8916091411122982,-0.8916091411122982
-0.8838258872280519,-0.8838258872280519
-0.8760422528982046,-0.8760422528982046
-0.8682582284661949,-0.8682582284661949
-0.860473804227423,-0.860473804227423
-0.8526889704291641,-0.8526889704291641
-0.8449037172704794,-0.8449037172704794
-0.8371180349021229,-0.8371180349021229
-0.8293319134264501,-0.8293319134264501
-0.8215453428973262,-0.8215453428973262
-0.8137583133200335,-0.8137583133200335
-0.8059708146511791,-0.8059708146511791
-0.7981828367985963,-0.7981828367985963
-0.7903943696212509,-0.7903943696212509
-0.7826054029291498,-0.7826054029291498
-0.774815926483238,-0.774815926483238
-0.7670259299953032,-0.7670259299953032
-0.7592354031278787,-0.7592354031278787
-0.7514443354941437,-0.7514443354941437
-0.7436527166578246,-0.7436527166578246
-0.7358605361330911,-0.7358605361330911
-0.7280677833844582,-0.7280677833844582
-0.7202744478266834,-0.7202744478266834
-0.7124805188246642,-0.7124805188246642
-0.7046859856933332,-0.7046859856933332
-0.6968908376975529,-0.6968908376975529
-0.6890950640520142,-0.6890950640520142
-0.6812986539211284,-0.6812986539211284
-0.6735015964189204,-0.6735015964189204
-0.6657038806089186,-0.6657038806089186
-0.6579054955040526,-0.6579054955040526
-0.6501064300665403,-0.6501064300665403
-0.642306673207778,-0.642306673207778
-0.6345062137882279,-0.6345062137882279
-0.6267050406173139,-0.6267050406173139
-0.6189031424533016,-0.6189031424533016
-0.6111005080031878,-0.6111005080031878
-0.6032971259225881,-0.6032971259225881
-0.5954929848156209,-0.5954929848156209
-0.5876880732347929,-0.5876880732347929
-0.5798823796808802,-0.5798823796808802
-0.5720758926028139,-0.5720758926028139
-0.5642686003975618,-0.5642686003975618
-0.55646049141001,-0.55646049141001
-0.5486515539328402,-0.5486515539328402
-0.5408417762064124,-0.5408417762064124
-0.5330311464186432,-0.5330311464186432
-0.5252196527048838,-0.5252196527048838
-0.5174072831477962,-0.5174072831477962
-0.5095940257772281,-0.5095940257772281
-0.5017798685700925,-0.5017798685700925
-0.49396479945023947,-0.49396479945023947
-0.48614880628832907,-0.48614880628832907
-0.4783318769017042,-0.4783318769017042
-0.4705139990542664,-0.4705139990542664
-0.46269516045634335,-0.46269516045634335
-0.45487534876455915,-0.45487534876455915
-0.44705455158170304,-0.44705455158170304
-0.43923275645660337,-0.43923275645660337
-0.43140995088398865,-0.43140995088398865
-0.4235861223043569,-0.4235861223043569
-0.41576125810384074,-0.41576125810384074
-0.40793534561407707,-0.40793534561407707
-0.40010837211206146,-0.40010837211206146
-0.3922803248200229,-0.3922803248200229
-0.3844511909052749,-0.3844511909052749
-0.37662095748008817,-0.37662095748008817
-0.3687896116015385,-0.3687896116015385
-0.36095714027138043,-0.36095714027138043
-0.35312353043589256,-0.35312353043589256
-0.34528876898574357,-0.34528876898574357
-0.3374528427558482,-0.3374528427558482
-0.3296157385252215,-0.3296157385252215
-0.3217774430168324,-0.3217774430168324
-0.3139379428974595,-0.3139379428974595
-0.30609722477754664,-0.30609722477754664
-0.29825527521105183,-0.29825527521105183
-0.29041208069529806,-0.29041208069529806
-0.28256762767082466,-0.28256762767082466
-0.27472190252123885,-0.27472190252123885
-0.2668748915730619,-0.2668748915730619
-0.2590265810955746,-0.2590265810955746
-0.25117695730066686,-0.25117695730066686
-0.2433260063426834,-0.2433260063426834
-0.23547371431826722,-0.23547371431826722
-0.22762006726620115,-0.22762006726620115
-0.21976505116725184,-0.21976505116725184
-0.2119086519440147,-0.2119086519440147
-0.20405085546075025,-0.20405085546075025
-0.19619164752322424,-0.19619164752322424
-0.18833101387854653,-0.18833101387854653
-0.18046894021501073,-0.18046894021501073
-0.172605412161929,-0.172605412161929
-0.16474041528946728,-0.16474041528946728
-0.15687393510847872,-0.15687393510847872
-0.14900595707034103,-0.14900595707034103
-0.14113646656678727,-0.14113646656678727
-0.13326544892973452,-0.13326544892973452
-0.12539288943111646,-0.12539288943111646
-0.11751877328271486,-0.11751877328271486
-0.10964308563598575,-0.10964308563598575
-0.10176581158188457,-0.10176581158188457
-0.09388693615069581,-0.09388693615069581
-0.08600644431185742,-0.08600644431185742
-0.07812432097378451,-0.07812432097378451
-0.07024055098369152,-0.07024055098369152
-0.062355119127414274,-0.062355119127414274
-0.054468010129233406,-0.054468010129233406
-0.04657920865169104,-0.04657920865169104
-0.03868869929541078,-0.03868869929541078
-0.030796466598913833,-0.030796466598913833
-0.022902495038438987,-0.022902495038438987
-0.015006769027754661,-0.015006769027754661
-0.007109272917973642,-0.007109272917973642
0.0007900090026338189,0.0007900090026338189
0.008691092508825118,0.008691092508825118
0.016593993438577696,0.016593993438577696
0.024498727693282162,0.024498727693282162
0.03240531123792204,0.03240531123792204
0.040313760101283125,0.040313760101283125
0.04822409037613094,0.04822409037613094
0.05613631821942042,0.05613631821942042
0.06405045985247623,0.06405045985247623
0.07196653156120782,0.07196653156120782
0.07988454969628814,0.07988454969628814
0.08780453067337309,0.08780453067337309
0.09572649097328527,0.09572649097328527
0.10365044714223003,0.10365044714223003
0.11157641579198511,0.11157641579198511
0.11950441360011796,0.11950441360011796
0.12743445731018394,0.12743445731018394
0.13536656373193104,0.13536656373193104
0.14330074974151744,0.14330074974151744
0.15123703228170804,0.15123703228170804
0.15917542836209922,0.15917542836209922
0.16711595505931687,0.16711595505931687
0.1750586295172409,0.1750586295172409
0.1830034689472099,0.1830034689472099
0.1909504906282466,0.1909504906282466
0.1988997119072638,0.1988997119072638
0.2068511501992933,0.2068511501992933
0.2148048229876953,0.2148048229876953
0.22276074782439056,0.22276074782439056
0.23071894233006723,0.23071894233006723
0.23867942419442095,0.23867942419442095
0.2466422111763653,0.2466422111763653
0.25460732110427053,0.25460732110427053
0.26257477187617456,0.26257477187617456
0.27054458146003185,0.27054458146003185
0.27851676789392515,0.27851676789392515
0.2864913492863085,0.2864913492863085
0.29446834381623216,0.29446834381623216
0.3024477697335869,0.3024477697335869
0.3104296453593248,0.3104296453593248
0.3184139890857116,0.3184139890857116
0.32640081937655135,0.32640081937655135
0.334390154767438,0.334390154767438
0.34238201386598605,0.34238201386598605
0.35037641535208136,0.35037641535208136
0.3583733779781173,0.3583733779781173
0.3663729205692481,0.3663729205692481
0.374375062023627,0.374375062023627
0.3823798213126651,0.3823798213126651
0.39038721748126687,0.39038721748126687
0.398397269648097,0.398397269648097
0.40640999700581837,0.40640999700581837
0.41442541882135914,0.41442541882135914
0.4224435544361553,0.4224435544361553
0.4304644232664221,0.4304644232664221
0.4384880448033956,0.4384880448033956
0.4465144386136112,0.4465144386136112
0.45454362433914847,0.45454362433914847
0.4625756216979081,0.4625756216979081
0.47061045048386285,0.47061045048386285
0.478648130567339,0.478648130567339
0.4866886818952696,0.4866886818952696
0.49473212449147475,0.49473212449147475
0.502778478456924,0.502778478456924
0.5108277639700177,0.5108277639700177
0.5188800012868497,0.5188800012868497
0.5269352107414969,0.5269352107414969
0.534993412746282,0.534993412746282
0.543054627792066,0.543054627792066
0.5511188764485158,0.5511188764485158
0.5591861793643997,0.5591861793643997
0.5672565572678563,0.5672565572678563
0.5753300309666955,0.5753300309666955
0.583406621348672,0.583406621348672
0.591486349381787,0.591486349381787
0.5995692361145627,0.5995692361145627
0.6076553026763528,0.6076553026763528
0.6157445702776209,0.6157445702776209
0.6238370602102484,0.6238370602102484
0.6319327938478184,0.6319327938478184
0.6400317926459322,0.6400317926459322
0.6481340781424897,0.6481340781424897
0.6562396719580128,0.6562396719580128
0.6643485957959315,0.6643485957959315
0.6724608714429063,0.6724608714429063
0.6805765207691189,0.6805765207691189
0.6886955657286024,0.6886955657286024
0.69681802835953,0.69681802835953
0.7049439307845519,0.7049439307845519
0.713073295211089,0.713073295211089
0.7212061439316668,0.7212061439316668
0.7293424993242222,0.7293424993242222
0.737482383852437,0.737482383852437
0.7456258200660437,0.7456258200660437
0.7537728306011693,0.7537728306011693
0.7619234381806441,0.7619234381806441
0.770077665614345,0.770077665614345
0.778235535799514,0.778235535799514
0.7863970717211011,0.7863970717211011
0.7945622964520866,0.7945622964520866
0.802731233153831,0.802731233153831
0.8109039050764004,0.8109039050764004
0.8190803355589181,0.8190803355589181
0.8272605480298945,0.8272605480298945
0.8354445660075869,0.8354445660075869
0.8436324131003262,0.8436324131003262
0.851824113006888,0.851824113006888
0.8600196895168207,0.8600196895168207
0.8682191665108154,0.8682191665108154
0.8764225679610481,0.8764225679610481
0.8846299179315468,0.8846299179315468
0.8928412405785385,0.8928412405785385
0.9010565601508246,0.9010565601508246
0.9092759009901268,0.9092759009901268
0.9174992875314698,0.9174992875314698
0.9257267443035316,0.9257267443035316
0.9339582959290312,0.9339582959290312
0.9421939671250786,0.9421939671250786
0.9504337827035738,0.9504337827035738
0.9586777675715562,0.9586777675715562
0.9669259467316085,0.9669259467316085
0.975178345282214,0.975178345282214
0.9834349884181619,0.9834349884181619
0.9916959014309091,0.9916959014309091
0.9999611097089904,0.9999611097089904
1.008230638738388,1.008230638738388
1.0165045141029423,1.0165045141029423
1.024782761484727,1.024782761484727
1.0330654066644611,1.0330654066644611
1.0413524755219052,1.0413524755219052
1.0496439940362543,1.0496439940362543
1.057939988286548,1.057939988286548
1.0662404844520788,1.0662404844520788
1.0745455088128018,1.0745455088128018
1.082855087749736,1.082855087749736
1.091169247745384,1.091169247745384
1.0994880153841533,1.0994880153841533
1.10781141735277,1.10781141735277
1.116139480440696,1.116139480440696
1.1244722315405546,1.1244722315405546
1.132809697648564,1.132809697648564
1.1411519058649624,1.1411519058649624
1.1494988833944295,1.1494988833944295
1.1578506575465304,1.1578506575465304
1.1662072557361545,1.1662072557361545
1.17456870548395,1.17456870548395
1.1829350344167604,1.1829350344167604
1.1913062702680768,1.1913062702680768
1.199682440878483,1.199682440878483
1.2080635741961103,1.2080635741961103
1.2164496982770758,1.2164496982770758
1.224840841285949,1.224840841285949
1.2332370314962113,1.2332370314962113
1.241638297290713,1.241638297290713
1.2500446671621301,1.2500446671621301
1.2584561697134478,1.2584561697134478
1.2668728336584083,1.2668728336584083
1.2752946878220062,1.2752946878220062
1.2837217611409393,1.2837217611409393
1.2921540826641107,1.2921540826641107
1.3005916815530858,1.3005916815530858
1.3090345870826,1.3090345870826
1.3174828286410214,1.3174828286410214
1.325936435730863,1.325936435730863
1.334395437969255,1.334395437969255
1.3428598650884598,1.3428598650884598
1.3513297469363506,1.3513297469363506
1.3598051134769338,1.3598051134769338
1.3682859947908352,1.3682859947908352
1.3767724210758234,1.3767724210758234
1.3852644226473074,1.3852644226473074
1.3937620299388627,1.3937620299388627
1.4022652735027383,1.4022652735027383
1.4107741840103885,1.4107741840103885
1.4192887922529813,1.4192887922529813
1.4278091291419448,1.4278091291419448
1.4363352257094766,1.4363352257094766
1.4448671131090982,1.4448671131090982
1.453404822616169,1.453404822616169
1.4619483856284534,1.4619483856284534
1.4704978336666352,1.4704978336666352
1.479053198374891,1.479053198374891
1.4876145115214183,1.4876145115214183
1.4961818049990085,1.4961818049990085
1.5047551108255848,1.5047551108255848
1.513334461144784,1.513334461144784
1.5219198882264964,1.5219198882264964
1.53051142446746,1.53051142446746
1.5391091023918058,1.5391091023918058
1.5477129546516526,1.5477129546516526
1.556323014027672,1.556323014027672
1.5649393134296805,1.5649393134296805
1.5735618858972138,1.5735618858972138
1.5821907646001312,1.5821907646001312
1.590825982839187,1.590825982839187
1.5994675740466548,1.5994675740466548
1.6081155717868991,1.6081155717868991
1.6167700097570032,1.6167700097570032
1.6254309217873602,1.6254309217873602
1.6340983418422974,1.6340983418422974
1.6427723040206803,1.6427723040206803
1.6514528425565453,1.6514528425565453
1.6601399918197093,1.6601399918197093
1.6688337863164107,1.6688337863164107
1.6775342606899248,1.6775342606899248
1.6862414497212197,1.6862414497212197
1.6949553883295745,1.6949553883295745
1.7036761115732397,1.7036761115732397
1.7124036546500725,1.7124036546500725
1.721138052898199,1.721138052898199
1.7298793417966591,1.7298793417966591
1.7386275569660798,1.7386275569660798
1.7473827341693235,1.7473827341693235
1.7561449093121742,1.7561449093121742
1.7649141184439905,1.7649141184439905
1.7736903977584064,1.7736903977584064
1.7824737835939857,1.7824737835939857
1.7912643124349363,1.7912643124349363
1.800062020911771,1.800062020911771
1.808866945802033,1.808866945802033
1.8176791240309629,1.8176791240309629
1.8264985926722344,1.8264985926722344
1.8353253889486336,1.8353253889486336
1.8441595502327963,1.8441595502327963
1.8530011140479032,1.8530011140479032
1.8618501180684244,1.8618501180684244
1.8707066001208221,1.8707066001208221
1.8795705981843078,1.8795705981843078
1.888442150391553,1.888442150391553
1.8973212950294525,1.8973212950294525
1.9062080705398503,1.9062080705398503
1.9151025155203105,1.9151025155203105
1.9240046687248527,1.9240046687248527
1.9329145690647314,1.9329145690647314
1.9418322556091832,1.9418322556091832
1.9507577675862156,1.9507577675862156
1.9596911443833627,1.9596911443833627
1.9686324255484893,1.9686324255484893
1.9775816507905506,1.9775816507905506
1.9865388599804077,1.9865388599804077
1.9955040931516028,1.9955040931516028
2.00447739050118,2.00447739050118
2.0134587923904714,2.0134587923904714
2.022448339345931,2.022448339345931
2.0314460720599294,2.0314460720599294
2.040452031391599,2.040452031391599
2.049466258367642,2.049466258367642
2.058488794183183,2.058488794183183
2.0675196802025857,2.0675196802025857
2.0765589579603243,2.0765589579603243
2.085606669161816,2.085606669161816
2.0946628556842786,2.0946628556842786
2.1037275595775933,2.1037275595775933
2.1128008230651827,2.1128008230651827
2.1218826885448716,2.1218826885448716
2.130973198589772,2.130973198589772
2.14007239594916,2.14007239594916
2.149180323549384,2.149180323549384
2.1582970244947526,2.1582970244947526
2.167422542068426,2.167422542068426
2.1765569197333408,2.1765569197333408
2.1857002011331246,2.1857002011331246
2.1948524300930154,2.1948524300930154
2.2040136506207824,2.2040136506207824
2.2131839069076618,2.2131839069076618
2.222363243329312,2.222363243329312
2.231551704446745,2.231551704446745
2.240749335007282,2.240749335007282
2.249956179945512,2.249956179945512
2.25917228438427,2.25917228438427
2.2683976936356,2.2683976936356
2.27763245320173,2.27763245320173
2.2868766087760655,2.2868766087760655
2.296130206244183,2.296130206244183
2.3053932916848323,2.3053932916848323
2.314665911370932,2.314665911370932
2.323948111770588,2.323948111770588
2.3332399395481236,2.3332399395481236
2.3425414415650976,2.3425414415650976
2.351852664881338,2.351852664881338
2.3611736567559842,2.3611736567559842
2.370504464648546,2.370504464648546
2.37984513621995,2.37984513621995
2.3891957193336046,2.3891957193336046
2.398556262056466,2.398556262056466
2.4079268126601354,2.4079268126601354
2.417307419621929,2.417307419621929
2.426698131625969,2.426698131625969
2.436098997564291,2.436098997564291
2.445510066537961,2.445510066537961
2.454931387858182,2.454931387858182
2.4643630110474164,2.4643630110474164
2.4738049858405193,2.4738049858405193
2.4832573621858907,2.4832573621858907
2.4927201902466165,2.4927201902466165
2.502193520401611,2.502193520401611
2.5116774032468085,2.5116774032468085
2.5211718895963102,2.5211718895963102
2.5306770304835893,2.5306770304835893
2.5401928771626547,2.5401928771626547
2.5497194811092756,2.5497194811092756
2.5592568940221647,2.5592568940221647
2.5688051678242134,2.5688051678242134
2.5783643546636963,2.5783643546636963
2.587934506915522,2.587934506915522
2.597515677182454,2.597515677182454
2.6071079182963883,2.6071079182963883
2.61671128331958,2.61671128331958
2.6263258255459396,2.6263258255459396
2.6359515985022925,2.6359515985022925
2.6455886559496773,2.6455886559496773
2.655237051884627,2.655237051884627
2.6648968405404925,2.6648968405404925
2.6745680763887365,2.6745680763887365
2.684250814140281,2.684250814140281
2.6939451087468145,2.6939451087468145
2.7036510154021607,2.7036510154021607
2.7133685895436086,2.7133685895436086
2.723097886853298,2.723097886853298
2.7328389632595678,2.7328389632595678
2.7425918749383635,2.7425918749383635
2.7523566783146047,2.7523566783146047
2.762133430063616,2.762133430063616
2.7719221871125095,2.7719221871125095
2.7817230066416414,2.7817230066416414
2.791535946086014,2.791535946086014
2.8013610631367465,2.8013610631367465
2.8111984157425107,2.8111984157425107
2.8210480621110134,2.8210480621110134
2.8309100607104587,2.8309100607104587
2.8407844702710494,2.8407844702710494
2.8506713497864684,2.8506713497864684
2.8605707585154136,2.8605707585154136
2.8704827559830894,2.8704827559830894
2.8804074019827692,2.8804074019827692
2.8903447565773077,2.8903447565773077
2.9002948801007276,2.9002948801007276
2.9102578331597617,2.9102578331597617
2.920233676635451,2.920233676635451
2.9302224716847127,2.9302224716847127
2.9402242797419738,2.9402242797419738
2.9502391625207474,2.9502391625207474
2.9602671820152993,2.9602671820152993
2.97030840050225,2.97030840050225
2.980362880542259,2.980362880542259
2.990430684981657,2.990430684981657
3.000511876954153,3.000511876954153
3.010606519882497,3.010606519882497
3.020714677480201,3.020714677480201
3.0308364137532404,3.0308364137532404
3.0409717930017965,3.0409717930017965
3.0511208798219744,3.0511208798219744
3.061283739107589,3.061283739107589
3.0714604360518982,3.0714604360518982
3.0816510361494185,3.0816510361494185
3.091855605197689,3.091855605197689
3.102074209299105,3.102074209299105
3.11230691486272,3.11230691486272
3.1225537886061008,3.1225537886061008
3.1328148975571715,3.1328148975571715
3.14309030905607,3.14309030905607
3.153380090757032,3.153380090757032
3.1636843106303028,3.1636843106303028
3.174003036964024,3.174003036964024
3.184336338366164,3.184336338366164
3.1946842837664553,3.1946842837664553
3.2050469424183583,3.2050469424183583
3.215424383901025,3.215424383901025
3.2258166781212734,3.2258166781212734
3.2362238953155975,3.2362238953155975
3.2466461060521907,3.2466461060521907
3.257083381232965,3.257083381232965
3.2675357920955994,3.2675357920955994
3.2780034102156064,3.2780034102156064
3.2884863075084168,3.2884863075084168
3.298984556231478,3.298984556231478
3.3094982289863526,3.3094982289863526
3.3200273987208524,3.3200273987208524
3.3305721387312084,3.3305721387312084
3.341132522664209,3.341132522664209
3.3517086245193846,3.3517086245193846
3.3623005186512143,3.3623005186512143
3.3729082797713406,3.3729082797713406
3.383531982950808,3.383531982950808
3.394171703622299,3.394171703622299
3.4048275175824156,3.4048275175824156
3.4154995009939744,3.4154995009939744
3.426187730388306,3.426187730388306
3.4368922826675723,3.4368922826675723
3.447613235107118,3.447613235107118
3.458350665357846,3.458350665357846
3.469104651448586,3.469104651448586
3.479875271788491,3.479875271788491
3.490662605169471,3.490662605169471
3.501466730768636,3.501466730768636
3.5122877281507496,3.5122877281507496
3.5231256772707074,3.5231256772707074
3.533980658476042,3.533980658476042
3.5448527525094553,3.5448527525094553
3.5557420405113507,3.5557420405113507
3.566648604022396,3.566648604022396
3.577572524986108,3.577572524986108
3.588513885751469,3.588513885751469
3.5994727690755535,3.5994727690755535
3.6104492581261587,3.6104492581261587
3.621443436484497,3.621443436484497
3.6324553881478847,3.6324553881478847
3.6434851975324625,3.6434851975324625
3.6545329494759184,3.6545329494759184
3.665598729240261,3.665598729240261
3.676682622514616,3.676682622514616
3.6877847154180143,3.6877847154180143
3.6989050945022357,3.6989050945022357
3.7100438467546555,3.7100438467546555
3.721201059601143,3.721201059601143
3.732376820908946,3.732376820908946
3.7435712189896324,3.7435712189896324
3.754784342602032,3.754784342602032
3.766016280955231,3.766016280955231
3.7772671237115714,3.7772671237115714
3.7885369609896635,3.7885369609896635
3.7998258833674714,3.7998258833674714
3.811133981885363,3.811133981885363
3.8224613480492535,3.8224613480492535
3.833808073833704,3.833808073833704
3.84517425168511,3.84517425168511
3.856559974524876,3.856559974524876
3.8679653357526447,3.8679653357526447
3.8793904292495185,3.8793904292495185
3.8908353493813657,3.8908353493813657
3.902300191002082,3.902300191002082
3.9137850494569624,3.9137850494569624
3.9252900205860177,3.9252900205860177
3.9368152007273958,3.9368152007273958
3.948360686720771,3.948360686720771
3.9599265759108238,3.9599265759108238
3.9715129661506783,3.9715129661506783
3.9831199558054498,3.9831199558054498
3.9947476437557476,3.9947476437557476
4.00639612940128,4.00639612940128
4.018065512664419,4.018065512664419
4.029755893993869,4.029755893993869
4.041467374368296,4.041467374368296
4.05320005530007,4.05320005530007
4.064954038838939,4.064954038838939
4.07672942757585,4.07672942757585
4.088526324646703,4.088526324646703
4.100344833736217,4.100344833736217
4.112185059081755,4.112185059081755
4.1240471054772705,4.1240471054772705
4.135931078277201,4.135931078277201
4.147837083400474,4.147837083400474
4.159765227334481,4.159765227334481
4.171715617139156,4.171715617139156
4.1836883604510104,4.1836883604510104
4.195683565487299,4.195683565487299
4.207701341050126,4.207701341050126
4.219741796530684,4.219741796530684
4.231805041913432,4.231805041913432
4.243891187780415,4.243891187780415
4.256000345315526,4.256000345315526
4.268132626308891,4.268132626308891
4.280288143161225,4.280288143161225
4.292467008888286,4.292467008888286
4.304669337125311,4.304669337125311
4.3168952421315705,4.3168952421315705
4.32914483879486,4.32914483879486
4.3414182426361565,4.3414182426361565
4.353715569814197,4.353715569814197
4.3660369371302075,4.3660369371302075
4.378382462032579,4.378382462032579
4.390752262621678,4.390752262621678
4.403146457654621,4.403146457654621
4.415565166550154,4.415565166550154
4.428008509393539,4.428008509393539
4.440476606941521,4.440476606941521
4.452969580627299,4.452969580627299
4.465487552565594,4.465487552565594
4.478030645557706,4.478030645557706
4.490598983096695,4.490598983096695
4.503192689372517,4.503192689372517
4.515811889277309,4.515811889277309
4.5284567084106335,4.5284567084106335
4.541127273084845,4.541127273084845
4.5538237103304695,4.5538237103304695
4.566546147901632,4.566546147901632
4.579294714281555,4.579294714281555
4.592069538688114,4.592069538688114
4.604870751079424,4.604870751079424
4.617698482159489,4.617698482159489
4.630552863383908,4.630552863383908
4.643434026965659,4.643434026965659
4.656342105880896,4.656342105880896
4.669277233874822,4.669277233874822
4.682239545467625,4.682239545467625
4.695229175960487,4.695229175960487
4.708246261441615,4.708246261441615
4.721290938792342,4.721290938792342
4.734363345693311,4.734363345693311
4.7474636206307,4.7474636206307
4.760591902902528,4.760591902902528
4.773748332624968,4.773748332624968
4.786933050738797,4.786933050738797
4.80014619901588,4.80014619901588
4.813387920065695,4.813387920065695
4.826658357341948,4.826658357341948
4.839957655149251,4.839957655149251
4.853285958649877,4.853285958649877
4.866643413870555,4.866643413870555
4.880030167709352,4.880030167709352
4.89344636794262,4.89344636794262
4.906892163232035,4.906892163232035
4.920367703131663,4.920367703131663
4.933873138095129,4.933873138095129
4.947408619482853,4.947408619482853
4.960974299569368,4.960974299569368
4.974570331550694,4.974570331550694
4.98819686955179,4.98819686955179
5.001854068634098,5.001854068634098
5.015542084803158,5.015542084803158
5.029261075016306,5.029261075016306
5.0430111971904195,5.0430111971904195
5.056792610209776,5.056792610209776
5.07060547393402,5.07060547393402
5.084449949206133,5.084449949206133
5.098326197860548,5.098326197860548
5.112234382731329,5.112234382731329
5.126174667660451,5.126174667660451
5.140147217506151,5.140147217506151
5.154152198151347,5.154152198151347
5.168189776512193,5.168189776512193
5.182260120546703,5.182260120546703
5.196363399263449,5.196363399263449
5.210499782730362,5.210499782730362
5.22466944208364,5.22466944208364
5.238872549536742,5.238872549536742
5.253109278389474,5.253109278389474
5.2673798030371595,5.2673798030371595
5.281684298979939,5.281684298979939
5.2960229428321455,5.2960229428321455
5.310395912331804,5.310395912331804
5.324803386350186,5.324803386350186
5.339245544901517,5.339245544901517
5.353722569152781,5.353722569152781
5.368234641433607,5.368234641433607
5.382781945246272,5.382781945246272
5.397364665275824,5.397364665275824
5.411982987400319,5.411982987400319
5.426637098701149,5.426637098701149
5.441327187473488,5.441327187473488
5.45605344323687,5.45605344323687
5.470816056745873,5.470816056745873
5.485615220000924,5.485615220000924
5.500451126259204,5.500451126259204
5.515323970045688,5.515323970045688
5.530233947164346,5.530233947164346
5.545181254709395,5.545181254709395
5.560166091076723,5.560166091076723
5.575188655975433,5.575188655975433
5.590249150439521,5.590249150439521
5.605347776839683,5.605347776839683
5.6204847388952315,5.6204847388952315
5.635660241686174,5.635660241686174
5.650874491665442,5.650874491665442
5.666127696671214,5.666127696671214
5.6814200659394,5.6814200659394
5.696751810116279,5.696751810116279
5.712123141271282,5.712123141271282
5.727534272909894,5.727534272909894
5.742985419986734,5.742985419986734
5.7584767989187435,5.7584767989187435
5.77400862759861,5.77400862759861
5.78958112540825,5.78958112540825
5.805194513232494,5.805194513232494
5.820849013472935,5.820849013472935
5.836544850061938,5.836544850061938
5.852282248476793,5.852282248476793
5.868061435754048,5.868061435754048
5.883882640503998,5.883882640503998
5.899746092925363,5.899746092925363
5.915652024820136,5.915652024820136
5.931600669608592,5.931600669608592
5.947592262344472,5.947592262344472
5.963627039730368,5.963627039730368
5.979705240133281,5.979705240133281
5.995827103600377,5.995827103600377
6.011992871874877,6.011992871874877
6.028202788412208,6.028202788412208
6.044457098396325,6.044457098396325
6.06075604875621,6.06075604875621
6.077099888182576,6.077099888182576
6.093488867144785,6.093488867144785
6.109923237907975,6.109923237907975
6.126403254550387,6.126403254550387
6.14292917298088,6.14292917298088
6.159501250956694,6.159501250956694
6.176119748101435,6.176119748101435
6.192784925923254,6.192784925923254
6.209497047833238,6.209497047833238
6.2262563791640755,6.2262563791640755
6.243063187188933,6.243063187188933
6.259917741140541,6.259917741140541
6.276820312230543,6.276820312230543
6.29377117366907,6.29377117366907
6.3107706006846,6.3107706006846
6.327818870544003,6.327818870544003
6.344916262572877,6.344916262572877
6.362063058176136,6.362063058176136
6.379259540858861,6.379259540858861
6.396505996247408,6.396505996247408
6.413802712110763,6.413802712110763
6.431149978382213,6.431149978382213
6.448548087181266,6.448548087181266
6.465997332835861,6.465997332835861
6.483498011904839,6.483498011904839
6.501050423200727,6.501050423200727
6.5186548678128355,6.5186548678128355
6.536311649130605,6.536311649130605
6.554021072867269,6.554021072867269
6.5717834470838605,6.5717834470838605
6.589599082213493,6.589599082213493
6.607468291085983,6.607468291085983
6.625391388952758,6.625391388952758
6.643368693512122,6.643368693512122
6.661400524934879,6.661400524934879
6.679487205890237,6.679487205890237
6.697629061572074,6.697629061572074
6.715826419725571,6.715826419725571
6.734079610674202,6.734079610674202
6.752388967347062,6.752388967347062
6.770754825306543,6.770754825306543
6.789177522776447,6.789177522776447
6.807657400670417,6.807657400670417
6.826194802620784,6.826194802620784
6.844790075007776,6.844790075007776
6.863443566989146,6.863443566989146
6.882155630530208,6.882155630530208
6.900926620434269,6.900926620434269
6.919756894373464,6.919756894373464
6.938646812920035,6.938646812920035
6.957596739578051,6.957596739578051
6.976607040815542,6.976607040815542
6.995678086097075,6.995678086097075
7.014810247916779,7.014810247916779
7.034003901831894,7.034003901831894
7.05325942649669,7.05325942649669
7.072577203696913,7.072577203696913
7.09195761838471,7.09195761838471
7.111401058714062,7.111401058714062
7.130907916076685,7.130907916076685
7.150478585138435,7.150478585138435
7.170113463876259,7.170113463876259
7.189812953615681,7.189812953615681
7.209577459068783,7.209577459068783
7.229407388372727,7.229407388372727
7.249303153128879,7.249303153128879
7.269265168442475,7.269265168442475
7.289293852962837,7.289293852962837
7.309389628924172,7.309389628924172
7.329552922187009,7.329552922187009
7.349784162280207,7.349784162280207
7.370083782443566,7.370083782443566
7.390452219671076,7.390452219671076
7.410889914754807,7.410889914754807
7.431397312329449,7.431397312329449
7.451974860917499,7.451974860917499
7.472623012975105,7.472623012975105
7.493342224938623,7.493342224938623
7.514132957271864,7.514132957271864
7.53499567451403,7.53499567451403
7.555930845328362,7.555930845328362
7.57693894255155,7.57693894255155
7.598020443243896,7.598020443243896
7.619175828740192,7.619175828740192
7.640405584701393,7.640405584701393
7.661710201167093,7.661710201167093
7.683090172608802,7.683090172608802
7.704545997984016,7.704545997984016
7.72607818079112,7.72607818079112
7.747687229125172,7.747687229125172
7.769373655734538,7.769373655734538
7.791137978078377,7.791137978078377
7.812980718385046,7.812980718385046
7.834902403711424,7.834902403711424
7.8569035660031625,7.8569035660031625
7.8789847421558745,7.8789847421558745
7.901146474077281,7.901146474077281
7.923389308750367,7.923389308750367
7.945713798297534,7.945713798297534
7.968120500045769,7.968120500045769
7.990609976592831,7.990609976592831
8.013182795874538,8.013182795874538
8.035839531233146,8.035839531233146
8.058580761486779,8.058580761486779
8.081407071000008,8.081407071000008
8.104319049755592,8.104319049755592
8.1273172934274,8.1273172934274
8.150402403454477,8.150402403454477
8.17357498711635,8.17357498711635
8.196835657609586,8.196835657609586
8.220185034125617,8.220185034125617
8.243623741929822,8.243623741929822
8.26715241244198,8.26715241244198
8.29077168331798,8.29077168331798
8.314482198532987,8.314482198532987
8.33828460846598,8.33828460846598
8.36217956998569,8.36217956998569
8.386167746537994,8.386167746537994
8.41024980823482,8.41024980823482
8.43442643194457,8.43442643194457
8.45869830138405,8.45869830138405
8.483066107211995,8.483066107211995
8.507530547124226,8.507530547124226
8.532092325950419,8.532092325950419
8.556752155752594,8.556752155752594
8.581510755925242,8.581510755925242
8.606368853297264,8.606368853297264
8.631327182235719,8.631327182235719
8.65638648475131,8.65638648475131
8.681547510605782,8.681547510605782
8.706811017421229,8.706811017421229
8.732177770791342,8.732177770791342
8.757648544394634,8.757648544394634
8.78322412010964,8.78322412010964
8.808905288132294,8.808905288132294
8.83469284709535,8.83469284709535
8.860587604189977,8.860587604189977
8.886590375289545,8.886590375289545
8.912701985075705,8.912701985075705
8.938923267166794,8.938923267166794
8.965255064248511,8.965255064248511
8.991698228207072,8.991698228207072
9.018253620264813,9.018253620264813
9.044922111118343,9.044922111118343
9.071704581079207,9.071704581079207
9.098601920217206,9.098601920217206
9.125615028506454,9.125615028506454
9.152744815974145,9.152744815974145
9.179992202852155,9.179992202852155
9.207358119731484,9.207358119731484
9.234843507719708,9.234843507719708
9.262449318601416,9.262449318601416
9.29017651500174,9.29017651500174
9.318026070552996,9.318026070552996
9.345998970064624,9.345998970064624
9.374096209696408,9.374096209696408
9.402318797135054,9.402318797135054
9.430667751774253,9.430667751774253
9.459144104898277,9.459144104898277
9.487748899869253,9.487748899869253
9.516483192318072,9.516483192318072
9.545348050339145,9.545348050339145
9.574344554689068,9.574344554689068
9.603473798989263,9.603473798989263
9.632736889932715,9.632736889932715
9.662134947494836,9.662134947494836
9.691669105148724,9.691669105148724
9.72134051008474,9.72134051008474
9.751150323434626,9.751150323434626
9.781099720500162,9.781099720500162
9.811189890986663,9.811189890986663
9.841422039241264,9.841422039241264
9.871797384496164,9.871797384496164
9.902317161116972,9.902317161116972
9.932982618856277,9.932982618856277
9.963795023112604,9.963795023112604
9.994755655194819,9.994755655194819
10.025865812592151,10.025865812592151
10.057126809250061,10.057126809250061
10.08853997585197,10.08853997585197
10.120106660107126,10.120106660107126
10.151828227044605,10.151828227044605
10.183706059313852,10.183706059313852
10.215741557491697,10.215741557491697
10.247936140396147,10.247936140396147
10.280291245407069,10.280291245407069
10.312808328794013,10.312808328794013
10.345488866051348,10.345488866051348
10.37833435224084,10.37833435224084
10.411346302341933,10.411346302341933
10.444526251609956,10.444526251609956
10.477875755942474,10.477875755942474
10.511396392253928,10.511396392253928
10.545089758858824,10.545089758858824
10.578957475863819,10.578957475863819
10.613001185568795,10.613001185568795
10.647222552877263,10.647222552877263
10.681623265716283,10.681623265716283
10.716205035466269,10.716205035466269
10.750969597400927,10.750969597400927
10.78591871113752,10.78591871113752
10.821054161097866,10.821054161097866
10.856377756980324,10.856377756980324
10.891891334243182,10.891891334243182
10.927596754599564,10.927596754599564
10.963495906524392,10.963495906524392
10.999590705773688,10.999590705773688
11.035883095916594,11.035883095916594
11.07237504888044,11.07237504888044
11.109068565509208,11.109068565509208
11.145965676136026,11.145965676136026
11.183068441169805,11.183068441169805
11.220378951696661,11.220378951696661
11.257899330096423,11.257899330096423
11.295631730674828,11.295631730674828
11.333578340311833,11.333578340311833
11.371741379126432,11.371741379126432
11.410123101158613,11.410123101158613
11.448725795068997,11.448725795068997
11.487551784856638,11.487551784856638
11.52660343059557,11.52660343059557
11.565883129190677,11.565883129190677
11.605393315153625,11.605393315153625
11.645136461399318,11.645136461399318
11.685115080063653,11.685115080063653
11.725331723343176,11.725331723343176
11.765788984357476,11.765788984357476
11.806489498034962,11.806489498034962
11.847435942022768,11.847435942022768
11.888631037621645,11.888631037621645
11.930077550746658,11.930077550746658
11.971778292914568,11.971778292914568
12.013736122258717,12.013736122258717
12.055953944572336,12.055953944572336
12.098434714381462,12.098434714381462
12.141181436048145,12.141181436048145
12.184197164905232,12.184197164905232
12.227485008423697,12.227485008423697
12.271048127413659,12.271048127413659
12.314889737260346,12.314889737260346
12.35901310919615,12.35901310919615
12.403421571610034,12.403421571610034
12.44811851139565,12.44811851139565
12.493107375339607,12.493107375339607
12.538391671551285,12.538391671551285
12.5839749709356,12.5839749709356
12.62986090871046,12.62986090871046
12.676053185970426,12.676053185970426
12.722555571298365,12.722555571298365
12.769371902426776,12.769371902426776
12.816506087950689,12.816506087950689
12.863962109094116,12.863962109094116
12.911744021532076,12.911744021532076
12.959855957270157,12.959855957270157
13.008302126583997,13.008302126583997
13.057086820020922,13.057086820020922
13.106214410466194,13.106214410466194
13.15568935527627,13.15568935527627
13.205516198481764,13.205516198481764
13.25569957306299,13.25569957306299
13.30624420330084,13.30624420330084
13.35715490720596,13.35715490720596
13.408436599029514,13.408436599029514
13.46009429185881,13.46009429185881
13.512133100301321,13.512133100301321
13.564558243260498,13.564558243260498
13.617375046807442,13.617375046807442
13.670588947152371,13.670588947152371
13.724205493720024,13.724205493720024
13.778230352333392,13.778230352333392
13.832669308510425,13.832669308510425
13.887528270878626,13.887528270878626
13.942813274712552,13.942813274712552
13.998530485599586,13.998530485599586
14.054686203239564,14.054686203239564
14.11128686538434,14.11128686538434
14.1683390519234,14.1683390519234
14.225849489122014,14.225849489122014
14.283825054018923,14.283825054018923
14.342272778990855,14.342272778990855
14.401199856491523,14.401199856491523
14.460613643973014,14.460613643973014
14.520521668998239,14.520521668998239
14.580931634553448,14.580931634553448
14.641851424570179,14.641851424570179
14.703289109666672,14.703289109666672
14.765252953119266,14.765252953119266
14.8277514170751,14.8277514170751
14.890793169017783,14.890793169017783
14.954387088498498,14.954387088498498
15.018542274145755,15.018542274145755
15.083268050967908,15.083268050967908
15.148573977963059,15.148573977963059
15.214469856052121,15.214469856052121
15.28096573635155,15.28096573635155
15.348071928803588,15.348071928803588
15.415799011182614,15.415799011182614
15.484157838497325,15.484157838497325
15.553159552810053,15.553159552810053
15.622815593495563,15.622815593495563
15.6931377079632,15.6931377079632
15.764137962867617,15.764137962867617
15.835828755835237,15.835828755835237
15.90822282773514,15.90822282773514
15.981333275525108,15.981333275525108
16.055173565705307,16.055173565705307
16.12975754841458,16.12975754841458
16.205099472206776,16.205099472206776
16.28121399954651,16.28121399954651
16.35811622306714,16.35811622306714
16.43582168263625,16.43582168263625
16.514346383277477,16.514346383277477
16.593706814000743,16.593706814000743
16.673919967596632,16.673919967596632
16.755003361454932,16.755003361454932
16.836975059471765,16.836975059471765
16.919853695114206,16.919853695114206
17.003658495716643,17.003658495716643
17.088409308088817,17.088409308088817
17.1741266255215,17.1741266255215
17.260831616282463,17.260831616282463
17.348546153702447,17.348546153702447
17.43729284795908,17.43729284795908
17.527095079674957,17.527095079674957
17.617977035456043,17.617977035456043
17.70996374550595,17.70996374550595
17.803081123463922,17.803081123463922
17.897356008626137,17.897356008626137
17.99281621072366,17.99281621072366
18.0894905574451,18.0894905574451
18.187408944908668,18.187408944908668
18.286602391306186,18.286602391306186
18.3871030939616,18.3871030939616
18.488944490068008,18.488944490068008
18.592161321392037,18.592161321392037
18.69678970326079,18.69678970326079
18.802867198176404,18.802867198176404
18.910432894435743,18.910432894435743
19.019527490169757,19.019527490169757
19.130193383257474,19.130193383257474
19.242474767614603,19.242474767614603
19.356417736407177,19.356417736407177
19.472070392797068,19.472070392797068
19.589482968889296,19.589482968889296
19.70870795362136,19.70870795362136
19.82980023041393,19.82980023041393
19.952817225491543,19.952817225491543
20.077819067882213,20.077819067882213
20.20486876221765,20.20486876221765
20.334032375583657,20.334032375583657
20.465379239815206,20.465379239815206
20.598982170794915,20.598982170794915
20.734917706500237,20.734917706500237
20.873266365757168,20.873266365757168
21.014112929901625,21.014112929901625
21.15754674982747,21.15754674982747
21.303662081218846,21.303662081218846
21.45255845113081,21.45255845113081
21.6043410595053,21.6043410595053
21.75912121969751,21.75912121969751
21.91701684265331,21.91701684265331
22.07815297003561,22.07815297003561
22.242662362363987,22.242662362363987
22.4106861491265,22.4106861491265
22.58237454887275,22.58237454887275
22.7578876685312,22.7578876685312
22.937396392650527,22.937396392650527
23.121083374990537,23.121083374990537
23.30914414693901,23.30914414693901
23.501788359677526,23.501788359677526
23.699241179951233,23.699241179951233
23.901744862824643,23.901744862824643
24.109560529067583,24.109560529067583
24.32297017998832,24.32297017998832
24.542278988841833,24.542278988841833
24.767817915678297,24.767817915678297
24.99994670203395,24.99994670203395
25.239057313687017,25.239057313687017
25.485577914443155,25.485577914443155
25.739977472412786,25.739977472412786
26.002771123610927,26.002771123610927
26.27452644743858,26.27452644743858
26.55587084671275,26.55587084671275
26.8475002741527,26.8475002741527
27.150189611401085,27.150189611401085
27.46480509105539,27.46480509105539
27.792319264274383,27.792319264274383
28.133829166971434,28.133829166971434
28.49057854183675,28.49057854183675
28.863985254094928,28.863985254094928
29.255675429773476,29.255675429773476
29.667526397539973,29.667526397539973
30.101721307956034,30.101721307956034
30.560819461948544,30.560819461948544
31.047848104268024,31.047848104268024
31.56642405934316,31.56642405934316
32.12091766895454,32.12091766895454
32.71667801773049,32.71667801773049
33.36034918489274,33.36034918489274
34.06032559051759,34.06032559051759
34.827427004935714,34.827427004935714
35.675934116979434,35.675934116979434
36.62524376288644,36.62524376288644
37.70265009729068,37.70265009729068
38.94831782962499,38.94831782962499
40.42491614951318,40.42491614951318
42.23839216166994,42.23839216166994
44.59013697085218,44.59013697085218
47.94332936608126,47.94332936608126
53.86112186919588,53.86112186919588
