-7.047963082616868,-7.047963082616868
-7.066575117256348,-7.066575117256348
-7.080165164175344,-7.080165164175344
-7.091532564797477,-7.091532564797477
-7.101431646103918,-7.101431646103918
-7.110231592853259,-7.110231592853259
-7.118153016501699,-7.118153016501699
-7.125342964109738,-7.125342964109738
-7.131906562355437,-7.131906562355437
-7.137922747458065,-7.137922747458065
-7.143452985896804,-7.143452985896804
-7.148546504481032,-7.148546504481032
-7.15324361956704,-7.15324361956704
-7.1575779579713545,-7.1575779579713545
-7.161577995757551,-7.161577995757551
-7.165268158310167,-7.165268158310167
-7.168669627748417,-7.168669627748417
-7.171800948992324,-7.171800948992324
-7.174678493595246,-7.174678493595246
-7.177316820775339,-7.177316820775339
-7.179728962643376,-7.179728962643376
-7.181926652537563,-7.181926652537563
-7.18392050998188,-7.18392050998188
-7.185720192104484,-7.185720192104484
-7.187334518791371,-7.187334518791371
-7.188771577034917,-7.188771577034917
-7.190038808629122,-7.190038808629122
-7.191143084407095,-7.191143084407095
-7.192090767507454,-7.192090767507454
-7.192887767624572,-7.192887767624572
-7.193539587793826,-7.193539587793826
-7.194051364953381,-7.194051364953381
-7.194427905284213,-7.194427905284213
-7.194673715142557,-7.194673715142557
-7.1947930282512855,-7.1947930282512855
-7.194789829699229,-7.194789829699229
-7.194667877203564,-7.194667877203564
-7.1944307200146556,-7.1944307200146556
-7.1940817157813495,-7.1940817157813495
-7.1936240456445315,-7.1936240456445315
-7.19306072778571,-7.19306072778571
-7.192394629623387,-7.192394629623387
-7.191628478821794,-7.191628478821794
-7.190764873253173,-7.190764873253173
-7.189806290035035,-7.189806290035035
-7.188755093747341,-7.188755093747341
-7.187613543920582,-7.187613543920582
-7.186383801873862,-7.186383801873862
-7.185067936972012,-7.185067936972012
-7.183667932362191,-7.183667932362191
-7.1821856902429495,-7.1821856902429495
-7.180623036712479,-7.180623036712479
-7.178981726237225,-7.178981726237225
-7.177263445777297,-7.177263445777297
-7.17546981860103,-7.17546981860103
-7.173602407817418,-7.173602407817418
-7.171662719652034,-7.171662719652034
-7.1696522064893164,-7.1696522064893164
-7.16757226970166,-7.16757226970166
-7.165424262283713,-7.165424262283713
-7.163209491308298,-7.163209491308298
-7.160929220218869,-7.160929220218869
-7.158584670971838,-7.158584670971838
-7.156177026040881,-7.156177026040881
-7.153707430294158,-7.153707430294158
-7.151176992754377,-7.151176992754377
-7.148586788250665,-7.148586788250665
-7.145937858970485,-7.145937858970485
-7.1432312159190055,-7.1432312159190055
-7.140467840292732,-7.140467840292732
-7.137648684773619,-7.137648684773619
-7.134774674749313,-7.134774674749313
-7.131846709464746,-7.131846709464746
-7.12886566310982,-7.12886566310982
-7.125832385847561,-7.125832385847561
-7.122747704786782,-7.122747704786782
-7.119612424902902,-7.119612424902902
-7.116427329910384,-7.116427329910384
-7.1131931830898845,-7.1131931830898845
-7.10991072807305,-7.10991072807305
-7.106580689587598,-7.106580689587598
-7.103203774165209,-7.103203774165209
-7.099780670814487,-7.099780670814487
-7.096312051661121,-7.096312051661121
-7.09279857255725,-7.09279857255725
-7.089240873661812,-7.089240873661812
-7.085639579993644,-7.085639579993644
-7.081995301958849,-7.081995301958849
-7.078308635853964,-7.078308635853964
-7.0745801643462745,-7.0745801643462745
-7.070810456932562,-7.070810456932562
-7.067000070377475,-7.067000070377475
-7.063149549132662,-7.063149549132662
-7.059259425737698,-7.059259425737698
-7.055330221203769,-7.055330221203769
-7.051362445381059,-7.051362445381059
-7.047356597310684,-7.047356597310684
-7.043313165561963,-7.043313165561963
-7.039232628555797,-7.039232628555797
-7.0351154548748704,-7.0351154548748704
-7.030962103561324,-7.030962103561324
-7.026773024402526,-7.026773024402526
-7.022548658205539,-7.022548658205539
-7.018289437060847,-7.018289437060847
-7.013995784595817,-7.013995784595817
-7.009668116218452,-7.009668116218452
-7.005306839351853,-7.005306839351853
-7.000912353659833,-7.000912353659833
-6.9964850512641235,-6.9964850512641235
-6.992025316953516,-6.992025316953516
-6.987533528385363,-6.987533528385363
-6.9830100562797375,-6.9830100562797375
-6.978455264606606,-6.978455264606606
-6.973869510766327,-6.973869510766327
-6.96925314576376,-6.96925314576376
-6.9646065143762685,-6.9646065143762685
-6.959929955315891,-6.959929955315891
-6.9552238013859204,-6.9552238013859204
-6.950488379632123,-6.950488379632123
-6.945724011488858,-6.945724011488858
-6.940931012920265,-6.940931012920265
-6.9361096945567695,-6.9361096945567695
-6.931260361827062,-6.931260361827062
-6.92638331508576,-6.92638331508576
-6.921478849736925,-6.921478849736925
-6.916547256353588,-6.916547256353588
-6.911588820793464,-6.911588820793464
-6.9066038243109835,-6.9066038243109835
-6.901592543665807,-6.901592543665807
-6.8965552512279515,-6.8965552512279515
-6.89149221507964,-6.89149221507964
-6.8864036991140525,-6.8864036991140525
-6.881289963131034,-6.881289963131034
-6.8761512629299135,-6.8761512629299135
-6.870987850399543,-6.870987850399543
-6.865799973605631,-6.865799973605631
-6.860587876875511,-6.860587876875511
-6.855351800880396,-6.855351800880396
-6.850091982715258,-6.850091982715258
-6.844808655976364,-6.844808655976364
-6.839502050836611,-6.839502050836611
-6.834172394118688,-6.834172394118688
-6.828819909366174,-6.828819909366174
-6.823444816912628,-6.823444816912628
-6.818047333948763,-6.818047333948763
-6.812627674587727,-6.812627674587727
-6.807186049928612,-6.807186049928612
-6.801722668118205,-6.801722668118205
-6.7962377344110685,-6.7962377344110685
-6.790731451227995,-6.790731451227995
-6.785204018212896,-6.785204018212896
-6.77965563228817,-6.77965563228817
-6.7740864877086,-6.7740864877086
-6.768496776113853,-6.768496776113853
-6.762886686579581,-6.762886686579581
-6.757256405667219,-6.757256405667219
-6.751606117472474,-6.751606117472474
-6.745936003672601,-6.745936003672601
-6.740246243572446,-6.740246243572446
-6.734537014149337,-6.734537014149337
-6.728808490096854,-6.728808490096854
-6.723060843867485,-6.723060843867485
-6.717294245714244,-6.717294245714244
-6.711508863731242,-6.711508863731242
-6.705704863893277,-6.705704863893277
-6.699882410094454,-6.699882410094454
-6.6940416641858675,-6.6940416641858675
-6.688182786012375,-6.688182786012375
-6.682305933448495,-6.682305933448495
-6.676411262433446,-6.676411262433446
-6.670498927005359,-6.670498927005359
-6.664569079334685,-6.664569079334685
-6.658621869756812,-6.658621869756812
-6.652657446803942,-6.652657446803942
-6.646675957236216,-6.646675957236216
-6.640677546072129,-6.640677546072129
-6.634662356618246,-6.634662356618246
-6.628630530498248,-6.628630530498248
-6.622582207681323,-6.622582207681323
-6.6165175265099085,-6.6165175265099085
-6.610436623726823,-6.610436623726823
-6.6043396345017955,-6.6043396345017955
-6.598226692457404,-6.598226692457404
-6.592097929694441,-6.592097929694441
-6.585953476816738,-6.585953476816738
-6.579793462955432,-6.579793462955432
-6.573618015792724,-6.573618015792724
-6.567427261585115,-6.567427261585115
-6.561221325186147,-6.561221325186147
-6.555000330068669,-6.555000330068669
-6.54876439834662,-6.54876439834662
-6.542513650796355,-6.542513650796355
-6.53624820687754,-6.53624820687754
-6.529968184753578,-6.529968184753578
-6.523673701311654,-6.523673701311654
-6.5173648721823305,-6.5173648721823305
-6.511041811758764,-6.511041811758764
-6.504704633215514,-6.504704633215514
-6.498353448526983,-6.498353448526983
-6.4919883684854724,-6.4919883684854724
-6.4856095027188845,-6.4856095027188845
-6.479216959708059,-6.479216959708059
-6.4728108468037835,-6.4728108468037835
-6.466391270243443,-6.466391270243443
-6.4599583351673635,-6.4599583351673635
-6.453512145634816,-6.453512145634816
-6.4470528046397195,-6.4470528046397195
-6.440580414126042,-6.440580414126042
-6.4340950750028885,-6.4340950750028885
-6.427596887159315,-6.427596887159315
-6.421085949478851,-6.421085949478851
-6.414562359853742,-6.414562359853742
-6.408026215198929,-6.408026215198929
-6.401477611465762,-6.401477611465762
-6.3949166436554545,-6.3949166436554545
-6.3883434058322806,-6.3883434058322806
-6.381757991136539,-6.381757991136539
-6.375160491797273,-6.375160491797273
-6.368550999144741,-6.368550999144741
-6.361929603622681,-6.361929603622681
-6.355296394800332,-6.355296394800332
-6.348651461384253,-6.348651461384253
-6.341994891229907,-6.341994891229907
-6.335326771353064,-6.335326771353064
-6.328647187940966,-6.328647187940966
-6.321956226363324,-6.321956226363324
-6.3152539711831,-6.3152539711831
-6.308540506167102,-6.308540506167102
-6.301815914296391,-6.301815914296391
-6.295080277776519,-6.295080277776519
-6.288333678047558,-6.288333678047558
-6.281576195793989,-6.281576195793989
-6.274807910954397,-6.274807910954397
-6.268028902731004,-6.268028902731004
-6.261239249599035,-6.261239249599035
-6.254439029315944,-6.254439029315944
-6.247628318930441,-6.247628318930441
-6.240807194791416,-6.240807194791416
-6.233975732556668,-6.233975732556668
-6.22713400720152,-6.22713400720152
-6.220282093027269,-6.220282093027269
-6.213420063669502,-6.213420063669502
-6.206547992106273,-6.206547992106273
-6.199665950666154,-6.199665950666154
-6.1927740110361285,-6.1927740110361285
-6.185872244269382,-6.185872244269382
-6.178960720792959,-6.178960720792959
-6.172039510415271,-6.172039510415271
-6.165108682333526,-6.165108682333526
-6.158168305140998,-6.158168305140998
-6.151218446834201,-6.151218446834201
-6.144259174819941,-6.144259174819941
-6.137290555922259,-6.137290555922259
-6.130312656389261,-6.130312656389261
-6.1233255418998365,-6.1233255418998365
-6.116329277570279,-6.116329277570279
-6.109323927960799,-6.109323927960799
-6.102309557081925,-6.102309557081925
-6.095286228400827,-6.095286228400827
-6.088254004847515,-6.088254004847515
-6.081212948820967,-6.081212948820967
-6.074163122195141,-6.074163122195141
-6.067104586324909,-6.067104586324909
-6.060037402051887,-6.060037402051887
-6.0529616297102,-6.0529616297102
-6.045877329132128,-6.045877329132128
-6.0387845596536875,-6.0387845596536875
-6.031683380120124,-6.031683380120124
-6.0245738488913245,-6.0245738488913245
-6.017456023847134,-6.017456023847134
-6.0103299623926185,-6.0103299623926185
-6.003195721463228,-6.003195721463228
-5.996053357529889,-5.996053357529889
-5.98890292660403,-5.98890292660403
-5.981744484242522,-5.981744484242522
-5.97457808555255,-5.97457808555255
-5.967403785196416,-5.967403785196416
-5.960221637396278,-5.960221637396278
-5.9530316959387966,-5.9530316959387966
-5.945834014179748,-5.945834014179748
-5.938628645048541,-5.938628645048541
-5.931415641052691,-5.931415641052691
-5.924195054282211,-5.924195054282211
-5.916966936413957,-5.916966936413957
-5.909731338715904,-5.909731338715904
-5.902488312051357,-5.902488312051357
-5.8952379068831124,-5.8952379068831124
-5.887980173277556,-5.887980173277556
-5.880715160908694,-5.880715160908694
-5.873442919062155,-5.873442919062155
-5.866163496639103,-5.866163496639103
-5.858876942160121,-5.858876942160121
-5.851583303769028,-5.851583303769028
-5.844282629236644,-5.844282629236644
-5.836974965964514,-5.836974965964514
-5.829660360988573,-5.829660360988573
-5.822338860982753,-5.822338860982753
-5.815010512262557,-5.815010512262557
-5.807675360788575,-5.807675360788575
-5.80033345216996,-5.80033345216996
-5.79298483166784,-5.79298483166784
-5.7856295441987085,-5.7856295441987085
-5.778267634337753,-5.778267634337753
-5.770899146322136,-5.770899146322136
-5.763524124054252,-5.763524124054252
-5.756142611104923,-5.756142611104923
-5.748754650716559,-5.748754650716559
-5.741360285806274,-5.741360285806274
-5.733959558968965,-5.733959558968965
-5.726552512480351,-5.726552512480351
-5.719139188299968,-5.719139188299968
-5.711719628074121,-5.711719628074121
-5.704293873138815,-5.704293873138815
-5.696861964522635,-5.696861964522635
-5.689423942949581,-5.689423942949581
-5.681979848841885,-5.681979848841885
-5.67452972232279,-5.67452972232279
-5.6670736032192695,-5.6670736032192695
-5.659611531064744,-5.659611531064744
-5.652143545101747,-5.652143545101747
-5.644669684284554,-5.644669684284554
-5.637189987281792,-5.637189987281792
-5.629704492478991,-5.629704492478991
-5.622213237981151,-5.622213237981151
-5.614716261615207,-5.614716261615207
-5.60721360093254,-5.60721360093254
-5.599705293211392,-5.599705293211392
-5.592191375459294,-5.592191375459294
-5.584671884415438,-5.584671884415438
-5.577146856553045,-5.577146856553045
-5.569616328081673,-5.569616328081673
-5.56208033494952,-5.56208033494952
-5.554538912845691,-5.554538912845691
-5.546992097202442,-5.546992097202442
-5.539439923197393,-5.539439923197393
-5.5318824257557,-5.5318824257557
-5.524319639552237,-5.524319639552237
-5.516751599013709,-5.516751599013709
-5.509178338320776,-5.509178338320776
-5.5015998914101285,-5.5015998914101285
-5.4940162919765445,-5.4940162919765445
-5.486427573474928,-5.486427573474928
-5.4788337691223115,-5.4788337691223115
-5.47123491189985,-5.47123491189985
-5.463631034554778,-5.463631034554778
-5.456022169602346,-5.456022169602346
-5.448408349327742,-5.448408349327742
-5.4407896057879865,-5.4407896057879865
-5.433165970813796,-5.433165970813796
-5.425537476011439,-5.425537476011439
-5.41790415276457,-5.41790415276457
-5.4102660322360165,-5.4102660322360165
-5.402623145369592,-5.402623145369592
-5.394975522891842,-5.394975522891842
-5.3873231953137966,-5.3873231953137966
-5.379666192932696,-5.379666192932696
-5.372004545833692,-5.372004545833692
-5.364338283891541,-5.364338283891541
-5.356667436772268,-5.356667436772268
-5.348992033934812,-5.348992033934812
-5.341312104632653,-5.341312104632653
-5.3336276779154375,-5.3336276779154375
-5.3259387826305495,-5.3259387826305495
-5.318245447424706,-5.318245447424706
-5.3105477007455,-5.3105477007455
-5.302845570842951,-5.302845570842951
-5.295139085771014,-5.295139085771014
-5.2874282733891,-5.2874282733891
-5.279713161363557,-5.279713161363557
-5.271993777169143,-5.271993777169143
-5.264270148090484,-5.264270148090484
-5.256542301223513,-5.256542301223513
-5.248810263476895,-5.248810263476895
-5.2410740615734355,-5.2410740615734355
-5.233333722051473,-5.233333722051473
-5.225589271266258,-5.225589271266258
-5.21784073539132,-5.21784073539132
-5.210088140419805,-5.210088140419805
-5.202331512165824,-5.202331512165824
-5.194570876265755,-5.194570876265755
-5.1868062581795655,-5.1868062581795655
-5.179037683192092,-5.179037683192092
-5.171265176414321,-5.171265176414321
-5.163488762784652,-5.163488762784652
-5.155708467070149,-5.155708467070149
-5.147924313867771,-5.147924313867771
-5.140136327605604,-5.140136327605604
-5.132344532544067,-5.132344532544067
-5.124548952777108,-5.124548952777108
-5.116749612233394,-5.116749612233394
-5.108946534677479,-5.108946534677479
-5.101139743710964,-5.101139743710964
-5.0933292627736515,-5.0933292627736515
-5.085515115144672,-5.085515115144672
-5.077697323943615,-5.077697323943615
-5.069875912131637,-5.069875912131637
-5.062050902512566,-5.062050902512566
-5.05422231773399,-5.05422231773399
-5.046390180288332,-5.046390180288332
-5.038554512513922,-5.038554512513922
-5.030715336596046,-5.030715336596046
-5.022872674567997,-5.022872674567997
-5.015026548312106,-5.015026548312106
-5.007176979560771,-5.007176979560771
-4.9993239898974595,-4.9993239898974595
-4.991467600757724,-4.991467600757724
-4.983607833430183,-4.983607833430183
-4.975744709057512,-4.975744709057512
-4.967878248637413,-4.967878248637413
-4.960008473023576,-4.960008473023576
-4.952135402926633,-4.952135402926633
-4.944259058915102,-4.944259058915102
-4.936379461416319,-4.936379461416319
-4.928496630717365,-4.928496630717365
-4.920610586965981,-4.920610586965981
-4.9127213501714655,-4.9127213501714655
-4.904828940205589,-4.904828940205589
-4.896933376803462,-4.896933376803462
-4.889034679564431,-4.889034679564431
-4.881132867952938,-4.881132867952938
-4.873227961299384,-4.873227961299384
-4.865319978800989,-4.865319978800989
-4.857408939522629,-4.857408939522629
-4.849494862397674,-4.849494862397674
-4.84157776622882,-4.84157776622882
-4.833657669688906,-4.833657669688906
-4.825734591321725,-4.825734591321725
-4.817808549542832,-4.817808549542832
-4.809879562640337,-4.809879562640337
-4.801947648775693,-4.801947648775693
-4.79401282598448,-4.79401282598448
-4.786075112177177,-4.786075112177177
-4.778134525139924,-4.778134525139924
-4.770191082535286,-4.770191082535286
-4.762244801902999,-4.762244801902999
-4.754295700660716,-4.754295700660716
-4.746343796104745,-4.746343796104745
-4.738389105410778,-4.738389105410778
-4.730431645634602,-4.730431645634602
-4.722471433712839,-4.722471433712839
-4.714508486463629,-4.714508486463629
-4.706542820587349,-4.706542820587349
-4.698574452667297,-4.698574452667297
-4.690603399170389,-4.690603399170389
-4.682629676447834,-4.682629676447834
-4.6746533007358195,-4.6746533007358195
-4.666674288156165,-4.666674288156165
-4.658692654717,-4.658692654717
-4.650708416313409,-4.650708416313409
-4.642721588728091,-4.642721588728091
-4.634732187631997,-4.634732187631997
-4.626740228584969,-4.626740228584969
-4.618745727036375,-4.618745727036375
-4.6107486983257315,-4.6107486983257315
-4.602749157683329,-4.602749157683329
-4.594747120230838,-4.594747120230838
-4.5867426009819265,-4.5867426009819265
-4.578735614842857,-4.578735614842857
-4.570726176613087,-4.570726176613087
-4.562714300985858,-4.562714300985858
-4.554700002548784,-4.554700002548784
-4.5466832957844305,-4.5466832957844305
-4.538664195070896,-4.538664195070896
-4.530642714682371,-4.530642714682371
-4.522618868789711,-4.522618868789711
-4.5145926714609965,-4.5145926714609965
-4.5065641366620826,-4.5065641366620826
-4.498533278257151,-4.498533278257151
-4.490500110009255,-4.490500110009255
-4.4824646455808566,-4.4824646455808566
-4.474426898534363,-4.474426898534363
-4.466386882332656,-4.466386882332656
-4.458344610339615,-4.458344610339615
-4.4503000958206345,-4.4503000958206345
-4.442253351943147,-4.442253351943147
-4.434204391777124,-4.434204391777124
-4.426153228295587,-4.426153228295587
-4.418099874375111,-4.418099874375111
-4.410044342796313,-4.410044342796313
-4.401986646244351,-4.401986646244351
-4.3939267973094065,-4.3939267973094065
-4.385864808487173,-4.385864808487173
-4.37780069217933,-4.37780069217933
-4.369734460694019,-4.369734460694019
-4.361666126246315,-4.361666126246315
-4.353595700958688,-4.353595700958688
-4.345523196861472,-4.345523196861472
-4.337448625893314,-4.337448625893314
-4.329371999901634,-4.329371999901634
-4.3212933306430665,-4.3212933306430665
-4.313212629783922,-4.313212629783922
-4.305129908900605,-4.305129908900605
-4.297045179480069,-4.297045179480069
-4.288958452920242,-4.288958452920242
-4.28086974053046,-4.28086974053046
-4.27277905353189,-4.27277905353189
-4.26468640305795,-4.26468640305795
-4.256591800154735,-4.256591800154735
-4.248495255781417,-4.248495255781417
-4.240396780810669,-4.240396780810669
-4.232296386029071,-4.232296386029071
-4.2241940821375,-4.2241940821375
-4.216089879751547,-4.216089879751547
-4.2079837894019,-4.2079837894019
-4.199875821534744,-4.199875821534744
-4.191765986512144,-4.191765986512144
-4.183654294612443,-4.183654294612443
-4.175540756030625,-4.175540756030625
-4.167425380878709,-4.167425380878709
-4.1593081791861195,-4.1593081791861195
-4.151189160900061,-4.151189160900061
-4.14306833588588,-4.14306833588588
-4.134945713927437,-4.134945713927437
-4.126821304727467,-4.126821304727467
-4.118695117907938,-4.118695117907938
-4.110567163010409,-4.110567163010409
-4.102437449496378,-4.102437449496378
-4.094305986747637,-4.094305986747637
-4.086172784066615,-4.086172784066615
-4.078037850676721,-4.078037850676721
-4.069901195722689,-4.069901195722689
-4.061762828270911,-4.061762828270911
-4.053622757309775,-4.053622757309775
-4.045480991749989,-4.045480991749989
-4.03733754042492,-4.03733754042492
-4.029192412090911,-4.029192412090911
-4.021045615427609,-4.021045615427609
-4.012897159038282,-4.012897159038282
-4.004747051450139,-4.004747051450139
-3.996595301114643,-3.996595301114643
-3.9884419164078166,-3.9884419164078166
-3.980286905630562,-3.980286905630562
-3.9721302770089566,-3.9721302770089566
-3.963972038694566,-3.963972038694566
-3.9558121987647348,-3.9558121987647348
-3.9476507652228916,-3.9476507652228916
-3.9394877459988407,-3.9394877459988407
-3.931323148949058,-3.931323148949058
-3.9231569818569776,-3.9231569818569776
-3.914989252433281,-3.914989252433281
-3.906819968316183,-3.906819968316183
-3.8986491370717156,-3.8986491370717156
-3.890476766194002,-3.890476766194002
-3.8823028631055414,-3.8823028631055414
-3.8741274351574764,-3.8741274351574764
-3.8659504896298746,-3.8659504896298746
-3.8577720337319925,-3.8577720337319925
-3.849592074602546,-3.849592074602546
-3.841410619309971,-3.841410619309971
-3.833227674852696,-3.833227674852696
-3.8250432481593952,-3.8250432481593952
-3.816857346089248,-3.816857346089248
-3.808669975432197,-3.808669975432197
-3.800481142909201,-3.800481142909201
-3.7922908551724896,-3.7922908551724896
-3.7840991188058055,-3.7840991188058055
-3.775905940324658,-3.775905940324658
-3.7677113261765673,-3.7677113261765673
-3.759515282741304,-3.759515282741304
-3.751317816331133,-3.751317816331133
-3.7431189331910497,-3.7431189331910497
-3.734918639499017,-3.734918639499017
-3.7267169413662025,-3.7267169413662025
-3.7185138448372044,-3.7185138448372044
-3.7103093558902875,-3.7103093558902875
-3.7021034804376076,-3.7021034804376076
-3.69389622432544,-3.69389622432544
-3.6856875933344013,-3.6856875933344013
-3.677477593179669,-3.677477593179669
-3.6692662295112117,-3.6692662295112117
-3.661053507913993,-3.661053507913993
-3.6528394339081953,-3.6528394339081953
-3.644624012949436,-3.644624012949436
-3.636407250428973,-3.636407250428973
-3.6281891516739173,-3.6281891516739173
-3.619969721947446,-3.619969721947446
-3.6117489664489995,-3.6117489664489995
-3.603526890314495,-3.603526890314495
-3.595303498616523,-3.595303498616523
-3.58707879636455,-3.58707879636455
-3.5788527885051185,-3.5788527885051185
-3.5706254799220414,-3.5706254799220414
-3.562396875436601,-3.562396875436601
-3.55416697980774,-3.55416697980774
-3.54593579773225,-3.54593579773225
-3.5377033338449695,-3.5377033338449695
-3.529469592718964,-3.529469592718964
-3.5212345788657182,-3.5212345788657182
-3.512998296735319,-3.512998296735319
-3.504760750716635,-3.504760750716635
-3.496521945137503,-3.496521945137503
-3.488281884264904,-3.488281884264904
-3.480040572305142,-3.480040572305142
-3.471798013404023,-3.471798013404023
-3.4635542116470237,-3.4635542116470237
-3.4553091710594717,-3.4553091710594717
-3.4470628956067078,-3.4470628956067078
-3.4388153891942674,-3.4388153891942674
-3.430566655668037,-3.430566655668037
-3.422316698814427,-3.422316698814427
-3.4140655223605365,-3.4140655223605365
-3.4058131299743146,-3.4058131299743146
-3.3975595252647235,-3.3975595252647235
-3.389304711781898,-3.389304711781898
-3.3810486930173043,-3.3810486930173043
-3.3727914724038963,-3.3727914724038963
-3.364533053316275,-3.364533053316275
-3.3562734390708386,-3.3562734390708386
-3.348012632925934,-3.348012632925934
-3.339750638082013,-3.339750638082013
-3.331487457681779,-3.331487457681779
-3.3232230948103347,-3.3232230948103347
-3.314957552495329,-3.314957552495329
-3.3066908337071053,-3.3066908337071053
-3.2984229413588384,-3.2984229413588384
-3.290153878306687,-3.290153878306687
-3.2818836473499244,-3.2818836473499244
-3.2736122512310857,-3.2736122512310857
-3.2653396926361,-3.2653396926361
-3.2570659741944343,-3.2570659741944343
-3.248791098479222,-3.248791098479222
-3.240515068007399,-3.240515068007399
-3.2322378852398392,-3.2322378852398392
-3.223959552581485,-3.223959552581485
-3.215680072381472,-3.215680072381472
-3.207399446933263,-3.207399446933263
-3.199117678474777,-3.199117678474777
-3.190834769188508,-3.190834769188508
-3.1825507212016553,-3.1825507212016553
-3.1742655365862467,-3.1742655365862467
-3.165979217359256,-3.165979217359256
-3.1576917654827317,-3.1576917654827317
-3.1494031828639066,-3.1494031828639066
-3.141113471355323,-3.141113471355323
-3.13282263275495,-3.13282263275495
-3.124530668806295,-3.124530668806295
-3.11623758119852,-3.11623758119852
-3.1079433715665536,-3.1079433715665536
-3.0996480414912075,-3.0996480414912075
-3.091351592499284,-3.091351592499284
-3.0830540260636816,-3.0830540260636816
-3.0747553436035098,-3.0747553436035098
-3.0664555464841934,-3.0664555464841934
-3.05815463601758,-3.05815463601758
-3.049852613462041,-3.049852613462041
-3.0415494800225793,-3.0415494800225793
-3.033245236850927,-3.033245236850927
-3.0249398850456544,-3.0249398850456544
-3.01663342565226,-3.01663342565226
-3.008325859663276,-3.008325859663276
-3.000017188018364,-3.000017188018364
-2.991707411604415,-2.991707411604415
-2.983396531255637,-2.983396531255637
-2.9750845477536565,-2.9750845477536565
-2.966771461827609,-2.966771461827609
-2.9584572741542314,-2.9584572741542314
-2.9501419853579507,-2.9501419853579507
-2.9418255960109767,-2.9418255960109767
-2.9335081066333912,-2.9335081066333912
-2.925189517693235,-2.925189517693235
-2.9168698296065885,-2.9168698296065885
-2.9085490427376675,-2.9085490427376675
-2.900227157398898,-2.900227157398898
-2.891904173851009,-2.891904173851009
-2.883580092303106,-2.883580092303106
-2.8752549129127534,-2.8752549129127534
-2.866928635786062,-2.866928635786062
-2.858601260977761,-2.858601260977761
-2.850272788491277,-2.850272788491277
-2.8419432182788107,-2.8419432182788107
-2.8336125502414173,-2.8336125502414173
-2.825280784229075,-2.825280784229075
-2.816947920040763,-2.816947920040763
-2.808613957424534,-2.808613957424534
-2.800278896077585,-2.800278896077585
-2.7919427356463267,-2.7919427356463267
-2.7836054757264597,-2.7836054757264597
-2.775267115863031,-2.775267115863031
-2.766927655550516,-2.766927655550516
-2.758587094232876,-2.758587094232876
-2.750245431303628,-2.750245431303628
-2.7419026661059074,-2.7419026661059074
-2.7335587979325333,-2.7335587979325333
-2.72521382602607,-2.72521382602607
-2.7168677495788915,-2.7168677495788915
-2.7085205677332387,-2.7085205677332387
-2.700172279581285,-2.700172279581285
-2.691822884165188,-2.691822884165188
-2.683472380477153,-2.683472380477153
-2.6751207674594895,-2.6751207674594895
-2.6667680440046673,-2.6667680440046673
-2.6584142089553664,-2.6584142089553664
-2.6500592611045426,-2.6500592611045426
-2.641703199195469,-2.641703199195469
-2.633346021921796,-2.633346021921796
-2.6249877279275995,-2.6249877279275995
-2.616628315807435,-2.616628315807435
-2.60826778410638,-2.60826778410638
-2.599906131320097,-2.599906131320097
-2.5915433558948595,-2.5915433558948595
-2.5831794562276222,-2.5831794562276222
-2.5748144306660508,-2.5748144306660508
-2.5664482775085755,-2.5664482775085755
-2.5580809950044308,-2.5580809950044308
-2.5497125813537025,-2.5497125813537025
-2.541343034707366,-2.541343034707366
-2.5329723531673345,-2.5329723531673345
-2.5246005347864906,-2.5246005347864906
-2.516227577568735,-2.516227577568735
-2.5078534794690204,-2.5078534794690204
-2.4994782383933902,-2.4994782383933902
-2.4911018521990176,-2.4911018521990176
-2.4827243186942414,-2.4827243186942414
-2.474345635638597,-2.474345635638597
-2.4659658007428606,-2.4659658007428606
-2.4575848116690726,-2.4575848116690726
-2.4492026660305797,-2.4492026660305797
-2.440819361392059,-2.440819361392059
-2.432434895269555,-2.432434895269555
-2.4240492651305043,-2.4240492651305043
-2.4156624683937764,-2.4156624683937764
-2.407274502429685,-2.407274502429685
-2.3988853645600354,-2.3988853645600354
-2.390495052058133,-2.390495052058133
-2.382103562148825,-2.382103562148825
-2.373710892008515,-2.373710892008515
-2.365317038765194,-2.365317038765194
-2.3569219994984594,-2.3569219994984594
-2.3485257712395438,-2.3485257712395438
-2.3401283509713298,-2.3401283509713298
-2.3317297356283793,-2.3317297356283793
-2.3233299220969443,-2.3233299220969443
-2.314928907214998,-2.314928907214998
-2.3065266877722426,-2.3065266877722426
-2.298123260510133,-2.298123260510133
-2.2897186221218964,-2.2897186221218964
-2.281312769252544,-2.281312769252544
-2.2729056984988887,-2.2729056984988887
-2.264497406409556,-2.264497406409556
-2.256087889485008,-2.256087889485008
-2.247677144177544,-2.247677144177544
-2.2392651668913226,-2.2392651668913226
-2.2308519539823677,-2.2308519539823677
-2.2224375017585833,-2.2224375017585833
-2.2140218064797614,-2.2140218064797614
-2.2056048643575896,-2.2056048643575896
-2.197186671555663,-2.197186671555663
-2.188767224189489,-2.188767224189489
-2.1803465183264996,-2.1803465183264996
-2.1719245499860484,-2.1719245499860484
-2.1635013151394236,-2.1635013151394236
-2.1550768097098505,-2.1550768097098505
-2.1466510295724945,-2.1466510295724945
-2.138223970554464,-2.138223970554464
-2.1297956284348123,-2.1297956284348123
-2.1213659989445417,-2.1213659989445417
-2.1129350777666036,-2.1129350777666036
-2.1045028605358933,-2.1045028605358933
-2.0960693428392565,-2.0960693428392565
-2.0876345202154827,-2.0876345202154827
-2.079198388155307,-2.079198388155307
-2.0707609421014026,-2.0707609421014026
-2.0623221774483773,-2.0623221774483773
-2.0538820895427743,-2.0538820895427743
-2.045440673683062,-2.045440673683062
-2.0369979251196266,-2.0369979251196266
-2.0285538390547693,-2.0285538390547693
-2.0201084106426963,-2.0201084106426963
-2.0116616349895136,-2.0116616349895136
-2.003213507153209,-2.003213507153209
-1.9947640221436542,-1.9947640221436542
-1.9863131749225857,-1.9863131749225857
-1.977860960403598,-1.977860960403598
-1.9694073734521262,-1.9694073734521262
-1.9609524088854375,-1.9609524088854375
-1.952496061472618,-1.952496061472618
-1.944038325934555,-1.944038325934555
-1.935579196943925,-1.935579196943925
-1.927118669125174,-1.927118669125174
-1.918656737054505,-1.918656737054505
-1.910193395259859,-1.910193395259859
-1.901728638220895,-1.901728638220895
-1.8932624603689732,-1.8932624603689732
-1.8847948560871364,-1.8847948560871364
-1.8763258197100874,-1.8763258197100874
-1.8678553455241687,-1.8678553455241687
-1.8593834277673393,-1.8593834277673393
-1.8509100606291553,-1.8509100606291553
-1.8424352382507456,-1.8424352382507456
-1.8339589547247863,-1.8339589547247863
-1.8254812040954742,-1.8254812040954742
-1.8170019803585065,-1.8170019803585065
-1.8085212774610524,-1.8085212774610524
-1.8000390893017235,-1.8000390893017235
-1.7915554097305488,-1.7915554097305488
-1.783070232548945,-1.783070232548945
-1.7745835515096906,-1.7745835515096906
-1.7660953603168894,-1.7660953603168894
-1.757605652625945,-1.757605652625945
-1.7491144220435284,-1.7491144220435284
-1.7406216621275474,-1.7406216621275474
-1.7321273663871075,-1.7321273663871075
-1.7236315282824843,-1.7236315282824843
-1.7151341412250893,-1.7151341412250893
-1.706635198577431,-1.706635198577431
-1.6981346936530823,-1.6981346936530823
-1.6896326197166394,-1.6896326197166394
-1.6811289699836922,-1.6811289699836922
-1.6726237376207795,-1.6726237376207795
-1.6641169157453535,-1.6641169157453535
-1.6556084974257375,-1.6556084974257375
-1.64709847568109,-1.64709847568109
-1.638586843481359,-1.638586843481359
-1.6300735937472457,-1.6300735937472457
-1.621558719350154,-1.621558719350154
-1.613042213112159,-1.613042213112159
-1.6045240678059496,-1.6045240678059496
-1.5960042761547972,-1.5960042761547972
-1.5874828308324962,-1.5874828308324962
-1.578959724463334,-1.578959724463334
-1.5704349496220276,-1.5704349496220276
-1.5619084988336915,-1.5619084988336915
-1.5533803645737738,-1.5533803645737738
-1.5448505392680236,-1.5448505392680236
-1.5363190152924262,-1.5363190152924262
-1.5277857849731635,-1.5277857849731635
-1.5192508405865541,-1.5192508405865541
-1.5107141743590113,-1.5107141743590113
-1.5021757784669791,-1.5021757784669791
-1.4936356450368886,-1.4936356450368886
-1.4850937661450945,-1.4850937661450945
-1.47655013381783,-1.47655013381783
-1.4680047400311422,-1.4680047400311422
-1.4594575767108424,-1.4594575767108424
-1.4509086357324426,-1.4509086357324426
-1.4423579089211045,-1.4423579089211045
-1.4338053880515735,-1.4338053880515735
-1.4252510648481265,-1.4252510648481265
-1.4166949309845032,-1.4166949309845032
-1.4081369780838566,-1.4081369780838566
-1.3995771977186773,-1.3995771977186773
-1.3910155814107446,-1.3910155814107446
-1.3824521206310527,-1.3824521206310527
-1.373886806799752,-1.373886806799752
-1.3653196312860856,-1.3653196312860856
-1.3567505854083208,-1.3567505854083208
-1.3481796604336815,-1.3481796604336815
-1.3396068475782847,-1.3396068475782847
-1.3310321380070727,-1.3310321380070727
-1.3224555228337427,-1.3224555228337427
-1.3138769931206777,-1.3138769931206777
-1.3052965398788763,-1.3052965398788763
-1.296714154067883,-1.296714154067883
-1.2881298265957188,-1.2881298265957188
-1.2795435483188025,-1.2795435483188025
-1.270955310041882,-1.270955310041882
-1.2623651025179614,-1.2623651025179614
-1.2537729164482256,-1.2537729164482256
-1.2451787424819603,-1.2451787424819603
-1.2365825712164817,-1.2365825712164817
-1.2279843931970582,-1.2279843931970582
-1.2193841989168317,-1.2193841989168317
-1.2107819788167382,-1.2107819788167382
-1.2021777232854298,-1.2021777232854298
-1.193571422659195,-1.193571422659195
-1.1849630672218778,-1.1849630672218778
-1.1763526472047954,-1.1763526472047954
-1.1677401527866536,-1.1677401527866536
-1.1591255740934692,-1.1591255740934692
-1.1505089011984833,-1.1505089011984833
-1.141890124122073,-1.141890124122073
-1.1332692328316691,-1.1332692328316691
-1.124646217241673,-1.124646217241673
-1.116021067213364,-1.116021067213364
-1.107393772554812,-1.107393772554812
-1.0987643230207924,-1.0987643230207924
-1.0901327083126937,-1.0901327083126937
-1.0814989180784287,-1.0814989180784287
-1.072862941912341,-1.072862941912341
-1.064224769355115,-1.064224769355115
-1.0555843898936834,-1.0555843898936834
-1.0469417929611338,-1.0469417929611338
-1.038296967936611,-1.038296967936611
-1.0296499041452247,-1.0296499041452247
-1.0210005908579551,-1.0210005908579551
-1.0123490172915546,-1.0123490172915546
-1.0036951726084455,-1.0036951726084455
-0.9950390459166292,-0.9950390459166292
-0.9863806262695816,-0.9863806262695816
-0.9777199026661573,-0.9777199026661573
-0.9690568640504829,-0.9690568640504829
-0.9603914993118593,-0.9603914993118593
-0.9517237972846596,-0.9517237972846596
-0.9430537467482246,-0.9430537467482246
-0.9343813364267564,-0.9343813364267564
-0.925706554989215,-0.925706554989215
-0.9170293910492135,-0.9170293910492135
-0.9083498331649121,-0.9083498331649121
-0.8996678698389052,-0.8996678698389052
-0.8909834895181165,-0.8909834895181165
-0.8822966805936922,-0.8822966805936922
-0.8736074314008867,-0.8736074314008867
-0.864915730218952,-0.864915730218952
-0.8562215652710269,-0.8562215652710269
-0.8475249247240245,-0.8475249247240245
-0.8388257966885194,-0.8388257966885194
-0.8301241692186283,-0.8301241692186283
-0.8214200303119006,-0.8214200303119006
-0.8127133679091991,-0.8127133679091991
-0.8040041698945846,-0.8040041698945846
-0.7952924240951948,-0.7952924240951948
-0.7865781182811264,-0.7865781182811264
-0.7778612401653188,-0.7778612401653188
-0.7691417774034305,-0.7691417774034305
-0.7604197175937171,-0.7604197175937171
-0.7516950482769076,-0.7516950482769076
-0.742967756936086,-0.742967756936086
-0.7342378309965644,-0.7342378309965644
-0.7255052578257557,-0.7255052578257557
-0.7167700247330476,-0.7167700247330476
-0.7080321189696824,-0.7080321189696824
-0.6992915277286208,-0.6992915277286208
-0.6905482381444166,-0.6905482381444166
-0.6818022372930869,-0.6818022372930869
-0.673053512191982,-0.673053512191982
-0.6643020497996541,-0.6643020497996541
-0.6555478370157215,-0.6555478370157215
-0.646790860680738,-0.646790860680738
-0.6380311075760602,-0.6380311075760602
-0.6292685644237098,-0.6292685644237098
-0.6205032178862354,-0.6205032178862354
-0.6117350545665792,-0.6117350545665792
-0.602964061007937,-0.602964061007937
-0.5941902236936204,-0.5941902236936204
-0.5854135290469153,-0.5854135290469153
-0.5766339634309393,-0.5766339634309393
-0.5678515131485047,-0.5678515131485047
-0.5590661644419722,-0.5590661644419722
-0.5502779034931062,-0.5502779034931062
-0.5414867164229309,-0.5414867164229309
-0.5326925892915869,-0.5326925892915869
-0.5238955080981816,-0.5238955080981816
-0.5150954587806414,-0.5150954587806414
-0.5062924272155616,-0.5062924272155616
-0.49748639921806315,-0.49748639921806315
-0.48867736054163396,-0.48867736054163396
-0.4798652968779809,-0.4798652968779809
-0.47105019385687535,-0.47105019385687535
-0.46223203704600474,-0.46223203704600474
-0.45341081195080696,-0.45341081195080696
-0.444586504014328,-0.444586504014328
-0.4357590986170515,-0.4357590986170515
-0.4269285810767541,-0.4269285810767541
-0.4180949366483322,-0.4180949366483322
-0.4092581505236584,-0.4092581505236584
-0.40041820783140436,-0.40041820783140436
-0.3915750936368887,-0.3915750936368887
-0.3827287929419131,-0.3827287929419131
-0.373879290684596,-0.373879290684596
-0.365026571739206,-0.365026571739206
-0.3561706209159968,-0.3561706209159968
-0.34731142296104384,-0.34731142296104384
-0.33844896255607143,-0.33844896255607143
-0.32958322431828313,-0.32958322431828313
-0.3207141928001919,-0.3207141928001919
-0.3118418524894515,-0.3118418524894515
-0.3029661878086814,-0.3029661878086814
-0.2940871831152897,-0.2940871831152897
-0.2852048227013033,-0.2852048227013033
-0.2763190907931904,-0.2763190907931904
-0.2674299715516841,-0.2674299715516841
-0.25853744907159976,-0.25853744907159976
-0.24964150738165897,-0.24964150738165897
-0.24074213044431245,-0.24074213044431245
-0.23183930215555307,-0.23183930215555307
-0.22293300634473415,-0.22293300634473415
-0.21402322677438596,-0.21402322677438596
-0.20510994714003283,-0.20510994714003283
-0.19619315107000518,-0.19619315107000518
-0.18727282212525143,-0.18727282212525143
-0.17834894379914862,-0.17834894379914862
-0.169421499517317,-0.169421499517317
-0.16049047263742702,-0.16049047263742702
-0.15155584644900458,-0.15155584644900458
-0.14261760417323985,-0.14261760417323985
-0.13367572896279561,-0.13367572896279561
-0.12473020390160929,-0.12473020390160929
-0.11578101200469318,-0.11578101200469318
-0.10682813621794111,-0.10682813621794111
-0.09787155941792795,-0.09787155941792795
-0.0889112644117089,-0.0889112644117089
-0.07994723393661687,-0.07994723393661687
-0.07097945066005974,-0.07097945066005974
-0.06200789717931923,-0.06200789717931923
-0.05303255602134209,-0.05303255602134209
-0.044053409642534964,-0.044053409642534964
-0.03507044042855491,-0.03507044042855491
-0.026083630694104357,-0.026083630694104357
-0.017092962682716924,-0.017092962682716924
-0.008098418566546433,-0.008098418566546433
0.0009000195538460694,0.0009000195538460694
0.00990236964970319,0.00990236964970319
0.018908649764290367,0.018908649764290367
0.027918878013115885,0.027918878013115885
0.036933072584135675,0.036933072584135675
0.045951251737991756,0.045951251737991756
0.054973433808214484,0.054973433808214484
0.06399963720146136,0.06399963720146136
0.07302988039772255,0.07302988039772255
0.08206418195056576,0.08206418195056576
0.09110256048733992,0.09110256048733992
0.10014503470942514,0.10014503470942514
0.10919162339244218,0.10919162339244218
0.11824234538649832,0.11824234538649832
0.1272972196164037,0.1272972196164037
0.13635626508191867,0.13635626508191867
0.14541950085797975,0.14541950085797975
0.15448694609493266,0.15448694609493266
0.16355862001878052,0.16355862001878052
0.17263454193140737,0.17263454193140737
0.18171473121083426,0.18171473121083426
0.1907992073114453,0.1907992073114453
0.19988798976424282,0.19988798976424282
0.20898109817708094,0.20898109817708094
0.2180785522349222,0.2180785522349222
0.2271803717000724,0.2271803717000724
0.23628657641244122,0.23628657641244122
0.24539718628978072,0.24539718628978072
0.25451222132795,0.25451222132795
0.2636317016011506,0.2636317016011506
0.2727556472622007,0.2727556472622007
0.2818840785427737,0.2818840785427737
0.29101701575367117,0.29101701575367117
0.30015447928506306,0.30015447928506306
0.30929648960677075,0.30929648960677075
0.31844306726850885,0.31844306726850885
0.32759423290016165,0.32759423290016165
0.3367500072120397,0.3367500072120397
0.3459104109951575,0.3459104109951575
0.35507546512148624,0.35507546512148624
0.3642451905442396,0.3642451905442396
0.37341960829813137,0.37341960829813137
0.3825987394996608,0.3825987394996608
0.39178260534737613,0.39178260534737613
0.40097122712216,0.40097122712216
0.41016462618749844,0.41016462618749844
0.41936282398976976,0.41936282398976976
0.4285658420585158,0.4285658420585158
0.43777370200673626,0.43777370200673626
0.44698642553115764,0.44698642553115764
0.45620403441253765,0.45620403441253765
0.46542655051593484,0.46542655051593484
0.4746539957910144,0.4746539957910144
0.48388639227232366,0.48388639227232366
0.49312376207960157,0.49312376207960157
0.5023661274180538,0.5023661274180538
0.5116135105786698,0.5116135105786698
0.5208659339385023,0.5208659339385023
0.5301234199609826,0.5301234199609826
0.5393859911962062,0.5393859911962062
0.5486536702812537,0.5486536702812537
0.5579264799404792,0.5579264799404792
0.5672044429858295,0.5672044429858295
0.5764875823171436,0.5764875823171436
0.585775920922472,0.585775920922472
0.5950694818783782,0.5950694818783782
0.6043682883502653,0.6043682883502653
0.6136723635926788,0.6136723635926788
0.6229817309496376,0.6229817309496376
0.6322964138549388,0.6322964138549388
0.6416164358324964,0.6416164358324964
0.6509418204966451,0.6509418204966451
0.6602725915524849,0.6602725915524849
0.6696087727961918,0.6696087727961918
0.6789503881153623,0.6789503881153623
0.6882974614893255,0.6882974614893255
0.6976500169894971,0.6976500169894971
0.7070080787796962,0.7070080787796962
0.7163716711164966,0.7163716711164966
0.7257408183495504,0.7257408183495504
0.7351155449219469,0.7351155449219469
0.7444958753705342,0.7444958753705342
0.7538818343262872,0.7538818343262872
0.7632734465146321,0.7632734465146321
0.7726707367558149,0.7726707367558149
0.7820737299652328,0.7820737299652328
0.7914824511538092,0.7914824511538092
0.8008969254283244,0.8008969254283244
0.810317177991797,0.810317177991797
0.8197432341438203,0.8197432341438203
0.8291751192809428,0.8291751192809428
0.8386128588970166,0.8386128588970166
0.8480564785835776,0.8480564785835776
0.8575060040301947,0.8575060040301947
0.8669614610248609,0.8669614610248609
0.8764228754543444,0.8764228754543444
0.8858902733045811,0.8858902733045811
0.8953636806610368,0.8953636806610368
0.9048431237090975,0.9048431237090975
0.9143286287344369,0.9143286287344369
0.9238202221234147,0.9238202221234147
0.9333179303634487,0.9333179303634487
0.942821780043413,0.942821780043413
0.9523317978540158,0.9523317978540158
0.9618480105882085,0.9618480105882085
0.9713704451415578,0.9713704451415578
0.9808991285126689,0.9808991285126689
0.9904340878035591,0.9904340878035591
0.999975350220079,0.999975350220079
1.009522943072302,1.009522943072302
1.0190768937749448,1.0190768937749448
1.0286372298477582,1.0286372298477582
1.0382039789159598,1.0382039789159598
1.0477771687106248,1.0477771687106248
1.0573568270691234,1.0573568270691234
1.0669429819355183,1.0669429819355183
1.0765356613610093,1.0765356613610093
1.0861348935043293,1.0861348935043293
1.0957407066321985,1.0957407066321985
1.1053531291197267,1.1053531291197267
1.114972189450868,1.114972189450868
1.124597916218831,1.124597916218831
1.1342303381265408,1.1342303381265408
1.1438694839870498,1.1438694839870498
1.1535153827240043,1.1535153827240043
1.1631680633720678,1.1631680633720678
1.1728275550773883,1.1728275550773883
1.1824938870980235,1.1824938870980235
1.1921670888044136,1.1921670888044136
1.2018471896798293,1.2018471896798293
1.2115342193208227,1.2115342193208227
1.2212282074376912,1.2212282074376912
1.230929183854946,1.230929183854946
1.240637178511777,1.240637178511777
1.250352221462508,1.250352221462508
1.26007434287708,1.26007434287708
1.2698035730415256,1.2698035730415256
1.2795399423584455,1.2795399423584455
1.2892834813474792,1.2892834813474792
1.2990342206457923,1.2990342206457923
1.3087921910085711,1.3087921910085711
1.3185574233095032,1.3185574233095032
1.3283299485412625,1.3283299485412625
1.3381097978160121,1.3381097978160121
1.3478970023659038,1.3478970023659038
1.357691593543575,1.357691593543575
1.3674936028226454,1.3674936028226454
1.3773030617982303,1.3773030617982303
1.3871200021874517,1.3871200021874517
1.396944455829952,1.396944455829952
1.4067764546883967,1.4067764546883967
1.4166160308490043,1.4166160308490043
1.4264632165220699,1.4264632165220699
1.4363180440424852,1.4363180440424852
1.4461805458702628,1.4461805458702628
1.456050754591081,1.456050754591081
1.465928702916798,1.465928702916798
1.4758144236860151,1.4758144236860151
1.4857079498645906,1.4857079498645906
1.495609314546212,1.495609314546212
1.5055185509529156,1.5055185509529156
1.5154356924356653,1.5154356924356653
1.525360772474882,1.525360772474882
1.5352938246810222,1.5352938246810222
1.5452348827951201,1.5452348827951201
1.555183980689374,1.555183980689374
1.5651411523676895,1.5651411523676895
1.575106431966277,1.575106431966277
1.5850798537542041,1.5850798537542041
1.5950614521339919,1.5950614521339919
1.605051261642181,1.605051261642181
1.6150493169499351,1.6150493169499351
1.625055652863613,1.625055652863613
1.6350703043253778,1.6350703043253778
1.6450933064137752,1.6450933064137752
1.6551246943443567,1.6551246943443567
1.6651645034702582,1.6651645034702582
1.6752127692828338,1.6752127692828338
1.6852695274122407,1.6852695274122407
1.6953348136280815,1.6953348136280815
1.7054086638399972,1.7054086638399972
1.7154911140983164,1.7154911140983164
1.7255822005946557,1.7255822005946557
1.7356819596625743,1.7356819596625743
1.7457904277781886,1.7457904277781886
1.7559076415608308,1.7559076415608308
1.7660336377736672,1.7660336377736672
1.7761684533243745,1.7761684533243745
1.786312125265759,1.786312125265759
1.7964646907964383,1.7964646907964383
1.8066261872614804,1.8066261872614804
1.8167966521530825,1.8167966521530825
1.8269761231112207,1.8269761231112207
1.8371646379243427,1.8371646379243427
1.8473622345300176,1.8473622345300176
1.8575689510156441,1.8575689510156441
1.8677848256191065,1.8677848256191065
1.8780098967294876,1.8780098967294876
1.8882442028877406,1.8882442028877406
1.8984877827874036,1.8984877827874036
1.9087406752752853,1.9087406752752853
1.9190029193521871,1.9190029193521871
1.9292745541735958,1.9292745541735958
1.9395556190504162,1.9395556190504162
1.9498461534496705,1.9498461534496705
1.9601461969952472,1.9601461969952472
1.9704557894686023,1.9704557894686023
1.9807749708095157,1.9807749708095157
1.9911037811168124,1.9911037811168124
2.001442260649117,2.001442260649117
2.011790449825588,2.011790449825588
2.0221483892266865,2.0221483892266865
2.032516119594915,2.032516119594915
2.0428936818355967,2.0428936818355967
2.0532811170176206,2.0532811170176206
2.0636784663742413,2.0636784663742413
2.0740857713038228,2.0740857713038228
2.0845030733706507,2.0845030733706507
2.0949304143056913,2.0949304143056913
2.10536783600741,2.10536783600741
2.1158153805425375,2.1158153805425375
2.126273090146905,2.126273090146905
2.136741007226216,2.136741007226216
2.147219174356893,2.147219174356893
2.1577076342868633,2.1577076342868633
2.168206429936409,2.168206429936409
2.178715604398968,2.178715604398968
2.189235200941996,2.189235200941996
2.199765263007777,2.199765263007777
2.210305834214293,2.210305834214293
2.2208569583560496,2.2208569583560496
2.231418679404956,2.231418679404956
2.24199104151116,2.24199104151116
2.252574089003939,2.252574089003939
2.2631678663925503,2.2631678663925503
2.2737724183671273,2.2737724183671273
2.2843877897995477,2.2843877897995477
2.2950140257443388,2.2950140257443388
2.305651171439551,2.305651171439551
2.316299272307685,2.316299272307685
2.3269583739565722,2.3269583739565722
2.3376285221803155,2.3376285221803155
2.348309762960178,2.348309762960178
2.359002142465537,2.359002142465537
2.36970570705479,2.36970570705479
2.380420503276319,2.380420503276319
2.391146577869399,2.391146577869399
2.4018839777651886,2.4018839777651886
2.4126327500876465,2.4126327500876465
2.4233929421545257,2.4233929421545257
2.434164601478328,2.434164601478328
2.444947775767277,2.444947775767277
2.4557425129263004,2.4557425129263004
2.4665488610580293,2.4665488610580293
2.4773668684637866,2.4773668684637866
2.4881965836445845,2.4881965836445845
2.49903805530213,2.49903805530213
2.5098913323398575,2.5098913323398575
2.5207564638639406,2.5207564638639406
2.5316334991843092,2.5316334991843092
2.5425224878157033,2.5425224878157033
2.5534234794787087,2.5534234794787087
2.564336524100814,2.564336524100814
2.5752616718174495,2.5752616718174495
2.5861989729730643,2.5861989729730643
2.597148478122205,2.597148478122205
2.60811023803058,2.60811023803058
2.6190843036761517,2.6190843036761517
2.6300707262502248,2.6300707262502248
2.6410695571585587,2.6410695571585587
2.652080848022471,2.652080848022471
2.6631046506799425,2.6631046506799425
2.6741410171867503,2.6741410171867503
2.6851899998176036,2.6851899998176036
2.6962516510672803,2.6962516510672803
2.7073260236517624,2.7073260236517624
2.7184131705094,2.7184131705094
2.729513144802079,2.729513144802079
2.740625999916387,2.740625999916387
2.751751789464785,2.751751789464785
2.762890567286799,2.762890567286799
2.7740423874502245,2.7740423874502245
2.7852073042523218,2.7852073042523218
2.796385372221022,2.796385372221022
2.80757664611615,2.80757664611615
2.8187811809306687,2.8187811809306687
2.8299990318918997,2.8299990318918997
2.84123025446277,2.84123025446277
2.852474904343063,2.852474904343063
2.863733037470704,2.863733037470704
2.8750047100230147,2.8750047100230147
2.886289978417986,2.886289978417986
2.8975888993155823,2.8975888993155823
2.908901529619044,2.908901529619044
2.9202279264761892,2.9202279264761892
2.9315681472807187,2.9315681472807187
2.9429222496735705,2.9429222496735705
2.954290291544226,2.954290291544226
2.9656723310320863,2.9656723310320863
2.9770684265277927,2.9770684265277927
2.9884786366746297,2.9884786366746297
2.999903020369861,2.999903020369861
3.0113416367661503,3.0113416367661503
3.022794545272923,3.022794545272923
3.0342618055577963,3.0342618055577963
3.045743477547972,3.045743477547972
3.0572396214316835,3.0572396214316835
3.068750297659601,3.068750297659601
3.0802755669463076,3.0802755669463076
3.091815490271729,3.091815490271729
3.103370128882619,3.103370128882619
3.1149395442940153,3.1149395442940153
3.1265237982907497,3.1265237982907497
3.138122952928917,3.138122952928917
3.149737070537414,3.149737070537414
3.161366213719434,3.161366213719434
3.173010445354014,3.173010445354014
3.1846698285975608,3.1846698285975608
3.196344426885422,3.196344426885422
3.208034303933428,3.208034303933428
3.2197395237394897,3.2197395237394897
3.2314601505851632,3.2314601505851632
3.243196249037272,3.243196249037272
3.254947883949491,3.254947883949491
3.266715120463995,3.266715120463995
3.2784980240130666,3.2784980240130666
3.2902966603207644,3.2902966603207644
3.302111095404565,3.302111095404565
3.313941395577044,3.313941395577044
3.3257876274475486,3.3257876274475486
3.337649857923903,3.337649857923903
3.3495281542141035,3.3495281542141035
3.3614225838280576,3.3614225838280576
3.373333214579288,3.373333214579288
3.3852601145867136,3.3852601145867136
3.397203352276374,3.397203352276374
3.4091629963832304,3.4091629963832304
3.4211391159529283,3.4211391159529283
3.433131780343614,3.433131780343614
3.4451410592277276,3.4451410592277276
3.4571670225938536,3.4571670225938536
3.4692097407485285,3.4692097407485285
3.4812692843181288,3.4812692843181288
3.493345724250706,3.493345724250706
3.5054391318178952,3.5054391318178952
3.5175495786167827,3.5175495786167827
3.5296771365718476,3.5296771365718476
3.541821877936855,3.541821877936855
3.5539838752968196,3.5539838752968196
3.566163201569939,3.566163201569939
3.5783599300095856,3.5783599300095856
3.5905741342062605,3.5905741342062605
3.6028058880896237,3.6028058880896237
3.615055265930477,3.615055265930477
3.627322342342827,3.627322342342827
3.639607192285893,3.639607192285893
3.651909891066203,3.651909891066203
3.6642305143396388,3.6642305143396388
3.67656913811356,3.67656913811356
3.6889258387488866,3.6889258387488866
3.701300692962236,3.701300692962236
3.7136937778280514,3.7136937778280514
3.726105170780791,3.726105170780791
3.738534949617071,3.738534949617071
3.750983192497867,3.750983192497867
3.763449977950723,3.763449977950723
3.775935384871987,3.775935384871987
3.7884394925290485,3.7884394925290485
3.8009623805625843,3.8009623805625843
3.8135041289888547,3.8135041289888547
3.8260648182020023,3.8260648182020023
3.8386445289763587,3.8386445289763587
3.851243342468772,3.851243342468772
3.863861340220967,3.863861340220967
3.876498604161916,3.876498604161916
3.8891552166102263,3.8891552166102263
3.901831260276541,3.901831260276541
3.914526818265965,3.914526818265965
3.927241974080529,3.927241974080529
3.939976811621639,3.939976811621639
3.9527314151925608,3.9527314151925608
3.965505869500923,3.965505869500923
3.978300259661259,3.978300259661259
3.9911146711975434,3.9911146711975434
4.003949190045744,4.003949190045744
4.016803902556416,4.016803902556416
4.029678895497328,4.029678895497328
4.042574256056073,4.042574256056073
4.055490071842707,4.055490071842707
4.068426430892433,4.068426430892433
4.081383421668307,4.081383421668307
4.0943611330639325,4.0943611330639325
4.107359654406187,4.107359654406187
4.120379075458011,4.120379075458011
4.133419486421176,4.133419486421176
4.146480977939081,4.146480977939081
4.159563641099582,4.159563641099582
4.172667567437846,4.172667567437846
4.185792848939224,4.185792848939224
4.198939578042153,4.198939578042153
4.212107847641067,4.212107847641067
4.225297751089335,4.225297751089335
4.238509382202259,4.238509382202259
4.251742835260048,4.251742835260048
4.264998205010819,4.264998205010819
4.278275586673685,4.278275586673685
4.291575075941784,4.291575075941784
4.304896768985406,4.304896768985406
4.318240762455085,4.318240762455085
4.331607153484746,4.331607153484746
4.344996039694917,4.344996039694917
4.358407519195889,4.358407519195889
4.37184169059095,4.37184169059095
4.385298652979644,4.385298652979644
4.398778505961063,4.398778505961063
4.412281349637137,4.412281349637137
4.4258072846159795,4.4258072846159795
4.43935641201524,4.43935641201524
4.452928833465529,4.452928833465529
4.4665246511138195,4.4665246511138195
4.480143967626873,4.480143967626873
4.493786886194785,4.493786886194785
4.50745351053443,4.50745351053443
4.521143944893049,4.521143944893049
4.534858294051788,4.534858294051788
4.548596663329327,4.548596663329327
4.562359158585494,4.562359158585494
4.576145886224943,4.576145886224943
4.589956953200832,4.589956953200832
4.603792467018578,4.603792467018578
4.617652535739583,4.617652535739583
4.631537267985069,4.631537267985069
4.645446772939852,4.645446772939852
4.659381160356263,4.659381160356263
4.673340540557977,4.673340540557977
4.687325024443992,4.687325024443992
4.7013347234925575,4.7013347234925575
4.715369749765196,4.715369749765196
4.729430215910702,4.729430215910702
4.743516235169248,4.743516235169248
4.75762792137645,4.75762792137645
4.771765388967538,4.771765388967538
4.785928752981504,4.785928752981504
4.800118129065345,4.800118129065345
4.8143336334782765,4.8143336334782765
4.828575383096049,4.828575383096049
4.842843495415266,4.842843495415266
4.857138088557758,4.857138088557758
4.871459281274951,4.871459281274951
4.885807192952358,4.885807192952358
4.900181943614025,4.900181943614025
4.914583653927086,4.914583653927086
4.929012445206289,4.929012445206289
4.943468439418645,4.943468439418645
4.957951759188032,4.957951759188032
4.9724625277999275,4.9724625277999275
4.987000869206099,4.987000869206099
5.00156690802942,5.00156690802942
5.016160769568644,5.016160769568644
5.0307825798033114,5.0307825798033114
5.045432465398625,5.045432465398625
5.060110553710417,5.060110553710417
5.074816972790138,5.074816972790138
5.08955185138992,5.08955185138992
5.104315318967623,5.104315318967623
5.119107505692035,5.119107505692035
5.133928542447994,5.133928542447994
5.14877856084167,5.14877856084167
5.163657693205803,5.163657693205803
5.178566072605082,5.178566072605082
5.19350383284147,5.19350383284147
5.2084711084596895,5.2084711084596895
5.223468034752655,5.223468034752655
5.238494747767044,5.238494747767044
5.253551384308847,5.253551384308847
5.268638081949042,5.268638081949042
5.283754979029248,5.283754979029248
5.2989022146675,5.2989022146675
5.314079928764013,5.314079928764013
5.3292882620070845,5.3292882620070845
5.344527355878942,5.344527355878942
5.359797352661768,5.359797352661768
5.37509839544367,5.37509839544367
5.390430628124803,5.390430628124803
5.405794195423481,5.405794195423481
5.421189242882383,5.421189242882383
5.436615916874799,5.436615916874799
5.452074364610965,5.452074364610965
5.467564734144434,5.467564734144434
5.483087174378498,5.483087174378498
5.498641835072703,5.498641835072703
5.514228866849424,5.514228866849424
5.52984842120049,5.52984842120049
5.545500650493847,5.545500650493847
5.561185707980344,5.561185707980344
5.57690374780057,5.57690374780057
5.59265492499172,5.59265492499172
5.608439395494555,5.608439395494555
5.624257316160439,5.624257316160439
5.640108844758439,5.640108844758439
5.655994139982494,5.655994139982494
5.671913361458632,5.671913361458632
5.687866669752288,5.687866669752288
5.703854226375717,5.703854226375717
5.719876193795414,5.719876193795414
5.73593273543965,5.73593273543965
5.752024015706084,5.752024015706084
5.7681501999694555,5.7681501999694555
5.784311454589332,5.784311454589332
5.80050794691794,5.80050794691794
5.8167398453080885,5.8167398453080885
5.833007319121179,5.833007319121179
5.84931053873526,5.84931053873526
5.865649675553198,5.865649675553198
5.882024902010912,5.882024902010912
5.898436391585718,5.898436391585718
5.914884318804729,5.914884318804729
5.931368859253341,5.931368859253341
5.94789018958383,5.94789018958383
5.9644484875240265,5.9644484875240265
5.981043931886081,5.981043931886081
5.997676702575303,5.997676702575303
6.014346980599097,6.014346980599097
6.03105494807604,6.03105494807604
6.047800788244977,6.047800788244977
6.064584685474247,6.064584685474247
6.081406825271012,6.081406825271012
6.098267394290687,6.098267394290687
6.115166580346451,6.115166580346451
6.132104572418848,6.132104572418848
6.149081560665518,6.149081560665518
6.166097736431034,6.166097736431034
6.18315329225681,6.18315329225681
6.200248421891119,6.200248421891119
6.217383320299251,6.217383320299251
6.2345581836737525,6.2345581836737525
6.251773209444786,6.251773209444786
6.269028596290568,6.269028596290568
6.28632454414796,6.28632454414796
6.303661254223173,6.303661254223173
6.32103892900256,6.32103892900256
6.338457772263522,6.338457772263522
6.355917989085553,6.355917989085553
6.3734197858614206,6.3734197858614206
6.390963370308427,6.390963370308427
6.408548951479792,6.408548951479792
6.426176739776211,6.426176739776211
6.443846946957491,6.443846946957491
6.4615597861543295,6.4615597861543295
6.479315471880218,6.479315471880218
6.497114220043489,6.497114220043489
6.514956247959483,6.514956247959483
6.53284177436286,6.53284177436286
6.550771019420032,6.550771019420032
6.568744204741733,6.568744204741733
6.58676155339577,6.58676155339577
6.604823289919864,6.604823289919864
6.622929640334642,6.622929640334642
6.641080832156806,6.641080832156806
6.659277094412432,6.659277094412432
6.677518657650409,6.677518657650409
6.695805753956031,6.695805753956031
6.714138616964748,6.714138616964748
6.732517481876102,6.732517481876102
6.7509425854677705,6.7509425854677705
6.7694141661097715,6.7694141661097715
6.787932463778879,6.787932463778879
6.806497720073183,6.806497720073183
6.82511017822678,6.82511017822678
6.843770083124671,6.843770083124671
6.86247768131781,6.86247768131781
6.881233221038371,6.881233221038371
6.900036952215119,6.900036952215119
6.918889126489,6.918889126489
6.937789997228917,6.937789997228917
6.956739819547693,6.956739819547693
6.975738850318187,6.975738850318187
6.994787348189631,6.994787348189631
7.0138855736041394,7.0138855736041394
7.033033788813409,7.033033788813409
7.052232257895664,7.052232257895664
7.071481246772742,7.071481246772742
7.090781023227377,7.090781023227377
7.110131856920754,7.110131856920754
7.129534019410218,7.129534019410218
7.14898778416722,7.14898778416722
7.168493426595432,7.168493426595432
7.1880512240491345,7.1880512240491345
7.2076614558518255,7.2076614558518255
7.227324403315002,7.227324403315002
7.247040349757196,7.247040349757196
7.266809580523248,7.266809580523248
7.286632383003829,7.286632383003829
7.3065090466551545,7.3065090466551545
7.326439863018969,7.326439863018969
7.346425125742759,7.346425125742759
7.366465130600252,7.366465130600252
7.386560175512129,7.386560175512129
7.406710560566965,7.406710560566965
7.426916588042512,7.426916588042512
7.447178562427184,7.447178562427184
7.467496790441817,7.467496790441817
7.487871581061692,7.487871581061692
7.508303245538866,7.508303245538866
7.528792097424768,7.528792097424768
7.54933845259305,7.54933845259305
7.56994262926274,7.56994262926274
7.590604948021719,7.590604948021719
7.611325731850459,7.611325731850459
7.632105306146073,7.632105306146073
7.652943998746649,7.652943998746649
7.67384213995593,7.67384213995593
7.694800062568292,7.694800062568292
7.715818101894047,7.715818101894047
7.736896595785037,7.736896595785037
7.758035884660596,7.758035884660596
7.779236311533864,7.779236311533864
7.800498222038382,7.800498222038382
7.821821964455047,7.821821964455047
7.843207889739467,7.843207889739467
7.864656351549621,7.864656351549621
7.8861677062739055,7.8861677062739055
7.9077423130595115,7.9077423130595115
7.929380533841226,7.929380533841226
7.951082733370593,7.951082733370593
7.972849279245441,7.972849279245441
7.994680541939813,7.994680541939813
8.016576894834294,8.016576894834294
8.038538714246764,8.038538714246764
8.060566379463536,8.060566379463536
8.082660272770879,8.082660272770879
8.104820779487044,8.104820779487044
8.127048287994668,8.127048287994668
8.149343189773623,8.149343189773623
8.171705879434288,8.171705879434288
8.19413675475132,8.19413675475132
8.216636216697871,8.216636216697871
8.23920466948023,8.23920466948023
8.261842520572982,8.261842520572982
8.284550180754634,8.284550180754634
8.30732806414375,8.30732806414375
8.330176588235538,8.330176588235538
8.353096173939011,8.353096173939011
8.376087245614578,8.376087245614578
8.39915023111224,8.39915023111224
8.422285561810288,8.422285561810288
8.445493672654502,8.445493672654502
8.468775002197972,8.468775002197972
8.492129992641432,8.492129992641432
8.515559089874177,8.515559089874177
8.539062743515537,8.539062743515537
8.562641406956967,8.562641406956967
8.58629553740477,8.58629553740477
8.610025595923332,8.610025595923332
8.633832047479046,8.633832047479046
8.657715360984865,8.657715360984865
8.681676009345475,8.681676009345475
8.705714469503157,8.705714469503157
8.729831222484208,8.729831222484208
8.754026753446205,8.754026753446205
8.778301551725816,8.778301551725816
8.802656110887371,8.802656110887371
8.827090928772128,8.827090928772128
8.851606507548263,8.851606507548263
8.87620335376163,8.87620335376163
8.900881978387222,8.900881978387222
8.92564289688141,8.92564289688141
8.950486629234987,8.950486629234987
8.975413700026964,8.975413700026964
9.000424638479227,9.000424638479227
9.025519978511927,9.025519978511927
9.050700258799761,9.050700258799761
9.07596602282916,9.07596602282916
9.101317818956215,9.101317818956215
9.126756200465554,9.126756200465554
9.152281725630134,9.152281725630134
9.17789495777193,9.17789495777193
9.203596465323528,9.203596465323528
9.22938682189069,9.22938682189069
9.255266606315883,9.255266606315883
9.281236402742817,9.281236402742817
9.307296800681922,9.307296800681922
9.333448395076902,9.333448395076902
9.359691786372291,9.359691786372291
9.38602758058214,9.38602758058214
9.412456389359663,9.412456389359663
9.438978830068097,9.438978830068097
9.465595525852613,9.465595525852613
9.492307105713406,9.492307105713406
9.519114204579967,9.519114204579967
9.546017463386448,9.546017463386448
9.573017529148336,9.573017529148336
9.600115055040352,9.600115055040352
9.627310700475547,9.627310700475547
9.654605131185722,9.654605131185722
9.681999019303118,9.681999019303118
9.709493043443548,9.709493043443548
9.737087888790736,9.737087888790736
9.764784247182101,9.764784247182101
9.792582817196022,9.792582817196022
9.82048430424046,9.82048430424046
9.848489420643068,9.848489420643068
9.876598885742814,9.876598885742814
9.904813425983132,9.904813425983132
9.933133775006617,9.933133775006617
9.96156067375134,9.96156067375134
9.990094870548766,9.990094870548766
10.018737121223317,10.018737121223317
10.047488189193636,10.047488189193636
10.076348845575632,10.076348845575632
10.105319869287188,10.105319869287188
10.134402047154705,10.134402047154705
10.163596174021515,10.163596174021515
10.192903052858158,10.192903052858158
10.222323494874509,10.222323494874509
10.25185831963392,10.25185831963392
10.28150835516932,10.28150835516932
10.3112744381014,10.3112744381014
10.341157413758816,10.341157413758816
10.371158136300519,10.371158136300519
10.40127746884028,10.40127746884028
10.431516283573451,10.431516283573451
10.461875461905928,10.461875461905928
10.492355894585412,10.492355894585412
10.522958481835113,10.522958481835113
10.553684133489819,10.553684133489819
10.584533769134406,10.584533769134406
10.615508318244864,10.615508318244864
10.64660872033194,10.64660872033194
10.677835925087399,10.677835925087399
10.709190892532934,10.709190892532934
10.740674593171823,10.740674593171823
10.77228800814344,10.77228800814344
10.804032129380628,10.804032129380628
10.835907959769955,10.835907959769955
10.867916513314999,10.867916513314999
10.900058815302721,10.900058815302721
10.932335902472959,10.932335902472959
10.964748823191147,10.964748823191147
10.997298637624244,10.997298637624244
11.02998641792012,11.02998641792012
11.062813248390338,11.062813248390338
11.095780225696437,11.095780225696437
11.12888845903979,11.12888845903979
11.162139070355197,11.162139070355197
11.195533194508242,11.195533194508242
11.229071979496437,11.229071979496437
11.262756586654364,11.262756586654364
11.296588190862842,11.296588190862842
11.330567980762265,11.330567980762265
11.364697158970106,11.364697158970106
11.398976942302786,11.398976942302786
11.433408562001992,11.433408562001992
11.467993263965544,11.467993263965544
11.502732308982925,11.502732308982925
11.53762697297549,11.53762697297549
11.572678547241702,11.572678547241702
11.60788833870729,11.60788833870729
11.643257670180564,11.643257670180564
11.678787880612925,11.678787880612925
11.714480325364855,11.714480325364855
11.750336376477396,11.750336376477396
11.786357422949255,11.786357422949255
11.822544871019732,11.822544871019732
11.858900144457595,11.858900144457595
11.895424684856112,11.895424684856112
11.932119951934235,11.932119951934235
11.968987423844254,11.968987423844254
12.006028597486056,12.006028597486056
12.043244988828107,12.043244988828107
12.080638133235356,12.080638133235356
12.118209585804232,12.118209585804232
12.155960921704986,12.155960921704986
12.193893736531473,12.193893736531473
12.232009646658645,12.232009646658645
12.270310289607853,12.270310289607853
12.308797324420375,12.308797324420375
12.347472432039151,12.347472432039151
12.386337315699103,12.386337315699103
12.425393701326191,12.425393701326191
12.46464333794547,12.46464333794547
12.50408799809846,12.50408799809846
12.543729478269976,12.543729478269976
12.583569599324646,12.583569599324646
12.623610206953588,12.623610206953588
12.663853172131367,12.663853172131367
12.704300391583487,12.704300391583487
12.744953788264832,12.744953788264832
12.7858153118493,12.7858153118493
12.826886939230974,12.826886939230974
12.868170675037124,12.868170675037124
12.909668552153356,12.909668552153356
12.951382632261355,12.951382632261355
12.993315006389535,12.993315006389535
13.035467795476919,13.035467795476919
13.077843150950624,13.077843150950624
13.120443255317504,13.120443255317504
13.163270322770266,13.163270322770266
13.206326599808385,13.206326599808385
13.249614365874383,13.249614365874383
13.293135934005996,13.293135934005996
13.336893651504514,13.336893651504514
13.380889900619945,13.380889900619945
13.425127099253363,13.425127099253363
13.46960770167712,13.46960770167712
13.51433419927345,13.51433419927345
13.559309121291834,13.559309121291834
13.60453503562594,13.60453503562594
13.650014549610647,13.650014549610647
13.695750310839813,13.695750310839813
13.74174500800537,13.74174500800537
13.788001371758464,13.788001371758464
13.834522175593387,13.834522175593387
13.88131023675497,13.88131023675497
13.928368417170189,13.928368417170189
13.975699624404724,13.975699624404724
14.023306812645448,14.023306812645448
14.071192983709542,14.071192983709542
14.119361188081074,14.119361188081074
14.167814525976098,14.167814525976098
14.216556148437085,14.216556148437085
14.265589258457824,14.265589258457824
14.314917112139575,14.314917112139575
14.36454301987971,14.36454301987971
14.414470347593943,14.414470347593943
14.464702517973238,14.464702517973238
14.515243011776528,14.515243011776528
14.566095369160614,14.566095369160614
14.617263191048425,14.617263191048425
14.668750140537048,14.668750140537048
14.720559944346936,14.720559944346936
14.772696394313607,14.772696394313607
14.825163348923509,14.825163348923509
14.877964734895563,14.877964734895563
14.931104548810067,14.931104548810067
14.984586858786564,14.984586858786564
15.038415806212528,15.038415806212528
15.092595607524796,15.092595607524796
15.147130556045633,15.147130556045633
15.202025023875356,15.202025023875356
15.257283463843736,15.257283463843736
15.312910411522449,15.312910411522449
15.368910487300736,15.368910487300736
15.425288398526753,15.425288398526753
15.482048941717032,15.482048941717032
15.539197004836897,15.539197004836897
15.596737569654362,15.596737569654362
15.654675714170446,15.654675714170446
15.7130166151289,15.7130166151289
15.771765550608562,15.771765550608562
15.830927902701582,15.830927902701582
15.890509160280844,15.890509160280844
15.950514921860332,15.950514921860332
16.010950898552192,16.010950898552192
16.071822917124393,16.071822917124393
16.13313692316316,16.13313692316316
16.194898984344455,16.194898984344455
16.25711529381913,16.25711529381913
16.319792173716642,16.319792173716642
16.382936078772058,16.382936078772058
16.446553600081753,16.446553600081753
16.510651468993537,16.510651468993537
16.575236561136634,16.575236561136634
16.640315900597948,16.640315900597948
16.705896664250716,16.705896664250716
16.771986186242593,16.771986186242593
16.838591962650238,16.838591962650238
16.90572165630749,16.90572165630749
16.973383101815447,16.973383101815447
17.041584310742525,17.041584310742525
17.11033347702335,17.11033347702335
17.17963898256535,17.17963898256535
17.24950940307312,17.24950940307312
17.319953514100604,17.319953514100604
17.39098029734196,17.39098029734196
17.462598947172413,17.462598947172413
17.534818877451055,17.534818877451055
17.6076497285987,17.6076497285987
17.681101374963763,17.681101374963763
17.755183932490617,17.755183932490617
17.829907766705425,17.829907766705425
17.905283501035417,17.905283501035417
17.98132202547845,17.98132202547845
18.05803450564058,18.05803450564058
18.13543239216087,18.13543239216087
18.21352743054309,18.21352743054309
18.292331671416296,18.292331671416296
18.371857481246103,18.371857481246103
18.452117553521237,18.452117553521237
18.533124920440788,18.533124920440788
18.61489296512934,18.61489296512934
18.697435434408643,18.697435434408643
18.780766452156893,18.780766452156893
18.86490053328825,18.86490053328825
18.949852598387515,18.949852598387515
19.035637989037156,19.035637989037156
19.122272483876376,19.122272483876376
19.20977231543485,19.20977231543485
19.29815418778621,19.29815418778621
19.387435295069714,19.387435295069714
19.477633340931998,19.477633340931998
19.568766558944265,19.568766558944265
19.660853734054545,19.660853734054545
19.753914225138175,19.753914225138175
19.847967988715183,19.847967988715183
19.943035603907724,19.943035603907724
20.039138298716253,20.039138298716253
20.136297977698955,20.136297977698955
20.234537251145394,20.234537251145394
20.333879465842525,20.333879465842525
20.43434873753845,20.43434873753845
20.535969985217555,20.535969985217555
20.638768967310046,20.638768967310046
20.74277231996824,20.74277231996824
20.848007597553373,20.848007597553373
20.954503315487283,20.954503315487283
21.06228899563746,21.06228899563746
21.171395214417267,21.171395214417267
21.2818536537988,21.2818536537988
21.39369715545265,21.39369715545265
21.506959778247634,21.506959778247634
21.621676859364324,21.621676859364324
21.73788507929836,21.73788507929836
21.85562253105452,21.85562253105452
21.97492879386062,21.97492879386062
22.0958450117602,22.0958450117602
22.2184139774772,22.2184139774772
22.342680221982747,22.342680221982747
22.468690110236125,22.468690110236125
22.596491943618524,22.596491943618524
22.726136069628865,22.726136069628865
22.857674999468923,22.857674999468923
22.991163534209214,22.991163534209214
23.126658900298487,23.126658900298487
23.264220895260475,23.264220895260475
23.403912044511134,23.403912044511134
23.545797770331568,23.545797770331568
23.689946574146113,23.689946574146113
23.836430233383286,23.836430233383286
23.98532401434339,23.98532401434339
24.136706902661174,24.136706902661174
24.290661853139643,24.290661853139643
24.447276060942983,24.447276060942983
24.606641256379277,24.606641256379277
24.76885402578059,24.76885402578059
24.93401616130449,24.93401616130449
25.93908938421796,25.93908938421796
26.09482493723407,26.09482493723407
26.25377589556371,26.25377589556371
26.41607034708837,26.41607034708837
26.581843836009085,26.581843836009085
26.751239974868106,26.751239974868106
26.92441111874958,26.92441111874958
27.101519109652553,27.101519109652553
27.282736100215775,27.282736100215775
27.468245467371073,27.468245467371073
27.658242828154677,27.658242828154677
27.852937171866174,27.852937171866174
28.052552125096383,28.052552125096383
28.257327368928692,28.257327368928692
28.467520230955508,28.467520230955508
28.683407478766167,28.683407478766167
28.905287346416507,28.905287346416507
29.133481831280953,29.133481831280953
29.36833930587575,29.36833930587575
29.610237498055557,29.610237498055557
29.8595869038483,29.8595869038483
30.116834710659717,30.116834710659717
30.382469325371286,30.382469325371286
30.657025622928682,30.657025622928682
30.941091057639127,30.941091057639127
31.23531281326294,31.23531281326294
31.540406211398267,31.540406211398267
31.85716465375459,31.85716465375459
32.18647144701607,32.18647144701607
32.52931395514364,32.52931395514364
32.88680065166154,32.88680065166154
33.26018181586818,33.26018181586818
33.65087484957957,33.65087484957957
34.06049551075621,34.06049551075621
34.49089680565918,34.49089680565918
34.944217910362404,34.944217910362404
35.422946395627285,35.422946395627285
35.929998348331864,35.929998348331864
36.46882294666182,36.46882294666182
37.043541032949065,37.043541032949065
37.65913187843806,37.65913187843806
38.32168976960477,38.32168976960477
39.0387842952511,39.0387842952511
39.81997909569068,39.81997909569068
40.67760086106622,40.67760086106622
41.62791909289805,41.62791909289805
42.69303180814026,42.69303180814026
43.904033962059295,43.904033962059295
45.30668316081104,45.30668316081104
46.97237501969244,46.97237501969244
49.021809101835224,49.021809101835224
51.68441863543053,51.68441863543053
55.4878759769499,55.4878759769499
62.21298810967144,62.21298810967144
