-0.10979619875738458,-0.10979619875738458
-0.1095774368336937,-0.1095774368336937
-0.10935889034595143,-0.10935889034595143
-0.10914055924875335,-0.10914055924875335
-0.1089224435786746,-0.1089224435786746
-0.1087045433900677,-0.1087045433900677
-0.10848685870489916,-0.10848685870489916
-0.1082693894956129,-0.1082693894956129
-0.10805213587672904,-0.10805213587672904
-0.10783509778260916,-0.10783509778260916
-0.10761827529810487,-0.10761827529810487
-0.10740166842535238,-0.10740166842535238
-0.10718527718164234,-0.10718527718164234
-0.10696910158989065,-0.10696910158989065
-0.10675314171625788,-0.10675314171625788
-0.10653739751758239,-0.10653739751758239
-0.10632186910541742,-0.10632186910541742
-0.10610655640914028,-0.10610655640914028
-0.10589145950652967,-0.10589145950652967
-0.10567657838198,-0.10567657838198
-0.10546191311541793,-0.10546191311541793
-0.10524746366218658,-0.10524746366218658
-0.10503323010351809,-0.10503323010351809
-0.10481921242851815,-0.10481921242851815
-0.10460541068229465,-0.10460541068229465
-0.10439182484956239,-0.10439182484956239
-0.10417845501297758,-0.10417845501297758
-0.10396530112718314,-0.10396530112718314
-0.10375236325585936,-0.10375236325585936
-0.103539641390521,-0.103539641390521
-0.10332713560170775,-0.10332713560170775
-0.10311484584941469,-0.10311484584941469
-0.10290277220219957,-0.10290277220219957
-0.10269091467754299,-0.10269091467754299
-0.10247927323407532,-0.10247927323407532
-0.1022678479931404,-0.1022678479931404
-0.10205663888343908,-0.10205663888343908
-0.10184564598175315,-0.10184564598175315
-0.1016348693026202,-0.1016348693026202
-0.1014243088289393,-0.1014243088289393
-0.10121396463006334,-0.10121396463006334
-0.10100383669309249,-0.10100383669309249
-0.10079392504052728,-0.10079392504052728
-0.10058422969448842,-0.10058422969448842
-0.1003747506881334,-0.1003747506881334
-0.10016548805402618,-0.10016548805402618
-0.09995644173446769,-0.09995644173446769
-0.0997476118439305,-0.0997476118439305
-0.09953899832739752,-0.09953899832739752
-0.09933060127007635,-0.09933060127007635
-0.09912242060288717,-0.09912242060288717
-0.09891445643489097,-0.09891445643489097
-0.0987067087649841,-0.0987067087649841
-0.09849917755703043,-0.09849917755703043
-0.0982918628846907,-0.0982918628846907
-0.09808476472195161,-0.09808476472195161
-0.09787788317035036,-0.09787788317035036
-0.09767121810688172,-0.09767121810688172
-0.09746476968177459,-0.09746476968177459
-0.09725853784383323,-0.09725853784383323
-0.09705252262804256,-0.09705252262804256
-0.09684672405501624,-0.09684672405501624
-0.09664114214419296,-0.09664114214419296
-0.09643577690270504,-0.09643577690270504
-0.09623062833209521,-0.09623062833209521
-0.09602569648087726,-0.09602569648087726
-0.09582098134601315,-0.09582098134601315
-0.09561648297187492,-0.09561648297187492
-0.09541220133419383,-0.09541220133419383
-0.09520813647142012,-0.09520813647142012
-0.09500428839462607,-0.09500428839462607
-0.09480065711582142,-0.09480065711582142
-0.09459724267213913,-0.09459724267213913
-0.0943940450652051,-0.0943940450652051
-0.09419106430784784,-0.09419106430784784
-0.093988300407176,-0.093988300407176
-0.09378575339839997,-0.09378575339839997
-0.09358342326625832,-0.09358342326625832
-0.09338131007532141,-0.09338131007532141
-0.09317941379240809,-0.09317941379240809
-0.09297773447850469,-0.09297773447850469
-0.09277627210194912,-0.09277627210194912
-0.09257502669922164,-0.09257502669922164
-0.09237399827320603,-0.09237399827320603
-0.09217318687740034,-0.09217318687740034
-0.09197259247662971,-0.09197259247662971
-0.09177221510641316,-0.09177221510641316
-0.09157205481252312,-0.09157205481252312
-0.09137211153437666,-0.09137211153437666
-0.09117238535471307,-0.09117238535471307
-0.09097287625996793,-0.09097287625996793
-0.09077358426895103,-0.09077358426895103
-0.09057450938699078,-0.09057450938699078
-0.09037565164881113,-0.09037565164881113
-0.09017701104351776,-0.09017701104351776
-0.08997858756861862,-0.08997858756861862
-0.08978038130934503,-0.08978038130934503
-0.08958239220939827,-0.08958239220939827
-0.08938462032730814,-0.08938462032730814
-0.08918706560321567,-0.08918706560321567
-0.08898972814692956,-0.08898972814692956
-0.08879260790159328,-0.08879260790159328
-0.08859570491269442,-0.08859570491269442
-0.08839901917755096,-0.08839901917755096
-0.08820255073246519,-0.08820255073246519
-0.08800629958841434,-0.08800629958841434
-0.0878102656975137,-0.0878102656975137
-0.08761444913982043,-0.08761444913982043
-0.0874188499009157,-0.0874188499009157
-0.08722346802056703,-0.08722346802056703
-0.08702830346183134,-0.08702830346183134
-0.08683335625328521,-0.08683335625328521
-0.08663862642500057,-0.08663862642500057
-0.0864441140084615,-0.0864441140084615
-0.08624981896347325,-0.08624981896347325
-0.08605574131449446,-0.08605574131449446
-0.08586188110209965,-0.08586188110209965
-0.08566823830655337,-0.08566823830655337
-0.08547481298671775,-0.08547481298671775
-0.08528160507863958,-0.08528160507863958
-0.0850886146510902,-0.0850886146510902
-0.08489584168493944,-0.08489584168493944
-0.08470328622146198,-0.08470328622146198
-0.08451094823502432,-0.08451094823502432
-0.08431882777796151,-0.08431882777796151
-0.08412692483865541,-0.08412692483865541
-0.08393523941597865,-0.08393523941597865
-0.08374377155182296,-0.08374377155182296
-0.0835525212235692,-0.0835525212235692
-0.08336148843534717,-0.08336148843534717
-0.08317067326882809,-0.08317067326882809
-0.0829800756427561,-0.0829800756427561
-0.0827896956415319,-0.0827896956415319
-0.08259953321639248,-0.08259953321639248
-0.08240958842729176,-0.08240958842729176
-0.0822198612360287,-0.0822198612360287
-0.08203035169400086,-0.08203035169400086
-0.0818410597984194,-0.0818410597984194
-0.08165198554020578,-0.08165198554020578
-0.08146312896437288,-0.08146312896437288
-0.08127449005518464,-0.08127449005518464
-0.0810860688166759,-0.0810860688166759
-0.08089786527996293,-0.08089786527996293
-0.08070987944934169,-0.08070987944934169
-0.08052211133130359,-0.08052211133130359
-0.08033456090540123,-0.08033456090540123
-0.08014722821778676,-0.08014722821778676
-0.07996011328306889,-0.07996011328306889
-0.07977321611235545,-0.07977321611235545
-0.07958653665776169,-0.07958653665776169
-0.07940007498499714,-0.07940007498499714
-0.0792138311026538,-0.0792138311026538
-0.07902780500135644,-0.07902780500135644
-0.07884199668525864,-0.07884199668525864
-0.07865640617452303,-0.07865640617452303
-0.07847103346856815,-0.07847103346856815
-0.07828587858288086,-0.07828587858288086
-0.0781009415172001,-0.0781009415172001
-0.07791622229915311,-0.07791622229915311
-0.07773172091256461,-0.07773172091256461
-0.07754743739766504,-0.07754743739766504
-0.07736337172039501,-0.07736337172039501
-0.07717952392968366,-0.07717952392968366
-0.0769958940168085,-0.0769958940168085
-0.0768124819912278,-0.0768124819912278
-0.07662928784265256,-0.07662928784265256
-0.0764463115896552,-0.0764463115896552
-0.07626355326545249,-0.07626355326545249
-0.07608101286787265,-0.07608101286787265
-0.07589869039017506,-0.07589869039017506
-0.07571658582148923,-0.07571658582148923
-0.07553469922567338,-0.07553469922567338
-0.07535303055778583,-0.07535303055778583
-0.07517157983505802,-0.07517157983505802
-0.07499034709799322,-0.07499034709799322
-0.0748093323420225,-0.0748093323420225
-0.07462853553123525,-0.07462853553123525
-0.07444795672870645,-0.07444795672870645
-0.07426759592545255,-0.07426759592545255
-0.07408745312808367,-0.07408745312808367
-0.073907528289783,-0.073907528289783
-0.07372782150158518,-0.07372782150158518
-0.07354833272676063,-0.07354833272676063
-0.07336906199812264,-0.07336906199812264
-0.07319000930732848,-0.07319000930732848
-0.07301117462619312,-0.07301117462619312
-0.07283255801370923,-0.07283255801370923
-0.07265415947706848,-0.07265415947706848
-0.07247597898392037,-0.07247597898392037
-0.0722980165610733,-0.0722980165610733
-0.07212027222168817,-0.07212027222168817
-0.07194274595885816,-0.07194274595885816
-0.07176543780359274,-0.07176543780359274
-0.07158834772529778,-0.07158834772529778
-0.07141147574334088,-0.07141147574334088
-0.0712348218995307,-0.0712348218995307
-0.07105838615163132,-0.07105838615163132
-0.07088216853341726,-0.07088216853341726
-0.07070616904207593,-0.07070616904207593
-0.07053038767142446,-0.07053038767142446
-0.07035482446540774,-0.07035482446540774
-0.07017947941236004,-0.07017947941236004
-0.07000435249554841,-0.07000435249554841
-0.06982944373175336,-0.06982944373175336
-0.06965475314220557,-0.06965475314220557
-0.06948028071433747,-0.06948028071433747
-0.06930602645295537,-0.06930602645295537
-0.06913199040733257,-0.06913199040733257
-0.06895817257886941,-0.06895817257886941
-0.06878457288330758,-0.06878457288330758
-0.06861119141480278,-0.06861119141480278
-0.06843802814713999,-0.06843802814713999
-0.06826508310019704,-0.06826508310019704
-0.06809235626061125,-0.06809235626061125
-0.06791984765328041,-0.06791984765328041
-0.0677475572690666,-0.0677475572690666
-0.06757548512314819,-0.06757548512314819
-0.06740363122122149,-0.06740363122122149
-0.06723199553956369,-0.06723199553956369
-0.06706057811770495,-0.06706057811770495
-0.0668893789745381,-0.0668893789745381
-0.06671839806932252,-0.06671839806932252
-0.0665476354414222,-0.0665476354414222
-0.06637709108641063,-0.06637709108641063
-0.06620676500456077,-0.06620676500456077
-0.0660366571949351,-0.0660366571949351
-0.06586676769110639,-0.06586676769110639
-0.0656970964487856,-0.0656970964487856
-0.06552764355573193,-0.06552764355573193
-0.06535840891476354,-0.06535840891476354
-0.06518939261168141,-0.06518939261168141
-0.0650205946191076,-0.0650205946191076
-0.06485201492714467,-0.06485201492714467
-0.06468365356123629,-0.06468365356123629
-0.06451551051084423,-0.06451551051084423
-0.06434758580836639,-0.06434758580836639
-0.06417987943428095,-0.06417987943428095
-0.06401239140138093,-0.06401239140138093
-0.06384512171237207,-0.06384512171237207
-0.06367807038316853,-0.06367807038316853
-0.0635112373917089,-0.0635112373917089
-0.06334462277376134,-0.06334462277376134
-0.06317822651065853,-0.06317822651065853
-0.06301204862594535,-0.06301204862594535
-0.06284608910773065,-0.06284608910773065
-0.06268034797210065,-0.06268034797210065
-0.06251482518117477,-0.06251482518117477
-0.062349520801208425,-0.062349520801208425
-0.06218443483163203,-0.06218443483163203
-0.06201956724584487,-0.06201956724584487
-0.06185491805630177,-0.06185491805630177
-0.061690487231150684,-0.061690487231150684
-0.0615262748390206,-0.0615262748390206
-0.061362280884664396,-0.061362280884664396
-0.06119850530849009,-0.06119850530849009
-0.061034948163176915,-0.061034948163176915
-0.06087160945312768,-0.06087160945312768
-0.06070848914809246,-0.06070848914809246
-0.06054558728077178,-0.06054558728077178
-0.06038290387218864,-0.06038290387218864
-0.060220438868020226,-0.060220438868020226
-0.06005819231860195,-0.06005819231860195
-0.05989616423431773,-0.05989616423431773
-0.059734354559569,-0.059734354559569
-0.05957276338740774,-0.05957276338740774
-0.05941139063345698,-0.05941139063345698
-0.05925023635823438,-0.05925023635823438
-0.05908930053851546,-0.05908930053851546
-0.058928583192558205,-0.058928583192558205
-0.05876808430631164,-0.05876808430631164
-0.05860780392626612,-0.05860780392626612
-0.05844774199417076,-0.05844774199417076
-0.05828789857238848,-0.05828789857238848
-0.0581282736375525,-0.0581282736375525
-0.05796886716277136,-0.05796886716277136
-0.05780967920445656,-0.05780967920445656
-0.05765070973314143,-0.05765070973314143
-0.057491958778013774,-0.057491958778013774
-0.05733342630538213,-0.05733342630538213
-0.05717511236661437,-0.05717511236661437
-0.05701701689467177,-0.05701701689467177
-0.05685913997578854,-0.05685913997578854
-0.05670148155862645,-0.05670148155862645
-0.05654404168085249,-0.05654404168085249
-0.056386820310626556,-0.056386820310626556
-0.05622981747028896,-0.05622981747028896
-0.05607303315036951,-0.05607303315036951
-0.05591646737706545,-0.05591646737706545
-0.05576012014669194,-0.05576012014669194
-0.05560399143750798,-0.05560399143750798
-0.05544808128637358,-0.05544808128637358
-0.05529238967485875,-0.05529238967485875
-0.055136916607627366,-0.055136916607627366
-0.0549816620892958,-0.0549816620892958
-0.05482662613902986,-0.05482662613902986
-0.05467180876297091,-0.05467180876297091
-0.05451720989874409,-0.05451720989874409
-0.05436282962076964,-0.05436282962076964
-0.054208667918806,-0.054208667918806
-0.054054724787239904,-0.054054724787239904
-0.05390100022198902,-0.05390100022198902
-0.053747494248028195,-0.053747494248028195
-0.053594206815271196,-0.053594206815271196
-0.05344113798755855,-0.05344113798755855
-0.053288287740051815,-0.053288287740051815
-0.05313565607259081,-0.05313565607259081
-0.052983243004649884,-0.052983243004649884
-0.052831048523234246,-0.052831048523234246
-0.052679072643391736,-0.052679072643391736
-0.052527315373583766,-0.052527315373583766
-0.052375776672832344,-0.052375776672832344
-0.052224456582014606,-0.052224456582014606
-0.05207335511206038,-0.05207335511206038
-0.05192247222498817,-0.05192247222498817
-0.051771807959396586,-0.051771807959396586
-0.05162136233379869,-0.05162136233379869
-0.05147113528467445,-0.05147113528467445
-0.05132112686532018,-0.05132112686532018
-0.05117133708496275,-0.05117133708496275
-0.05102176590736517,-0.05102176590736517
-0.050872413379492526,-0.050872413379492526
-0.05072327943830541,-0.05072327943830541
-0.05057436415484181,-0.05057436415484181
-0.05042566749529164,-0.05042566749529164
-0.05027718948182314,-0.05027718948182314
-0.050128930082643644,-0.050128930082643644
-0.04998088936519533,-0.04998088936519533
-0.04983306725572852,-0.04983306725572852
-0.04968546379461596,-0.04968546379461596
-0.04953807896988943,-0.04953807896988943
-0.04939091282812237,-0.04939091282812237
-0.049243965293654435,-0.049243965293654435
-0.049097236444982276,-0.049097236444982276
-0.048950726243691255,-0.048950726243691255
-0.04880443470887594,-0.04880443470887594
-0.048658361813158336,-0.048658361813158336
-0.048512507595611744,-0.048512507595611744
-0.048366872024894446,-0.048366872024894446
-0.048221455124640294,-0.048221455124640294
-0.04807625690659205,-0.04807625690659205
-0.04793127734790503,-0.04793127734790503
-0.047786516445885364,-0.047786516445885364
-0.047641974241267745,-0.047641974241267745
-0.047497650720291974,-0.047497650720291974
-0.04735354586061776,-0.04735354586061776
-0.04720965970209569,-0.04720965970209569
-0.047065992188195585,-0.047065992188195585
-0.04692254340753104,-0.04692254340753104
-0.04677931327659735,-0.04677931327659735
-0.04663630184132123,-0.04663630184132123
-0.04649350911316059,-0.04649350911316059
-0.046350935051481607,-0.046350935051481607
-0.04620857968755478,-0.04620857968755478
-0.046066443044735055,-0.046066443044735055
-0.045924525086583706,-0.045924525086583706
-0.045782825838407884,-0.045782825838407884
-0.04564134526886589,-0.04564134526886589
-0.04550008340376924,-0.04550008340376924
-0.045359040266757696,-0.045359040266757696
-0.04521821580731786,-0.04521821580731786
-0.04507761008679803,-0.04507761008679803
-0.04493722305971657,-0.04493722305971657
-0.044797054749873465,-0.044797054749873465
-0.04465710517979296,-0.04465710517979296
-0.04451737427774279,-0.04451737427774279
-0.04437786211635715,-0.04437786211635715
-0.04423856867705767,-0.04423856867705767
-0.04409949395551278,-0.04409949395551278
-0.04396063796598703,-0.04396063796598703
-0.043822000687587945,-0.043822000687587945
-0.04368358213534553,-0.04368358213534553
-0.04354538232167898,-0.04354538232167898
-0.043407401226093385,-0.043407401226093385
-0.04326963887053739,-0.04326963887053739
-0.04313209522371678,-0.04313209522371678
-0.04299477034921689,-0.04299477034921689
-0.04285766417373301,-0.04285766417373301
-0.04272077676972726,-0.04272077676972726
-0.04258410809010402,-0.04258410809010402
-0.04244765814772748,-0.04244765814772748
-0.04231142693437953,-0.04231142693437953
-0.04217541447977602,-0.04217541447977602
-0.04203962077061365,-0.04203962077061365
-0.041904045809693105,-0.041904045809693105
-0.04176868958444093,-0.04176868958444093
-0.04163355211185117,-0.04163355211185117
-0.04149863341478632,-0.04149863341478632
-0.041363933424937833,-0.041363933424937833
-0.041229452229435866,-0.041229452229435866
-0.041095189773085336,-0.041095189773085336
-0.04096114607342619,-0.04096114607342619
-0.040827321111969114,-0.040827321111969114
-0.04069371492248264,-0.04069371492248264
-0.040560327525942345,-0.040560327525942345
-0.04042715885213499,-0.04042715885213499
-0.04029420895348464,-0.04029420895348464
-0.04016147782361853,-0.04016147782361853
-0.04002896545777784,-0.04002896545777784
-0.03989667187352627,-0.03989667187352627
-0.039764597034573426,-0.039764597034573426
-0.039632740960737795,-0.039632740960737795
-0.03950110367307802,-0.03950110367307802
-0.03936968513903006,-0.03936968513903006
-0.03923848540292443,-0.03923848540292443
-0.0391075044239137,-0.0391075044239137
-0.0389767422372795,-0.0389767422372795
-0.03884619883127318,-0.03884619883127318
-0.03871587418841407,-0.03871587418841407
-0.03858576833788406,-0.03858576833788406
-0.038455881255503366,-0.038455881255503366
-0.03832621294217987,-0.03832621294217987
-0.03819676344694948,-0.03819676344694948
-0.0380675327194412,-0.0380675327194412
-0.037938520777521335,-0.037938520777521335
-0.03780972762343876,-0.03780972762343876
-0.03768115325960846,-0.03768115325960846
-0.03755279768620848,-0.03755279768620848
-0.037424660907012595,-0.037424660907012595
-0.037296742914295196,-0.037296742914295196
-0.03716904371567511,-0.03716904371567511
-0.03704156331542459,-0.03704156331542459
-0.036914301689061256,-0.036914301689061256
-0.036787258869404316,-0.036787258869404316
-0.0366604348569166,-0.0366604348569166
-0.036533829640668244,-0.036533829640668244
-0.03640744322229696,-0.03640744322229696
-0.0362812755789106,-0.0362812755789106
-0.03615532676625611,-0.03615532676625611
-0.03602959676655023,-0.03602959676655023
-0.03590408552567781,-0.03590408552567781
-0.03577879311879483,-0.03577879311879483
-0.03565371953343464,-0.03565371953343464
-0.035528864723302654,-0.035528864723302654
-0.03540422871930742,-0.03540422871930742
-0.035279811544430086,-0.035279811544430086
-0.03515561316915059,-0.03515561316915059
-0.0350316335882473,-0.0350316335882473
-0.03490787285458929,-0.03490787285458929
-0.03478433091199648,-0.03478433091199648
-0.03466100777808005,-0.03466100777808005
-0.03453790346456493,-0.03453790346456493
-0.03441501797000925,-0.03441501797000925
-0.03429235127356798,-0.03429235127356798
-0.03416990342522647,-0.03416990342522647
-0.0340476743443875,-0.0340476743443875
-0.03392566412777008,-0.03392566412777008
-0.03380387272153793,-0.03380387272153793
-0.03368230013599192,-0.03368230013599192
-0.03356094636605282,-0.03356094636605282
-0.03343981141322185,-0.03343981141322185
-0.03331889528781768,-0.03331889528781768
-0.033198197992552,-0.033198197992552
-0.03307771953306772,-0.03307771953306772
-0.03295745987534115,-0.03295745987534115
-0.03283741904155237,-0.03283741904155237
-0.032717597042755835,-0.032717597042755835
-0.032597993874198664,-0.032597993874198664
-0.03247860954805676,-0.03247860954805676
-0.03235944403399123,-0.03235944403399123
-0.032240497333841496,-0.032240497333841496
-0.03212176950587631,-0.03212176950587631
-0.032003260497048575,-0.032003260497048575
-0.031884970302694424,-0.031884970302694424
-0.03176689895514053,-0.03176689895514053
-0.03164904646196421,-0.03164904646196421
-0.03153141275120772,-0.03153141275120772
-0.0314139979060672,-0.0314139979060672
-0.031296801898322055,-0.031296801898322055
-0.031179824745500385,-0.031179824745500385
-0.031063066429267122,-0.031063066429267122
-0.030946526938377926,-0.030946526938377926
-0.030830206265445373,-0.030830206265445373
-0.03071410445846702,-0.03071410445846702
-0.030598221489518934,-0.030598221489518934
-0.03048255734724408,-0.03048255734724408
-0.030367112065197405,-0.030367112065197405
-0.030251885610123597,-0.030251885610123597
-0.03013687802569752,-0.03013687802569752
-0.030022089269861246,-0.030022089269861246
-0.029907519354936053,-0.029907519354936053
-0.02979316829246296,-0.02979316829246296
-0.029679036069559937,-0.029679036069559937
-0.02956512271745299,-0.02956512271745299
-0.029451428185044207,-0.029451428185044207
-0.029337952486179857,-0.029337952486179857
-0.02922469567404351,-0.02922469567404351
-0.029111657699569554,-0.029111657699569554
-0.02899883856590581,-0.02899883856590581
-0.028886238291678107,-0.028886238291678107
-0.028773856890703022,-0.028773856890703022
-0.028661694308221568,-0.028661694308221568
-0.028549750583357486,-0.028549750583357486
-0.028438025716273935,-0.028438025716273935
-0.028326519708748065,-0.028326519708748065
-0.02821523255638896,-0.02821523255638896
-0.028104164248156985,-0.028104164248156985
-0.02799331480757623,-0.02799331480757623
-0.027882684207974802,-0.027882684207974802
-0.027772272482260885,-0.027772272482260885
-0.02766207961661198,-0.02766207961661198
-0.027552105589112023,-0.027552105589112023
-0.027442350436802036,-0.027442350436802036
-0.027332814145990036,-0.027332814145990036
-0.027223496706876554,-0.027223496706876554
-0.027114398111866483,-0.027114398111866483
-0.027005518392343046,-0.027005518392343046
-0.026896857533807314,-0.026896857533807314
-0.02678841555948369,-0.02678841555948369
-0.02668019242468861,-0.02668019242468861
-0.02657218815648262,-0.02657218815648262
-0.02646440273070971,-0.02646440273070971
-0.026356836200986607,-0.026356836200986607
-0.026249488511880883,-0.026249488511880883
-0.026142359685824786,-0.026142359685824786
-0.02603544977027593,-0.02603544977027593
-0.02592875866991862,-0.02592875866991862
-0.025822286472535733,-0.025822286472535733
-0.025716033110438793,-0.025716033110438793
-0.025609998624466373,-0.025609998624466373
-0.025504183037335565,-0.025504183037335565
-0.025398586267084428,-0.025398586267084428
-0.02529320841016495,-0.02529320841016495
-0.025188049389925853,-0.025188049389925853
-0.02508310926108752,-0.02508310926108752
-0.024978387996464808,-0.024978387996464808
-0.02487388559971286,-0.02487388559971286
-0.024769602073457332,-0.024769602073457332
-0.024665537415309906,-0.024665537415309906
-0.02456169162598264,-0.02456169162598264
-0.024458064718265577,-0.024458064718265577
-0.024354656688159417,-0.024354656688159417
-0.024251467516688233,-0.024251467516688233
-0.0241484972320489,-0.0241484972320489
-0.02404574581676078,-0.02404574581676078
-0.023943213263825102,-0.023943213263825102
-0.02384089959905041,-0.02384089959905041
-0.02373880480412536,-0.02373880480412536
-0.0236369289048229,-0.0236369289048229
-0.023535271837697148,-0.023535271837697148
-0.023433833690759426,-0.023433833690759426
-0.023332614411217766,-0.023332614411217766
-0.023231613985516684,-0.023231613985516684
-0.023130832460781472,-0.023130832460781472
-0.023030269808272344,-0.023030269808272344
-0.02292992601973852,-0.02292992601973852
-0.022829801122842816,-0.022829801122842816
-0.022729895097980356,-0.022729895097980356
-0.022630207969146936,-0.022630207969146936
-0.02253073970085915,-0.02253073970085915
-0.022431490315997272,-0.022431490315997272
-0.022332459816738964,-0.022332459816738964
-0.022233648184155783,-0.022233648184155783
-0.02213505545398925,-0.02213505545398925
-0.022036681583062944,-0.022036681583062944
-0.021938526618635663,-0.021938526618635663
-0.02184059051983028,-0.02184059051983028
-0.021742873304394436,-0.021742873304394436
-0.02164537498942306,-0.02164537498942306
-0.021548095517451432,-0.021548095517451432
-0.021451034953643217,-0.021451034953643217
-0.021354193287056723,-0.021354193287056723
-0.021257570497511487,-0.021257570497511487
-0.021161166582598454,-0.021161166582598454
-0.02106498152645095,-0.02106498152645095
-0.020969015399893383,-0.020969015399893383
-0.020873268143399074,-0.020873268143399074
-0.02077773975695913,-0.02077773975695913
-0.020682430276932166,-0.020682430276932166
-0.02058733966631279,-0.02058733966631279
-0.02049246796542036,-0.02049246796542036
-0.020397815126156463,-0.020397815126156463
-0.02030338118872475,-0.02030338118872475
-0.0202091661300521,-0.0202091661300521
-0.020115169943997167,-0.020115169943997167
-0.020021392673733394,-0.020021392673733394
-0.01992783427762119,-0.01992783427762119
-0.01983449478538532,-0.01983449478538532
-0.01974137415082912,-0.01974137415082912
-0.01964847243048869,-0.01964847243048869
-0.01955578957470804,-0.01955578957470804
-0.01946332562135293,-0.01946332562135293
-0.019371080573155838,-0.019371080573155838
-0.01927905439010595,-0.01927905439010595
-0.01918724710607865,-0.01918724710607865
-0.01909565870211879,-0.01909565870211879
-0.01900428921149059,-0.01900428921149059
-0.018913138601641878,-0.018913138601641878
-0.01882220686001995,-0.01882220686001995
-0.018731494036619025,-0.018731494036619025
-0.01864100008765745,-0.01864100008765745
-0.018550725038207996,-0.018550725038207996
-0.018460668887442903,-0.018460668887442903
-0.01837083161165416,-0.01837083161165416
-0.01828121324497229,-0.01828121324497229
-0.018191813743811448,-0.018191813743811448
-0.018102633153893606,-0.018102633153893606
-0.018013671437195736,-0.018013671437195736
-0.01792492862277212,-0.01792492862277212
-0.017836404723033036,-0.017836404723033036
-0.017748099707633642,-0.017748099707633642
-0.017660013566459985,-0.017660013566459985
-0.01757214632308954,-0.01757214632308954
-0.01748449798313558,-0.01748449798313558
-0.01739706852993632,-0.01739706852993632
-0.01730985796903975,-0.01730985796903975
-0.017222866320747963,-0.017222866320747963
-0.017136093552031127,-0.017136093552031127
-0.017049539679853627,-0.017049539679853627
-0.016963204684408845,-0.016963204684408845
-0.016877088602150342,-0.016877088602150342
-0.016791191401967838,-0.016791191401967838
-0.01670551309570199,-0.01670551309570199
-0.01662005370072957,-0.01662005370072957
-0.016534813197048158,-0.016534813197048158
-0.016449791581765072,-0.016449791581765072
-0.016364988862466533,-0.016364988862466533
-0.016280405017313624,-0.016280405017313624
-0.016196040088758863,-0.016196040088758863
-0.016111894071714115,-0.016111894071714115
-0.01602796693876578,-0.01602796693876578
-0.01594425869891229,-0.01594425869891229
-0.015860769349892907,-0.015860769349892907
-0.01577749890284811,-0.01577749890284811
-0.015694447347382103,-0.015694447347382103
-0.015611614698783003,-0.015611614698783003
-0.015529000931329796,-0.015529000931329796
-0.015446606072925613,-0.015446606072925613
-0.015364430087185126,-0.015364430087185126
-0.015282473024540161,-0.015282473024540161
-0.01520073486706508,-0.01520073486706508
-0.015119215592053164,-0.015119215592053164
-0.015037915190692903,-0.015037915190692903
-0.014956833713911587,-0.014956833713911587
-0.014875971123239684,-0.014875971123239684
-0.014795327428632432,-0.014795327428632432
-0.014714902627720803,-0.014714902627720803
-0.014634696734750081,-0.014634696734750081
-0.014554709766374626,-0.014554709766374626
-0.014474941666670979,-0.014474941666670979
-0.01439539242958234,-0.01439539242958234
-0.014316062130070376,-0.014316062130070376
-0.014236950739856653,-0.014236950739856653
-0.014158058229256441,-0.014158058229256441
-0.014079384607177687,-0.014079384607177687
-0.01400092990206052,-0.01400092990206052
-0.013922694074448929,-0.013922694074448929
-0.013844677163230778,-0.013844677163230778
-0.0137668791394853,-0.0137668791394853
-0.013689299994111715,-0.013689299994111715
-0.013611939791678856,-0.013611939791678856
-0.013534798450101665,-0.013534798450101665
-0.013457876033094522,-0.013457876033094522
-0.013381172497044878,-0.013381172497044878
-0.013304687869781688,-0.013304687869781688
-0.013228422142739688,-0.013228422142739688
-0.013152375298398205,-0.013152375298398205
-0.013076547353789863,-0.013076547353789863
-0.013000938310788229,-0.013000938310788229
-0.012925548166212846,-0.012925548166212846
-0.012850376927899138,-0.012850376927899138
-0.012775424600043701,-0.012775424600043701
-0.012700691159579353,-0.012700691159579353
-0.01262617657045157,-0.01262617657045157
-0.012551880923267651,-0.012551880923267651
-0.01247780417341967,-0.01247780417341967
-0.012403946335289384,-0.012403946335289384
-0.012330307364124974,-0.012330307364124974
-0.012256887298403395,-0.012256887298403395
-0.012183686141049945,-0.012183686141049945
-0.012110703888347184,-0.012110703888347184
-0.012037940520765877,-0.012037940520765877
-0.011965396053295987,-0.011965396053295987
-0.011893070485983497,-0.011893070485983497
-0.011820963820231725,-0.011820963820231725
-0.011749076048101409,-0.011749076048101409
-0.011677407175665665,-0.011677407175665665
-0.011605957202727203,-0.011605957202727203
-0.011534726112561944,-0.011534726112561944
-0.011463713931966388,-0.011463713931966388
-0.011392920669437567,-0.011392920669437567
-0.011322346267976544,-0.011322346267976544
-0.011251990790922393,-0.011251990790922393
-0.011181854199867882,-0.011181854199867882
-0.011111936504642156,-0.011111936504642156
-0.01104223771027549,-0.01104223771027549
-0.010972757820922942,-0.010972757820922942
-0.010903496811459829,-0.010903496811459829
-0.01083445471743038,-0.01083445471743038
-0.010765631526881191,-0.010765631526881191
-0.010697027202090379,-0.010697027202090379
-0.010628641819455558,-0.010628641819455558
-0.010560475291125625,-0.010560475291125625
-0.010492527676044278,-0.010492527676044278
-0.01042479897871073,-0.01042479897871073
-0.010357289144023339,-0.010357289144023339
-0.01028999824663967,-0.01028999824663967
-0.010222926197271193,-0.010222926197271193
-0.01015607307616351,-0.01015607307616351
-0.010089438853232862,-0.010089438853232862
-0.010023023514762067,-0.010023023514762067
-0.009956827090312717,-0.009956827090312717
-0.00989084953700656,-0.00989084953700656
-0.009825090882172637,-0.009825090882172637
-0.009759551137219937,-0.009759551137219937
-0.009694230292994271,-0.009694230292994271
-0.00962912831810944,-0.00962912831810944
-0.009564245278915856,-0.009564245278915856
-0.009499581106972967,-0.009499581106972967
-0.009435135864311469,-0.009435135864311469
-0.00937090946720861,-0.00937090946720861
-0.009306901998485224,-0.009306901998485224
-0.009243113413828581,-0.009243113413828581
-0.009179543732204209,-0.009179543732204209
-0.00911619292283856,-0.00911619292283856
-0.009053061042600022,-0.009053061042600022
-0.008990148046561737,-0.008990148046561737
-0.008927453943796302,-0.008927453943796302
-0.008864978728637054,-0.008864978728637054
-0.008802722417125694,-0.008802722417125694
-0.008740684994119473,-0.008740684994119473
-0.008678866469101893,-0.008678866469101893
-0.008617266838962226,-0.008617266838962226
-0.008555886102371322,-0.008555886102371322
-0.00849472423668923,-0.00849472423668923
-0.008433781304393147,-0.008433781304393147
-0.008373057247763204,-0.008373057247763204
-0.008312552088835603,-0.008312552088835603
-0.008252265822993939,-0.008252265822993939
-0.008192198450678792,-0.008192198450678792
-0.008132349960625064,-0.008132349960625064
-0.008072720376287116,-0.008072720376287116
-0.008013309654191836,-0.008013309654191836
-0.007954117855138686,-0.007954117855138686
-0.007895144952765797,-0.007895144952765797
-0.0078363909364415,-0.0078363909364415
-0.007777855808645333,-0.007777855808645333
-0.007719539563968751,-0.007719539563968751
-0.007661442236374651,-0.007661442236374651
-0.007603563766050054,-0.007603563766050054
-0.007545904218671158,-0.007545904218671158
-0.007488463542103166,-0.007488463542103166
-0.007431241775770191,-0.007431241775770191
-0.00737423887836195,-0.00737423887836195
-0.0073174548907258994,-0.0073174548907258994
-0.007260889781341586,-0.007260889781341586
-0.007204543566575585,-0.007204543566575585
-0.007148416251315765,-0.007148416251315765
-0.007092507799687093,-0.007092507799687093
-0.00703681824400588,-0.00703681824400588
-0.00698134758822247,-0.00698134758822247
-0.006926095817135516,-0.006926095817135516
-0.006871062972493652,-0.006871062972493652
-0.006816248967025791,-0.006816248967025791
-0.006761653877642814,-0.006761653877642814
-0.006707277660198879,-0.006707277660198879
-0.006653120337146295,-0.006653120337146295
-0.006599181897888989,-0.006599181897888989
-0.006545462337939615,-0.006545462337939615
-0.006491961701089478,-0.006491961701089478
-0.006438679937709275,-0.006438679937709275
-0.00638561702981921,-0.00638561702981921
-0.006332773032650725,-0.006332773032650725
-0.00628014793608096,-0.00628014793608096
-0.006227741714725631,-0.006227741714725631
-0.006175554380119069,-0.006175554380119069
-0.006123585928179646,-0.006123585928179646
-0.006071836367273849,-0.006071836367273849
-0.006020305681154521,-0.006020305681154521
-0.0059689938951480925,-0.0059689938951480925
-0.005917900990039825,-0.005917900990039825
-0.005867026949287356,-0.005867026949287356
-0.00581637182768155,-0.00581637182768155
-0.005765935552821123,-0.005765935552821123
-0.005715718199635108,-0.005715718199635108
-0.00566571970667505,-0.00566571970667505
-0.005615940113090633,-0.005615940113090633
-0.005566379394685791,-0.005566379394685791
-0.005517037553902974,-0.005517037553902974
-0.005467914591848815,-0.005467914591848815
-0.005419010535103978,-0.005419010535103978
-0.005370325334668869,-0.005370325334668869
-0.005321859055350405,-0.005321859055350405
-0.005273611621613577,-0.005273611621613577
-0.005225583069641224,-0.005225583069641224
-0.0051777734218760125,-0.0051777734218760125
-0.005130182644174058,-0.005130182644174058
-0.005082810729427556,-0.005082810729427556
-0.005035657718721308,-0.005035657718721308
-0.004988723566602581,-0.004988723566602581
-0.004942008315035105,-0.004942008315035105
-0.004895511942788171,-0.004895511942788171
-0.004849234455628574,-0.004849234455628574
-0.004803175826310339,-0.004803175826310339
-0.004757336069060946,-0.004757336069060946
-0.004711715215732391,-0.004711715215732391
-0.00466631321673246,-0.00466631321673246
-0.0046211301260568995,-0.0046211301260568995
-0.004576165893457823,-0.004576165893457823
-0.004531420527458217,-0.004531420527458217
-0.004486894060857989,-0.004486894060857989
-0.004442586448313432,-0.004442586448313432
-0.0043984977332694715,-0.0043984977332694715
-0.0043546278976765935,-0.0043546278976765935
-0.004310976925014692,-0.004310976925014692
-0.004267544819035334,-0.004267544819035334
-0.0042243316009907385,-0.0042243316009907385
-0.004181337250899238,-0.004181337250899238
-0.004138561777148087,-0.004138561777148087
-0.0040960051864913,-0.0040960051864913
-0.004053667467370065,-0.004053667467370065
-0.004011548599468946,-0.004011548599468946
-0.00396964861782855,-0.00396964861782855
-0.003927967531126142,-0.003927967531126142
-0.003886505285210955,-0.003886505285210955
-0.0038452619224257334,-0.0038452619224257334
-0.0038042374376319097,-0.0038042374376319097
-0.003763431814819671,-0.003763431814819671
-0.0037228450734166306,-0.0037228450734166306
-0.003682477191432568,-0.003682477191432568
-0.003642328189064989,-0.003642328189064989
-0.003602398036278346,-0.003602398036278346
-0.0035626867839242803,-0.0035626867839242803
-0.0035231943900635387,-0.0035231943900635387
-0.0034839208516339692,-0.0034839208516339692
-0.003444866202778343,-0.003444866202778343
-0.003406030391825798,-0.003406030391825798
-0.0033674134789204897,-0.0033674134789204897
-0.0033290154018411045,-0.0033290154018411045
-0.003290836224921718,-0.003290836224921718
-0.0032528758998732967,-0.0032528758998732967
-0.003215134443476289,-0.003215134443476289
-0.003177611845097911,-0.003177611845097911
-0.003140308112143395,-0.003140308112143395
-0.003103223243235386,-0.003103223243235386
-0.0030663572469550975,-0.0030663572469550975
-0.0030297101267670584,-0.0030297101267670584
-0.002993281859364143,-0.002993281859364143
-0.0029570724248915133,-0.0029570724248915133
-0.002921081882651486,-0.002921081882651486
-0.002885310204683815,-0.002885310204683815
-0.002849757384105433,-0.002849757384105433
-0.0028144234320375407,-0.0028144234320375407
-0.00277930833759517,-0.00277930833759517
-0.002744412110985736,-0.002744412110985736
-0.002709734736128594,-0.002709734736128594
-0.002675276213344533,-0.002675276213344533
-0.002641036562677155,-0.002641036562677155
-0.002607015768770466,-0.002607015768770466
-0.002573213813609812,-0.002573213813609812
-0.002539630739490097,-0.002539630739490097
-0.0025062665252280807,-0.0025062665252280807
-0.002473121164071606,-0.002473121164071606
-0.0024401946524600943,-0.0024401946524600943
-0.0024074870154344188,-0.0024074870154344188
-0.0023749982156587484,-0.0023749982156587484
-0.0023427282766070945,-0.0023427282766070945
-0.0023106771834103964,-0.0023106771834103964
-0.0022788449670061214,-0.0022788449670061214
-0.0022472316122040467,-0.0022472316122040467
-0.0022158370727930416,-0.0022158370727930416
-0.002184661426385275,-0.002184661426385275
-0.002153704609965431,-0.002153704609965431
-0.0021229666623397794,-0.0021229666623397794
-0.0020924475354214037,-0.0020924475354214037
-0.0020621473015537354,-0.0020621473015537354
-0.0020320658895329807,-0.0020320658895329807
-0.0020022033139081522,-0.0020022033139081522
-0.00197255964177768,-0.00197255964177768
-0.0019431347885033605,-0.0019431347885033605
-0.001913928767874882,-0.001913928767874882
-0.0018849416192924385,-0.0018849416192924385
-0.0018561733027387323,-0.0018561733027387323
-0.0018276238480013976,-0.0018276238480013976
-0.0017992932602538597,-0.0017992932602538597
-0.001771181496583928,-0.001771181496583928
-0.0017432885585818279,-0.0017432885585818279
-0.0017156144973487877,-0.0017156144973487877
-0.0016881592680736523,-0.0016881592680736523
-0.0016609228915478525,-0.0016609228915478525
-0.0016339053320268968,-0.0016339053320268968
-0.0016071066529538829,-0.0016071066529538829
-0.0015805268180853333,-0.0015805268180853333
-0.0015541658185450188,-0.0015541658185450188
-0.0015280236498231568,-0.0015280236498231568
-0.001502100338644673,-0.001502100338644673
-0.001476395855128295,-0.001476395855128295
-0.0014509102048513105,-0.0014509102048513105
-0.0014256434166274876,-0.0014256434166274876
-0.001400595478874652,-0.001400595478874652
-0.0013757663243996212,-0.0013757663243996212
-0.0013511560424684984,-0.0013511560424684984
-0.0013267646193153302,-0.0013267646193153302
-0.0013025920100342087,-0.0013025920100342087
-0.0012786382472837403,-0.0012786382472837403
-0.001254903311981579,-0.001254903311981579
-0.0012313872198634749,-0.0012313872198634749
-0.0012080899647826918,-0.0012080899647826918
-0.0011850115382414568,-0.0011850115382414568
-0.0011621519714752199,-0.0011621519714752199
-0.0011395112039126007,-0.0011395112039126007
-0.0011170892884824,-0.0011170892884824
-0.001094886221101874,-0.001094886221101874
-0.0010729019463268984,-0.0010729019463268984
-0.0010511365321576368,-0.0010511365321576368
-0.001029589943347656,-0.001029589943347656
-0.0010082621873262953,-0.0010082621873262953
-0.0009871532413077578,-0.0009871532413077578
-0.0009662631326112646,-0.0009662631326112646
-0.000945591862541762,-0.000945591862541762
-0.0009251394298178531,-0.0009251394298178531
-0.000904905795751756,-0.000904905795751756
-0.0008848910265399806,-0.0008848910265399806
-0.000865095053019084,-0.000865095053019084
-0.0008455179198817326,-0.0008455179198817326
-0.0008261595919767108,-0.0008261595919767108
-0.0008070201353816697,-0.0008070201353816697
-0.0007880994613997683,-0.0007880994613997683
-0.0007693976135132026,-0.0007693976135132026
-0.0007509146083598269,-0.0007509146083598269
-0.00073265041408783,-0.00073265041408783
-0.0007146050414251208,-0.0007146050414251208
-0.0006967784921281615,-0.0006967784921281615
-0.0006791707719409402,-0.0006791707719409402
-0.0006617818635842083,-0.0006617818635842083
-0.0006446117584661821,-0.0006446117584661821
-0.0006276604971733289,-0.0006276604971733289
-0.0006109280403058246,-0.0006109280403058246
-0.0005944144056413471,-0.0005944144056413471
-0.0005781195989943466,-0.0005781195989943466
-0.000562043592334395,-0.000562043592334395
-0.0005461863958674224,-0.0005461863958674224
-0.0005305480326873134,-0.0005305480326873134
-0.0005151284908555958,-0.0005151284908555958
-0.0004999277302604965,-0.0004999277302604965
-0.00048494581059470206,-0.00048494581059470206
-0.00047018271220604846,-0.00047018271220604846
-0.00045563838888298567,-0.00045563838888298567
-0.0004413129094325188,-0.0004413129094325188
-0.00042720620127382195,-0.00042720620127382195
-0.00041331834330115695,-0.00041331834330115695
-0.000399649282704675,-0.000399649282704675
-0.0003861990211457602,-0.0003861990211457602
-0.00037296757775478405,-0.00037296757775478405
-0.00035995492998362126,-0.00035995492998362126
-0.0003471610983391647,-0.0003471610983391647
-0.0003345860752024293,-0.0003345860752024293
-0.00032222985015410406,-0.00032222985015410406
-0.00031009243871646516,-0.00031009243871646516
-0.00029817382156958823,-0.00029817382156958823
-0.0002864740050505513,-0.0002864740050505513
-0.0002749929675844919,-0.0002749929675844919
-0.0002637307977257504,-0.0002637307977257504
-0.00025268738674551954,-0.00025268738674551954
-0.00024186277862426185,-0.00024186277862426185
-0.0002312569628237379,-0.0002312569628237379
-0.00022086995491392506,-0.00022086995491392506
-0.00021070175774294363,-0.00021070175774294363
-0.0002007523371565753,-0.0002007523371565753
-0.00019102172042603855,-0.00019102172042603855
-0.00018150991797083005,-0.00018150991797083005
-0.00017221687256658164,-0.00017221687256658164
-0.00016314266194448432,-0.00016314266194448432
-0.0001542872297820431,-0.0001542872297820431
-0.00014565056798571775,-0.00014565056798571775
-0.00013723272846332188,-0.00013723272846332188
-0.00012903366357929183,-0.00012903366357929183
-0.00012105340964775208,-0.00012105340964775208
-0.00011329193609839247,-0.00011329193609839247
-0.00010574926108824047,-0.00010574926108824047
-9.84253556135123e-5,-9.84253556135123e-5
-9.132025520505183e-5,-9.132025520505183e-5
-8.443390598504043e-5,-8.443390598504043e-5
-7.7766401041092e-5,-7.7766401041092e-5
-7.131764567161997e-5,-7.131764567161997e-5
-6.508768072410383e-5,-6.508768072410383e-5
-5.9076497013206214e-5,-5.9076497013206214e-5
-5.328408924609577e-5,-5.328408924609577e-5
-4.7710495778053996e-5,-4.7710495778053996e-5
-4.235565442412706e-5,-4.235565442412706e-5
-3.7219597605939205e-5,-3.7219597605939205e-5
-3.2302328314088545e-5,-3.2302328314088545e-5
-2.760383786163217e-5,-2.760383786163217e-5
-2.3124128978080407e-5,-2.3124128978080407e-5
-1.8863200049472202e-5,-1.8863200049472202e-5
-1.4821034793794173e-5,-1.4821034793794173e-5
-1.0997685285011554e-5,-1.0997685285011554e-5
-7.393072747585416e-6,-7.393072747585416e-6
-4.0072332820392995e-6,-4.0072332820392995e-6
-8.401809393227412e-7,-8.401809393227412e-7
2.1081200250655166e-6,2.1081200250655166e-6
4.837601468724542e-6,4.837601468724542e-6
7.348336803159169e-6,7.348336803159169e-6
9.640318243372656e-6,9.640318243372656e-6
1.1713502093748598e-5,1.1713502093748598e-5
1.3567943513776598e-5,1.3567943513776598e-5
1.5203595603648075e-5,1.5203595603648075e-5
1.662047837173265e-5,1.662047837173265e-5
1.7818614983119223e-5,1.7818614983119223e-5
1.8797959795937755e-5,1.8797959795937755e-5
1.9558564172126308e-5,1.9558564172126308e-5
2.010039438464508e-5,2.010039438464508e-5
2.0423455322846776e-5,2.0423455322846776e-5
2.0527760824074323e-5,2.0527760824074323e-5
2.0413293395837498e-5,2.0413293395837498e-5
2.0080084913867496e-5,2.0080084913867496e-5
1.9528089071722898e-5,1.9528089071722898e-5
1.875736596571834e-5,1.875736596571834e-5
1.7767871401803177e-5,1.7767871401803177e-5
1.6559619288524787e-5,1.6559619288524787e-5
1.5132612568984329e-5,1.5132612568984329e-5
1.3486829692060159e-5,1.3486829692060159e-5
1.162231848321101e-5,1.162231848321101e-5
9.539040231111334e-6,9.539040231111334e-6
7.237011787407858e-6,7.237011787407858e-6
4.716223515810753e-6,4.716223515810753e-6
1.9767217227565494e-6,1.9767217227565494e-6
-9.815589809134496e-7,-9.815589809134496e-7
-4.158607511081235e-6,-4.158607511081235e-6
-7.554375496389481e-6,-7.554375496389481e-6
-1.1168908103993577e-5,-1.1168908103993577e-5
-1.5002160475304003e-5,-1.5002160475304003e-5
-1.9054193323710285e-5,-1.9054193323710285e-5
-2.3324967463209817e-5,-2.3324967463209817e-5
-2.7814464855367593e-5,-2.7814464855367593e-5
-3.2522739093243595e-5,-3.2522739093243595e-5
-3.7449720634085344e-5,-3.7449720634085344e-5
-4.259546959793751e-5,-4.259546959793751e-5
-4.7959917510092756e-5,-4.7959917510092756e-5
-5.3543140321730606e-5,-5.3543140321730606e-5
-5.9345086813263326e-5,-5.9345086813263326e-5
-6.536577639970491e-5,-6.536577639970491e-5
-7.160521608283324e-5,-7.160521608283324e-5
-7.806336753102599e-5,-7.806336753102599e-5
-8.474026743819804e-5,-8.474026743819804e-5
-9.163589031323488e-5,-9.163589031323488e-5
-9.875023976384904e-5,-9.875023976384904e-5
-0.00010608335578302356,-0.00010608335578302356
-0.00011363517834562384,-0.00011363517834562384
-0.00012140571516545756,-0.00012140571516545756
-0.00012939500148860988,-0.00012939500148860988
-0.0001376030267293021,-0.0001376030267293021
-0.0001460297845979489,-0.0001460297845979489
-0.00015467521300447152,-0.00015467521300447152
-0.00016353939907905708,-0.00016353939907905708
-0.00017262230311344633,-0.00017262230311344633
-0.00018192395762430097,-0.00018192395762430097
-0.00019144430125727225,-0.00019144430125727225
-0.00020118337675864066,-0.00020118337675864066
-0.0002111411908215745,-0.0002111411908215745
-0.0002213176965700677,-0.0002213176965700677
-0.000231712937343676,-0.000231712937343676
-0.00024232687409878195,-0.00024232687409878195
-0.00025315955242973984,-0.00025315955242973984
-0.00026421092396527936,-0.00026421092396527936
-0.00027548100700477816,-0.00027548100700477816
-0.0002869698100454059,-0.0002869698100454059
-0.0002986773356027648,-0.0002986773356027648
-0.00031060355801994515,-0.00031060355801994515
-0.00032274849618960013,-0.00032274849618960013
-0.0003351121312189838,-0.0003351121312189838
-0.00034769450696981585,-0.00034769450696981585
-0.0003604955470637148,-0.0003604955470637148
-0.0003735153187886639,-0.0003735153187886639
-0.0003867537795883064,-0.0003867537795883064
-0.00040021094823690026,-0.00040021094823690026
-0.0004138868222895372,-0.0004138868222895372
-0.00042778140169897976,-0.00042778140169897976
-0.0004418946868211558,-0.0004418946868211558
-0.0004562266456851632,-0.0004562266456851632
-0.00047077731118774384,-0.00047077731118774384
-0.00048554669339223437,-0.00048554669339223437
-0.0005005347509290146,-0.0005005347509290146
-0.0005157414879991303,-0.0005157414879991303
-0.000531166941225257,-0.000531166941225257
-0.0005468110856384676,-0.0005468110856384676
-0.0005626739381853536,-0.0005626739381853536
-0.0005787554456051987,-0.0005787554456051987
-0.0005950556585717274,-0.0005950556585717274
-0.0006115745573611071,-0.0006115745573611071
-0.0006283121399798998,-0.0006283121399798998
-0.0006452684259379538,-0.0006452684259379538
-0.0006624433689525616,-0.0006624433689525616
-0.000679837003866295,-0.000679837003866295
-0.0006974493176247782,-0.0006974493176247782
-0.0007152803131479392,-0.0007152803131479392
-0.0007333300098267672,-0.0007333300098267672
-0.0007515983460221897,-0.0007515983460221897
-0.0007700853735707462,-0.0007700853735707462
-0.0007887910969584848,-0.0007887910969584848
-0.000807715482529477,-0.000807715482529477
-0.0008268585343660953,-0.0008268585343660953
-0.0008462202706965128,-0.0008462202706965128
-0.0008658006860857573,-0.0008658006860857573
-0.0008855997649398375,-0.0008855997649398375
-0.0009056174888880787,-0.0009056174888880787
-0.0009258538971877113,-0.0009258538971877113
-0.0009463089471166997,-0.0009463089471166997
-0.0009669827046807485,-0.0009669827046807485
-0.0009878751352508984,-0.0009878751352508984
-0.0010089861879638265,-0.0010089861879638265
-0.0010303158976148203,-0.0010303158976148203
-0.001051864288626723,-0.001051864288626723
-0.0010736313442189008,-0.0010736313442189008
-0.0010956170694946903,-0.0010956170694946903
-0.0011178214163434389,-0.0011178214163434389
-0.00114024441913358,-0.00114024441913358
-0.0011628861077938564,-0.0011628861077938564
-0.0011857464232253674,-0.0011857464232253674
-0.0012088254010300093,-0.0012088254010300093
-0.00123212301880202,-0.00123212301880202
-0.0012556393027449034,-0.0012556393027449034
-0.0012793742035139867,-0.0012793742035139867
-0.001303327786094939,-0.001303327786094939
-0.0013275000136512864,-0.0013275000136512864
-0.0013518908402327917,-0.0013518908402327917
-0.0013765003532781722,-0.0013765003532781722
-0.0014013285074305586,-0.0014013285074305586
-0.001426375263836026,-0.001426375263836026
-0.0014516406977809265,-0.0014516406977809265
-0.001477124778529167,-0.001477124778529167
-0.001502827446743571,-0.001502827446743571
-0.00152874877877911,-0.00152874877877911
-0.0015548887185979202,-0.0015548887185979202
-0.001581247322379903,-0.001581247322379903
-0.0016078245364612228,-0.0016078245364612228
-0.0016346204008107804,-0.0016346204008107804
-0.0016616348855467468,-0.0016616348855467468
-0.0016888679819584787,-0.0016888679819584787
-0.0017163197241054878,-0.0017163197241054878
-0.0017439900634971803,-0.0017439900634971803
-0.001771879052208464,-0.001771879052208464
-0.0017999866525714074,-0.0017999866525714074
-0.0018283128487555083,-0.0018283128487555083
-0.0018568576937127445,-0.0018568576937127445
-0.00188562115511624,-0.00188562115511624
-0.001914603212720648,-0.001914603212720648
-0.0019438039126417912,-0.0019438039126417912
-0.001973223197466861,-0.001973223197466861
-0.0020028610910003,-0.0020028610910003
-0.0020327176008379613,-0.0020327176008379613
-0.002062792735215421,-0.002062792735215421
-0.002093086482692545,-0.002093086482692545
-0.002123598781844614,-0.002123598781844614
-0.002154329735157044,-0.002154329735157044
-0.0021852792701451077,-0.0021852792701451077
-0.002216447423026878,-0.002216447423026878
-0.0022478341668645584,-0.0022478341668645584
-0.002279439499046587,-0.002279439499046587
-0.0023112634566466,-0.0023112634566466
-0.0023433059801857546,-0.0023433059801857546
-0.0023755670931610547,-0.0023755670931610547
-0.0024080468211351677,-0.0024080468211351677
-0.0024407451409426332,-0.0024407451409426332
-0.0024736620346874705,-0.0024736620346874705
-0.0025067975281452175,-0.0025067975281452175
-0.0025401515941173665,-0.0025401515941173665
-0.002573724236329156,-0.002573724236329156
-0.0026075154920444706,-0.0026075154920444706
-0.0026415253013327656,-0.0026415253013327656
-0.002675753700389864,-0.002675753700389864
-0.0027102006801249957,-0.0027102006801249957
-0.0027448662506491524,-0.0027448662506491524
-0.002779750369928512,-0.002779750369928512
-0.00281485308835189,-0.00281485308835189
-0.0028501743422386563,-0.0028501743422386563
-0.0028857142098425593,-0.0028857142098425593
-0.0029214726244449264,-0.0029214726244449264
-0.0029574496110858876,-0.0029574496110858876
-0.0029936451313159356,-0.0029936451313159356
-0.0030300592817109127,-0.0030300592817109127
-0.0030666919541350542,-0.0030666919541350542
-0.0031035432027046394,-0.0031035432027046394
-0.003140612980305503,-0.003140612980305503
-0.003177901368799072,-0.003177901368799072
-0.0032154082595274185,-0.0032154082595274185
-0.0032531337384577056,-0.0032531337384577056
-0.003291077746989275,-0.003291077746989275
-0.003329240304299783,-0.003329240304299783
-0.0033676214355001944,-0.0033676214355001944
-0.0034062211151709926,-0.0034062211151709926
-0.0034450393403920644,-0.0034450393403920644
-0.0034840761031662937,-0.0034840761031662937
-0.0035233313971309178,-0.0035233313971309178
-0.0035628052591711815,-0.0035628052591711815
-0.003602497622354424,-0.003602497622354424
-0.0036424085612069327,-0.0036424085612069327
-0.0036825379822873327,-0.0036825379822873327
-0.0037228860213089077,-0.0037228860213089077
-0.003763452530357244,-0.003763452530357244
-0.0038042375858117878,-0.0038042375858117878
-0.0038452411986602316,-0.0038452411986602316
-0.0038864633035846203,-0.0038864633035846203
-0.003927903929898821,-0.003927903929898821
-0.0039695631038282175,-0.0039695631038282175
-0.004011440816639173,-0.004011440816639173
-0.004053536991431187,-0.004053536991431187
-0.004095851718300525,-0.004095851718300525
-0.004138384968529656,-0.004138384968529656
-0.00418113671790768,-0.00418113671790768
-0.00422410699876203,-0.00422410699876203
-0.004267295781874522,-0.004267295781874522
-0.004310703060054275,-0.004310703060054275
-0.004354328882693247,-0.004354328882693247
-0.004398173168832303,-0.004398173168832303
-0.00444223597908992,-0.00444223597908992
-0.004486517319019283,-0.004486517319019283
-0.00453101711547072,-0.00453101711547072
-0.0045757354444902806,-0.0045757354444902806
-0.004620672262690149,-0.004620672262690149
-0.004665827560553448,-0.004665827560553448
-0.004711201362242122,-0.004711201362242122
-0.004756793654891951,-0.004756793654891951
-0.004802604437576539,-0.004802604437576539
-0.004848633698358806,-0.004848633698358806
-0.004894881457340577,-0.004894881457340577
-0.004941347691451702,-0.004941347691451702
-0.0049880324090942705,-0.0049880324090942705
-0.005034935593323182,-0.005034935593323182
-0.005082057271552034,-0.005082057271552034
-0.005129397432694488,-0.005129397432694488
-0.0051769560638648135,-0.0051769560638648135
-0.005224733158961705,-0.005224733158961705
-0.005272728733104922,-0.005272728733104922
-0.005320942759307344,-0.005320942759307344
-0.00536937526956486,-0.00536937526956486
-0.0054180262385747704,-0.0054180262385747704
-0.005466895660807631,-0.005466895660807631
-0.005515983559713344,-0.005515983559713344
-0.005565289932443001,-0.005565289932443001
-0.005614814697493053,-0.005614814697493053
-0.005664558004058476,-0.005664558004058476
-0.005714519684287316,-0.005714519684287316
-0.005764699878833022,-0.005764699878833022
-0.005815098473458891,-0.005815098473458891
-0.005865715550240334,-0.005865715550240334
-0.0059165510298796456,-0.0059165510298796456
-0.005967604959750588,-0.005967604959750588
-0.0060188773487544235,-0.0060188773487544235
-0.006070368187326061,-0.006070368187326061
-0.006122077423865471,-0.006122077423865471
-0.00617400513945195,-0.00617400513945195
-0.0062261512410921125,-0.0062261512410921125
-0.006278515777060902,-0.006278515777060902
-0.006331098763807962,-0.006331098763807962
-0.006383900177813669,-0.006383900177813669
-0.0064369199876495396,-0.0064369199876495396
-0.006490158228707015,-0.006490158228707015
-0.00654361490779573,-0.00654361490779573
-0.006597289994087252,-0.006597289994087252
-0.006651183469397816,-0.006651183469397816
-0.006705295395226312,-0.006705295395226312
-0.006759625711594356,-0.006759625711594356
-0.006814174441191599,-0.006814174441191599
-0.006868941576755957,-0.006868941576755957
-0.006923927091136399,-0.006923927091136399
-0.006979131039797252,-0.006979131039797252
-0.007034553345174929,-0.007034553345174929
-0.007090194065564142,-0.007090194065564142
-0.007146053191088268,-0.007146053191088268
-0.007202130729464065,-0.007202130729464065
-0.00725842663898666,-0.00725842663898666
-0.0073149409327353644,-0.0073149409327353644
-0.007371673596042125,-0.007371673596042125
-0.007428624640560685,-0.007428624640560685
-0.00748579407749235,-0.00748579407749235
-0.007543181924854747,-0.007543181924854747
-0.007600788100973726,-0.007600788100973726
-0.00765861266402606,-0.00765861266402606
-0.007716655600812272,-0.007716655600812272
-0.007774916901151654,-0.007774916901151654
-0.00783339659207731,-0.00783339659207731
-0.00789209459609686,-0.00789209459609686
-0.00795101100596411,-0.00795101100596411
-0.008010145765002032,-0.008010145765002032
-0.008069498887165152,-0.008069498887165152
-0.008129070340316662,-0.008129070340316662
-0.00818886015870725,-0.00818886015870725
-0.008248868324605592,-0.008248868324605592
-0.00830909483044031,-0.00830909483044031
-0.008369539697075714,-0.008369539697075714
-0.008430202872293928,-0.008430202872293928
-0.008491084428772154,-0.008491084428772154
-0.008552184312534671,-0.008552184312534671
-0.008613502518126941,-0.008613502518126941
-0.008675039072556111,-0.008675039072556111
-0.008736793920828828,-0.008736793920828828
-0.00879876712892762,-0.00879876712892762
-0.008860958651496921,-0.008860958651496921
-0.008923368482957583,-0.008923368482957583
-0.008985996659055579,-0.008985996659055579
-0.009048843135049483,-0.009048843135049483
-0.009111907926295654,-0.009111907926295654
-0.009175191034265643,-0.009175191034265643
-0.009238692436555361,-0.009238692436555361
-0.00930241214621445,-0.00930241214621445
-0.009366350170490907,-0.009366350170490907
-0.009430506489582553,-0.009430506489582553
-0.0094948811356529,-0.0094948811356529
-0.009559473998023978,-0.009559473998023978
-0.009624285201544876,-0.009624285201544876
-0.009689314729644299,-0.009689314729644299
-0.009754562508535458,-0.009754562508535458
-0.009820028599615619,-0.009820028599615619
-0.009885712920597988,-0.009885712920597988
-0.00995161556044327,-0.00995161556044327
-0.010017736454517367,-0.010017736454517367
-0.010084075655656739,-0.010084075655656739
-0.010150633078082612,-0.010150633078082612
-0.01021740879753397,-0.01021740879753397
-0.01028440277930917,-0.01028440277930917
-0.01035161500707872,-0.01035161500707872
-0.010419045524966947,-0.010419045524966947
-0.010486694304989138,-0.010486694304989138
-0.010554561287476194,-0.010554561287476194
-0.010622646567251306,-0.010622646567251306
-0.010690950057464668,-0.010690950057464668
-0.010759471857684926,-0.010759471857684926
-0.010828211841146412,-0.010828211841146412
-0.010897170061418396,-0.010897170061418396
-0.010966346565185586,-0.010966346565185586
-0.011035741259952296,-0.011035741259952296
-0.011105354186831508,-0.011105354186831508
-0.011175185378930193,-0.011175185378930193
-0.01124523473086619,-0.01124523473086619
-0.011315502344747753,-0.011315502344747753
-0.011385988189599587,-0.011385988189599587
-0.011456692245509742,-0.011456692245509742
-0.011527614492348204,-0.011527614492348204
-0.011598754949107217,-0.011598754949107217
-0.011670113612127168,-0.011670113612127168
-0.011741690514044783,-0.011741690514044783
-0.011813485585391506,-0.011813485585391506
-0.011885498835634518,-0.011885498835634518
-0.011957730322045706,-0.011957730322045706
-0.012030179991127004,-0.012030179991127004
-0.012102847826384266,-0.012102847826384266
-0.012175733845474643,-0.012175733845474643
-0.012248838055209996,-0.012248838055209996
-0.01232216045965045,-0.01232216045965045
-0.012395701037907964,-0.012395701037907964
-0.012469459741636393,-0.012469459741636393
-0.012543436637552557,-0.012543436637552557
-0.012617631736884467,-0.012617631736884467
-0.01269204494412063,-0.01269204494412063
-0.01276667632883048,-0.01276667632883048
-0.012841525888047184,-0.012841525888047184
-0.01291659357418114,-0.01291659357418114
-0.012991879448774994,-0.012991879448774994
-0.013067383412669532,-0.013067383412669532
-0.013143105541100852,-0.013143105541100852
-0.013219045840478822,-0.013219045840478822
-0.013295204235088181,-0.013295204235088181
-0.013371580771615139,-0.013371580771615139
-0.013448175463469807,-0.013448175463469807
-0.013524988225303609,-0.013524988225303609
-0.013602019146356137,-0.013602019146356137
-0.01367926819107871,-0.01367926819107871
-0.013756735326966616,-0.013756735326966616
-0.013834420576369078,-0.013834420576369078
-0.013912323970347425,-0.013912323970347425
-0.013990445427135536,-0.013990445427135536
-0.014068784995769353,-0.014068784995769353
-0.014147342670935259,-0.014147342670935259
-0.014226118444797828,-0.014226118444797828
-0.014305112308738394,-0.014305112308738394
-0.014384324233855486,-0.014384324233855486
-0.014463754246890706,-0.014463754246890706
-0.014543402332423912,-0.014543402332423912
-0.01462326852023476,-0.01462326852023476
-0.01470335276879342,-0.01470335276879342
-0.014783655090508701,-0.014783655090508701
-0.014864175472305742,-0.014864175472305742
-0.01494491391273672,-0.01494491391273672
-0.015025870421007743,-0.015025870421007743
-0.015107044939756438,-0.015107044939756438
-0.015188437557486617,-0.015188437557486617
-0.015270048222883807,-0.015270048222883807
-0.015351876878750297,-0.015351876878750297
-0.015433923653461266,-0.015433923653461266
-0.015516188371504381,-0.015516188371504381
-0.015598671193201748,-0.015598671193201748
-0.015681372004445734,-0.015681372004445734
-0.015764290854687623,-0.015764290854687623
-0.015847427726064074,-0.015847427726064074
-0.015930782603812088,-0.015930782603812088
-0.016014355466923477,-0.016014355466923477
-0.01609814638126209,-0.01609814638126209
-0.016182155242395142,-0.016182155242395142
-0.0162663821613062,-0.0162663821613062
-0.016350827049491454,-0.016350827049491454
-0.016435489953275147,-0.016435489953275147
-0.01652037078845242,-0.01652037078845242
-0.01660546965254627,-0.01660546965254627
-0.01669078648479879,-0.01669078648479879
-0.016776321285251507,-0.016776321285251507
-0.01686207407204368,-0.01686207407204368
-0.016948044810303074,-0.016948044810303074
-0.01703423352094591,-0.01703423352094591
-0.01712064018101775,-0.01712064018101775
-0.017207264790067626,-0.017207264790067626
-0.017294107361535336,-0.017294107361535336
-0.017381167876255075,-0.017381167876255075
-0.017468446338745357,-0.017468446338745357
-0.017555942731392046,-0.017555942731392046
-0.017643657051964075,-0.017643657051964075
-0.017731589282544695,-0.017731589282544695
-0.017819739462717497,-0.017819739462717497
-0.017908107562867474,-0.017908107562867474
-0.01799669357022238,-0.01799669357022238
-0.018085497494468947,-0.018085497494468947
-0.018174519296984857,-0.018174519296984857
-0.018263759036065547,-0.018263759036065547
-0.018353216663390088,-0.018353216663390088
-0.018442892170695835,-0.018442892170695835
-0.018532785586488187,-0.018532785586488187
-0.018622896848653377,-0.018622896848653377
-0.018713226068154194,-0.018713226068154194
-0.018803773096598198,-0.018803773096598198
-0.01889453801347296,-0.01889453801347296
-0.018985520767505554,-0.018985520767505554
-0.01907672143033924,-0.01907672143033924
-0.01916813989065521,-0.01916813989065521
-0.01925977625449425,-0.01925977625449425
-0.019351630439624474,-0.019351630439624474
-0.01944370247285423,-0.01944370247285423
-0.019535992352961187,-0.019535992352961187
-0.01962850005874134,-0.01962850005874134
-0.01972122557261022,-0.01972122557261022
-0.01981416897291912,-0.01981416897291912
-0.019907330113577853,-0.019907330113577853
-0.020000709123774513,-0.020000709123774513
-0.020094305911967245,-0.020094305911967245
-0.020188120489189727,-0.020188120489189727
-0.020282152857812465,-0.020282152857812465
-0.02037640306082497,-0.02037640306082497
-0.02047087106788834,-0.02047087106788834
-0.0205655568116998,-0.0205655568116998
-0.020660460343825997,-0.020660460343825997
-0.020755581657131695,-0.020755581657131695
-0.02085092072231636,-0.02085092072231636
-0.02094647754366116,-0.02094647754366116
-0.021042252126099937,-0.021042252126099937
-0.021138244509842283,-0.021138244509842283
-0.021234454600892762,-0.021234454600892762
-0.021330882463981904,-0.021330882463981904
-0.021427528009508156,-0.021427528009508156
-0.02152439130269454,-0.02152439130269454
-0.021621472359158494,-0.021621472359158494
-0.0217187711065121,-0.0217187711065121
-0.02181628758006667,-0.02181628758006667
-0.02191402172737442,-0.02191402172737442
-0.022011973641000757,-0.022011973641000757
-0.02211014322595339,-0.02211014322595339
-0.02220853050141294,-0.02220853050141294
-0.02230713546068622,-0.02230713546068622
-0.02240595810040884,-0.02240595810040884
-0.022504998413071704,-0.022504998413071704
-0.022604256446239215,-0.022604256446239215
-0.022703732092876676,-0.022703732092876676
-0.02280342538824794,-0.02280342538824794
-0.022903336384759283,-0.022903336384759283
-0.023003465023118397,-0.023003465023118397
-0.023103811276890738,-0.023103811276890738
-0.023204375176311375,-0.023204375176311375
-0.02330515669698398,-0.02330515669698398
-0.023406155897150595,-0.023406155897150595
-0.02350737265130201,-0.02350737265130201
-0.02360880704488322,-0.02360880704488322
-0.023710459054206975,-0.023710459054206975
-0.02381232869831149,-0.02381232869831149
-0.02391441587484671,-0.02391441587484671
-0.024016720694517314,-0.024016720694517314
-0.024119243045957018,-0.024119243045957018
-0.024221983000369984,-0.024221983000369984
-0.02432494055680683,-0.02432494055680683
-0.024428115634667402,-0.024428115634667402
-0.024531508273440344,-0.024531508273440344
-0.02463511851139493,-0.02463511851139493
-0.024738946231082855,-0.024738946231082855
-0.02484299154515505,-0.02484299154515505
-0.02494725438700594,-0.02494725438700594
-0.0250517347499453,-0.0250517347499453
-0.025156432631596694,-0.025156432631596694
-0.025261348025750537,-0.025261348025750537
-0.025366480976597897,-0.025366480976597897
-0.025471831379889957,-0.025471831379889957
-0.0255773993147642,-0.0255773993147642
-0.02568318467018664,-0.02568318467018664
-0.02578918755543193,-0.02578918755543193
-0.02589540796167076,-0.02589540796167076
-0.026001845759074195,-0.026001845759074195
-0.026108501062521255,-0.026108501062521255
-0.026215373812102545,-0.026215373812102545
-0.026322464026328173,-0.026322464026328173
-0.02642977168934927,-0.02642977168934927
-0.02653729677500723,-0.02653729677500723
-0.026645039309555602,-0.026645039309555602
-0.026752999244427218,-0.026752999244427218
-0.026861176600846845,-0.026861176600846845
-0.02696957133917455,-0.02696957133917455
-0.027078183528338913,-0.027078183528338913
-0.027187013078711696,-0.027187013078711696
-0.02729606004868626,-0.02729606004868626
-0.02740532436994812,-0.02740532436994812
-0.027514806083516828,-0.027514806083516828
-0.02762450518526254,-0.02762450518526254
-0.027734421607775665,-0.027734421607775665
-0.02784455539871257,-0.02784455539871257
-0.027954906559785126,-0.027954906559785126
-0.02806547501333627,-0.02806547501333627
-0.028176260855820964,-0.028176260855820964
-0.028287263960923015,-0.028287263960923015
-0.02839848442140068,-0.02839848442140068
-0.028509922158214362,-0.028509922158214362
-0.028621577225333865,-0.028621577225333865
-0.028733449587925508,-0.028733449587925508
-0.028845539247357006,-0.028845539247357006
-0.028957846139598013,-0.028957846139598013
-0.029070370338786896,-0.029070370338786896
-0.02918311179703887,-0.02918311179703887
-0.029296070496454968,-0.029296070496454968
-0.0294092464729132,-0.0294092464729132
-0.029522639669272224,-0.029522639669272224
-0.02963625009402313,-0.02963625009402313
-0.029750077750106057,-0.029750077750106057
-0.029864122634681745,-0.029864122634681745
-0.029978384700696106,-0.029978384700696106
-0.030092864018463252,-0.030092864018463252
-0.03020756046379421,-0.03020756046379421
-0.030322474140270287,-0.030322474140270287
-0.03043760494854386,-0.03043760494854386
-0.03055295299066238,-0.03055295299066238
-0.03066851814796112,-0.03066851814796112
-0.030784300457801523,-0.030784300457801523
-0.030900299931659297,-0.030900299931659297
-0.03101651654253028,-0.03101651654253028
-0.031132950259517785,-0.031132950259517785
-0.031249601098420263,-0.031249601098420263
-0.031366469071627205,-0.031366469071627205
-0.03148355413301021,-0.03148355413301021
-0.031600856270120395,-0.031600856270120395
-0.031718375481486226,-0.031718375481486226
-0.03183611179630732,-0.03183611179630732
-0.0319540651808804,-0.0319540651808804
-0.03207223561445535,-0.03207223561445535
-0.03219062306356624,-0.03219062306356624
-0.03230922759643851,-0.03230922759643851
-0.03242804917142962,-0.03242804917142962
-0.03254708774615527,-0.03254708774615527
-0.03266634333162243,-0.03266634333162243
-0.03278581595703078,-0.03278581595703078
-0.03290550553304277,-0.03290550553304277
-0.03302541211048633,-0.03302541211048633
-0.03314553565681524,-0.03314553565681524
-0.033265876192904165,-0.033265876192904165
-0.03338643364849833,-0.03338643364849833
-0.03350720813335899,-0.03350720813335899
-0.033628199477248814,-0.033628199477248814
-0.03374940778318244,-0.03374940778318244
-0.0338708329719749,-0.0338708329719749
-0.0339924751267452,-0.0339924751267452
-0.034114334166184104,-0.034114334166184104
-0.03423641009281344,-0.03423641009281344
-0.03435870289208975,-0.03435870289208975
-0.034481212588234306,-0.034481212588234306
-0.034603939124948364,-0.034603939124948364
-0.034726882545090904,-0.034726882545090904
-0.03485004275558025,-0.03485004275558025
-0.03497341985771623,-0.03497341985771623
-0.035097013749386105,-0.035097013749386105
-0.03522082444060596,-0.03522082444060596
-0.03534485196784417,-0.03534485196784417
-0.03546909628522745,-0.03546909628522745
-0.03559355737715619,-0.03559355737715619
-0.03571823523545374,-0.03571823523545374
-0.03584312983789253,-0.03584312983789253
-0.03596824123235739,-0.03596824123235739
-0.03609356935312687,-0.03609356935312687
-0.036219114183349305,-0.036219114183349305
-0.03634487576380689,-0.03634487576380689
-0.03647085403900189,-0.03647085403900189
-0.03659704898165128,-0.03659704898165128
-0.036723460672103,-0.036723460672103
-0.03685008903371171,-0.03685008903371171
-0.03697693401159085,-0.03697693401159085
-0.03710399568349538,-0.03710399568349538
-0.03723127398307491,-0.03723127398307491
-0.037358768934521,-0.037358768934521
-0.037486480467116085,-0.037486480467116085
-0.03761440862168983,-0.03761440862168983
-0.03774255340183208,-0.03774255340183208
-0.037870914785339015,-0.037870914785339015
-0.037999492702810306,-0.037999492702810306
-0.0381282872049374,-0.0381282872049374
-0.03825729823609203,-0.03825729823609203
-0.0383865258453576,-0.0383865258453576
-0.03851596998089155,-0.03851596998089155
-0.0386456306260321,-0.0386456306260321
-0.038775507765695834,-0.038775507765695834
-0.03890560144757768,-0.03890560144757768
-0.03903591158584693,-0.03903591158584693
-0.03916643818940414,-0.03916643818940414
-0.03929718120264478,-0.03929718120264478
-0.03942814073707456,-0.03942814073707456
-0.03955931667743767,-0.03955931667743767
-0.03969070902749608,-0.03969070902749608
-0.039822317831865114,-0.039822317831865114
-0.03995414300570502,-0.03995414300570502
-0.04008618457442382,-0.04008618457442382
-0.04021844254319567,-0.04021844254319567
-0.040350916790356406,-0.040350916790356406
-0.04048360747097682,-0.04048360747097682
-0.040616514422960624,-0.040616514422960624
-0.04074963776327849,-0.04074963776327849
-0.04088297739493843,-0.04088297739493843
-0.04101653329895269,-0.04101653329895269
-0.041150305490090223,-0.041150305490090223
-0.04128429396199009,-0.04128429396199009
-0.04141849866907571,-0.04141849866907571
-0.041552919669212346,-0.041552919669212346
-0.04168755684620662,-0.04168755684620662
-0.04182241026384564,-0.04182241026384564
-0.04195747991458176,-0.04195747991458176
-0.042092765736378324,-0.042092765736378324
-0.0422282677211181,-0.0422282677211181
-0.04236398588113716,-0.04236398588113716
-0.042499920187627535,-0.042499920187627535
-0.042636070647282386,-0.042636070647282386
-0.04277243721167694,-0.04277243721167694
-0.042909019889213314,-0.042909019889213314
-0.04304581866148522,-0.04304581866148522
-0.04318283354409823,-0.04318283354409823
-0.043320064434281005,-0.043320064434281005
-0.043457511416107875,-0.043457511416107875
-0.04359517441709298,-0.04359517441709298
-0.04373305348033265,-0.04373305348033265
-0.04387114848378889,-0.04387114848378889
-0.044009459543565985,-0.044009459543565985
-0.04414798656668322,-0.04414798656668322
-0.04428672954229971,-0.04428672954229971
-0.0444256884768832,-0.0444256884768832
-0.044564863340243115,-0.044564863340243115
-0.044704254139968626,-0.044704254139968626
-0.04484386082389674,-0.04484386082389674
-0.04498368339212243,-0.04498368339212243
-0.045123721858073576,-0.045123721858073576
-0.04526397618411286,-0.04526397618411286
-0.04540444634009125,-0.04540444634009125
-0.04554513232572986,-0.04554513232572986
-0.04568603413394983,-0.04568603413394983
-0.045827151729208385,-0.045827151729208385
-0.04596848511110798,-0.04596848511110798
-0.046110034234570454,-0.046110034234570454
-0.04625179913134098,-0.04625179913134098
-0.046393779757510335,-0.046393779757510335
-0.04653597611674552,-0.04653597611674552
-0.04667838814238167,-0.04667838814238167
-0.04682101586955799,-0.04682101586955799
-0.046963859283084296,-0.046963859283084296
-0.04710691833098153,-0.04710691833098153
-0.04725019302766853,-0.04725019302766853
-0.04739368333328877,-0.04739368333328877
-0.04753738920625312,-0.04753738920625312
-0.047681310707405486,-0.047681310707405486
-0.04782544776631903,-0.04782544776631903
-0.04796980040871034,-0.04796980040871034
-0.048114368505420994,-0.048114368505420994
-0.04825915215931131,-0.04825915215931131
-0.048404151327421464,-0.048404151327421464
-0.04854936594610681,-0.04854936594610681
-0.04869479604886889,-0.04869479604886889
-0.048840441607849075,-0.048840441607849075
-0.04898630256479643,-0.04898630256479643
-0.04913237897658529,-0.04913237897658529
-0.04927867073958392,-0.04927867073958392
-0.04942517789542894,-0.04942517789542894
-0.04957190039366034,-0.04957190039366034
-0.049718838242436954,-0.049718838242436954
-0.049865991396710246,-0.049865991396710246
-0.050013359830194025,-0.050013359830194025
-0.050160943614935054,-0.050160943614935054
-0.050308742647455856,-0.050308742647455856
-0.05045675689808211,-0.05045675689808211
-0.050604986377690245,-0.050604986377690245
-0.050753431049621975,-0.050753431049621975
-0.05090209093544625,-0.05090209093544625
-0.051050965982703395,-0.051050965982703395
-0.05120005617757386,-0.05120005617757386
-0.05134936147952467,-0.05134936147952467
-0.05149888191821831,-0.05149888191821831
-0.05164861744870712,-0.05164861744870712
-0.05179856805522535,-0.05179856805522535
-0.051948733711908064,-0.051948733711908064
-0.05209911439544777,-0.05209911439544777
-0.05224971009582248,-0.05224971009582248
-0.052400520726501344,-0.052400520726501344
-0.052551546434069986,-0.052551546434069986
-0.05270278698738781,-0.05270278698738781
-0.052854242554235605,-0.052854242554235605
-0.05300591296431671,-0.05300591296431671
-0.053157798283085526,-0.053157798283085526
-0.05330989848223847,-0.05330989848223847
-0.05346221352315911,-0.05346221352315911
-0.053614743372049176,-0.053614743372049176
-0.05376748807083017,-0.05376748807083017
-0.05392044750932548,-0.05392044750932548
-0.05407362170205484,-0.05407362170205484
-0.0542270106625055,-0.0542270106625055
-0.05438061430433055,-0.05438061430433055
-0.05453443267632262,-0.05453443267632262
-0.05468846572436656,-0.05468846572436656
-0.05484271342891683,-0.05484271342891683
-0.05499717568733858,-0.05499717568733858
-0.055151852656927666,-0.055151852656927666
-0.055306744132361044,-0.055306744132361044
-0.05546185018245155,-0.05546185018245155
-0.055617170769366016,-0.055617170769366016
-0.055772705889075534,-0.055772705889075534
-0.055928455491493875,-0.055928455491493875
-0.05608441960957076,-0.05608441960957076
-0.056240598111815844,-0.056240598111815844
-0.056396991061126125,-0.056396991061126125
-0.05655359840123845,-0.05655359840123845
-0.05671042011845199,-0.05671042011845199
-0.05686745616685186,-0.05686745616685186
-0.05702470655284054,-0.05702470655284054
-0.05718217124749132,-0.05718217124749132
-0.057339850257841565,-0.057339850257841565
-0.057497743464238596,-0.057497743464238596
-0.05765585093418991,-0.05765585093418991
-0.05781417258470109,-0.05781417258470109
-0.05797270846017388,-0.05797270846017388
-0.05813145843428024,-0.05813145843428024
-0.05829042259307631,-0.05829042259307631
-0.058449600805570184,-0.058449600805570184
-0.05860899310492519,-0.05860899310492519
-0.05876859949394202,-0.05876859949394202
-0.058928419905261556,-0.058928419905261556
-0.059088454271394086,-0.059088454271394086
-0.059248702688020224,-0.059248702688020224
-0.059409165010328495,-0.059409165010328495
-0.05956984123109763,-0.05956984123109763
-0.05973073139236772,-0.05973073139236772
-0.05989183542410949,-0.05989183542410949
-0.06005315328746327,-0.06005315328746327
-0.06021468496534596,-0.06021468496534596
-0.06037643040706618,-0.06037643040706618
-0.060538389696502395,-0.060538389696502395
-0.060700562639077374,-0.060700562639077374
-0.0608629492904609,-0.0608629492904609
-0.06102554966932628,-0.06102554966932628
-0.06118836367251053,-0.06118836367251053
-0.061351391350705074,-0.061351391350705074
-0.06151463258578817,-0.06151463258578817
-0.06167808733466938,-0.06167808733466938
-0.06184175569273267,-0.06184175569273267
-0.062005637522221685,-0.062005637522221685
-0.0621697329072048,-0.0621697329072048
-0.06233404168671317,-0.06233404168671317
-0.06249856391613174,-0.06249856391613174
-0.06266329952009086,-0.06266329952009086
-0.06282824848976132,-0.06282824848976132
-0.06299341082130987,-0.06299341082130987
-0.0631587864341928,-0.0631587864341928
-0.06332437533398767,-0.06332437533398767
-0.06349017747341501,-0.06349017747341501
-0.06365619284169924,-0.06365619284169924
-0.06382242138662395,-0.06382242138662395
-0.06398886310306243,-0.06398886310306243
-0.06415551793557037,-0.06415551793557037
-0.06432238584159145,-0.06432238584159145
-0.06448946682364151,-0.06448946682364151
-0.0646567608529541,-0.0646567608529541
-0.06482426787734843,-0.06482426787734843
-0.06499198784031211,-0.06499198784031211
-0.0651599207558605,-0.0651599207558605
-0.06532806661131924,-0.06532806661131924
-0.06549642532665488,-0.06549642532665488
-0.06566499680060323,-0.06566499680060323
-0.06583378117948882,-0.06583378117948882
-0.06600277828513511,-0.06600277828513511
-0.06617198813269674,-0.06617198813269674
-0.06634141071092339,-0.06634141071092339
-0.06651104598643223,-0.06651104598643223
-0.06668089383529242,-0.06668089383529242
-0.06685095434001767,-0.06685095434001767
-0.0670212273897906,-0.0670212273897906
-0.06719171301082622,-0.06719171301082622
-0.06736241111125923,-0.06736241111125923
-0.06753332171906107,-0.06753332171906107
-0.06770444471380169,-0.06770444471380169
-0.06787578013867834,-0.06787578013867834
-0.06804732790307184,-0.06804732790307184
-0.06821908801945478,-0.06821908801945478
-0.0683910604238621,-0.0683910604238621
-0.0685632451088648,-0.0685632451088648
-0.06873564200540672,-0.06873564200540672
-0.06890825109168752,-0.06890825109168752
-0.06908107233050306,-0.06908107233050306
-0.06925410563945819,-0.06925410563945819
-0.06942735112600004,-0.06942735112600004
-0.06960080855497684,-0.06960080855497684
-0.0697744780167704,-0.0697744780167704
-0.06994835948421634,-0.06994835948421634
-0.07012245284834855,-0.07012245284834855
-0.07029675811023509,-0.07029675811023509
-0.07047127521803934,-0.07047127521803934
-0.07064600419423807,-0.07064600419423807
-0.07082094489782328,-0.07082094489782328
-0.07099609735534232,-0.07099609735534232
-0.0711714614510765,-0.0711714614510765
-0.0713470372850202,-0.0713470372850202
-0.07152282470489145,-0.07152282470489145
-0.07169882373506582,-0.07169882373506582
-0.07187503430298628,-0.07187503430298628
-0.07205145633428006,-0.07205145633428006
-0.072228089878173,-0.072228089878173
-0.07240493482044168,-0.07240493482044168
-0.07258199113053956,-0.07258199113053956
-0.07275925882334834,-0.07275925882334834
-0.0729367377488764,-0.0729367377488764
-0.07311442799646127,-0.07311442799646127
-0.07329232943873053,-0.07329232943873053
-0.07347044203284302,-0.07347044203284302
-0.07364876581907655,-0.07364876581907655
-0.07382730065388353,-0.07382730065388353
-0.0740060464993003,-0.0740060464993003
-0.07418500341567236,-0.07418500341567236
-0.07436417129531529,-0.07436417129531529
-0.07454355004184238,-0.07454355004184238
0.9568176310470085,0.9568176310470085
0.9402813699195436,0.9402813699195436
0.9236562881582615,0.9236562881582615
0.9069442297119585,0.9069442297119585
0.8901469318587125,0.8901469318587125
0.8732660354816999,0.8732660354816999
0.8563030935949283,0.8563030935949283
0.8392595792189108,0.8392595792189108
0.822136892215457,0.822136892215457
0.804936365107038,0.804936365107038
0.7876592686758555,0.7876592686758555
0.7703068163793021,0.7703068163793021
0.7528801689636535,0.7528801689636535
0.7353804380513878,0.7353804380513878
0.7178086897342277,0.7178086897342277
0.7001659475419002,0.7001659475419002
0.6824531954535829,0.6824531954535829
0.6646713802826918,0.6646713802826918
0.646821414160863,0.646821414160863
0.6289041765945829,0.6289041765945829
0.6109205164277465,0.6109205164277465
0.5928712536910767,0.5928712536910767
0.5747571811411492,0.5747571811411492
0.556579065998509,0.556579065998509
0.5383376510439444,0.5383376510439444
0.520033656194514,0.520033656194514
0.5016677795449702,0.5016677795449702
0.4832406985957469,0.4832406985957469
0.46475307107550634,0.46475307107550634
0.4462055362688142,0.4462055362688142
0.4275987155675516,0.4275987155675516
0.4089332134688579,0.4089332134688579
0.39020961835167745,0.39020961835167745
0.3714285032165776,0.3714285032165776
0.3525904263242534,0.3525904263242534
0.3336959319060333,0.3336959319060333
0.31474555065831744,0.31474555065831744
0.2957398005294478,0.2957398005294478
0.27667918700509775,0.27667918700509775
0.25756420379803746,0.25756420379803746
0.23839533311691685,0.23839533311691685
0.21917304652054082,0.21917304652054082
0.19989780480718977,0.19989780480718977
0.1805700587685961,0.1805700587685961
0.16119024960373807,0.16119024960373807
0.14175880903122762,0.14175880903122762
0.12227615983382689,0.12227615983382689
0.10274271604387719,0.10274271604387719
0.0831588833656709,0.0831588833656709
0.06352505952816667,0.06352505952816667
0.04384163429232313,0.04384163429232313
0.02410898998911426,0.02410898998911426
0.004327501627292563,0.004327501627292563
-0.015502462765223601,-0.015502462765223601
-0.035380542088869316,-0.035380542088869316
-0.05530638164962021,-0.05530638164962021
-0.07527963332095311,-0.07527963332095311
-0.09529995504660205,-0.09529995504660205
-0.11536701074636646,-0.11536701074636646
-0.13548047014736309,-0.13548047014736309
-0.15564000873311246,-0.15564000873311246
-0.1758453073076951,-0.1758453073076951
-0.19609605196128355,-0.19609605196128355
-0.21639193405924573,-0.21639193405924573
-0.23673264982344167,-0.23673264982344167
-0.25711790045235317,-0.25711790045235317
-0.27754739175967025,-0.27754739175967025
-0.2980208342204871,-0.2980208342204871
-0.31853794269979785,-0.31853794269979785
-0.3390984364781695,-0.3390984364781695
-0.3597020389697385,-0.3597020389697385
-0.3803484778238273,-0.3803484778238273
-0.4010374845896849,-0.4010374845896849
-0.4217687946620359,-0.4217687946620359
-0.4425421474641569,-0.4425421474641569
-0.46335728591559633,-0.46335728591559633
-0.484213956598722,-0.484213956598722
-0.5051119095915708,-0.5051119095915708
-0.5260508984756123,-0.5260508984756123
-0.5470306801116807,-0.5470306801116807
-0.5680510147273559,-0.5680510147273559
-0.589111665562728,-0.589111665562728
-0.6102123991497397,-0.6102123991497397
-0.6313529849179331,-0.6313529849179331
-0.6525331954270222,-0.6525331954270222
-0.6737528060018678,-0.6737528060018678
-0.6950115948019548,-0.6950115948019548
-0.716309342900999,-0.716309342900999
-0.7376458340032115,-0.7376458340032115
-0.7590208542952319,-0.7590208542952319
-0.7804341928164047,-0.7804341928164047
-0.8018856410855619,-0.8018856410855619
-0.8233749929536724,-0.8233749929536724
-0.8449020447910036,-0.8449020447910036
-0.8664665954000559,-0.8664665954000559
-0.8880684458987602,-0.8880684458987602
-0.9097073995802529,-0.9097073995802529
-0.9313832620349065,-0.9313832620349065
-0.9530958410421801,-0.9530958410421801
-0.9748449465177393,-0.9748449465177393
-0.9966303904887885,-0.9966303904887885
-1.0184519870540312,-1.0184519870540312
-1.040309552302038,-1.040309552302038
-1.0622029042074494,-1.0622029042074494
-1.0841318628349765,-1.0841318628349765
-1.1060962501252227,-1.1060962501252227
-1.128095889818125,-1.128095889818125
-1.1501306074946553,-1.1501306074946553
-1.172200230569362,-1.172200230569362
-1.1943045881745529,-1.1943045881745529
-1.2164435111930896,-1.2164435111930896
-1.238616832238558,-1.238616832238558
-1.2608243855230623,-1.2608243855230623
-1.2830660069726978,-1.2830660069726978
-1.305341534024207,-1.305341534024207
-1.3276508058101024,-1.3276508058101024
-1.3499936628754203,-1.3499936628754203
-1.3723699474320723,-1.3723699474320723
-1.3947795030237216,-1.3947795030237216
-1.417222174870055,-1.417222174870055
-1.4396978094356898,-1.4396978094356898
-1.4622062547914991,-1.4622062547914991
-1.4847473601963426,-1.4847473601963426
-1.5073209764671116,-1.5073209764671116
-1.5299269557040915,-1.5299269557040915
-1.5525651512710317,-1.5525651512710317
-1.5752354179010934,-1.5752354179010934
-1.5979376116940438,-1.5979376116940438
-1.6206715898474668,-1.6206715898474668
-1.6434372109192783,-1.6434372109192783
-1.6662343346460178,-1.6662343346460178
-1.6890628219721542,-1.6890628219721542
-1.7119225350445302,-1.7119225350445302
-1.7348133371424226,-1.7348133371424226
-1.7577350927249829,-1.7577350927249829
-1.7806876674019076,-1.7806876674019076
-1.8036709278205574,-1.8036709278205574
-1.8266847418183618,-1.8266847418183618
-1.8497289782405262,-1.8497289782405262
-1.8728035070514268,-1.8728035070514268
-1.8959081991757394,-1.8959081991757394
-1.9190429267000266,-1.9190429267000266
-1.9422075626381021,-1.9422075626381021
-1.9654019809604875,-1.9654019809604875
-1.9886260567805212,-1.9886260567805212
-2.0118796660320215,-2.0118796660320215
-2.035162685714469,-2.035162685714469
-2.0584749936753832,-2.0584749936753832
-2.0818164687700818,-2.0818164687700818
-2.105186990734922,-2.105186990734922
-2.128586440259829,-2.128586440259829
-2.1520146989176903,-2.1520146989176903
-2.175471649083866,-2.175471649083866
-2.1989571740247706,-2.1989571740247706
-2.222471157954579,-2.222471157954579
-2.246013485896407,-2.246013485896407
-2.26958404362903,-2.26958404362903
-2.293182717834031,-2.293182717834031
-2.3168093959469243,-2.3168093959469243
-2.3404639662760953,-2.3404639662760953
-2.3641463178239075,-2.3641463178239075
-2.3878563405196056,-2.3878563405196056
-2.4115939249038174,-2.4115939249038174
-2.435358962347178,-2.435358962347178
-2.459151344957193,-2.459151344957193
-2.482970965658552,-2.482970965658552
-2.5068177179507183,-2.5068177179507183
-2.5306914961380063,-2.5306914961380063
-2.5545921953290893,-2.5545921953290893
-2.5785197111593567,-2.5785197111593567
