-8.550234686354752,-8.550234686354752
-8.514398321739609,-8.514398321739609
-8.477572786470438,-8.477572786470438
-8.439800806040653,-8.439800806040653
-8.401123656263346,-8.401123656263346
-8.361581207581184,-8.361581207581184
-8.321211968207555,-8.321211968207555
-8.280053126124189,-8.280053126124189
-8.23814058995997,-8.23814058995997
-8.195509028775417,-8.195509028775417
-8.152191910776711,-8.152191910776711
-8.108221540982933,-8.108221540982933
-8.063629097869613,-8.063629097869613
-8.018444669011416,-8.018444669011416
-7.9726972857463245,-7.9726972857463245
-7.926414956883361,-7.926414956883361
-7.879624701475428,-7.879624701475428
-7.83235258067857,-7.83235258067857
-7.784623728718507,-7.784623728718507
-7.736462382984941,-7.736462382984941
-7.687891913273861,-7.687891913273861
-7.638934850197499,-7.638934850197499
-7.589612912781559,-7.589612912781559
-7.539947035268655,-7.539947035268655
-7.489957393146789,-7.489957393146789
-7.4396634284212615,-7.4396634284212615
-7.389083874148047,-7.389083874148047
-7.338236778246438,-7.338236778246438
-7.287139526608305,-7.287139526608305
-7.2358088655210935,-7.2358088655210935
-7.184260923421311,-7.184260923421311
-7.132511231994958,-7.132511231994958
-7.08057474664104,-7.08057474664104
-7.028465866313995,-7.028465866313995
-6.976198452760557,-6.976198452760557
-6.923785849166303,-6.923785849166303
-6.871240898226765,-6.871240898226765
-6.8185759596578235,-6.8185759596578235
-6.765802927159681,-6.765802927159681
-6.7129332448484735,-6.7129332448484735
-6.659977923169377,-6.659977923169377
-6.606947554304641,-6.606947554304641
-6.553852327089842,-6.553852327089842
-6.500702041451316,-6.500702041451316
-6.447506122377448,-6.447506122377448
-6.394273633436318,-6.394273633436318
-6.341013289851844,-6.341013289851844
-6.287733471150359,-6.287733471150359
-6.234442233389348,-6.234442233389348
-6.1811473209797265,-6.1811473209797265
-6.127856178112877,-6.127856178112877
-6.07457595980341,-6.07457595980341
-6.021313542558353,-6.021313542558353
-5.968075534683246,-5.968075534683246
-5.914868286235407,-5.914868286235407
-5.861697898634409,-5.861697898634409
-5.8085702339395535,-5.8085702339395535
-5.755490923803948,-5.755490923803948
-5.702465378114538,-5.702465378114538
-5.6494987933273,-5.6494987933273
-5.596596160506492,-5.596596160506492
-5.543762273076736,-5.543762273076736
-5.491001734296487,-5.491001734296487
-5.438318964461217,-5.438318964461217
-5.385718207844464,-5.385718207844464
-5.333203539384695,-5.333203539384695
-5.280778871125786,-5.280778871125786
-5.228447958418649,-5.228447958418649
-5.17621440589144,-5.17621440589144
-5.124081673195545,-5.124081673195545
-5.072053080534387,-5.072053080534387
-5.020131813981919,-5.020131813981919
-4.968320930597511,-4.968320930597511
-4.916623363343722,-4.916623363343722
-4.865041925813341,-4.865041925813341
-4.813579316771899,-4.813579316771899
-4.7622381245216605,-4.7622381245216605
-4.71102083109299,-4.71102083109299
-4.6599298162688525,-4.6599298162688525
-4.608967361447937,-4.608967361447937
-4.5581356533519255,-4.5581356533519255
-4.507436787582125,-4.507436787582125
-4.456872772030609,-4.456872772030609
-4.406445530150892,-4.406445530150892
-4.356156904092962,-4.356156904092962
-4.306008657707408,-4.306008657707408
-4.256002479423251,-4.256002479423251
-4.206139985003893,-4.206139985003893
-4.1564227201855735,-4.1564227201855735
-4.106852163202495,-4.106852163202495
-4.057429727202731,-4.057429727202731
-4.008156762558875,-4.008156762558875
-3.9590345590772706,-3.9590345590772706
-3.9100643481095627,-3.9100643481095627
-3.8612473045701985,-3.8612473045701985
-3.8125845488633643,-3.8125845488633643
-3.7640771487227918,-3.7640771487227918
-3.7157261209676933,-3.7157261209676933
-3.667532433178055,-3.667532433178055
-3.6194970052923474,-3.6194970052923474
-3.5716207111306657,-3.5716207111306657
-3.523904379846191,-3.523904379846191
-3.4763487973077565,-3.4763487973077565
-3.428954707416259,-3.428954707416259
-3.3817228133574972,-3.3817228133574972
-3.3346537787939896,-3.3346537787939896
-3.2877482289982023,-3.2877482289982023
-3.241006751929555,-3.241006751929555
-3.1944298992574702,-3.1944298992574702
-3.148018187332668,-3.148018187332668
-3.1017720981088193,-3.1017720981088193
-3.055692080016601,-3.055692080016601
-3.0097785487921205,-3.0097785487921205
-2.9640318882615952,-2.9640318882615952
-2.9184524510841188,-2.9184524510841188
-2.8730405594542585,-2.8730405594542585
-2.8277965057661785,-2.8277965057661785
-2.782720553240899,-2.782720553240899
-2.737812936518258,-2.737812936518258
-2.6930738622150634,-2.6930738622150634
-2.648503509450871,-2.648503509450871
-2.6041020303427618,-2.6041020303427618
-2.5598695504704443,-2.5598695504704443
-2.51580616931293,-2.51580616931293
-2.471911960658005,-2.471911960658005
-2.4281869729856425,-2.4281869729856425
-2.38463122982647,-2.38463122982647
-2.3412447300963355,-2.3412447300963355
-2.298027448407994,-2.298027448407994
-2.2549793353608583,-2.2549793353608583
-2.2121003178097487,-2.2121003178097487
-2.1693902991134943,-2.1693902991134943
-2.12684915936423,-2.12684915936423
-2.0844767555981614,-2.0844767555981614
-2.0422729219885705,-2.0422729219885705
-2.000237470021743,-2.000237470021743
-1.958370188656507,-1.958370188656507
-1.916670844468016,-1.916670844468016
-1.8751391817763745,-1.8751391817763745
-1.8337749227606757,-1.8337749227606757
-1.7925777675589845,-1.7925777675589845
-1.7515473943547681,-1.7515473943547681
-1.7106834594502505,-1.7106834594502505
-1.6699855973271278,-1.6699855973271278
-1.629453420695066,-1.629453420695066
-1.5890865205283613,-1.5890865205283613
-1.5488844660911296,-1.5488844660911296
-1.5088468049513553,-1.5088468049513553
-1.4689730629841153,-1.4689730629841153
-1.4292627443642618,-1.4292627443642618
-1.3897153315488242,-1.3897153315488242
-1.3503302852493833,-1.3503302852493833
-1.311107044394627,-1.311107044394627
-1.2720450260832923,-1.2720450260832923
-1.233143625527676,-1.233143625527676
-1.1944022159878747,-1.1944022159878747
-1.1558201486968942,-1.1558201486968942
-1.1173967527767592,-1.1173967527767592
-1.0791313351457297,-1.0791313351457297
-1.0410231804167143,-1.0410231804167143
-1.0030715507869632,-1.0030715507869632
-0.965275685919096,-0.965275685919096
-0.9276348028135158,-0.9276348028135158
-0.8901480956722397,-0.8901480956722397
-0.8528147357541657,-0.8528147357541657
-0.8156338712217821,-0.8156338712217821
-0.7786046269793141,-0.7786046269793141
-0.7417261045022829,-0.7417261045022829
-0.7049973816584534,-0.7049973816584534
-0.6684175125201207,-0.6684175125201207
-0.6319855271676867,-0.6319855271676867
-0.5957004314844554,-0.5957004314844554
-0.5595612069425787,-0.5595612069425787
-0.5235668103800569,-0.5235668103800569
-0.4877161737687025,-0.4877161737687025
-0.45200820397295993,-0.45200820397295993
-0.41644178249946023,-0.41644178249946023
-0.3810157652371872,-0.3810157652371872
-0.3457289821881152,-0.3457289821881152
-0.31058023718817385,-0.31058023718817385
-0.27556830761838164,-0.27556830761838164
-0.24069194410598313,-0.24069194410598313
-0.20594987021541356,-0.20594987021541356
-0.1713407821289058,-0.1713407821289058
-0.13686334831654381,-0.13686334831654381
-0.10251620919555708,-0.10251620919555708
-0.06829797677864322,-0.06829797677864322
-0.03420723431108973,-0.03420723431108973
-0.00024253589646277375,-0.00024253589646277375
0.03359759388938513,0.03359759388938513
0.06731466039624369,0.06731466039624369
0.10091019930967943,0.10091019930967943
0.13438577707365307,0.13438577707365307
0.16774299132591183,0.16774299132591183
0.2009834713464582,0.2009834713464582
0.23410887851941023,0.23410887851941023
0.26712090680858064,0.26712090680858064
0.3000212832471146,0.3000212832471146
0.3328117684415409,0.3328117684415409
0.36549415709060384,0.36549415709060384
0.39807027851925775,0.39807027851925775
0.4305419972282223,0.4305419972282223
0.46291121345951103,0.46291121345951103
0.49517986377836126,0.49517986377836126
0.5273499216720127,0.5273499216720127
0.5594233981657963,0.5594233981657963
0.591402342457015,0.591402342457015
0.623288842567116,0.623288842567116
0.6550850260126742,0.6550850260126742
0.686793060495725,0.686793060495725
0.7184151546140074,0.7184151546140074
0.7499535585917013,0.7499535585917013
0.7814105650312578,0.7814105650312578
0.8127885096869576,0.8127885096869576
0.8440897722608454,0.8440897722608454
0.875316777221717,0.875316777221717
0.9064719946478653,0.9064719946478653
0.9375579410943162,0.9375579410943162
0.9685771804853078,0.9685771804853078
0.9995323250328058,0.9995323250328058
1.030426036181872,1.030426036181872
1.0612610255837325,1.0612610255837325
1.0920400560974282,1.0920400560974282
1.1227659428209624,1.1227659428209624
1.1534415541528964,1.1534415541528964
1.184069812885371,1.184069812885371
1.2146536973295852,1.2146536973295852
1.2451962424747844,1.2451962424747844
1.275700541181863,1.275700541181863
1.3061697454127121,1.3061697454127121
1.3366070674965103,1.3366070674965103
1.3670157814341637,1.3670157814341637
1.3973992242421813,1.3973992242421813
1.4277607973372903,1.4277607973372903
1.458103967963163,1.458103967963163
1.4884322706606627,1.4884322706606627
1.5187493087830721,1.5187493087830721
1.549058756057823,1.549058756057823
1.5793643581962904,1.5793643581962904
1.6096699345532768,1.6096699345532768
1.6399793798378697,1.6399793798378697
1.6702966658774003,1.6702966658774003
1.7006258434363157,1.7006258434363157
1.7309710440918122,1.7309710440918122
1.7613364821681576,1.7613364821681576
1.7917264567316897,1.7917264567316897
1.8221453536485455,1.8221453536485455
1.8525976477072392,1.8525976477072392
1.8830879048082918,1.8830879048082918
1.9136207842231652,1.9136207842231652
1.944201040924849,1.944201040924849
1.9748335279925113,1.9748335279925113
2.0055231990927025,2.0055231990927025
2.0362751110396915,2.0362751110396915
2.0670944264375795,2.0670944264375795
2.097986416406939,2.097986416406939
2.1289564633987856,2.1289564633987856
2.1600100640988105,2.1600100640988105
2.191152832424859,2.191152832424859
2.222390502620756,2.222390502620756
2.253728932449663,2.253728932449663
2.2851741064902424,2.2851741064902424
2.3167321395390186,2.3167321395390186
2.3484092801224095,2.3484092801224095
2.3802119141220155,2.3802119141220155
2.412146568516853,2.412146568516853
2.4442199152463258,2.4442199152463258
2.4764387751978463,2.4764387751978463
2.50881012232312,2.50881012232312
2.5413410878872167,2.5413410878872167
2.5740389648546897,2.5740389648546897
2.6069112124171094,2.6069112124171094
2.6399654606664793,2.6399654606664793
2.6732095154191873,2.6732095154191873
2.7066513631951774,2.7066513631951774
2.7402991763572713,2.7402991763572713
2.774161318415582,2.774161318415582
2.8082463495022,2.8082463495022
2.8425630320213933,2.8425630320213933
2.877120336480743,2.877120336480743
2.9119274475087726,2.9119274475087726
2.9469937700647564,2.9469937700647564
2.982328935846558,2.982328935846558
3.017942809902496,3.017942809902496
3.053845497453389,3.053845497453389
3.0900473509310675,3.0900473509310675
3.126558977239835,3.126558977239835
3.163391245247496,3.163391245247496
3.2005552935127306,3.2005552935127306
3.2380625382557935,3.2380625382557935
3.2759246815796432,3.2759246815796432
3.314153719948806,3.314153719948806
3.3527619529334656,3.3527619529334656
3.3917619922264133,3.3917619922264133
3.431166770940711,3.431166770940711
3.4709895531960897,3.4709895531960897
3.5112439440022793,3.5112439440022793
3.551943899447698,3.551943899447698
3.593103737202082,3.593103737202082
3.6347381473418556,3.6347381473418556
3.6768622035072402,3.6768622035072402
3.7194913744003086,3.7194913744003086
3.7626415356333864,3.7626415356333864
3.8063289819374218,3.8063289819374218
3.8505704397401685,3.8505704397401685
3.8953830801242204,3.8953830801242204
3.9407845321751833,3.9407845321751833
3.986792896730472,3.986792896730472
4.033426760539469,4.033426760539469
4.0807052108459905,4.0807052108459905
4.128647850404258,4.128647850404258
4.177274812939814,4.177274812939814
4.2266067790670325,4.2266067790670325
4.276664992675157,4.276664992675157
4.3274712777950395,4.3274712777950395
4.3790480559589735,4.3790480559589735
4.431418364066331,4.431418364066331
4.484605872767901,4.484605872767901
4.538634905382161,4.538634905382161
4.593530457356934,4.593530457356934
4.649318216290149,4.649318216290149
4.706024582523774,4.706024582523774
4.763676690325135,4.763676690325135
4.822302429670249,4.822302429670249
4.881930468644044,4.881930468644044
4.942590276472529,4.942590276472529
5.004312147202474,5.004312147202474
5.067127224044252,5.067127224044252
5.13106752439393,5.13106752439393
5.196165965550958,5.196165965550958
5.262456391148092,5.262456391148092
5.3299735983105645,5.3299735983105645
5.398753365561749,5.398753365561749
5.468832481492981,5.468832481492981
5.54024877421544,5.54024877421544
5.613041141612389,5.613041141612389
5.687249582410363,5.687249582410363
5.762915228088274,5.762915228088274
5.8400803756436765,5.8400803756436765
5.9187885212359115,5.9187885212359115
5.999084394726018,5.999084394726018
6.081013995133843,6.081013995133843
6.164624627033013,6.164624627033013
6.249964937904829,6.249964937904829
6.337084956472574,6.337084956472574
6.4260361320379875,6.4260361320379875
6.51687137484214,6.51687137484214
6.609645097473259,6.609645097473259
6.704413257344494,6.704413257344494
6.801233400264937,6.801233400264937
6.900164705127698,6.900164705127698
7.001268029739123,7.001268029739123
7.104605957813781,7.104605957813781
7.210242847160117,7.210242847160117
7.3182448790822265,7.3182448790822265
7.428680109023473,7.428680109023473
7.541618518478251,7.541618518478251
7.657132068198469,7.657132068198469
7.775294752721932,7.775294752721932
7.896182656250062,7.896182656250062
8.01987400990298,8.01987400990298
10.495184466778607,10.495184466778607
10.474455551971614,10.474455551971614
10.453596643607737,10.453596643607737
10.432926953594045,10.432926953594045
10.412725659038788,10.412725659038788
10.393243789376935,10.393243789376935
10.37471195231152,10.37471195231152
10.357345615436383,10.357345615436383
10.34134886621074,10.34134886621074
10.326917179832341,10.326917179832341
10.314239515396057,10.314239515396057
10.303499942770511,10.303499942770511
10.294878932831697,10.294878932831697
10.288554400692227,10.288554400692227
10.284702564141819,10.284702564141819
10.283498661497623,10.283498661497623
10.285117560911932,10.285117560911932
10.28973428480168,10.28973428480168
10.297524467158782,10.297524467158782
10.308664757267309,10.308664757267309
10.323333180264694,10.323333180264694
10.341709462701253,10.341709462701253
10.363975329538073,10.363975329538073
10.390314777722711,10.390314777722711
10.420914330483404,10.420914330483404
10.455963275706566,10.455963275706566
10.49565389115602,10.49565389115602
10.540181658811655,10.540181658811655
10.589745470222955,10.589745470222955
10.644547824465757,10.644547824465757
10.704795020041962,10.704795020041962
10.77069734185974,10.77069734185974
10.842469244266132,10.842469244266132
10.920329530967184,10.920329530967184
11.004501532557821,11.004501532557821
11.095213282289302,11.095213282289302
11.192697690623392,11.192697690623392
11.297192719055797,11.297192719055797
