-5.69302747844459,-5.69302747844459
-5.717593190606759,-5.717593190606759
-5.610125354700761,-5.610125354700761
-5.414773540113164,-5.414773540113164
-5.16165466005627,-5.16165466005627
-4.8710018758903,-4.8710018758903
-4.556204699599801,-4.556204699599801
-4.225994955254513,-4.225994955254513
-3.885985795805955,-3.885985795805955
-3.539729919476345,-3.539729919476345
-3.1894280070789507,-3.1894280070789507
-2.8363887246610555,-2.8363887246610555
-2.481316921674798,-2.481316921674798
-2.1244864202498874,-2.1244864202498874
-1.7658375528580257,-1.7658375528580257
-1.4050268805143322,-1.4050268805143322
-1.0414468284486635,-1.0414468284486635
-0.6742258276920283,-0.6742258276920283
-0.3022144660527242,-0.3022144660527242
0.07604035270399749,0.07604035270399749
0.4623336502175685,0.4623336502175685
0.8588552178437594,0.8588552178437594
1.2682609293017189,1.2682609293017189
1.6937684025386301,1.6937684025386301
2.1392857429188163,2.1392857429188163
2.609586270003911,2.609586270003911
3.110548102493186,3.110548102493186
3.649485733545753,3.649485733545753
4.235611754916668,4.235611754916668
4.88068116631434,4.88068116631434
5.599888719334715,5.599888719334715
6.413111976455805,6.413111976455805
7.346619698091837,7.346619698091837
8.435397287817096,8.435397287817096
9.726278810782777,9.726278810782777
11.282119036273622,11.282119036273622
13.187289525491794,13.187289525491794
16.267000219011233,16.267000219011233
16.622292536807606,16.622292536807606
17.603225521836713,17.603225521836713
