-7.001996949080812,-7.001996949080812
-7.0423435788338775,-7.0423435788338775
-7.037882079696496,-7.037882079696496
-7.016623032120835,-7.016623032120835
-6.984798263191514,-6.984798263191514
-6.9453753384974375,-6.9453753384974375
-6.900103570342971,-6.900103570342971
-6.850138909729465,-6.850138909729465
-6.796302589322256,-6.796302589322256
-6.739208160800313,-6.739208160800313
-6.679331339821892,-6.679331339821892
-6.617051636001745,-6.617051636001745
-6.5526787261395265,-6.5526787261395265
-6.486469980600503,-6.486469980600503
-6.418642568670853,-6.418642568670853
-6.349382089953795,-6.349382089953795
-6.278848895339792,-6.278848895339792
-6.207182822511706,-6.207182822511706
-6.1345068139415915,-6.1345068139415915
-6.0609297287478565,-6.0609297287478565
-5.986548561121542,-5.986548561121542
-5.911450214026837,-5.911450214026837
-5.83571293428067,-5.83571293428067
-5.759407486109555,-5.759407486109555
-5.682598120126182,-5.682598120126182
-5.605343380404989,-5.605343380404989
-5.527696782074741,-5.527696782074741
-5.449707384353065,-5.449707384353065
-5.371420278400609,-5.371420278400609
-5.292877005214426,-5.292877005214426
-5.214115915627213,-5.214115915627213
-5.135172482062679,-5.135172482062679
-5.056079569827339,-5.056079569827339
-4.976867674258531,-4.976867674258531
-4.8975651288981075,-4.8975651288981075
-4.818198288947892,-4.818198288947892
-4.738791693532574,-4.738791693532574
-4.65936820970731,-4.65936820970731
-4.579949160670407,-4.579949160670407
-4.500554440252329,-4.500554440252329
-4.4212026154332005,-4.4212026154332005
-4.341911018377552,-4.341911018377552
-4.262695829256802,-4.262695829256802
-4.183572150948001,-4.183572150948001
-4.104554076544983,-4.104554076544983
-4.025654750490066,-4.025654750490066
-3.9468864240261468,-3.9468864240261468
-3.868260505577426,-3.868260505577426
-3.7897876065887695,-3.7897876065887695
-3.711477583287137,-3.711477583287137
-3.633339574771216,-3.633339574771216
-3.555382037786198,-3.555382037786198
-3.477612778498189,-3.477612778498189
-3.4000389815459493,-3.4000389815459493
-3.3226672366154837,-3.3226672366154837
-3.2455035627558946,-3.2455035627558946
-3.1685534306293692,-3.1685534306293692
-3.0918217828680756,-3.0918217828680756
-3.0153130526912926,-3.0153130526912926
-2.9390311809198293,-2.9390311809198293
-2.862979631510222,-2.862979631510222
-2.787161405718234,-2.787161405718234
-2.711579054989756,-2.711579054989756
-2.6362346926669913,-2.6362346926669913
-2.561130004588691,-2.561130004588691
-2.486266258655015,-2.486266258655015
-2.4116443134203327,-2.4116443134203327
-2.337264625770602,-2.337264625770602
-2.2631272577360586,-2.2631272577360586
-2.1892318824845396,-2.1892318824845396
-2.1155777895358203,-2.1155777895358203
-2.0421638892329397,-2.0421638892329397
-1.9689887165023177,-1.9689887165023177
-1.8960504339307607,-1.8960504339307607
-1.8233468341839532,-1.8233468341839532
-1.7508753417878207,-1.7508753417878207
-1.678633014291168,-1.678633014291168
-1.606616542825177,-1.606616542825177
-1.5348222520727366,-1.5348222520727366
-1.4632460996580747,-1.4632460996580747
-1.391883674964808,-1.391883674964808
-1.3207301973882535,-1.3207301973882535
-1.2497805140256795,-1.2497805140256795
-1.179029096806054,-1.179029096806054
-1.1084700390588054,-1.1084700390588054
-1.03809705151909,-1.03809705151909
-0.9679034577650522,-0.9679034577650522
-0.8978821890806237,-0.8978821890806237
-0.8280257787353617,-0.8280257787353617
-0.7583263556709051,-0.7583263556709051
-0.6887756375815179,-0.6887756375815179
-0.6193649233742132,-0.6193649233742132
-0.5500850849917454,-0.5500850849917454
-0.4809265585796576,-0.4809265585796576
-0.41187933497623747,-0.41187933497623747
-0.3429329495019447,-0.3429329495019447
-0.27407647102235144,-0.27407647102235144
-0.20529849025611585,-0.20529849025611585
-0.13658710729672974,-0.13658710729672974
-0.06792991831394454,-0.06792991831394454
0.0006859986022870882,0.0006859986022870882
0.06927409849576412,0.06927409849576412
0.1378483855397468,0.1378483855397468
0.20642343002199057,0.20642343002199057
0.27501438637063,0.27501438637063
0.3436370122767012,0.3436370122767012
0.4123076889736629,0.4123076889736629
0.48104344273921146,0.48104344273921146
0.5498619676900102,0.5498619676900102
0.6187816499457235,0.6187816499457235
0.6878215932449693,0.6878215932449693
0.7570016461025801,0.7570016461025801
0.8263424306049115,0.8263424306049115
0.8958653729479324,0.8958653729479324
0.9655927358315323,0.9655927358315323
1.0355476528329985,1.0355476528329985
1.1057541648929252,1.1057541648929252
1.1762372590582861,1.1762372590582861
1.2470229096396257,1.2470229096396257
1.318138121953132,1.318138121953132
1.3896109788331357,1.3896109788331357
1.4614706901170857,1.4614706901170857
1.5337476453230747,1.5337476453230747
1.6064734697599052,1.6064734697599052
1.6796810843316285,1.6796810843316285
1.7534047693227741,1.7534047693227741
1.8276802324772863,1.8276802324772863
1.9025446817139302,1.9025446817139302
1.9780369028539078,1.9780369028539078
2.05419734277303,2.05419734277303
2.131068198431573,2.131068198431573
2.208693512280325,2.208693512280325
2.287119274592017,2.287119274592017
2.3663935333239423,2.3663935333239423
2.446566512180971,2.446566512180971
2.5276907376192455,2.5276907376192455
2.609821175610676,2.609821175610676
2.693015379078191,2.693015379078191
2.777333647012993,2.777333647012993
2.862839196399299,2.862839196399299
2.9495983482016794,2.9495983482016794
3.0376807288164396,3.0376807288164396
3.1271594885555287,3.1271594885555287
3.2181115389207418,3.2181115389207418
3.310617810642717,3.310617810642717
3.4047635347064724,3.4047635347064724
3.5006385488688627,3.5006385488688627
3.5983376324991125,3.5983376324991125
3.6979608729487254,3.6979608729487254
3.7996140670902605,3.7996140670902605
3.9034091621659193,3.9034091621659193
4.009464740669085,4.009464740669085
4.11790655465965,4.11790655465965
4.228868115705444,4.228868115705444
4.342491347569051,4.342491347569051
4.458927309848636,4.458927309848636
4.578337002065759,4.578337002065759
4.70089225921289,4.70089225921289
4.826776751577891,4.826776751577891
4.956187103814136,4.956187103814136
5.089334150799397,5.089334150799397
5.226444350921389,5.226444350921389
5.367761381162489,5.367761381162489
5.513547942886326,5.513547942886326
5.664087812747403,5.664087812747403
5.819688179904895,5.819688179904895
5.980682319043191,5.980682319043191
6.147432659006522,6.147432659006522
6.320334319688335,6.320334319688335
6.499819205901989,6.499819205901989
6.68636076725324,6.68636076725324
6.880479558821952,6.880479558821952
7.082749770469421,7.082749770469421
7.293806935182729,7.293806935182729
7.5143570822982175,7.5143570822982175
7.745187674240591,7.745187674240591
7.987180761945212,7.987180761945212
8.241328923485254,8.241328923485254
8.508754725726947,8.508754725726947
8.790734689316704,8.790734689316704
9.088729071581223,9.088729071581223
9.40441925330178,9.40441925330178
9.739755190546902,9.739755190546902
10.097016376744811,10.097016376744811
10.47889122158735,10.47889122158735
10.88858196985343,10.88858196985343
11.329945724503775,11.329945724503775
11.80768762313039,11.80768762313039
12.327631221245328,12.327631221245328
12.897106425800725,12.897106425800725
13.52552231266871,13.52552231266871
14.225242006948829,14.225242006948829
15.012973894844498,15.012973894844498
15.912095032029642,15.912095032029642
16.95677530029497,16.95677530029497
18.19989269212654,18.19989269212654
19.729892235653587,19.729892235653587
21.712385508249213,21.712385508249213
24.51908791081568,24.51908791081568
29.339187308994518,29.339187308994518
