-7.208021717624599,-7.208021717624599
-7.210325961611138,-7.210325961611138
-7.210070624775334,-7.210070624775334
-7.208686481622591,-7.208686481622591
-7.206559077054399,-7.206559077054399
-7.203877105502924,-7.203877105502924
-7.200753323934673,-7.200753323934673
-7.197262889736117,-7.197262889736117
-7.193459534320493,-7.193459534320493
-7.189383602866535,-7.189383602866535
-7.185066511574714,-7.185066511574714
-7.18053342081427,-7.18053342081427
-7.175804936722861,-7.175804936722861
-7.1708982463400455,-7.1708982463400455
-7.165827904098317,-7.165827904098317
-7.160606394083107,-7.160606394083107
-7.155244542710902,-7.155244542710902
-7.149751828496381,-7.149751828496381
-7.144136619122371,-7.144136619122371
-7.13840635596704,-7.13840635596704
-7.132567699887007,-7.132567699887007
-7.126626647921798,-7.126626647921798
-7.120588627828114,-7.120588627828114
-7.114458575471458,-7.114458575471458
-7.108240998793562,-7.108240998793562
-7.101940031146083,-7.101940031146083
-7.095559476112623,-7.095559476112623
-7.089102845452325,-7.089102845452325
-7.082573391436038,-7.082573391436038
-7.07597413457422,-7.07597413457422
-7.0693078875294,-7.0693078875294
-7.062577275847746,-7.062577275847746
-7.055784756021759,-7.055784756021759
-7.0489326313001825,-7.0489326313001825
-7.042023065585817,-7.042023065585817
-7.035058095701841,-7.035058095701841
-7.028039642259259,-7.028039642259259
-7.020969519319367,-7.020969519319367
-7.0138494430137985,-7.0138494430137985
-7.006681039259003,-7.006681039259003
-6.999465850681086,-6.999465850681086
-6.992205342849507,-6.992205342849507
-6.984900909903761,-6.984900909903761
-6.977553879645213,-6.977553879645213
-6.970165518156149,-6.970165518156149
-6.962737033999661,-6.962737033999661
-6.955269582046887,-6.955269582046887
-6.947764266972036,-6.947764266972036
-6.940222146450466,-6.940222146450466
-6.932644234090725,-6.932644234090725
-6.92503150212763,-6.92503150212763
-6.9173848839002545,-6.9173848839002545
-6.9097052761358935,-6.9097052761358935
-6.9019935410586,-6.9019935410586
-6.894250508338861,-6.894250508338861
-6.886476976899047,-6.886476976899047
-6.8786737165877865,-6.8786737165877865
-6.870841469734905,-6.870841469734905
-6.862980952597403,-6.862980952597403
-6.855092856705875,-6.855092856705875
-6.8471778501197695,-6.8471778501197695
-6.839236578599072,-6.839236578599072
-6.8312696666992805,-6.8312696666992805
-6.823277718795828,-6.823277718795828
-6.815261320043557,-6.815261320043557
-6.807221037276292,-6.807221037276292
-6.7991574198511415,-6.7991574198511415
-6.791071000441701,-6.791071000441701
-6.782962295783945,-6.782962295783945
-6.77483180737831,-6.77483180737831
-6.7666800221511245,-6.7666800221511245
-6.7585074130783,-6.7585074130783
-6.750314439773914,-6.750314439773914
-6.742101549046134,-6.742101549046134
-6.7338691754227336,-6.7338691754227336
-6.7256177416482155,-6.7256177416482155
-6.717347659154459,-6.717347659154459
-6.709059328506635,-6.709059328506635
-6.70075313982597,-6.70075313982597
-6.692429473190859,-6.692429473190859
-6.68408869901769,-6.68408869901769
-6.675731178422657,-6.675731178422657
-6.667357263565713,-6.667357263565713
-6.658967297977766,-6.658967297977766
-6.650561616872131,-6.650561616872131
-6.642140547441154,-6.642140547441154
-6.633704409138907,-6.633704409138907
-6.625253513950732,-6.625253513950732
-6.616788166650414,-6.616788166650414
-6.608308665045677,-6.608308665045677
-6.599815300212655,-6.599815300212655
-6.591308356719944,-6.591308356719944
-6.582788112842831,-6.582788112842831
-6.574254840768213,-6.574254840768213
-6.565708806790692,-6.565708806790692
-6.557150271500366,-6.557150271500366
-6.548579489962692,-6.548579489962692
-6.539996711890877,-6.539996711890877
-6.531402181811161,-6.531402181811161
-6.522796139221359,-6.522796139221359
-6.5141788187430105,-6.5141788187430105
-6.505550450267437,-6.505550450267437
-6.496911259096026,-6.496911259096026
-6.488261466075025,-6.488261466075025
-6.479601287725088,-6.479601287725088
-6.47093093636586,-6.47093093636586
-6.4622506202358165,-6.4622506202358165
-6.453560543607573,-6.453560543607573
-6.444860906898901,-6.444860906898901
-6.43615190677963,-6.43615190677963
-6.427433736274628,-6.427433736274628
-6.418706584863044,-6.418706584863044
-6.40997063857397,-6.40997063857397
-6.401226080078701,-6.401226080078701
-6.392473088779725,-6.392473088779725
-6.383711840896577,-6.383711840896577
-6.374942509548748,-6.374942509548748
-6.366165264835697,-6.366165264835697
-6.3573802739141465,-6.3573802739141465
-6.348587701072774,-6.348587701072774
-6.3397877078043585,-6.3397877078043585
-6.330980452875563,-6.330980452875563
-6.322166092394385,-6.322166092394385
-6.313344779875405,-6.313344779875405
-6.304516666302926,-6.304516666302926
-6.295681900192047,-6.295681900192047
-6.286840627647827,-6.286840627647827
-6.277992992422526,-6.277992992422526
-6.269139135971084,-6.269139135971084
-6.2602791975048415,-6.2602791975048415
-6.251413314043606,-6.251413314043606
-6.242541620466109,-6.242541620466109
-6.233664249558939,-6.233664249558939
-6.224781332063975,-6.224781332063975
-6.215892996724411,-6.215892996724411
-6.206999370329384,-6.206999370329384
-6.198100577757309,-6.198100577757309
-6.189196742017919,-6.189196742017919
-6.180287984293086,-6.180287984293086
-6.171374423976458,-6.171374423976458
-6.162456178711964,-6.162456178711964
-6.153533364431195,-6.153533364431195
-6.144606095389762,-6.144606095389762
-6.135674484202593,-6.135674484202593
-6.126738641878277,-6.126738641878277
-6.11779867785242,-6.11779867785242
-6.108854700020116,-6.108854700020116
-6.099906814767499,-6.099906814767499
-6.090955127002458,-6.090955127002458
-6.081999740184506,-6.081999740184506
-6.073040756353867,-6.073040756353867
-6.064078276159767,-6.064078276159767
-6.055112398887985,-6.055112398887985
-6.04614322248768,-6.04614322248768
-6.037170843597523,-6.037170843597523
-6.028195357571134,-6.028195357571134
-6.019216858501874,-6.019216858501874
-6.010235439247007,-6.010235439247007
-6.001251191451235,-6.001251191451235
-5.992264205569634,-5.992264205569634
-5.983274570890034,-5.983274570890034
-5.974282375554815,-5.974282375554815
-5.965287706582191,-5.965287706582191
-5.956290649886924,-5.956290649886924
-5.947291290300579,-5.947291290300579
-5.938289711591255,-5.938289711591255
-5.929285996482844,-5.929285996482844
-5.920280226673829,-5.920280226673829
-5.9112724828556305,-5.9112724828556305
-5.902262844730516,-5.902262844730516
-5.893251391029085,-5.893251391029085
-5.8842381995273465,-5.8842381995273465
-5.875223347063388,-5.875223347063388
-5.866206909553666,-5.866206909553666
-5.857188962008922,-5.857188962008922
-5.84816957854972,-5.84816957854972
-5.839148832421637,-5.839148832421637
-5.830126796010109,-5.830126796010109
-5.821103540854943,-5.821103540854943
-5.812079137664497,-5.812079137664497
-5.803053656329546,-5.803053656329546
-5.794027165936838,-5.794027165936838
-5.784999734782359,-5.784999734782359
-5.775971430384292,-5.775971430384292
-5.766942319495705,-5.766942319495705
-5.757912468116958,-5.757912468116958
-5.748881941507842,-5.748881941507842
-5.739850804199457,-5.739850804199457
-5.730819120005838,-5.730819120005838
-5.721786952035327,-5.721786952035327
-5.712754362701717,-5.712754362701717
-5.7037214137351455,-5.7037214137351455
-5.694688166192772,-5.694688166192772
-5.685654680469227,-5.685654680469227
-5.67662101630685,-5.67662101630685
-5.6675872328057055,-5.6675872328057055
-5.6585533884334085,-5.6585533884334085
-5.649519541034729,-5.649519541034729
-5.6404857478410335,-5.6404857478410335
-5.631452065479496,-5.631452065479496
-5.622418549982156,-5.622418549982156
-5.613385256794776,-5.613385256794776
-5.604352240785535,-5.604352240785535
-5.595319556253543,-5.595319556253543
-5.5862872569371875,-5.5862872569371875
-5.577255396022317,-5.577255396022317
-5.568224026150271,-5.568224026150271
-5.559193199425741,-5.559193199425741
-5.550162967424496,-5.550162967424496
-5.541133381200939,-5.541133381200939
-5.532104491295539,-5.532104491295539
-5.523076347742115,-5.523076347742115
-5.514049000074968,-5.514049000074968
-5.505022497335897,-5.505022497335897
-5.495996888081081,-5.495996888081081
-5.486972220387814,-5.486972220387814
-5.4779485418611396,-5.4779485418611396
-5.468925899640344,-5.468925899640344
-5.459904340405338,-5.459904340405338
-5.45088391038292,-5.45088391038292
-5.4418646553529255,-5.4418646553529255
-5.432846620654261,-5.432846620654261
-5.423829851190831,-5.423829851190831
-5.4148143914373605,-5.4148143914373605
-5.405800285445108,-5.405800285445108
-5.39678757684748,-5.39678757684748
-5.387776308865549,-5.387776308865549
-5.378766524313456,-5.378766524313456
-5.36975826560375,-5.36975826560375
-5.360751574752595,-5.360751574752595
-5.351746493384922,-5.351746493384922
-5.342743062739465,-5.342743062739465
-5.33374132367372,-5.33374132367372
-5.324741316668823,-5.324741316668823
-5.315743081834338,-5.315743081834338
-5.30674665891296,-5.30674665891296
-5.297752087285142,-5.297752087285142
-5.288759405973648,-5.288759405973648
-5.279768653648022,-5.279768653648022
-5.270779868628983,-5.270779868628983
-5.261793088892751,-5.261793088892751
-5.252808352075293,-5.252808352075293
-5.243825695476501,-5.243825695476501
-5.234845156064313,-5.234845156064313
-5.225866770478742,-5.225866770478742
-5.216890575035865,-5.216890575035865
-5.20791660573172,-5.20791660573172
-5.198944898246166,-5.198944898246166
-5.189975487946666,-5.189975487946666
-5.181008409892001,-5.181008409892001
-5.172043698835944,-5.172043698835944
-5.163081389230869,-5.163081389230869
-5.154121515231279,-5.154121515231279
-5.14516411069732,-5.14516411069732
-5.136209209198203,-5.136209209198203
-5.127256844015587,-5.127256844015587
-5.118307048146915,-5.118307048146915
-5.1093598543086785,-5.1093598543086785
-5.100415294939653,-5.100415294939653
-5.091473402204066,-5.091473402204066
-5.082534207994728,-5.082534207994728
-5.073597743936105,-5.073597743936105
-5.064664041387359,-5.064664041387359
-5.055733131445311,-5.055733131445311
-5.046805044947405,-5.046805044947405
-5.037879812474583,-5.037879812474583
-5.028957464354141,-5.028957464354141
-5.020038030662543,-5.020038030662543
-5.011121541228171,-5.011121541228171
-5.002208025634057,-5.002208025634057
-4.99329751322057,-4.99329751322057
-4.98439003308805,-4.98439003308805
-4.975485614099414,-4.975485614099414
-4.966584284882729,-4.966584284882729
-4.957686073833724,-4.957686073833724
-4.9487910091183,-4.9487910091183
-4.939899118674961,-4.939899118674961
-4.931010430217258,-4.931010430217258
-4.922124971236149,-4.922124971236149
-4.9132427690023635,-4.9132427690023635
-4.904363850568713,-4.904363850568713
-4.8954882427723705,-4.8954882427723705
-4.886615972237119,-4.886615972237119
-4.877747065375576,-4.877747065375576
-4.868881548391371,-4.868881548391371
-4.86001944728131,-4.86001944728131
-4.8511607878374825,-4.8511607878374825
-4.842305595649377,-4.842305595649377
-4.833453896105928,-4.833453896105928
-4.824605714397572,-4.824605714397572
-4.8157610755182345,-4.8157610755182345
-4.806920004267325,-4.806920004267325
-4.798082525251684,-4.798082525251684
-4.789248662887508,-4.789248662887508
-4.780418441402256,-4.780418441402256
-4.7715918848365115,-4.7715918848365115
-4.762769017045848,-4.762769017045848
-4.753949861702626,-4.753949861702626
-4.745134442297817,-4.745134442297817
-4.736322782142767,-4.736322782142767
-4.727514904370939,-4.727514904370939
-4.718710831939655,-4.718710831939655
-4.709910587631786,-4.709910587631786
-4.701114194057435,-4.701114194057435
-4.69232167365561,-4.69232167365561
-4.683533048695836,-4.683533048695836
-4.674748341279793,-4.674748341279793
-4.665967573342893,-4.665967573342893
-4.657190766655865,-4.657190766655865
-4.648417942826295,-4.648417942826295
-4.639649123300165,-4.639649123300165
-4.63088432936337,-4.63088432936337
-4.6221235821432005,-4.6221235821432005
-4.61336690260982,-4.61336690260982
-4.604614311577718,-4.604614311577718
-4.595865829707148,-4.595865829707148
-4.587121477505542,-4.587121477505542
-4.578381275328912,-4.578381275328912
-4.569645243383229,-4.569645243383229
-4.560913401725784,-4.560913401725784
-4.552185770266543,-4.552185770266543
-4.543462368769469,-4.543462368769469
-4.534743216853836,-4.534743216853836
-4.526028333995529,-4.526028333995529
-4.517317739528319,-4.517317739528319
-4.50861145264513,-4.50861145264513
-4.499909492399288,-4.499909492399288
-4.491211877705752,-4.491211877705752
-4.482518627342334,-4.482518627342334
-4.473829759950899,-4.473829759950899
-4.465145294038555,-4.465145294038555
-4.4564652479788265,-4.4564652479788265
-4.447789640012813,-4.447789640012813
-4.439118488250333,-4.439118488250333
-4.430451810671056,-4.430451810671056
-4.421789625125622,-4.421789625125622
-4.413131949336742,-4.413131949336742
-4.404478800900287,-4.404478800900287
-4.395830197286373,-4.395830197286373
-4.38718615584042,-4.38718615584042
-4.378546693784203,-4.378546693784203
-4.369911828216894,-4.369911828216894
-4.361281576116088,-4.361281576116088
-4.352655954338823,-4.352655954338823
-4.34403497962257,-4.34403497962257
-4.335418668586236,-4.335418668586236
-4.32680703773114,-4.32680703773114
-4.318200103441981,-4.318200103441981
-4.3095978819877905,-4.3095978819877905
-4.301000389522889,-4.301000389522889
-4.292407642087803,-4.292407642087803
-4.2838196556102055,-4.2838196556102055
-4.275236445905822,-4.275236445905822
-4.266658028679331,-4.266658028679331
-4.258084419525258,-4.258084419525258
-4.24951563392886,-4.24951563392886
-4.240951687266995,-4.240951687266995
-4.23239259480898,-4.23239259480898
-4.223838371717448,-4.223838371717448
-4.215289033049193,-4.215289033049193
-4.206744593755996,-4.206744593755996
-4.198205068685449,-4.198205068685449
-4.189670472581774,-4.189670472581774
-4.1811408200866245,-4.1811408200866245
-4.172616125739882,-4.172616125739882
-4.164096403980445,-4.164096403980445
-4.155581669147003,-4.155581669147003
-4.147071935478809,-4.147071935478809
-4.138567217116441,-4.138567217116441
-4.130067528102552,-4.130067528102552
-4.1215728823826225,-4.1215728823826225
-4.113083293805678,-4.113083293805678
-4.104598776125043,-4.104598776125043
-4.096119342999034,-4.096119342999034
-4.087645007991695,-4.087645007991695
-4.0791757845734855,-4.0791757845734855
-4.070711686121987,-4.070711686121987
-4.062252725922587,-4.062252725922587
-4.053798917169162,-4.053798917169162
-4.045350272964751,-4.045350272964751
-4.036906806322227,-4.036906806322227
-4.028468530164951,-4.028468530164951
-4.020035457327426,-4.020035457327426
-4.011607600555943,-4.011607600555943
-4.003184972509229,-4.003184972509229
-3.994767585759059,-3.994767585759059
-3.9863554527909004,-3.9863554527909004
-3.977948586004522,-3.977948586004522
-3.96954699771461,-3.96954699771461
-3.961150700151371,-3.961150700151371
-3.952759705461132,-3.952759705461132
-3.944374025706935,-3.944374025706935
-3.9359936728691216,-3.9359936728691216
-3.927618658845916,-3.927618658845916
-3.9192489954539966,-3.9192489954539966
-3.9108846944290647,-3.9108846944290647
-3.9025257674264116,-3.9025257674264116
-3.89417222602147,-3.89417222602147
-3.885824081710368,-3.885824081710368
-3.8774813459104736,-3.8774813459104736
-3.8691440299609337,-3.8691440299609337
-3.860812145123208,-3.860812145123208
-3.8524857025816006,-3.8524857025816006
-3.84416471344378,-3.84416471344378
-3.835849188741298,-3.835849188741298
-3.827539139430102,-3.827539139430102
-3.819234576391043,-3.819234576391043
-3.8109355104303755,-3.8109355104303755
-3.80264195228026,-3.80264195228026
-3.794353912599248,-3.794353912599248
-3.7860714019727735,-3.7860714019727735
-3.7777944309136364,-3.7777944309136364
-3.769523009862474,-3.769523009862474
-3.7612571491882383,-3.7612571491882383
-3.7529968591886633,-3.7529968591886633
-3.744742150090725,-3.744742150090725
-3.736493032051106,-3.736493032051106
-3.728249515156641,-3.728249515156641
-3.720011609424771,-3.720011609424771
-3.711779324803991,-3.711779324803991
-3.7035526711742843,-3.7035526711742843
-3.695331658347561,-3.695331658347561
-3.6871162960680923,-3.6871162960680923
-3.678906594012935,-3.678906594012935
-3.6707025617923543,-3.6707025617923543
-3.6625042089502466,-3.6625042089502466
-3.65431154496455,-3.65431154496455
-3.6461245792476595,-3.6461245792476595
-3.637943321146831,-3.637943321146831
-3.6297677799445864,-3.6297677799445864
-3.6215979648591103,-3.6215979648591103
-3.613433885044646,-3.613433885044646
-3.6052755495918887,-3.6052755495918887
-3.597122967528371,-3.597122967528371
-3.5889761478188476,-3.5889761478188476
-3.5808350993656743,-3.5808350993656743
-3.5726998310091864,-3.5726998310091864
-3.564570351528069,-3.564570351528069
-3.556446669639728,-3.556446669639728
-3.5483287940006556,-3.5483287940006556
-3.5402167332067918,-3.5402167332067918
-3.532110495793885,-3.532110495793885
-3.524010090237842,-3.524010090237842
-3.5159155249550875,-3.5159155249550875
-3.507826808302906,-3.507826808302906
-3.4997439485797925,-3.4997439485797925
-3.4916669540257894,-3.4916669540257894
-3.483595832822827,-3.483595832822827
-3.4755305930950633,-3.4755305930950633
-3.4674712429092085,-3.4674712429092085
-3.459417790274861,-3.459417790274861
-3.4513702431448277,-3.4513702431448277
-3.4433286094154525,-3.4433286094154525
-3.435292896926934,-3.435292896926934
-3.4272631134636415,-3.4272631134636415
-3.41923926675443,-3.41923926675443
-3.411221364472951,-3.411221364472951
-3.4032094142379616,-3.4032094142379616
-3.3952034236136295,-3.3952034236136295
-3.387203400109831,-3.387203400109831
-3.379209351182461,-3.379209351182461
-3.3712212842337177,-3.3712212842337177
-3.3632392066124073,-3.3632392066124073
-3.3552631256142287,-3.3552631256142287
-3.347293048482061,-3.347293048482061
-3.3393289824062573,-3.3393289824062573
-3.331370934524923,-3.331370934524923
-3.323418911924193,-3.323418911924193
-3.315472921638518,-3.315472921638518
-3.307532970650935,-3.307532970650935
-3.29959906589334,-3.29959906589334
-3.291671214246761,-3.291671214246761
-3.283749422541626,-3.283749422541626
-3.275833697558025,-3.275833697558025
-3.26792404602598,-3.26792404602598
-3.2600204746256973,-3.2600204746256973
-3.2521229899878343,-3.2521229899878343
-3.2442315986937493,-3.2442315986937493
-3.2363463072757592,-3.2363463072757592
-3.2284671222173884,-3.2284671222173884
-3.2205940499536188,-3.2205940499536188
-3.2127270968711374,-3.2127270968711374
-3.204866269308583,-3.204866269308583
-3.1970115735567806,-3.1970115735567806
-3.1891630158589916,-3.1891630158589916
-3.1813206024111467,-3.1813206024111467
-3.1734843393620804,-3.1734843393620804
-3.16565423281377,-3.16565423281377
-3.1578302888215624,-3.1578302888215624
-3.1500125133944064,-3.1500125133944064
-3.142200912495079,-3.142200912495079
-3.134395492040412,-3.134395492040412
-3.1265962579015145,-3.1265962579015145
-3.118803215903993,-3.118803215903993
-3.1110163718281774,-3.1110163718281774
-3.1032357314093275,-3.1032357314093275
-3.0954613003378597,-3.0954613003378597
-3.087693084259554,-3.087693084259554
-3.079931088775765,-3.079931088775765
-3.07217531944364,-3.07217531944364
-3.0644257817763143,-3.0644257817763143
-3.0566824812431297,-3.0566824812431297
-3.0489454232698305,-3.0489454232698305
-3.0412146132387687,-3.0412146132387687
-3.0334900564891063,-3.0334900564891063
-3.02577175831701,-3.02577175831701
-3.0180597239758526,-3.0180597239758526
-3.010353958676406,-3.010353958676406
-3.002654467587035,-3.002654467587035
-2.9949612558338905,-2.9949612558338905
-2.987274328501099,-2.987274328501099
-2.9795936906309466,-2.9795936906309466
-2.971919347224076,-2.971919347224076
-2.964251303239661,-2.964251303239661
-2.9565895635955974,-2.9565895635955974
-2.948934133168681,-2.948934133168681
-2.9412850167947906,-2.9412850167947906
-2.933642219269062,-2.933642219269062
-2.92600574534607,-2.92600574534607
-2.9183755997400045,-2.9183755997400045
-2.910751787124837,-2.910751787124837
-2.9031343121345037,-2.9031343121345037
-2.8955231793630682,-2.8955231793630682
-2.8879183933648926,-2.8879183933648926
-2.8803199586548085,-2.8803199586548085
-2.872727879708282,-2.872727879708282
-2.865142160961575,-2.865142160961575
-2.8575628068119148,-2.8575628068119148
-2.849989821617652,-2.849989821617652
-2.8424232096984223,-2.8424232096984223
-2.8348629753353056,-2.8348629753353056
-2.8273091227709846,-2.8273091227709846
-2.819761656209899,-2.819761656209899
-2.8122205798184035,-2.8122205798184035
-2.8046858977249207,-2.8046858977249207
-2.7971576140200898,-2.7971576140200898
-2.789635732756923,-2.789635732756923
-2.7821202579509525,-2.7821202579509525
-2.774611193580377,-2.774611193580377
-2.7671085435862133,-2.7671085435862133
-2.7596123118724365,-2.7596123118724365
-2.752122502306129,-2.752122502306129
-2.744639118717622,-2.744639118717622
-2.737162164900636,-2.737162164900636
-2.7296916446124233,-2.7296916446124233
-2.7222275615739058,-2.7222275615739058
-2.714769919469815,-2.714769919469815
-2.7073187219488273,-2.7073187219488273
-2.6998739726237,-2.6998739726237
-2.6924356750714082,-2.6924356750714082
-2.685003832833273,-2.685003832833273
-2.6775784494150963,-2.6775784494150963
-2.6701595282872956,-2.6701595282872956
-2.6627470728850264,-2.6627470728850264
-2.655341086608317,-2.655341086608317
-2.64794157282219,-2.64794157282219
-2.6405485348567983,-2.6405485348567983
-2.6331619760075387,-2.6331619760075387
-2.6257818995351827,-2.6257818995351827
-2.6184083086659995,-2.6184083086659995
-2.6110412065918753,-2.6110412065918753
-2.6036805964704373,-2.6036805964704373
-2.596326481425168,-2.596326481425168
-2.5889788645455316,-2.5889788645455316
-2.5816377488870845,-2.5816377488870845
-2.574303137471595,-2.574303137471595
-2.56697503328716,-2.56697503328716
-2.559653439288316,-2.559653439288316
-2.5523383583961543,-2.5523383583961543
-2.5450297934984363,-2.5450297934984363
-2.5377277474496998,-2.5377277474496998
-2.530432223071371,-2.530432223071371
-2.523143223151876,-2.523143223151876
-2.515860750446746,-2.515860750446746
-2.5085848076787287,-2.5085848076787287
-2.501315397537891,-2.501315397537891
-2.494052522681725,-2.494052522681725
-2.486796185735255,-2.486796185735255
-2.4795463892911385,-2.4795463892911385
-2.472303135909769,-2.472303135909769
-2.4650664281193797,-2.4650664281193797
-2.457836268416142,-2.457836268416142
-2.450612659264266,-2.450612659264266
-2.4433956030961004,-2.4433956030961004
-2.4361851023122285,-2.4361851023122285
-2.428981159281567,-2.428981159281567
-2.42178377634146,-2.42178377634146
-2.4145929557977786,-2.4145929557977786
-2.407408699925011,-2.407408699925011
-2.4002310109663565,-2.4002310109663565
-2.3930598911338214,-2.3930598911338214
-2.3858953426083063,-2.3858953426083063
-2.3787373675396997,-2.3787373675396997
-2.37158596804697,-2.37158596804697
-2.3644411462182493,-2.3644411462182493
-2.3573029041109272,-2.3573029041109272
-2.350171243751734,-2.350171243751734
-2.3430461671368317,-2.3430461671368317
-2.3359276762318952,-2.3359276762318952
-2.328815772972202,-2.328815772972202
-2.3217104592627127,-2.3217104592627127
-2.3146117369781583,-2.3146117369781583
-2.3075196079631173,-2.3075196079631173
-2.300434074032105,-2.300434074032105
-2.2933551369696477,-2.2933551369696477
-2.2862827985303666,-2.2862827985303666
-2.279217060439058,-2.279217060439058
-2.2721579243907697,-2.2721579243907697
-2.2651053920508786,-2.2651053920508786
-2.2580594650551706,-2.2580594650551706
-2.251020145009918,-2.251020145009918
-2.2439874334919496,-2.2439874334919496
-2.2369613320487325,-2.2369613320487325
-2.2299418421984387,-2.2299418421984387
-2.2229289654300275,-2.2229289654300275
-2.2159227032033115,-2.2159227032033115
-2.2089230569490312,-2.2089230569490312
-2.2019300280689267,-2.2019300280689267
-2.1949436179358046,-2.1949436179358046
-2.1879638278936184,-2.1879638278936184
-2.1809906592575214,-2.1809906592575214
-2.17402411331395,-2.17402411331395
-2.1670641913206827,-2.1670641913206827
-2.160110894506912,-2.160110894506912
-2.153164224073309,-2.153164224073309
-2.146224181192087,-2.146224181192087
-2.1392907670070707,-2.1392907670070707
-2.1323639826337577,-2.1323639826337577
-2.1254438291593836,-2.1254438291593836
-2.1185303076429833,-2.1185303076429833
-2.111623419115457,-2.111623419115457
-2.1047231645796267,-2.1047231645796267
-2.097829545010302,-2.097829545010302
-2.0909425613543378,-2.0909425613543378
-2.0840622145306953,-2.0840622145306953
-2.0771885054305015,-2.0771885054305015
-2.070321434917105,-2.070321434917105
-2.063461003826137,-2.063461003826137
-2.056607212965567,-2.056607212965567
-2.04976006311576,-2.04976006311576
-2.042919555029532,-2.042919555029532
-2.0360856894322055,-2.0360856894322055
-2.029258467021663,-2.029258467021663
-2.022437888468407,-2.022437888468407
-2.015623954415603,-2.015623954415603
-2.008816665479142,-2.008816665479142
-2.002016022247687,-2.002016022247687
-1.995222025282729,-1.995222025282729
-1.9884346751186344,-1.9884346751186344
-1.9816539722626976,-1.9816539722626976
-1.9748799171951903,-1.9748799171951903
-1.9681125103694115,-1.9681125103694115
-1.9613517522117352,-1.9613517522117352
-1.954597643121658,-1.954597643121658
-1.9478501834718498,-1.9478501834718498
-1.9411093736081992,-1.9411093736081992
-1.934375213849857,-1.934375213849857
-1.9276477044892861,-1.9276477044892861
-1.920926845792306,-1.920926845792306
-1.9142126379981366,-1.9142126379981366
-1.9075050813194434,-1.9075050813194434
-1.9008041759423797,-1.9008041759423797
-1.8941099220266309,-1.8941099220266309
-1.8874223197054565,-1.8874223197054565
-1.8807413690857337,-1.8807413690857337
-1.8740670702479973,-1.8740670702479973
-1.8673994232464786,-1.8673994232464786
-1.8607384281091528,-1.8607384281091528
-1.854084084837769,-1.854084084837769
-1.8474363934078988,-1.8474363934078988
-1.8407953537689683,-1.8407953537689683
-1.8341609658443012,-1.8341609658443012
-1.8275332295311526,-1.8275332295311526
-1.8209121447007504,-1.8209121447007504
-1.814297711198328,-1.814297711198328
-1.8076899288431618,-1.8076899288431618
-1.8010887974286096,-1.8010887974286096
-1.7944943167221405,-1.7944943167221405
-1.7879064864653762,-1.7879064864653762
-1.7813253063741177,-1.7813253063741177
-1.7747507761383847,-1.7747507761383847
-1.7681828954224472,-1.7681828954224472
-1.7616216638648567,-1.7616216638648567
-1.7550670810784794,-1.7550670810784794
-1.748519146650529,-1.748519146650529
-1.7419778601425953,-1.7419778601425953
-1.735443221090678,-1.735443221090678
-1.7289152290052126,-1.7289152290052126
-1.7223938833711048,-1.7223938833711048
-1.715879183647757,-1.715879183647757
-1.7093711292690978,-1.7093711292690978
-1.7028697196436082,-1.7028697196436082
-1.6963749541543554,-1.6963749541543554
-1.6898868321590117,-1.6898868321590117
-1.6834053529898867,-1.6834053529898867
-1.676930515953954,-1.676930515953954
-1.6704623203328732,-1.6704623203328732
-1.6640007653830207,-1.6640007653830207
-1.6575458503355072,-1.6575458503355072
-1.651097574396212,-1.651097574396212
-1.6446559367457971,-1.6446559367457971
-1.638220936539737,-1.638220936539737
-1.6317925729083411,-1.6317925729083411
-1.6253708449567723,-1.6253708449567723
-1.6189557517650757,-1.6189557517650757
-1.6125472923881938,-1.6125472923881938
-1.6061454658559937,-1.6061454658559937
-1.5997502711732814,-1.5997502711732814
-1.5933617073198292,-1.5933617073198292
-1.5869797732503896,-1.5869797732503896
-1.5806044678947193,-1.5806044678947193
-1.5742357901575947,-1.5742357901575947
-1.5678737389188342,-1.5678737389188342
-1.561518313033311,-1.561518313033311
-1.555169511330978,-1.555169511330978
-1.5488273326168767,-1.5488273326168767
-1.5424917756711631,-1.5424917756711631
-1.5361628392491171,-1.5361628392491171
-1.5298405220811606,-1.5298405220811606
-1.5235248228728724,-1.5235248228728724
-1.517215740305008,-1.517215740305008
-1.5109132730335064,-1.5109132730335064
-1.504617419689511,-1.504617419689511
-1.4983281788793792,-1.4983281788793792
-1.4920455491846987,-1.4920455491846987
-1.4857695291622985,-1.4857695291622985
-1.4795001173442626,-1.4795001173442626
-1.4732373122379412,-1.4732373122379412
-1.4669811123259633,-1.4669811123259633
-1.4607315160662484,-1.4607315160662484
-1.4544885218920154,-1.4544885218920154
-1.4482521282117942,-1.4482521282117942
-1.4420223334094369,-1.4420223334094369
-1.4357991358441249,-1.4357991358441249
-1.42958253385038,-1.42958253385038
-1.4233725257380738,-1.4233725257380738
-1.4171691097924333,-1.4171691097924333
-1.4109722842740535,-1.4109722842740535
-1.4047820474188968,-1.4047820474188968
-1.3985983974383114,-1.3985983974383114
-1.392421332519028,-1.392421332519028
-1.386250850823172,-1.386250850823172
-1.3800869504882667,-1.3800869504882667
-1.3739296296272407,-1.3739296296272407
-1.3677788863284324,-1.3677788863284324
-1.361634718655593,-1.361634718655593
-1.3554971246478935,-1.3554971246478935
-1.3493661023199266,-1.3493661023199266
-1.343241649661713,-1.343241649661713
-1.3371237646387,-1.3371237646387
-1.3310124451917682,-1.3310124451917682
-1.324907689237233,-1.324907689237233
-1.3188094946668456,-1.3188094946668456
-1.3127178593477944,-1.3127178593477944
-1.3066327811227072,-1.3066327811227072
-1.3005542578096514,-1.3005542578096514
-1.2944822872021358,-1.2944822872021358
-1.2884168670691065,-1.2884168670691065
-1.2823579951549517,-1.2823579951549517
-1.276305669179497,-1.276305669179497
-1.2702598868380066,-1.2702598868380066
-1.2642206458011804,-1.2642206458011804
-1.258187943715152,-1.258187943715152
-1.2521617782014869,-1.2521617782014869
-1.2461421468571803,-1.2461421468571803
-1.2401290472546522,-1.2401290472546522
-1.234122476941745,-1.234122476941745
-1.2281224334417202,-1.2281224334417202
-1.2221289142532532,-1.2221289142532532
-1.2161419168504282,-1.2161419168504282
-1.2101614386827335,-1.2101614386827335
-1.2041874771750571,-1.2041874771750571
-1.1982200297276822,-1.1982200297276822
-1.1922590937162736,-1.1922590937162736
-1.18630466649188,-1.18630466649188
-1.1803567453809227,-1.1803567453809227
-1.1744153276851892,-1.1744153276851892
-1.1684804106818245,-1.1684804106818245
-1.1625519916233236,-1.1625519916233236
-1.1566300677375239,-1.1566300677375239
-1.1507146362275946,-1.1507146362275946
-1.1448056942720284,-1.1448056942720284
-1.1389032390246316,-1.1389032390246316
-1.1330072676145149,-1.1330072676145149
-1.1271177771460825,-1.1271177771460825
-1.1212347646990197,-1.1212347646990197
-1.1153582273282838,-1.1153582273282838
-1.1094881620640926,-1.1094881620640926
-1.1036245659119113,-1.1036245659119113
-1.0977674358524412,-1.0977674358524412
-1.0919167688416058,-1.0919167688416058
-1.0860725618105385,-1.0860725618105385
-1.0802348116655704,-1.0802348116655704
-1.074403515288214,-1.074403515288214
-1.068578669535151,-1.068578669535151
-1.062760271238217,-1.062760271238217
-1.0569483172043868,-1.0569483172043868
-1.0511428042157582,-1.0511428042157582
-1.0453437290295375,-1.0453437290295375
-1.0395510883780237,-1.0395510883780237
-1.0337648789685911,-1.0337648789685911
-1.0279850974836724,-1.0279850974836724
-1.0222117405807407,-1.0222117405807407
-1.0164448048922958,-1.0164448048922958
-1.0106842870258417,-1.0106842870258417
-1.004930183563872,-1.004930183563872
-0.9991824910638463,-0.9991824910638463
-0.9934412060581772,-0.9934412060581772
-0.9877063250542071,-0.9877063250542071
-0.9819778445341889,-0.9819778445341889
-0.9762557609552658,-0.9762557609552658
-0.9705400707494527,-0.9705400707494527
-0.9648307703236111,-0.9648307703236111
-0.9591278560594331,-0.9591278560594331
-0.953431324313414,-0.953431324313414
-0.9477411714168368,-0.9477411714168368
-0.942057393675742,-0.942057393675742
-0.9363799873709133,-0.9363799873709133
-0.9307089487578453,-0.9307089487578453
-0.9250442740667294,-0.9250442740667294
-0.9193859595024211,-0.9193859595024211
-0.9137340012444232,-0.9137340012444232
-0.9080883954468536,-0.9080883954468536
-0.9024491382384285,-0.9024491382384285
-0.8968162257224294,-0.8968162257224294
-0.8911896539766825,-0.8911896539766825
-0.8855694190535287,-0.8855694190535287
-0.879955516979801,-0.879955516979801
-0.8743479437567935,-0.8743479437567935
-0.8687466953602371,-0.8687466953602371
-0.8631517677402689,-0.8631517677402689
-0.8575631568214084,-0.8575631568214084
-0.8519808585025235,-0.8519808585025235
-0.8464048686568073,-0.8464048686568073
-0.8408351831317431,-0.8408351831317431
-0.8352717977490809,-0.8352717977490809
-0.829714708304801,-0.829714708304801
-0.8241639105690897,-0.8241639105690897
-0.8186194002863028,-0.8186194002863028
-0.8130811731749408,-0.8130811731749408
-0.8075492249276098,-0.8075492249276098
-0.8020235512109971,-0.8020235512109971
-0.7965041476658334,-0.7965041476658334
-0.7909910099068618,-0.7909910099068618
-0.7854841335228064,-0.7854841335228064
-0.7799835140763377,-0.7799835140763377
-0.7744891471040366,-0.7744891471040366
-0.7690010281163627,-0.7690010281163627
-0.7635191525976203,-0.7635191525976203
-0.7580435160059208,-0.7580435160059208
-0.752574113773149,-0.752574113773149
-0.7471109413049264,-0.7471109413049264
-0.7416539939805756,-0.7416539939805756
-0.7362032671530858,-0.7362032671530858
-0.7307587561490703,-0.7307587561490703
-0.7253204562687338,-0.7253204562687338
-0.7198883627858341,-0.7198883627858341
-0.7144624709476434,-0.7144624709476434
-0.7090427759749074,-0.7090427759749074
-0.7036292730618103,-0.7036292730618103
-0.6982219573759338,-0.6982219573759338
-0.6928208240582169,-0.6928208240582169
-0.6874258682229158,-0.6874258682229158
-0.6820370849575638,-0.6820370849575638
-0.6766544693229308,-0.6766544693229308
-0.6712780163529811,-0.6712780163529811
-0.6659077210548324,-0.6659077210548324
-0.6605435784087128,-0.6605435784087128
-0.6551855833679191,-0.6551855833679191
-0.6498337308587744,-0.6498337308587744
-0.6444880157805831,-0.6444880157805831
-0.6391484330055873,-0.6391484330055873
-0.6338149773789256,-0.6338149773789256
-0.628487643718585,-0.628487643718585
-0.6231664268153573,-0.6231664268153573
-0.6178513214327938,-0.6178513214327938
-0.6125423223071599,-0.6125423223071599
-0.6072394241473891,-0.6072394241473891
-0.6019426216350341,-0.6019426216350341
-0.5966519094242233,-0.5966519094242233
-0.5913672821416107,-0.5913672821416107
-0.58608873438633,-0.58608873438633
-0.5808162607299441,-0.5808162607299441
-0.5755498557163985,-0.5755498557163985
-0.5702895138619711,-0.5702895138619711
-0.5650352296552247,-0.5650352296552247
-0.5597869975569529,-0.5597869975569529
-0.5545448120001342,-0.5545448120001342
-0.5493086673898783,-0.5493086673898783
-0.5440785581033779,-0.5440785581033779
-0.538854478489853,-0.538854478489853
-0.533636422870502,-0.533636422870502
-0.5284243855384486,-0.5284243855384486
-0.5232183607586897,-0.5232183607586897
-0.5180183427680392,-0.5180183427680392
-0.5128243257750772,-0.5128243257750772
-0.5076363039600943,-0.5076363039600943
-0.5024542714750396,-0.5024542714750396
-0.4972782224434609,-0.4972782224434609
-0.4921081509604526,-0.4921081509604526
-0.48694405109260075,-0.48694405109260075
-0.48178591687792405,-0.48178591687792405
-0.476633742325818,-0.476633742325818
-0.4714875214169981,-0.4714875214169981
-0.466347248103442,-0.466347248103442
-0.4612129163083325,-0.4612129163083325
-0.4560845199259957,-0.4560845199259957
-0.45096205282184604,-0.45096205282184604
-0.4458455088323241,-0.4458455088323241
-0.4407348817648389,-0.4407348817648389
-0.4356301653977051,-0.4356301653977051
-0.43053135348008387,-0.43053135348008387
-0.42543843973192136,-0.42543843973192136
-0.42035141784388763,-0.42035141784388763
-0.4152702814773133,-0.4152702814773133
-0.4101950242641267,-0.4101950242641267
-0.4051256398067929,-0.4051256398067929
-0.40006212167824906,-0.40006212167824906
-0.3950044634218397,-0.3950044634218397
-0.3899526585512518,-0.3899526585512518
-0.38490670055045373,-0.38490670055045373
-0.37986658287362535,-0.37986658287362535
-0.3748322989450941,-0.3748322989450941
-0.3698038421592688,-0.3698038421592688
-0.36478120588057295,-0.36478120588057295
-0.35976438344337763,-0.35976438344337763
-0.3547533681519322,-0.3547533681519322
-0.34974815328029746,-0.34974815328029746
-0.34474873207227796,-0.34474873207227796
-0.33975509774135143,-0.33975509774135143
-0.33476724347059816,-0.33476724347059816
-0.32978516241263317,-0.32978516241263317
-0.32480884768953444,-0.32480884768953444
-0.31983829239277217,-0.31983829239277217
-0.3148734895831368,-0.3148734895831368
-0.30991443229066645,-0.30991443229066645
-0.3049611135145761,-0.3049611135145761
-0.3000135262231838,-0.3000135262231838
-0.29507166335383556,-0.29507166335383556
-0.29013551781283253,-0.29013551781283253
-0.2852050824753577,-0.2852050824753577
-0.2802803501853996,-0.2802803501853996
-0.2753613137556758,-0.2753613137556758
-0.27044796596755744,-0.27044796596755744
-0.2655402995709951,-0.2655402995709951
-0.2606383072844383,-0.2606383072844383
-0.25574198179475943,-0.25574198179475943
-0.2508513157571748,-0.2508513157571748
-0.2459663017951692,-0.2459663017951692
-0.241086932500411,-0.241086932500411
-0.2362132004326791,-0.2362132004326791
-0.23134509811977627,-0.23134509811977627
-0.22648261805745512,-0.22648261805745512
-0.22162575270932922,-0.22162575270932922
-0.21677449450680022,-0.21677449450680022
-0.21192883584896696,-0.21192883584896696
-0.20708876910254792,-0.20708876910254792
-0.2022542866017971,-0.2022542866017971
-0.1974253806484196,-0.1974253806484196
-0.192602043511486,-0.192602043511486
-0.1877842674273482,-0.1877842674273482
-0.1829720445995559,-0.1829720445995559
-0.17816536719876822,-0.17816536719876822
-0.173364227362667,-0.173364227362667
-0.1685686171958698,-0.1685686171958698
-0.16377852876984417,-0.16377852876984417
-0.15899395412281794,-0.15899395412281794
-0.15421488525968846,-0.15421488525968846
-0.14944131415193626,-0.14944131415193626
-0.14467323273753396,-0.14467323273753396
-0.1399106329208561,-0.1399106329208561
-0.13515350657258624,-0.13515350657258624
-0.13040184552962655,-0.13040184552962655
-0.1256556415950073,-0.1256556415950073
-0.12091488653779155,-0.12091488653779155
-0.11617957209298206,-0.11617957209298206
-0.11144968996142773,-0.11144968996142773
-0.10672523180972984,-0.10672523180972984
-0.10200618927014612,-0.10200618927014612
-0.09729255394049469,-0.09729255394049469
-0.0925843173840572,-0.0925843173840572
-0.08788147112948386,-0.08788147112948386
-0.08318400667069524,-0.08318400667069524
-0.07849191546678233,-0.07849191546678233
-0.07380518894190898,-0.07380518894190898
-0.06912381848521398,-0.06912381848521398
-0.06444779545070971,-0.06444779545070971
-0.05977711115718032,-0.05977711115718032
-0.05511175688808262,-0.05511175688808262
-0.05045172389144375,-0.05045172389144375
-0.04579700337975863,-0.04579700337975863
-0.04114758652988625,-0.04114758652988625
-0.03650346448294624,-0.03650346448294624
-0.031864628344215905,-0.031864628344215905
-0.02723106918302359,-0.02723106918302359
-0.022602778032643787,-0.022602778032643787
-0.017979745890190118,-0.017979745890190118
-0.013361963716510482,-0.013361963716510482
-0.008749422436077625,-0.008749422436077625
-0.004142112936881277,-0.004142112936881277
0.0004599739296806962,0.0004599739296806962
0.005056847348910071,0.005056847348910071
0.009648516542920293,0.009648516542920293
0.014234990770748931,0.014234990770748931
0.018816279328462346,0.018816279328462346
0.02339239154927757,0.02339239154927757
0.02796333680366569,0.02796333680366569
0.03252912449947385,0.03252912449947385
0.037089764082030366,0.037089764082030366
0.04164526503426986,0.04164526503426986
0.0461956368768373,0.0461956368768373
0.05074088916821589,0.05074088916821589
0.055281031504833995,0.055281031504833995
0.05981607352119093,0.05981607352119093
0.0643460248899674,0.0643460248899674
0.06887089532215199,0.06887089532215199
0.0733906945671568,0.0733906945671568
0.07790543241293621,0.07790543241293621
0.08241511868611413,0.08241511868611413
0.08691976325209787,0.08691976325209787
0.09141937601520934,0.09141937601520934
0.09591396691880043,0.09591396691880043
0.10040354594538341,0.10040354594538341
0.10488812311675043,0.10488812311675043
0.10936770849410452,0.10936770849410452
0.11384231217817978,0.11384231217817978
0.11831194430937449,0.11831194430937449
0.12277661506787302,0.12277661506787302
0.12723633467378115,0.12723633467378115
0.13169111338724637,0.13169111338724637
0.13614096150859786,0.13614096150859786
0.14058588937846878,0.14058588937846878
0.14502590737793547,0.14502590737793547
0.1494610259286404,0.1494610259286404
0.15389125549293667,0.15389125549293667
0.15831660657401173,0.15831660657401173
0.16273708971602868,0.16273708971602868
0.16715271550425725,0.16715271550425725
0.17156349456521622,0.17156349456521622
0.17596943756680172,0.17596943756680172
0.1803705552184342,0.1803705552184342
0.18476685827118958,0.18476685827118958
0.18915835751794527,0.18915835751794527
0.19354506379351477,0.19354506379351477
0.19792698797479366,0.19792698797479366
0.20230414098089705,0.20230414098089705
0.20667653377330722,0.20667653377330722
0.21104417735601208,0.21104417735601208
0.21540708277565612,0.21540708277565612
0.2197652611216772,0.2197652611216772
0.2241187235264626,0.2241187235264626
0.22846748116548676,0.22846748116548676
0.23281154525746733,0.23281154525746733
0.2371509270645064,0.2371509270645064
0.2414856378922482,0.2414856378922482
0.2458156890900201,0.2458156890900201
0.25014109205099455,0.25014109205099455
0.25446185821233186,0.25446185821233186
0.25877799905534143,0.25877799905534143
0.2630895261056273,0.2630895261056273
0.2673964509332531,0.2673964509332531
0.27169878515288876,0.27169878515288876
0.27599654042397376,0.27599654042397376
0.2802897284508701,0.2802897284508701
0.28457836098302597,0.28457836098302597
0.2888624498151293,0.2888624498151293
0.29314200678727487,0.29314200678727487
0.2974170437851196,0.2974170437851196
0.30168757274005076,0.30168757274005076
0.3059536056293423,0.3059536056293423
0.310215154476328,0.310215154476328
0.3144722313505571,0.3144722313505571
0.31872484836796927,0.31872484836796927
0.3229730176910547,0.3229730176910547
0.32721675152902907,0.32721675152902907
0.33145606213799417,0.33145606213799417
0.33569096182111785,0.33569096182111785
0.3399214629287966,0.3399214629287966
0.344147577858835,0.344147577858835
0.3483693190566105,0.3483693190566105
0.35258669901525774,0.35258669901525774
0.35679973027583256,0.35679973027583256
0.36100842542749967,0.36100842542749967
0.36521279710769916,0.36521279710769916
0.36941285800233475,0.36941285800233475
0.37360862084594265,0.37360862084594265
0.37780009842188367,0.37780009842188367
0.3819873035625123,0.3819873035625123
0.3861702491493712,0.3861702491493712
0.3903489481133638,0.3903489481133638
0.394523413434948,0.394523413434948
0.39869365814431523,0.39869365814431523
0.4028596953215835,0.4028596953215835
0.4070215380969771,0.4070215380969771
0.4111791996510257,0.4111791996510257
0.41533269321474414,0.41533269321474414
0.41948203206983314,0.41948203206983314
0.42362722954886395,0.42362722954886395
0.42776829903547825,0.42776829903547825
0.4319052539645761,0.4319052539645761
0.4360381078225191,0.4360381078225191
0.44016687414732075,0.44016687414732075
0.44429156652885,0.44429156652885
0.4484121986090245,0.4484121986090245
0.4525287840820192,0.4525287840820192
0.45664133669445733,0.45664133669445733
0.46074987024562575,0.46074987024562575
0.46485439858766686,0.46485439858766686
0.4689549356257931,0.4689549356257931
0.4730514953184864,0.4730514953184864
0.4771440916777129,0.4771440916777129
0.48123273876912337,0.48123273876912337
0.48531745071227317,0.48531745071227317
0.4893982416808232,0.4893982416808232
0.4934751259027624,0.4934751259027624
0.4975481176606121,0.4975481176606121
0.5016172312916518,0.5016172312916518
0.5056824811881226,0.5056824811881226
0.5097438817974601,0.5097438817974601
0.5138014476224976,0.5138014476224976
0.5178551932217005,0.5178551932217005
0.5219051332093757,0.5219051332093757
0.5259512822559068,0.5259512822559068
0.5299936550879651,0.5299936550879651
0.5340322664887479,0.5340322664887479
0.5380671312981941,0.5380671312981941
0.5420982644132237,0.5420982644132237
0.546125680787955,0.546125680787955
0.5501493954339469,0.5501493954339469
0.5541694234204263,0.5541694234204263
0.5581857798745194,0.5581857798745194
0.56219847998149,0.56219847998149
0.5662075389849768,0.5662075389849768
0.5702129721872322,0.5702129721872322
0.5742147949493557,0.5742147949493557
0.5782130226915387,0.5782130226915387
0.5822076708933095,0.5822076708933095
0.5861987550937746,0.5861987550937746
0.5901862908918614,0.5901862908918614
0.5941702939465652,0.5941702939465652
0.5981507799772037,0.5981507799772037
0.6021277647636616,0.6021277647636616
0.6061012641466388,0.6061012641466388
0.6100712940279076,0.6100712940279076
0.614037870370568,0.614037870370568
0.6180010091993011,0.6180010091993011
0.6219607266006236,0.6219607266006236
0.6259170387231502,0.6259170387231502
0.6298699617778545,0.6298699617778545
0.6338195120383309,0.6338195120383309
0.6377657058410536,0.6377657058410536
0.6417085595856448,0.6417085595856448
0.6456480897351444,0.6456480897351444
0.649584312816275,0.649584312816275
0.65351724541971,0.65351724541971
0.6574469042003508,0.6574469042003508
0.6613733058775919,0.6613733058775919
0.6652964672356076,0.6652964672356076
0.6692164051236146,0.6692164051236146
0.6731331364561634,0.6731331364561634
0.6770466782134066,0.6770466782134066
0.680957047441392,0.680957047441392
0.6848642612523348,0.6848642612523348
0.688768336824913,0.688768336824913
0.6926692914045441,0.6926692914045441
0.6965671423036844,0.6965671423036844
0.7004619069021091,0.7004619069021091
0.7043536026472135,0.7043536026472135
0.7082422470542992,0.7082422470542992
0.7121278577068766,0.7121278577068766
0.716010452256956,0.716010452256956
0.7198900484253542,0.7198900484253542
0.7237666640019879,0.7237666640019879
0.7276403168461845,0.7276403168461845
0.7315110248869787,0.7315110248869787
0.7353788061234307,0.7353788061234307
0.7392436786249206,0.7392436786249206
0.7431056605314738,0.7431056605314738
0.7469647700540593,0.7469647700540593
0.7508210254749189,0.7508210254749189
0.7546744451478692,0.7546744451478692
0.7585250474986327,0.7585250474986327
0.7623728510251482,0.7623728510251482
0.7662178742979011,0.7662178742979011
0.7700601359602387,0.7700601359602387
0.7738996547287097,0.7738996547287097
0.7777364493933767,0.7777364493933767
0.781570538818163,0.781570538818163
0.7854019419411702,0.7854019419411702
0.7892306777750241,0.7892306777750241
0.793056765407205,0.793056765407205
0.7968802240003905,0.7968802240003905
0.8007010727927911,0.8007010727927911
0.8045193310985025,0.8045193310985025
0.8083350183078375,0.8083350183078375
0.8121481538876888,0.8121481538876888
0.8159587573818636,0.8159587573818636
0.8197668484114492,0.8197668484114492
0.8235724466751548,0.8235724466751548
0.8273755719496777,0.8273755719496777
0.8311762440900535,0.8311762440900535
0.8349744830300252,0.8349744830300252
0.8387703087823966,0.8387703087823966
0.8425637414394084,0.8425637414394084
0.8463548011730946,0.8463548011730946
0.8501435082356639,0.8501435082356639
0.8539298829598614,0.8539298829598614
0.8577139457593513,0.8577139457593513
0.86149571712909,0.86149571712909
0.8652752176457068,0.8652752176457068
0.8690524679678827,0.8690524679678827
0.8728274888367431,0.8728274888367431
0.8766003010762329,0.8766003010762329
0.8803709255935176,0.8803709255935176
0.8841393833793628,0.8841393833793628
0.887905695508543,0.887905695508543
0.891669883140222,0.891669883140222
0.895431967518368,0.895431967518368
0.8991919699721415,0.8991919699721415
0.9029499119163136,0.9029499119163136
0.906705814851658,0.906705814851658
0.9104597003653767,0.9104597003653767
0.9142115901314978,0.9142115901314978
0.9179615059113018,0.9179615059113018
0.9217094695537301,0.9217094695537301
0.9254555029958156,0.9254555029958156
0.9291996282630932,0.9291996282630932
0.9329418674700408,0.9329418674700408
0.936682242820492,0.936682242820492
0.9404207766080821,0.9404207766080821
0.9441574912166696,0.9441574912166696
0.9478924091207853,0.9478924091207853
0.9516255528860617,0.9516255528860617
0.9553569451696835,0.9553569451696835
0.9590866087208275,0.9590866087208275
0.9628145663811176,0.9628145663811176
0.9665408410850685,0.9665408410850685
0.9702654558605496,0.9702654558605496
0.9739884338292313,0.9739884338292313
0.9777097982070588,0.9777097982070588
0.9814295723047013,0.9814295723047013
0.9851477795280335,0.9851477795280335
0.9888644433785895,0.9888644433785895
0.9925795874540522,0.9925795874540522
0.9962932354487124,0.9962932354487124
1.0000054111539651,1.0000054111539651
1.003716138458775,1.003716138458775
1.0074254413501766,1.0074254413501766
1.0111333439137504,1.0111333439137504
1.0148398703341246,1.0148398703341246
1.0185450448954678,1.0185450448954678
1.0222488919819817,1.0222488919819817
1.025951436078408,1.025951436078408
1.029652701770537,1.029652701770537
1.0333527137457101,1.0333527137457101
1.037051496793333,1.037051496793333
1.0407490758053908,1.0407490758053908
1.0444454757769714,1.0444454757769714
1.0481407218067862,1.0481407218067862
1.0518348390976877,1.0518348390976877
1.0555278529572103,1.0555278529572103
1.059219788798097,1.059219788798097
1.0629106721388426,1.0629106721388426
1.0666005286042224,1.0666005286042224
1.0702893839258445,1.0702893839258445
1.0739772639426974,1.0739772639426974
1.077664194601701,1.077664194601701
1.081350201958257,1.081350201958257
1.0850353121768095,1.0850353121768095
1.0887195515314152,1.0887195515314152
1.0924029464063019,1.0924029464063019
1.096085523296437,1.096085523296437
1.0997673088081081,1.0997673088081081
1.1034483296594988,1.1034483296594988
1.107128612681273,1.107128612681273
1.1108081848171558,1.1108081848171558
1.1144870731245258,1.1144870731245258
1.1181653047750137,1.1181653047750137
1.1218429070550973,1.1218429070550973
1.125519907366702,1.125519907366702
1.1291963332278059,1.1291963332278059
1.1328722122730617,1.1328722122730617
1.1365475722544016,1.1365475722544016
1.1402224410416577,1.1402224410416577
1.1438968466231847,1.1438968466231847
1.1475708171064967,1.1475708171064967
1.1512443807188917,1.1512443807188917
1.154917565808087,1.154917565808087
1.1585904008428631,1.1585904008428631
1.162262914413713,1.162262914413713
1.16593513523349,1.16593513523349
1.1696070921380577,1.1696070921380577
1.1732788140869521,1.1732788140869521
1.1769503301640523,1.1769503301640523
1.1806216695782425,1.1806216695782425
1.1842928616640818,1.1842928616640818
1.1879639358824936,1.1879639358824936
1.1916349218214346,1.1916349218214346
1.1953058491965987,1.1953058491965987
1.1989767478520925,1.1989767478520925
1.2026476477611494,1.2026476477611494
1.2063185790268154,1.2063185790268154
1.2099895718826748,1.2099895718826748
1.213660656693544,1.213660656693544
1.2173318639562065,1.2173318639562065
1.2210032243001194,1.2210032243001194
1.2246747684881583,1.2246747684881583
1.2283465274173322,1.2283465274173322
1.2320185321195398,1.2320185321195398
1.235690813762298,1.235690813762298
1.2393634036495043,1.2393634036495043
1.243036333222176,1.243036333222176
1.2467096340592285,1.2467096340592285
1.2503833378782208,1.2503833378782208
1.2540574765361459,1.2540574765361459
1.2577320820301892,1.2577320820301892
1.2614071864985275,1.2614071864985275
1.2650828222211001,1.2650828222211001
1.2687590216204194,1.2687590216204194
1.2724358172623533,1.2724358172623533
1.2761132418569459,1.2761132418569459
1.2797913282592148,1.2797913282592148
1.2834701094699803,1.2834701094699803
1.2871496186366767,1.2871496186366767
1.2908298890541927,1.2908298890541927
1.2945109541656952,1.2945109541656952
1.2981928475634819,1.2981928475634819
1.301875602989817,1.301875602989817
1.305559254337796,1.305559254337796
1.3092438356521947,1.3092438356521947
1.312929381130348,1.312929381130348
1.3166159251230074,1.3166159251230074
1.3203035021352374,1.3203035021352374
1.3239921468272828,1.3239921468272828
1.3276818940154806,1.3276818940154806
1.3313727786731395,1.3313727786731395
1.3350648359314614,1.3350648359314614
1.338758101080444,1.338758101080444
1.3424526095698055,1.3424526095698055
1.346148397009904,1.346148397009904
1.349845499172684,1.349845499172684
1.3535439519925958,1.3535439519925958
1.3572437915675672,1.3572437915675672
1.3609450541599333,1.3609450541599333
1.364647776197421,1.364647776197421
1.3683519942740952,1.3683519942740952
1.3720577451513558,1.3720577451513558
1.3757650657589067,1.3757650657589067
1.3794739931957543,1.3794739931957543
1.3831845647312004,1.3831845647312004
1.3868968178058567,1.3868968178058567
1.3906107900326454,1.3906107900326454
1.3943265191978398,1.3943265191978398
1.3980440432620687,1.3980440432620687
1.4017634003613813,1.4017634003613813
1.405484628808268,1.405484628808268
1.4092077670927319,1.4092077670927319
1.4129328538833346,1.4129328538833346
1.4166599280282814,1.4166599280282814
1.4203890285564886,1.4203890285564886
1.424120194678669,1.424120194678669
1.4278534657884303,1.4278534657884303
1.4315888814633813,1.4315888814633813
1.4353264814662394,1.4353264814662394
1.4390663057459465,1.4390663057459465
1.4428083944388033,1.4428083944388033
1.4465527878696096,1.4465527878696096
1.4502995265528085,1.4502995265528085
1.4540486511936357,1.4540486511936357
1.4578002026892902,1.4578002026892902
1.461554222130112,1.461554222130112
1.4653107508007595,1.4653107508007595
1.4690698301813996,1.4690698301813996
1.472831501948913,1.472831501948913
1.4765958079781079,1.4765958079781079
1.4803627903429415,1.4803627903429415
1.4841324913177387,1.4841324913177387
1.487904953378445,1.487904953378445
1.4916802192038747,1.4916802192038747
1.4954583316769694,1.4954583316769694
1.4992393338860637,1.4992393338860637
1.5030232691261691,1.5030232691261691
1.5068101809002687,1.5068101809002687
1.510600112920616,1.510600112920616
1.5143931091100393,1.5143931091100393
1.5181892136032675,1.5181892136032675
1.52198847074827,1.52198847074827
1.5257909251075954,1.5257909251075954
1.5295966214597154,1.5295966214597154
1.5334056048004021,1.5334056048004021
1.5372179203441043,1.5372179203441043
1.5410336135253313,1.5410336135253313
1.5448527300000454,1.5448527300000454
1.5486753156470796,1.5486753156470796
1.5525014165695619,1.5525014165695619
1.5563310790963407,1.5563310790963407
1.5601643497834334,1.5601643497834334
1.564001275415477,1.564001275415477
1.5678419030072106,1.5678419030072106
1.5716862798049456,1.5716862798049456
1.5755344532880562,1.5755344532880562
1.5793864711704904,1.5793864711704904
1.5832423814022887,1.5832423814022887
1.5871022321711135,1.5871022321711135
1.5909660719037853,1.5909660719037853
1.5948339492678425,1.5948339492678425
1.598705913173118,1.598705913173118
1.6025820127733121,1.6025820127733121
1.6064622974675857,1.6064622974675857
1.6103468169021713,1.6103468169021713
1.6142356209720026,1.6142356209720026
1.6181287598223393,1.6181287598223393
1.6220262838504185,1.6220262838504185
1.6259282437071185,1.6259282437071185
1.6298346902986405,1.6298346902986405
1.6337456747881942,1.6337456747881942
1.637661248597702,1.637661248597702
1.6415814634095227,1.6415814634095227
1.645506371168187,1.645506371168187
1.6494360240821468,1.6494360240821468
1.6533704746255307,1.6533704746255307
1.6573097755399357,1.6573097755399357
1.6612539798362127,1.6612539798362127
1.6652031407962837,1.6652031407962837
1.6691573119749576,1.6691573119749576
1.6731165472017815,1.6731165472017815
1.6770809005828886,1.6770809005828886
1.6810504265028825,1.6810504265028825
1.685025179626708,1.685025179626708
1.689005214901579,1.689005214901579
1.6929905875588795,1.6929905875588795
1.6969813531161209,1.6969813531161209
1.7009775673788803,1.7009775673788803
1.7049792864427884,1.7049792864427884
1.7089865666955035,1.7089865666955035
1.7129994648187377,1.7129994648187377
1.7170180377902597,1.7170180377902597
1.7210423428859594,1.7210423428859594
1.725072437681889,1.725072437681889
1.7291083800563578,1.7291083800563578
1.7331502281920133,1.7331502281920133
1.7371980405779746,1.7371980405779746
1.7412518760119475,1.7412518760119475
1.7453117936023976,1.7453117936023976
1.7493778527706993,1.7493778527706993
1.7534501132533544,1.7534501132533544
1.7575286351041757,1.7575286351041757
1.7616134786965438,1.7616134786965438
1.7657047047256338,1.7657047047256338
1.7698023742107087,1.7698023742107087
1.7739065484973913,1.7739065484973913
1.7780172892599926,1.7780172892599926
1.7821346585038307,1.7821346585038307
1.7862587185675987,1.7862587185675987
1.7903895321257242,1.7903895321257242
1.7945271621907832,1.7945271621907832
1.7986716721159026,1.7986716721159026
1.8028231255972165,1.8028231255972165
1.8069815866763113,1.8069815866763113
1.8111471197427298,1.8111471197427298
1.8153197895364626,1.8153197895364626
1.8194996611504934,1.8194996611504934
1.8236868000333406,1.8236868000333406
1.8278812719916464,1.8278812719916464
1.8320831431927664,1.8320831431927664
1.8362924801674116,1.8362924801674116
1.8405093498122762,1.8405093498122762
1.844733819392738,1.844733819392738
1.8489659565455303,1.8489659565455303
1.8532058292814935,1.8532058292814935
1.857453505988298,1.857453505988298
1.8617090554332467,1.8617090554332467
1.86597254676605,1.86597254676605
1.8702440495216786,1.8702440495216786
1.8745236336231925,1.8745236336231925
1.878811369384648,1.878811369384648
1.8831073275139831,1.8831073275139831
1.8874115791159716,1.8874115791159716
1.8917241956951691,1.8917241956951691
1.8960452491589252,1.8960452491589252
1.9003748118203794,1.9003748118203794
1.904712956401538,1.904712956401538
1.9090597560363198,1.9090597560363198
1.9134152842736931,1.9134152842736931
1.9177796150807984,1.9177796150807984
1.9221528228461147,1.9221528228461147
1.9265349823826563,1.9265349823826563
1.9309261689312123,1.9309261689312123
1.935326458163596,1.935326458163596
1.9397359261859368,1.9397359261859368
1.9441546495420021,1.9441546495420021
1.9485827052165616,1.9485827052165616
1.95302017063877,1.95302017063877
1.9574671236855803,1.9574671236855803
1.9619236426852036,1.9619236426852036
1.9663898064206065,1.9663898064206065
1.9708656941330234,1.9708656941330234
1.975351385525509,1.975351385525509
1.9798469607665385,1.9798469607665385
1.9843525004936344,1.9843525004936344
1.9888680858170338,1.9888680858170338
1.9933937983233703,1.9933937983233703
1.9979297200794255,1.9979297200794255
2.0024759336359055,2.0024759336359055
2.0070325220312406,2.0070325220312406
2.0115995687954364,2.0115995687954364
2.016177157953964,2.016177157953964
2.0207653740316895,2.0207653740316895
2.0253643020568375,2.0253643020568375
2.029974027564989,2.029974027564989
2.034594636603135,2.034594636603135
2.0392262157337693,2.0392262157337693
2.0438688520390067,2.0438688520390067
2.0485226331247564,2.0485226331247564
2.0531876471249344,2.0531876471249344
2.057863982705722,2.057863982705722
2.0625517290698654,2.0625517290698654
2.067250975961013,2.067250975961013
2.0719618136681053,2.0719618136681053
2.076684333029812,2.076684333029812
2.0814186254390097,2.0814186254390097
2.0861647828473,2.0861647828473
2.0909228977695786,2.0909228977695786
2.0956930632886763,2.0956930632886763
2.100475373059999,2.100475373059999
2.1052699213162556,2.1052699213162556
2.1100768028722183,2.1100768028722183
2.114896113129542,2.114896113129542
2.1197279480816307,2.1197279480816307
2.1245724043185383,2.1245724043185383
2.129429579031949,2.129429579031949
2.1342995700202,2.1342995700202
2.1391824756933477,2.1391824756933477
2.1440783950782856,2.1440783950782856
2.148987427823941,2.148987427823941
2.1539096742065054,2.1539096742065054
2.158845235134726,2.158845235134726
2.163794212155248,2.163794212155248
2.1687567074580234,2.1687567074580234
2.1737328238817812,2.1737328238817812
2.1787226649195475,2.1787226649195475
2.183726334724214,2.183726334724214
2.1887439381141913,2.1887439381141913
2.193775580579114,2.193775580579114
2.198821368285605,2.198821368285605
2.2038814080830873,2.2038814080830873
2.208955807509694,2.208955807509694
2.2140446747982123,2.2140446747982123
2.219148118882116,2.219148118882116
2.22426624940163,2.22426624940163
2.229399176709902,2.229399176709902
2.2345470118792177,2.2345470118792177
2.2397098667072934,2.2397098667072934
2.2448878537236268,2.2448878537236268
2.250081086195927,2.250081086195927
2.25528967813663,2.25528967813663
2.2605137443094576,2.2605137443094576
2.265753400236065,2.265753400236065
2.271008762202768,2.271008762202768
2.276279947267334,2.276279947267334
2.281567073265867,2.281567073265867
2.2868702588197367,2.2868702588197367
2.292189623342618,2.292189623342618
2.2975252870476117,2.2975252870476117
2.3028773709544166,2.3028773709544166
2.3082459968966003,2.3082459968966003
2.313631287528957,2.313631287528957
2.3190333663349554,2.3190333663349554
2.324452357634243,2.324452357634243
2.3298883865902678,2.3298883865902678
2.335341579217961,2.335341579217961
2.340812062391543,2.340812062391543
2.346299963852384,2.346299963852384
2.351805412216968,2.351805412216968
2.3573285369849555,2.3573285369849555
2.3628694685473466,2.3628694685473466
2.3684283381947098,2.3684283381947098
2.374005278125546,2.374005278125546
2.3796004214547097,2.3796004214547097
2.385213902221961,2.385213902221961
2.390845855400612,2.390845855400612
2.3964964169062686,2.3964964169062686
2.402165723605663,2.402165723605663
2.4078539133256216,2.4078539133256216
2.413561124862123,2.413561124862123
2.4192874979894596,2.4192874979894596
2.4250331734695116,2.4250331734695116
2.4307982930611347,2.4307982930611347
2.43658299952967,2.43658299952967
2.4423874366565506,2.4423874366565506
2.448211749249025,2.448211749249025
2.4540560831500127,2.4540560831500127
2.4599205852480774,2.4599205852480774
2.46580540348751,2.46580540348751
2.471710686878532,2.471710686878532
2.477636585507639,2.477636585507639
2.483583250548069,2.483583250548069
2.48955083427039,2.48955083427039
2.495539490053211,2.495539490053211
2.501549372394045,2.501549372394045
2.507580636920309,2.507580636920309
2.5136334404004246,2.5136334404004246
2.519707940755097,2.519707940755097
2.525804297068707,2.525804297068707
2.531922669600872,2.531922669600872
2.5380632197981288,2.5380632197981288
2.5442261103057575,2.5442261103057575
2.5504115049797873,2.5504115049797873
2.5566195688991242,2.5566195688991242
2.562850468377849,2.562850468377849
2.5691043709776515,2.5691043709776515
2.5753814455204425,2.5753814455204425
2.581681862101128,2.581681862101128
2.5880057921005335,2.5880057921005335
2.594353408198488,2.594353408198488
2.600724884387099,2.600724884387099
2.607120395984189,2.607120395984189
2.6135401196469044,2.6135401196469044
2.61998423338548,2.61998423338548
2.626452916577227,2.626452916577227
2.6329463499806667,2.6329463499806667
2.639464715749871,2.639464715749871
2.6460081974489595,2.6460081974489595
2.6525769800668204,2.6525769800668204
2.659171250032024,2.659171250032024
2.6657911952279028,2.6657911952279028
2.6724370050078567,2.6724370050078567
2.6791088702108516,2.6791088702108516
2.6858069831771387,2.6858069831771387
2.6925315377641645,2.6925315377641645
2.69928272936269,2.69928272936269
2.7060607549131546,2.7060607549131546
2.7128658129222396,2.7128658129222396
2.719698103479656,2.719698103479656
2.726557828275156,2.726557828275156
2.7334451906157833,2.7334451906157833
2.7403603954433717,2.7403603954433717
2.7473036493522494,2.7473036493522494
2.754275160607201,2.754275160607201
2.761275139161688,2.761275139161688
2.7683037966763058,2.7683037966763058
2.775361346537501,2.775361346537501
2.782448003876542,2.782448003876542
2.7895639855887464,2.7895639855887464
2.7967095103530095,2.7967095103530095
2.8038847986515663,2.8038847986515663
2.8110900727900403,2.8110900727900403
2.8183255569177854,2.8183255569177854
2.825591477048509,2.825591477048509
2.8328880610811855,2.8328880610811855
2.840215538821251,2.840215538821251
2.8475741420021183,2.8475741420021183
2.8549641043070038,2.8549641043070038
2.8623856613910412,2.8623856613910412
2.8698390509037197,2.8698390509037197
2.8773245125116578,2.8773245125116578
2.8848422879216993,2.8848422879216993
2.8923926209043374,2.8923926209043374
2.899975757317465,2.899975757317465
2.9075919451305037,2.9075919451305037
2.9152414344488644,2.9152414344488644
2.922924477538761,2.922924477538761
2.9306413288523885,2.9306413288523885
2.9383922450534845,2.9383922450534845
2.9461774850432616,2.9461774850432616
2.953997309986718,2.953997309986718
2.9618519833393315,2.9618519833393315
4.252641517959388,4.252641517959388
4.242972899002998,4.242972899002998
4.23323191350836,4.23323191350836
4.223421591293345,4.223421591293345
4.213544768046739,4.213544768046739
4.203604107992367,4.203604107992367
4.193602123056733,4.193602123056733
4.183541189206144,4.183541189206144
4.173423560470364,4.173423560470364
4.1632513810590694,4.1632513810590694
4.153026695893081,4.153026695893081
4.142751459808689,4.142751459808689
4.132427545643404,4.132427545643404
4.122056751373098,4.122056751373098
4.111640806439643,4.111640806439643
4.10118137738434,4.10118137738434
4.090680072882775,4.090680072882775
4.080138448261272,4.080138448261272
4.069558009562039,4.069558009562039
4.058940217214365,4.058940217214365
4.0482864893599535,4.0482864893599535
4.037598204874015,4.037598204874015
4.026876706117374,4.026876706117374
4.016123301450286,4.016123301450286
4.005339267534392,4.005339267534392
3.9945258514456548,3.9945258514456548
3.9836842726183788,3.9836842726183788
3.97281572463772,3.97281572463772
3.96192137689597,3.96192137689597
3.951002376126238,3.951002376126238
3.940059847825286,3.940059847825286
3.929094897576039,3.929094897576039
3.9181086122792754,3.9181086122792754
3.907102061302594,3.907102061302594
3.8960762975541585,3.8960762975541585
3.8850323584879347,3.8850323584879347
3.8739712670461373,3.8739712670461373
3.8628940325443826,3.8628940325443826
3.851801651504349,3.851801651504349
3.840695108438082,3.840695108438082
3.829575376588105,3.829575376588105
3.8184434186266563,3.8184434186266563
3.80730018731739,3.80730018731739
3.7961466261423884,3.7961466261423884
3.784983669897117,3.784983669897117
3.773812245255874,3.773812245255874
3.762633271309768,3.762633271309768
3.7514476600793363,3.7514476600793363
3.740256317003637,3.740256317003637
3.729060141407529,3.729060141407529
3.717860026948684,3.717860026948684
3.7066568620457327,3.7066568620457327
3.6954515302889313,3.6954515302889313
3.6842449108345376,3.6842449108345376
3.673037878784003,3.673037878784003
3.66183130554909,3.66183130554909
3.6506260592037587,3.6506260592037587
3.6394230048239162,3.6394230048239162
3.62822300481568,3.62822300481568
3.617026919232981,3.617026919232981
3.6058356060853107,3.6058356060853107
3.594649921636185,3.594649921636185
3.5834707206930463,3.5834707206930463
3.572298856889087,3.572298856889087
3.56113518295762,3.56113518295762
3.54998055099954,3.54998055099954
3.538835812744307,3.538835812744307
3.5277018198048724,3.5277018198048724
3.5165794239271366,3.5165794239271366
3.505469477234097,3.505469477234097
3.494372832465398,3.494372832465398
3.483290343212275,3.483290343212275
3.4722228641485655,3.4722228641485655
3.461171251257872,3.461171251257872
3.450136362057357,3.450136362057357
3.4391190558183737,3.4391190558183737
3.4281201937841774,3.4281201937841774
3.4171406393851393,3.4171406393851393
3.4061812584515456,3.4061812584515456
3.3952429194243265,3.3952429194243265
3.38432649356389,3.38432649356389
3.373432855157411,3.373432855157411
3.3625628817245987,3.3625628817245987
3.3517174542223462,3.3517174542223462
3.34089745724827,3.34089745724827
3.3301037792435344,3.3301037792435344
3.3193373126950227,3.3193373126950227
3.30859895433705,3.30859895433705
3.2978896053528146,3.2978896053528146
3.287210171575815,3.287210171575815
3.2765615636912617,3.2765615636912617
3.2659446974378756,3.2659446974378756
3.255360493809908,3.255360493809908
3.2448098792599245,3.2448098792599245
3.2342937859021976,3.2342937859021976
3.223813151717029,3.223813151717029
3.2133689207560874,3.2133689207560874
3.2029620433489434,3.2029620433489434
3.1925934763109556,3.1925934763109556
3.182264183152647,3.182264183152647
3.171975134290637,3.171975134290637
3.161727307260472,3.161727307260472
3.1515216869312885,3.1515216869312885
3.1413592657226426,3.1413592657226426
3.1312410438233886,3.1312410438233886
3.121168029413168,3.121168029413168
3.1111412388861783,3.1111412388861783
3.1011616970778038,3.1011616970778038
3.0912304374938575,3.0912304374938575
3.0813485025429825,3.0813485025429825
3.0715169437720222,3.0715169437720222
3.0617368221047903,3.0617368221047903
3.052009208084068,3.052009208084068
3.042335182117431,3.042335182117431
3.032715834726643,3.032715834726643
3.023152266801003,3.023152266801003
3.013645589854775,3.013645589854775
3.00419692628887,3.00419692628887
2.994807409656909,2.994807409656909
2.9854781849359195,2.9854781849359195
2.976210408801702,2.976210408801702
2.9670052499092723,2.9670052499092723
2.957863889178358,2.957863889178358
2.9487875200842346,2.9487875200842346
2.9397773489541077,2.9397773489541077
2.930834595269183,2.930834595269183
2.9219604919727313,2.9219604919727313
2.9131562857842335,2.9131562857842335
2.904423237519861,2.904423237519861
2.8957626224196744,2.8957626224196744
2.8871757304814487,2.8871757304814487
2.878663866801743,2.878663866801743
2.870228351924048,2.870228351924048
2.8618705221946774,2.8618705221946774
2.8535917301263316,2.8535917301263316
2.845393344769767,2.845393344769767
2.837276752093807,2.837276752093807
2.829243355373942,2.829243355373942
2.8212945755899526,2.8212945755899526
2.813431851832574,2.813431851832574
2.80565664171984,2.80565664171984
2.797970421823204,2.797970421823204
2.7903746881038547,2.7903746881038547
2.7828709563595933,2.7828709563595933
2.775460762682509,2.775460762682509
2.7681456639279816,2.7681456639279816
2.760927238195298,2.760927238195298
2.753807085320328,2.753807085320328
2.7467868273804816,2.7467868273804816
2.739868109212768,2.739868109212768
2.7330525989449734,2.7330525989449734
2.7263419885406543,2.7263419885406543
2.719737994358341,2.719737994358341
2.713242357725507,2.713242357725507
2.7068568455276854,2.7068568455276854
2.7005832508134437,2.7005832508134437
2.694423393415538,2.694423393415538
2.688379120589018,2.688379120589018
2.6824523076668303,2.6824523076668303
2.6766448587334093,2.6766448587334093
2.6709587073170233,2.6709587073170233
2.6653958171015484,2.6653958171015484
2.659958182658224,2.659958182658224
2.6546478301982983,2.6546478301982983
2.649466818347185,2.649466818347185
2.644417238940841,2.644417238940841
2.639501217845482,2.639501217845482
2.6347209158010774,2.6347209158010774
2.630078529289781,2.630078529289781
2.6255762914301783,2.6255762914301783
2.6212164728981504,2.6212164728981504
2.6170013828756415,2.6170013828756415
2.6129333700279576,2.6129333700279576
2.609014823511127,2.609014823511127
2.6052481740101054,2.6052481740101054
2.60163589480928,2.60163589480928
2.5981805028961915,2.5981805028961915
2.5948845601000743,2.5948845601000743
2.5917506742663665,2.5917506742663665
2.588781500468791,2.588781500468791
2.5859797422600996,2.5859797422600996
2.583348152963455,2.583348152963455
2.5808895370058096,2.5808895370058096
2.5786067512949966,2.5786067512949966
2.576502706642395,2.576502706642395
2.5745803692328826,2.5745803692328826
2.5728427621439476,2.5728427621439476
2.571292966916322,2.571292966916322
2.569934125177931,2.569934125177931
2.5687694403233765,2.5687694403233765
2.5678021792515144,2.5678021792515144
2.567035674163445,2.567035674163445
2.5664733244233737,2.5664733244233737
2.5661185984852386,2.5661185984852386
2.5659750358878117,2.5659750358878117
2.5660462493212473,2.5660462493212473
2.566335926768244,2.566335926768244
2.5668478337230187,2.5668478337230187
2.56758581549164,2.56758581549164
2.5685537995773764,2.5685537995773764
2.5697557981546826,2.5697557981546826
2.571195910635981,2.571195910635981
2.5728783263355712,2.5728783263355712
2.574807327234966,2.574807327234966
2.576987290854327,2.576987290854327
2.5794226932351627,2.5794226932351627
2.5821181120392893,2.5821181120392893
2.5850782297697563,2.5850782297697563
2.5883078371194754,2.5883078371194754
2.5918118364535836,2.5918118364535836
2.5955952454323468,2.5955952454323468
2.599663200781219,2.599663200781219
2.6040209622153982,2.6040209622153982
2.6086739165265422,2.6086739165265422
2.613627581839845,2.613627581839845
2.6188876120501465,2.6188876120501465
2.624459801446023,2.624459801446023
2.630350089531568,2.630350089531568
2.636564566056399,2.636564566056399
2.6431094762645087,2.6431094762645087
2.6499912263735084,2.6499912263735084
2.657216389296739,2.657216389296739
2.6647917106213077,2.6647917106213077
2.672724114855596,2.672724114855596
2.6810207119614713,2.6810207119614713
2.689688804186643,2.689688804186643
2.6987358932138488,2.6987358932138488
2.7081696876451087,2.7081696876451087
2.7179981108394973,2.7179981108394973
2.728229309125229,2.728229309125229
2.7388716604075194,2.7388716604075194
2.7499337831954485,2.7499337831954485
2.76142454607241,2.76142454607241
2.773353077636853,2.773353077636853
2.7857287769414976,2.7857287769414976
2.7985613244615255,2.7985613244615255
2.8118606936241153,2.8118606936241153
2.8256371629342056,2.8256371629342056
2.839901328734069,2.839901328734069
2.8546641186369524,2.8546641186369524
2.8699368056777996,2.8699368056777996
2.88573102322757,2.88573102322757
2.9020587807216147,2.9020587807216147
2.91893248025543,2.91893248025543
2.936364934106519,2.936364934106519
2.9543693832446163,2.9543693832446163
2.972959516898425,2.972959516898425
2.992149493251958,2.992149493251958
3.011953961349719,3.011953961349719
3.032388084296476,3.032388084296476
3.0534675638449906,3.0534675638449906
3.075208666472211,3.075208666472211
3.0976282510536155,3.0976282510536155
3.1207437982550292,3.1207437982550292
3.144573441771174,3.144573441771174
3.1691360015525554,3.1691360015525554
3.194451019174087,3.194451019174087
3.2205387955138534,3.2205387955138534
3.2474204309255192,3.2474204309255192
3.275117868105169,3.275117868105169
3.3036539378725656,3.3036539378725656
3.3330524081081276,3.3330524081081276
3.36333803611049,3.36333803611049
3.3945366246659074,3.3945366246659074
3.4266750821498824,3.4266750821498824
3.4597814870144545,3.4597814870144545
3.4938851570510057,3.4938851570510057
3.5290167238601833,3.5290167238601833
3.56520821300514,3.56520821300514
3.6024931303779626,3.6024931303779626
3.6409065553664406,3.6409065553664406
3.680485241474166,3.680485241474166
3.7212677251219106,3.7212677251219106
3.763294443441897,3.763294443441897
3.8066078619729122,3.8066078619729122
3.851252613272269,3.851252613272269
3.897275647584787,3.897275647584787
3.9447263968502564,3.9447263968502564
3.993656953493142,3.993656953493142
4.044122265623211,4.044122265623211
4.096180350489741,4.096180350489741
4.1498925282776735,4.1498925282776735
4.205323678618676,4.205323678618676
4.262542522519395,4.262542522519395
4.321621932791292,4.321621932791292
4.3826392765138795,4.3826392765138795
4.445676793582676,4.445676793582676
4.510822016005953,4.510822016005953
4.578168233331841,4.578168233331841
4.647815010436399,4.647815010436399
4.71986876490757,4.71986876490757
4.794443412454257,4.794443412454257
4.8716610901946495,4.8716610901946495
4.951652969384728,4.951652969384728
5.034560171201922,5.034560171201922
5.1205348016804875,5.1205348016804875
5.209741124907283,5.209741124907283
5.30235689726115,5.30235689726115
5.39857488998477,5.39857488998477
5.498604632930284,5.498604632930284
5.6026744192037725,5.6026744192037725
5.71103361901665,5.71103361901665
5.823955361823478,5.823955361823478
5.941739659432368,5.941739659432368
6.064717060084377,6.064717060084377
6.193252945687769,6.193252945687769
6.32775261306478,6.32775261306478
6.468667317433809,6.468667317433809
6.616501505492609,6.616501505492609
6.7718215307349325,6.7718215307349325
6.93526623123557,6.93526623123557
7.107559869057077,7.107559869057077
7.289528093857092,7.289528093857092
7.482117820868803,7.482117820868803
7.6864222350102,7.6864222350102
7.903712594501724,7.903712594501724
8.135479181623143,8.135479181623143
8.383484752070359,8.383484752070359
8.64983536089752,8.64983536089752
8.937075819898025,8.937075819898025
9.248320841565471,9.248320841565471
9.58743918568113,9.58743918568113
9.959318797644535,9.959318797644535
10.370259851922821,10.370259851922821
10.828577741158103,10.828577741158103
11.345566880340428,11.345566880340428
11.93712012282923,11.93712012282923
12.626624568892739,12.626624568892739
13.450571193152797,13.450571193152797
14.470650768705031,14.470650768705031
15.804129055825907,15.804129055825907
17.72070514974897,17.72070514974897
21.130569179823418,21.130569179823418
