-7.002244535019476,-7.002244535019476
-7.014988880536495,-7.014988880536495
-7.023628833744828,-7.023628833744828
-7.030453633853129,-7.030453633853129
-7.036080152703774,-7.036080152703774
-7.040810301388233,-7.040810301388233
-7.044824491052914,-7.044824491052914
-7.048242973516176,-7.048242973516176
-7.051151719039193,-7.051151719039193
-7.053615279907942,-7.053615279907942
-7.055683922043178,-7.055683922043178
-7.057397902035679,-7.057397902035679
-7.058790189705704,-7.058790189705704
-7.059888284316544,-7.059888284316544
-7.0607154729601875,-7.0607154729601875
-7.061291730173328,-7.061291730173328
-7.061634378222341,-7.061634378222341
-7.061758582730713,-7.061758582730713
-7.06167773199097,-7.06167773199097
-7.06140373220818,-7.06140373220818
-7.06094724075293,-7.06094724075293
-7.060317852888467,-7.060317852888467
-7.059524253025508,-7.059524253025508
-7.058574338548859,-7.058574338548859
-7.057475322165292,-7.057475322165292
-7.056233817237458,-7.056233817237458
-7.0548559094991194,-7.0548559094991194
-7.053347217764906,-7.053347217764906
-7.051712945668179,-7.051712945668179
-7.049957926025665,-7.049957926025665
-7.048086659097412,-7.048086659097412
-7.046103345757294,-7.046103345757294
-7.044011916393306,-7.044011916393306
-7.041816056203442,-7.041816056203442
-7.039519227432181,-7.039519227432181
-7.03712468899661,-7.03712468899661
-7.034635513874333,-7.034635513874333
-7.032054604563427,-7.032054604563427
-7.029384706874501,-7.029384706874501
-7.026628422273881,-7.026628422273881
-7.023788218963335,-7.023788218963335
-7.0208664418539914,-7.0208664418539914
-7.017865321569045,-7.017865321569045
-7.0147869825906835,-7.0147869825906835
-7.011633450650563,-7.011633450650563
-7.008406659449626,-7.008406659449626
-7.0051084567817,-7.0051084567817
-7.001740610125516,-7.001740610125516
-6.998304811761648,-6.998304811761648
-6.994802683463773,-6.994802683463773
-6.991235780807594,-6.991235780807594
-6.987605597135634,-6.987605597135634
-6.983913567211559,-6.983913567211559
-6.980161070593862,-6.980161070593862
-6.976349434755317,-6.976349434755317
-6.972479937971719,-6.972479937971719
-6.968553812000873,-6.968553812000873
-6.964572244570495,-6.964572244570495
-6.960536381691791,-6.960536381691791
-6.956447329813714,-6.956447329813714
-6.9523061578313765,-6.9523061578313765
-6.948113898960756,-6.948113898960756
-6.943871552490651,-6.943871552490651
-6.939580085421758,-6.939580085421758
-6.935240434001817,-6.935240434001817
-6.9308535051649525,-6.9308535051649525
-6.926420177882539,-6.926420177882539
-6.921941304432327,-6.921941304432327
-6.917417711591873,-6.917417711591873
-6.912850201761878,-6.912850201761878
-6.90823955402447,-6.90823955402447
-6.9035865251411055,-6.9035865251411055
-6.898891850494306,-6.898891850494306
-6.894156244977145,-6.894156244977145
-6.889380403834054,-6.889380403834054
-6.884565003456241,-6.884565003456241
-6.879710702134714,-6.879710702134714
-6.874818140773744,-6.874818140773744
-6.869887943567292,-6.869887943567292
-6.864920718640793,-6.864920718640793
-6.85991705866047,-6.85991705866047
-6.854877541412228,-6.854877541412228
-6.849802730351994,-6.849802730351994
-6.84469317512922,-6.84469317512922
-6.839549412085212,-6.839549412085212
-6.834371964727723,-6.834371964727723
-6.829161344183265,-6.829161344183265
-6.82391804962839,-6.82391804962839
-6.8186425687011525,-6.8186425687011525
-6.81333537789391,-6.81333537789391
-6.807996942928476,-6.807996942928476
-6.802627719114606,-6.802627719114606
-6.79722815169276,-6.79722815169276
-6.791798676161969,-6.791798676161969
-6.786339718593601,-6.786339718593601
-6.780851695931809,-6.780851695931809
-6.7753350162813275,-6.7753350162813275
-6.769790079183285,-6.769790079183285
-6.764217275879665,-6.764217275879665
-6.758616989566977,-6.758616989566977
-6.7529895956396775,-6.7529895956396775
-6.747335461923885,-6.747335461923885
-6.741654948901818,-6.741654948901818
-6.735948409927471,-6.735948409927471
-6.730216191433892,-6.730216191433892
-6.724458633132516,-6.724458633132516
-6.718676068204899,-6.718676068204899
-6.712868823487227,-6.712868823487227
-6.707037219647936,-6.707037219647936
-6.701181571358753,-6.701181571358753
-6.695302187459465,-6.695302187459465
-6.6893993711167115,-6.6893993711167115
-6.68347341997704,-6.68347341997704
-6.677524626314524,-6.677524626314524
-6.671553277173139,-6.671553277173139
-6.665559654504148,-6.665559654504148
-6.6595440352987305,-6.6595440352987305
-6.653506691716022,-6.653506691716022
-6.6474478912067845,-6.6474478912067845
-6.641367896632895,-6.641367896632895
-6.635266966382803,-6.635266966382803
-6.629145354483168,-6.629145354483168
-6.623003310706786,-6.623003310706786
-6.616841080676991,-6.616841080676991
-6.610658905968657,-6.610658905968657
-6.604457024205953,-6.604457024205953
-6.598235669156964,-6.598235669156964
-6.591995070825316,-6.591995070825316
-6.585735455538907,-6.585735455538907
-6.579457046035885,-6.579457046035885
-6.573160061547934,-6.573160061547934
-6.566844717881034,-6.566844717881034
-6.560511227493724,-6.560511227493724
-6.554159799573009,-6.554159799573009
-6.547790640107997,-6.547790640107997
-6.541403951961311,-6.541403951961311
-6.534999934938416,-6.534999934938416
-6.52857878585488,-6.52857878585488
-6.522140698601702,-6.522140698601702
-6.515685864208719,-6.515685864208719
-6.509214470906214,-6.509214470906214
-6.502726704184735,-6.502726704184735
-6.49622274685326,-6.49622274685326
-6.489702779095674,-6.489702779095674
-6.483166978525716,-6.483166978525716
-6.476615520240359,-6.476615520240359
-6.4700485768717515,-6.4700485768717515
-6.463466318637711,-6.463466318637711
-6.4568689133908554,-6.4568689133908554
-6.450256526666411,-6.450256526666411
-6.443629321728733,-6.443629321728733
-6.436987459616581,-6.436987459616581
-6.430331099187202,-6.430331099187202
-6.423660397159256,-6.423660397159256
-6.41697550815461,-6.41697550815461
-6.410276584739058,-6.410276584739058
-6.403563777461981,-6.403563777461981
-6.396837234894999,-6.396837234894999
-6.390097103669629,-6.390097103669629
-6.3833435285140006,-6.3833435285140006
-6.37657665228864,-6.37657665228864
-6.369796616021359,-6.369796616021359
-6.363003558941288,-6.363003558941288
-6.356197618512058,-6.356197618512058
-6.3493789304641695,-6.3493789304641695
-6.342547628826579,-6.342547628826579
-6.335703845957514,-6.335703845957514
-6.328847712574551,-6.328847712574551
-6.321979357783959,-6.321979357783959
-6.315098909109366,-6.315098909109366
-6.308206492519734,-6.308206492519734
-6.301302232456673,-6.301302232456673
-6.294386251861127,-6.294386251861127
-6.287458672199428,-6.287458672199428
-6.280519613488757,-6.280519613488757
-6.273569194322016,-6.273569194322016
-6.2666075318921335,-6.2666075318921335
-6.259634742015806,-6.259634742015806
-6.252650939156723,-6.252650939156723
-6.245656236448258,-6.245656236448258
-6.238650745715649,-6.238650745715649
-6.231634577497696,-6.231634577497696
-6.224607841067973,-6.224607841067973
-6.217570644455576,-6.217570644455576
-6.2105230944654135,-6.2105230944654135
-6.20346529669806,-6.20346529669806
-6.196397355569182,-6.196397355569182
-6.18931937432854,-6.18931937432854
-6.182231455078587,-6.182231455078587
-6.175133698792675,-6.175133698792675
-6.168026205332869,-6.168026205332869
-6.160909073467391,-6.160909073467391
-6.153782400887694,-6.153782400887694
-6.146646284225191,-6.146646284225191
-6.139500819067621,-6.139500819067621
-6.132346099975089,-6.132346099975089
-6.125182220495776,-6.125182220495776
-6.118009273181321,-6.118009273181321
-6.110827349601904,-6.110827349601904
-6.103636540361006,-6.103636540361006
-6.096436935109888,-6.096436935109888
-6.089228622561771,-6.089228622561771
-6.082011690505745,-6.082011690505745
-6.0747862258203815,-6.0747862258203815
-6.067552314487102,-6.067552314487102
-6.060310041603266,-6.060310041603266
-6.053059491395013,-6.053059491395013
-6.045800747229854,-6.045800747229854
-6.038533891629012,-6.038533891629012
-6.031259006279539,-6.031259006279539
-6.023976172046184,-6.023976172046184
-6.016685468983055,-6.016685468983055
-6.009386976345034,-6.009386976345034
-6.002080772599004,-6.002080772599004
-5.994766935434843,-5.994766935434843
-5.9874455417762285,-5.9874455417762285
-5.9801166677912265,-5.9801166677912265
-5.972780388902697,-5.972780388902697
-5.965436779798496,-5.965436779798496
-5.958085914441504,-5.958085914441504
-5.950727866079455,-5.950727866079455
-5.943362707254598,-5.943362707254598
-5.935990509813181,-5.935990509813181
-5.928611344914766,-5.928611344914766
-5.921225283041366,-5.921225283041366
-5.913832394006431,-5.913832394006431
-5.906432746963675,-5.906432746963675
-5.899026410415727,-5.899026410415727
-5.891613452222662,-5.891613452222662
-5.884193939610348,-5.884193939610348
-5.876767939178669,-5.876767939178669
-5.869335516909599,-5.869335516909599
-5.861896738175136,-5.861896738175136
-5.854451667745097,-5.854451667745097
-5.847000369794781,-5.847000369794781
-5.839542907912501,-5.839542907912501
-5.832079345106983,-5.832079345106983
-5.8246097438146505,-5.8246097438146505
-5.817134165906772,-5.817134165906772
-5.809652672696499,-5.809652672696499
-5.802165324945782,-5.802165324945782
-5.794672182872168,-5.794672182872168
-5.787173306155489,-5.787173306155489
-5.7796687539444385,-5.7796687539444385
-5.772158584863044,-5.772158584863044
-5.764642857017021,-5.764642857017021
-5.7571216280000375,-5.7571216280000375
-5.749594954899867,-5.749594954899867
-5.7420628943044445,-5.7420628943044445
-5.734525502307825,-5.734525502307825
-5.726982834516049,-5.726982834516049
-5.719434946052903,-5.719434946052903
-5.711881891565603,-5.711881891565603
-5.7043237252303785,-5.7043237252303785
-5.696760500757963,-5.696760500757963
-5.689192271399019,-5.689192271399019
-5.681619089949448,-5.681619089949448
-5.6740410087556405,-5.6740410087556405
-5.666458079719636,-5.666458079719636
-5.658870354304199,-5.658870354304199
-5.651277883537826,-5.651277883537826
-5.643680718019666,-5.643680718019666
-5.636078907924369,-5.636078907924369
-5.628472503006859,-5.628472503006859
-5.62086155260704,-5.62086155260704
-5.6132461056544205,-5.6132461056544205
-5.6056262106726775,-5.6056262106726775
-5.598001915784146,-5.598001915784146
-5.590373268714243,-5.590373268714243
-5.582740316795821,-5.582740316795821
-5.575103106973467,-5.575103106973467
-5.567461685807725,-5.567461685807725
-5.559816099479266,-5.559816099479266
-5.552166393792991,-5.552166393792991
-5.544512614182072,-5.544512614182072
-5.536854805711945,-5.536854805711945
-5.529193013084223,-5.529193013084223
-5.521527280640581,-5.521527280640581
-5.513857652366556,-5.513857652366556
-5.506184171895317,-5.506184171895317
-5.498506882511358,-5.498506882511358
-5.490825827154156,-5.490825827154156
-5.483141048421769,-5.483141048421769
-5.475452588574379,-5.475452588574379
-5.467760489537798,-5.467760489537798
-5.460064792906907,-5.460064792906907
-5.452365539949059,-5.452365539949059
-5.44466277160743,-5.44466277160743
-5.436956528504321,-5.436956528504321
-5.429246850944423,-5.429246850944423
-5.421533778918022,-5.421533778918022
-5.413817352104171,-5.413817352104171
-5.4060976098738145,-5.4060976098738145
-5.398374591292869,-5.398374591292869
-5.390648335125268,-5.390648335125268
-5.382918879835946,-5.382918879835946
-5.375186263593814,-5.375186263593814
-5.367450524274659,-5.367450524274659
-5.3597116994640315,-5.3597116994640315
-5.3519698264600795,-5.3519698264600795
-5.344224942276352,-5.344224942276352
-5.3364770836445565,-5.3364770836445565
-5.3287262870172905,-5.3287262870172905
-5.320972588570724,-5.320972588570724
-5.31321602420726,-5.31321602420726
-5.305456629558147,-5.305456629558147
-5.297694439986068,-5.297694439986068
-5.289929490587684,-5.289929490587684
-5.282161816196158,-5.282161816196158
-5.2743914513836305,-5.2743914513836305
-5.2666184304636765,-5.2666184304636765
-5.258842787493723,-5.258842787493723
-5.251064556277435,-5.251064556277435
-5.243283770367074,-5.243283770367074
-5.2355004630658275,-5.2355004630658275
-5.227714667430095,-5.227714667430095
-5.219926416271774,-5.219926416271774
-5.212135742160477,-5.212135742160477
-5.2043426774257595,-5.2043426774257595
-5.196547254159293,-5.196547254159293
-5.188749504217016,-5.188749504217016
-5.180949459221273,-5.180949459221273
-5.1731471505629,-5.1731471505629
-5.165342609403315,-5.165342609403315
-5.157535866676549,-5.157535866676549
-5.149726953091285,-5.149726953091285
-5.141915899132841,-5.141915899132841
-5.134102735065153,-5.134102735065153
-5.126287490932718,-5.126287490932718
-5.118470196562522,-5.118470196562522
-5.110650881565938,-5.110650881565938
-5.102829575340604,-5.102829575340604
-5.095006307072279,-5.095006307072279
-5.087181105736675,-5.087181105736675
-5.079354000101262,-5.079354000101262
-5.07152501872706,-5.07152501872706
-5.063694189970411,-5.063694189970411
-5.05586154198471,-5.05586154198471
-5.04802710272214,-5.04802710272214
-5.040190899935372,-5.040190899935372
-5.032352961179247,-5.032352961179247
-5.024513313812442,-5.024513313812442
-5.016671984999108,-5.016671984999108
-5.0088290017105015,-5.0088290017105015
-5.000984390726581,-5.000984390726581
-4.993138178637598,-4.993138178637598
-4.985290391845662,-4.985290391845662
-4.97744105656629,-4.97744105656629
-4.969590198829936,-4.969590198829936
-4.961737844483505,-4.961737844483505
-4.953884019191847,-4.953884019191847
-4.946028748439237,-4.946028748439237
-4.938172057530834,-4.938172057530834
-4.930313971594125,-4.930313971594125
-4.922454515580351,-4.922454515580351
-4.914593714265923,-4.914593714265923
-4.906731592253811,-4.906731592253811
-4.898868173974925,-4.898868173974925
-4.891003483689481,-4.891003483689481
-4.883137545488345,-4.883137545488345
-4.875270383294364,-4.875270383294364
-4.867402020863691,-4.867402020863691
-4.8595324817870775,-4.8595324817870775
-4.851661789491172,-4.851661789491172
-4.843789967239784,-4.843789967239784
-4.8359170381351495,-4.8359170381351495
-4.828043025119173,-4.828043025119173
-4.820167950974657,-4.820167950974657
-4.812291838326531,-4.812291838326531
-4.804414709643039,-4.804414709643039
-4.796536587236942,-4.796536587236942
-4.788657493266693,-4.788657493266693
-4.780777449737599,-4.780777449737599
-4.772896478502974,-4.772896478502974
-4.765014601265287,-4.765014601265287
-4.757131839577274,-4.757131839577274
-4.749248214843064,-4.749248214843064
-4.741363748319277,-4.741363748319277
-4.733478461116117,-4.733478461116117
-4.7255923741984445,-4.7255923741984445
-4.717705508386856,-4.717705508386856
-4.7098178843587295,-4.7098178843587295
-4.70192952264927,-4.70192952264927
-4.694040443652547,-4.694040443652547
-4.686150667622515,-4.686150667622515
-4.6782602146740215,-4.6782602146740215
-4.670369104783813,-4.670369104783813
-4.662477357791517,-4.662477357791517
-4.654584993400633,-4.654584993400633
-4.646692031179492,-4.646692031179492
-4.638798490562217,-4.638798490562217
-4.6309043908496745,-4.6309043908496745
-4.623009751210412,-4.623009751210412
-4.615114590681586,-4.615114590681586
-4.607218928169884,-4.607218928169884
-4.599322782452429,-4.599322782452429
-4.591426172177686,-4.591426172177686
-4.583529115866345,-4.583529115866345
-4.575631631912215,-4.575631631912215
-4.5677337385830805,-4.5677337385830805
-4.55983545402158,-4.55983545402158
-4.55193679624605,-4.55193679624605
-4.544037783151373,-4.544037783151373
-4.536138432509821,-4.536138432509821
-4.528238761971877,-4.528238761971877
-4.520338789067054,-4.520338789067054
-4.512438531204718,-4.512438531204718
-4.504538005674873,-4.504538005674873
-4.496637229648977,-4.496637229648977
-4.488736220180713,-4.488736220180713
-4.480834994206775,-4.480834994206775
-4.472933568547641,-4.472933568547641
-4.465031959908333,-4.465031959908333
-4.457130184879174,-4.457130184879174
-4.449228259936536,-4.449228259936536
-4.4413262014435855,-4.4413262014435855
-4.43342402565101,-4.43342402565101
-4.4255217486977445,-4.4255217486977445
-4.4176193866117,-4.4176193866117
-4.409716955310463,-4.409716955310463
-4.401814470602009,-4.401814470602009
-4.393911948185396,-4.393911948185396
-4.386009403651455,-4.386009403651455
-4.378106852483477,-4.378106852483477
-4.370204310057888,-4.370204310057888
-4.362301791644922,-4.362301791644922
-4.354399312409279,-4.354399312409279
-4.346496887410791,-4.346496887410791
-4.338594531605069,-4.338594531605069
-4.330692259844145,-4.330692259844145
-4.322790086877118,-4.322790086877118
-4.314888027350775,-4.314888027350775
-4.306986095810229,-4.306986095810229
-4.299084306699532,-4.299084306699532
-4.291182674362291,-4.291182674362291
-4.283281213042278,-4.283281213042278
-4.275379936884025,-4.275379936884025
-4.267478859933431,-4.267478859933431
-4.259577996138344,-4.259577996138344
-4.251677359349155,-4.251677359349155
-4.243776963319364,-4.243776963319364
-4.235876821706169,-4.235876821706169
-4.2279769480710225,-4.2279769480710225
-4.220077355880204,-4.220077355880204
-4.212178058505368,-4.212178058505368
-4.204279069224105,-4.204279069224105
-4.196380401220485,-4.196380401220485
-4.188482067585596,-4.188482067585596
-4.180584081318091,-4.180584081318091
-4.172686455324705,-4.172686455324705
-4.164789202420795,-4.164789202420795
-4.1568923353308564,-4.1568923353308564
-4.148995866689036,-4.148995866689036
-4.141099809039651,-4.141099809039651
-4.133204174837694,-4.133204174837694
-4.1253089764493325,-4.1253089764493325
-4.117414226152408,-4.117414226152408
-4.109519936136932,-4.109519936136932
-4.101626118505573,-4.101626118505573
-4.093732785274136,-4.093732785274136
-4.085839948372048,-4.085839948372048
-4.0779476196428295,-4.0779476196428295
-4.070055810844568,-4.070055810844568
-4.0621645336503835,-4.0621645336503835
-4.054273799648883,-4.054273799648883
-4.046383620344631,-4.046383620344631
-4.038494007158595,-4.038494007158595
-4.030604971428591,-4.030604971428591
-4.022716524409741,-4.022716524409741
-4.014828677274904,-4.014828677274904
-4.0069414411151145,-4.0069414411151145
-3.9990548269400144,-3.9990548269400144
-3.9911688456782914,-3.9911688456782914
-3.983283508178089,-3.983283508178089
-3.9753988252074413,-3.9753988252074413
-3.967514807454679,-3.967514807454679
-3.9596314655288536,-3.9596314655288536
-3.9517488099601388,-3.9517488099601388
-3.943866851200242,-3.943866851200242
-3.9359855996228013,-3.9359855996228013
-3.9281050655237877,-3.9281050655237877
-3.920225259121903,-3.920225259121903
-3.912346190558964,-3.912346190558964
-3.9044678699002966,-3.9044678699002966
-3.896590307135115,-3.896590307135115
-3.888713512176909,-3.888713512176909
-3.8808374948638162,-3.8808374948638162
-3.872962264958998,-3.872962264958998
-3.8650878321510103,-3.8650878321510103
-3.857214206054169,-3.857214206054169
-3.849341396208921,-3.849341396208921
-3.8414694120821946,-3.8414694120821946
-3.8335982630677647,-3.8335982630677647
-3.825727958486603,-3.825727958486603
-3.817858507587236,-3.817858507587236
-3.8099899195460796,-3.8099899195460796
-3.8021222034678006,-3.8021222034678006
-3.7942553683856453,-3.7942553683856453
-3.786389423261785,-3.786389423261785
-3.778524376987651,-3.778524376987651
-3.770660238384262,-3.770660238384262
-3.7627970162025646,-3.7627970162025646
-3.754934719123749,-3.754934719123749
-3.7470733557595794,-3.7470733557595794
-3.7392129346527136,-3.7392129346527136
-3.7313534642770203,-3.7313534642770203
-3.7234949530378945,-3.7234949530378945
-3.7156374092725724,-3.7156374092725724
-3.7077808412504374,-3.7077808412504374
-3.6999252571733288,-3.6999252571733288
-3.6920706651758493,-3.6920706651758493
-3.6842170733256614,-3.6842170733256614
-3.6763644896237873,-3.6763644896237873
-3.66851292200491,-3.66851292200491
-3.6606623783376606,-3.6606623783376606
-3.652812866424912,-3.652812866424912
-3.6449643940040697,-3.6449643940040697
-3.6371169687473524,-3.6371169687473524
-3.62927059826208,-3.62927059826208
-3.621425290090954,-3.621425290090954
-3.6135810517123326,-3.6135810517123326
-3.6057378905405106,-3.6057378905405106
-3.59789581392599,-3.59789581392599
-3.590054829155752,-3.590054829155752
-3.5822149434535273,-3.5822149434535273
-3.5743761639800575,-3.5743761639800575
-3.5665384978333665,-3.5665384978333665
-3.5587019520490157,-3.5587019520490157
-3.550866533600366,-3.550866533600366
-3.543032249398836,-3.543032249398836
-3.5351991062941517,-3.5351991062941517
-3.5273671110746063,-3.5273671110746063
-3.5195362704673028,-3.5195362704673028
-3.5117065911384104,-3.5117065911384104
-3.503878079693402,-3.503878079693402
-3.4960507426773035,-3.4960507426773035
-3.4882245865749333,-3.4882245865749333
-3.4803996178111425,-3.4803996178111425
-3.4725758427510507,-3.4725758427510507
-3.4647532677002815,-3.4647532677002815
-3.456931898905198,-3.456931898905198
-3.4491117425531317,-3.4491117425531317
-3.441292804772611,-3.441292804772611
-3.4334750916335897,-3.4334750916335897
-3.425658609147671,-3.425658609147671
-3.4178433632683314,-3.4178433632683314
-3.4100293598911393,-3.4100293598911393
-3.402216604853978,-3.402216604853978
-3.39440510393726,-3.39440510393726
-3.386594862864143,-3.386594862864143
-3.3787858873007424,-3.3787858873007424
-3.3709781828563425,-3.3709781828563425
-3.3631717550836076,-3.3631717550836076
-3.35536660947879,-3.35536660947879
-3.3475627514819335,-3.3475627514819335
-3.339760186477077,-3.339760186477077
-3.3319589197924597,-3.3319589197924597
-3.32415895670072,-3.32415895670072
-3.316360302419092,-3.316360302419092
-3.3085629621096055,-3.3085629621096055
-3.300766940879281,-3.300766940879281
-3.292972243780318,-3.292972243780318
-3.285178875810292,-3.285178875810292
-3.2773868419123438,-3.2773868419123438
-3.2695961469753634,-3.2695961469753634
-3.2618067958341816,-3.2618067958341816
-3.254018793269753,-3.254018793269753
-3.2462321440093347,-3.2462321440093347
-3.2384468527266757,-3.2384468527266757
-3.230662924042191,-3.230662924042191
-3.2228803625231417,-3.2228803625231417
-3.2150991726838116,-3.2150991726838116
-3.2073193589856803,-3.2073193589856803
-3.1995409258375997,-3.1995409258375997
-3.191763877595965,-3.191763877595965
-3.183988218564882,-3.183988218564882
-3.1762139529963407,-3.1762139529963407
-3.168441085090379,-3.168441085090379
-3.160669618995247,-3.160669618995247
-3.1528995588075768,-3.1528995588075768
-3.1451309085725403,-3.1451309085725403
-3.137363672284013,-3.137363672284013
-3.12959785388473,-3.12959785388473
-3.1218334572664483,-3.1218334572664483
-3.1140704862701023,-3.1140704862701023
-3.1063089446859586,-3.1063089446859586
-3.098548836253769,-3.098548836253769
-3.090790164662925,-3.090790164662925
-3.0830329335526083,-3.0830329335526083
-3.0752771465119397,-3.0752771465119397
-3.067522807080126,-3.067522807080126
-3.0597699187466114,-3.0597699187466114
-3.052018484951216,-3.052018484951216
-3.044268509084289,-3.044268509084289
-3.0365199944868424,-3.0365199944868424
-3.028772944450699,-3.028772944450699
-3.0210273622186268,-3.0210273622186268
-3.013283250984486,-3.013283250984486
-3.005540613893357,-3.005540613893357
-2.997799454041682,-2.997799454041682
-2.9900597744773996,-2.9900597744773996
-2.9823215782000783,-2.9823215782000783
-2.9745848681610445,-2.9745848681610445
-2.966849647263523,-2.966849647263523
-2.9591159183627536,-2.9591159183627536
-2.9513836842661334,-2.9513836842661334
-2.943652947733334,-2.943652947733334
-2.9359237114764323,-2.9359237114764323
-2.9281959781600313,-2.9281959781600313
-2.9204697504013906,-2.9204697504013906
-2.9127450307705436,-2.9127450307705436
-2.905021821790417,-2.905021821790417
-2.8973001259369573,-2.8973001259369573
-2.8895799456392424,-2.8895799456392424
-2.881861283279604,-2.881861283279604
-2.874144141193744,-2.874144141193744
-2.8664285216708465,-2.8664285216708465
-2.8587144269536964,-2.8587144269536964
-2.851001859238785,-2.851001859238785
-2.8432908206764336,-2.8432908206764336
-2.835581313370893,-2.835581313370893
-2.8278733393804574,-2.8278733393804574
-2.820166900717576,-2.820166900717576
-2.812461999348954,-2.812461999348954
-2.8047586371956656,-2.8047586371956656
-2.7970568161332525,-2.7970568161332525
-2.7893565379918344,-2.7893565379918344
-2.7816578045562075,-2.7816578045562075
-2.7739606175659484,-2.7739606175659484
-2.7662649787155136,-2.7662649787155136
-2.758570889654341,-2.758570889654341
-2.75087835198695,-2.75087835198695
-2.7431873672730327,-2.7431873672730327
-2.7354979370275574,-2.7354979370275574
-2.727810062720864,-2.727810062720864
-2.720123745778753,-2.720123745778753
-2.7124389875825834,-2.7124389875825834
-2.704755789469382,-2.704755789469382
-2.697074152731866,-2.697074152731866
-2.689394078618637,-2.689394078618637
-2.6817155683342007,-2.6817155683342007
-2.674038623039071,-2.674038623039071
-2.6663632438498635,-2.6663632438498635
-2.658689431839378,-2.658689431839378
-2.6510171880366817,-2.6510171880366817
-2.6433465134271996,-2.6433465134271996
-2.6356774089527937,-2.6356774089527937
-2.628009875511849,-2.628009875511849
-2.62034391395935,-2.62034391395935
-2.6126795251069703,-2.6126795251069703
-2.6050167097231434,-2.6050167097231434
-2.5973554685331472,-2.5973554685331472
-2.5896958022191807,-2.5896958022191807
-2.582037711420439,-2.582037711420439
-2.5743811967331944,-2.5743811967331944
-2.5667262587108657,-2.5667262587108657
-2.559072897864097,-2.559072897864097
-2.551421114660828,-2.551421114660828
-2.5437709095263696,-2.5437709095263696
-2.536122282843475,-2.536122282843475
-2.528475234952407,-2.528475234952407
-2.520829766151012,-2.520829766151012
-2.5131858766947857,-2.5131858766947857
-2.5055435667969457,-2.5055435667969457
-2.4979028366284943,-2.4979028366284943
-2.490263686318285,-2.490263686318285
-2.482626115953091,-2.482626115953091
-2.4749901255776705,-2.4749901255776705
-2.4673557151948238,-2.4673557151948238
-2.4597228847654633,-2.4597228847654633
-2.452091634208674,-2.452091634208674
-2.4444619634017695,-2.4444619634017695
-2.436833872180362,-2.436833872180362
-2.4292073603384137,-2.4292073603384137
-2.421582427628298,-2.421582427628298
-2.413959073760859,-2.413959073760859
-2.4063372984054685,-2.4063372984054685
-2.3987171011900763,-2.3987171011900763
-2.391098481701276,-2.391098481701276
-2.3834814394843518,-2.3834814394843518
-2.375865974043334,-2.375865974043334
-2.368252084841054,-2.368252084841054
-2.3606397712991964,-2.3606397712991964
-2.3530290327983447,-2.3530290327983447
-2.345419868678042,-2.345419868678042
-2.337812278236832,-2.337812278236832
-2.330206260732313,-2.330206260732313
-2.3226018153811827,-2.3226018153811827
-2.314998941359291,-2.314998941359291
-2.3073976378016807,-2.3073976378016807
-2.2997979038026384,-2.2997979038026384
-2.2921997384157335,-2.2921997384157335
-2.284603140653872,-2.284603140653872
-2.277008109489331,-2.277008109489331
-2.2694146438538056,-2.2694146438538056
-2.261822742638453,-2.261822742638453
-2.2542324046939304,-2.2542324046939304
-2.2466436288304372,-2.2466436288304372
-2.2390564138177544,-2.2390564138177544
-2.231470758385284,-2.231470758385284
-2.2238866612220893,-2.2238866612220893
-2.216304120976927,-2.216304120976927
-2.2087231362582935,-2.2087231362582935
-2.2011437056344496,-2.2011437056344496
-2.1935658276334666,-2.1935658276334666
-2.185989500743253,-2.185989500743253
-2.1784147234115947,-2.1784147234115947
-2.170841494046184,-2.170841494046184
-2.1632698110146547,-2.1632698110146547
-2.155699672644611,-2.155699672644611
-2.148131077223664,-2.148131077223664
-2.1405640229994565,-2.1405640229994565
-2.1329985081796967,-2.1329985081796967
-2.125434530932182,-2.125434530932182
-2.117872089384837,-2.117872089384837
-2.11031118162573,-2.11031118162573
-2.102751805703108,-2.102751805703108
-2.095193959625419,-2.095193959625419
-2.08763764136134,-2.08763764136134
-2.0800828488397953,-2.0800828488397953
-2.072529579949995,-2.072529579949995
-2.06497783254144,-2.06497783254144
-2.0574276044239617,-2.0574276044239617
-2.0498788933677297,-2.0498788933677297
-2.042331697103286,-2.042331697103286
-2.0347860133215567,-2.0347860133215567
-2.0272418396738754,-2.0272418396738754
-2.019699173772003,-2.019699173772003
-2.012158013188148,-2.012158013188148
-2.0046183554549772,-2.0046183554549772
-1.997080198065643,-1.997080198065643
-1.989543538473794,-1.989543538473794
-1.9820083740935928,-1.9820083740935928
-1.9744747022997302,-1.9744747022997302
-1.9669425204274402,-1.9669425204274402
-1.9594118257725177,-1.9594118257725177
-1.9518826155913271,-1.9518826155913271
-1.9443548871008174,-1.9443548871008174
-1.9368286374785324,-1.9368286374785324
-1.9293038638626254,-1.9293038638626254
-1.9217805633518683,-1.9217805633518683
-1.91425873300566,-1.91425873300566
-1.9067383698440394,-1.9067383698440394
-1.8992194708476913,-1.8992194708476913
-1.8917020329579564,-1.8917020329579564
-1.884186053076838,-1.884186053076838
-1.8766715280670085,-1.8766715280670085
-1.8691584547518179,-1.8691584547518179
-1.861646829915297,-1.861646829915297
-1.854136650302164,-1.854136650302164
-1.846627912617826,-1.846627912617826
-1.8391206135283888,-1.8391206135283888
-1.8316147496606527,-1.8316147496606527
-1.8241103176021212,-1.8241103176021212
-1.8166073139009968,-1.8166073139009968
-1.809105735066189,-1.809105735066189
-1.8016055775673108,-1.8016055775673108
-1.794106837834677,-1.794106837834677
-1.7866095122593075,-1.7866095122593075
-1.7791135971929237,-1.7791135971929237
-1.7716190889479488,-1.7716190889479488
-1.7641259837975027,-1.7641259837975027
-1.7566342779753978,-1.7566342779753978
-1.7491439676761404,-1.7491439676761404
-1.7416550490549225,-1.7416550490549225
-1.7341675182276157,-1.7341675182276157
-1.7266813712707683,-1.7266813712707683
-1.7191966042215976,-1.7191966042215976
-1.711713213077986,-1.711713213077986
-1.7042311937984669,-1.7042311937984669
-1.6967505423022218,-1.6967505423022218
-1.6892712544690727,-1.6892712544690727
-1.6817933261394697,-1.6817933261394697
-1.6743167531144798,-1.6743167531144798
-1.6668415311557794,-1.6668415311557794
-1.6593676559856425,-1.6593676559856425
-1.6518951232869301,-1.6518951232869301
-1.6444239287030726,-1.6444239287030726
-1.6369540678380634,-1.6369540678380634
-1.6294855362564413,-1.6294855362564413
-1.6220183294832775,-1.6220183294832775
-1.6145524430041611,-1.6145524430041611
-1.607087872265181,-1.607087872265181
-1.599624612672915,-1.599624612672915
-1.5921626595944087,-1.5921626595944087
-1.5847020083571604,-1.5847020083571604
-1.5772426542491003,-1.5772426542491003
-1.5697845925185774,-1.5697845925185774
-1.5623278183743365,-1.5623278183743365
-1.554872326985499,-1.554872326985499
-1.5474181134815421,-1.5474181134815421
-1.5399651729522803,-1.5399651729522803
-1.5325135004478432,-1.5325135004478432
-1.5250630909786504,-1.5250630909786504
-1.5176139395153925,-1.5176139395153925
-1.5101660409890063,-1.5101660409890063
-1.5027193902906524,-1.5027193902906524
-1.4952739822716872,-1.4952739822716872
-1.4878298117436397,-1.4878298117436397
-1.480386873478189,-1.480386873478189
-1.4729451622071341,-1.4729451622071341
-1.4655046726223662,-1.4655046726223662
-1.458065399375844,-1.458065399375844
-1.4506273370795664,-1.4506273370795664
-1.4431904803055402,-1.4431904803055402
-1.4357548235857533,-1.4357548235857533
-1.4283203614121436,-1.4283203614121436
-1.4208870882365698,-1.4208870882365698
-1.4134549984707803,-1.4134549984707803
-1.4060240864863793,-1.4060240864863793
-1.3985943466147965,-1.3985943466147965
-1.3911657731472549,-1.3911657731472549
-1.3837383603347337,-1.3837383603347337
-1.3763121023879397,-1.3763121023879397
-1.368886993477266,-1.368886993477266
-1.3614630277327646,-1.3614630277327646
-1.354040199244101,-1.354040199244101
-1.3466185020605288,-1.3466185020605288
-1.3391979301908394,-1.3391979301908394
-1.331778477603339,-1.331778477603339
-1.3243601382257963,-1.3243601382257963
-1.316942905945416,-1.316942905945416
-1.3095267746087869,-1.3095267746087869
-1.3021117380218543,-1.3021117380218543
-1.2946977899498695,-1.2946977899498695
-1.2872849241173536,-1.2872849241173536
-1.2798731342080525,-1.2798731342080525
-1.2724624138648986,-1.2724624138648986
-1.2650527566899623,-1.2650527566899623
-1.257644156244414,-1.257644156244414
-1.2502366060484726,-1.2502366060484726
-1.2428300995813693,-1.2428300995813693
-1.2354246302812923,-1.2354246302812923
-1.2280201915453512,-1.2280201915453512
-1.2206167767295186,-1.2206167767295186
-1.213214379148595,-1.213214379148595
-1.205812992076149,-1.205812992076149
-1.1984126087444782,-1.1984126087444782
-1.191013222344552,-1.191013222344552
-1.1836148260259716,-1.1836148260259716
-1.1762174128969063,-1.1762174128969063
-1.1688209760240562,-1.1688209760240562
-1.1614255084325902,-1.1614255084325902
-1.1540310031060972,-1.1540310031060972
-1.1466374529865357,-1.1466374529865357
-1.1392448509741784,-1.1392448509741784
-1.1318531899275552,-1.1318531899275552
-1.1244624626634014,-1.1244624626634014
-1.1170726619566032,-1.1170726619566032
-1.1096837805401394,-1.1096837805401394
-1.1022958111050256,-1.1022958111050256
-1.0949087463002565,-1.0949087463002565
-1.087522578732748,-1.087522578732748
-1.0801373009672826,-1.0801373009672826
-1.0727529055264415,-1.0727529055264415
-1.0653693848905528,-1.0653693848905528
-1.0579867314976286,-1.0579867314976286
-1.0506049377433042,-1.0506049377433042
-1.0432239959807736,-1.0432239959807736
-1.0358438985207306,-1.0358438985207306
-1.0284646376313062,-1.0284646376313062
-1.0210862055380028,-1.0210862055380028
-1.013708594423631,-1.013708594423631
-1.0063317964282426,-1.0063317964282426
-0.9989558036490704,-0.9989558036490704
-0.9915806081404577,-0.9915806081404577
-0.9842062019137917,-0.9842062019137917
-0.9768325769374383,-0.9768325769374383
-0.9694597251366718,-0.9694597251366718
-0.9620876383936097,-0.9620876383936097
-0.9547163085471384,-0.9547163085471384
-0.9473457273928458,-0.9473457273928458
-0.9399758866829534,-0.9399758866829534
-0.9326067781262405,-0.9326067781262405
-0.9252383933879735,-0.9252383933879735
-0.9178707240898354,-0.9178707240898354
-0.91050376180985,-0.91050376180985
-0.9031374980823113,-0.9031374980823113
-0.8957719243977039,-0.8957719243977039
-0.8884070322026325,-0.8884070322026325
-0.8810428128997441,-0.8810428128997441
-0.8736792578476523,-0.8736792578476523
-0.8663163583608584,-0.8663163583608584
-0.8589541057096739,-0.8589541057096739
-0.8515924911201446,-0.8515924911201446
-0.8442315057739703,-0.8442315057739703
-0.8368711408084214,-0.8368711408084214
-0.8295113873162628,-0.8295113873162628
-0.8221522363456708,-0.8221522363456708
-0.814793678900153,-0.814793678900153
-0.8074357059384618,-0.8074357059384618
-0.800078308374514,-0.800078308374514
-0.7927214770773089,-0.7927214770773089
-0.7853652028708401,-0.7853652028708401
-0.7780094765340109,-0.7780094765340109
-0.7706542888005485,-0.7706542888005485
-0.7632996303589188,-0.7632996303589188
-0.7559454918522395,-0.7559454918522395
-0.7485918638781874,-0.7485918638781874
-0.7412387369889136,-0.7412387369889136
-0.7338861016909562,-0.7338861016909562
-0.7265339484451446,-0.7265339484451446
-0.7191822676665116,-0.7191822676665116
-0.7118310497242023,-0.7118310497242023
-0.7044802849413807,-0.7044802849413807
-0.6971299635951392,-0.6971299635951392
-0.6897800759164001,-0.6897800759164001
-0.6824306120898256,-0.6824306120898256
-0.6750815622537214,-0.6750815622537214
-0.6677329164999416,-0.6677329164999416
-0.66038466487379,-0.66038466487379
-0.6530367973739238,-0.6530367973739238
-0.6456893039522573,-0.6456893039522573
-0.6383421745138624,-0.6383421745138624
-0.6309953989168686,-0.6309953989168686
-0.6236489669723606,-0.6236489669723606
-0.6163028684442828,-0.6163028684442828
-0.6089570930493348,-0.6089570930493348
-0.6016116304568675,-0.6016116304568675
-0.5942664702887804,-0.5942664702887804
-0.5869216021194225,-0.5869216021194225
-0.5795770154754818,-0.5795770154754818
-0.5722326998358823,-0.5722326998358823
-0.5648886446316779,-0.5648886446316779
-0.5575448392459462,-0.5575448392459462
-0.5502012730136813,-0.5502012730136813
-0.5428579352216817,-0.5428579352216817
-0.5355148151084449,-0.5355148151084449
-0.5281719018640583,-0.5281719018640583
-0.520829184630086,-0.520829184630086
-0.5134866524994569,-0.5134866524994569
-0.5061442945163545,-0.5061442945163545
-0.49880209967610367,-0.49880209967610367
-0.49146005692505695,-0.49146005692505695
-0.48411815516047896,-0.48411815516047896
-0.4767763832304308,-0.4767763832304308
-0.46943472993365637,-0.46943472993365637
-0.4620931840194642,-0.4620931840194642
-0.4547517341876084,-0.4547517341876084
-0.44741036908817045,-0.44741036908817045
-0.4400690773214437,-0.4400690773214437
-0.43272784743780895,-0.43272784743780895
-0.42538666793761504,-0.42538666793761504
-0.4180455272710554,-0.4180455272710554
-0.4107044138380512,-0.4107044138380512
-0.4033633159881214,-0.4033633159881214
-0.396022222020262,-0.396022222020262
-0.3886811201828191,-0.3886811201828191
-0.3813399986733684,-0.3813399986733684
-0.3739988456385791,-0.3739988456385791
-0.36665764917409766,-0.36665764917409766
-0.3593163973244084,-0.3593163973244084
-0.35197507808271544,-0.35197507808271544
-0.3446336793908007,-0.3446336793908007
-0.33729218913890663,-0.33729218913890663
-0.32995059516559133,-0.32995059516559133
-0.32260888525760445,-0.32260888525760445
-0.3152670471497525,-0.3152670471497525
-0.3079250685247636,-0.3079250685247636
-0.3005829370131505,-0.3005829370131505
-0.29324064019307644,-0.29324064019307644
-0.2858981655902209,-0.2858981655902209
-0.2785555006776384,-0.2785555006776384
-0.27121263287561964,-0.27121263287561964
-0.2638695495515533,-0.2638695495515533
-0.25652623801978724,-0.25652623801978724
-0.24918268554148568,-0.24918268554148568
-0.2418388793244848,-0.2418388793244848
-0.23449480652315305,-0.23449480652315305
-0.22715045423824695,-0.22715045423824695
-0.21980580951676554,-0.21980580951676554
-0.2124608593518027,-0.2124608593518027
-0.20511559068240182,-0.20511559068240182
-0.19776999039341128,-0.19776999039341128
-0.190424045315332,-0.190424045315332
-0.18307774222416848,-0.18307774222416848
-0.17573106784127887,-0.17573106784127887
-0.16838400883322524,-0.16838400883322524
-0.16103655181162,-0.16103655181162
-0.1536886833329721,-0.1536886833329721
-0.14634038989853215,-0.14634038989853215
-0.13899165795414056,-0.13899165795414056
-0.1316424738900702,-0.1316424738900702
-0.12429282404086664,-0.12429282404086664
-0.11694269468519208,-0.11694269468519208
-0.10959207204566855,-0.10959207204566855
-0.10224094228871586,-0.10224094228871586
-0.09488929152438867,-0.09488929152438867
-0.08753710580621787,-0.08753710580621787
-0.08018437113104691,-0.08018437113104691
-0.0728310734388676,-0.0728310734388676
-0.06547719861265439,-0.06547719861265439
-0.058122732478198616,-0.058122732478198616
-0.05076766080394404,-0.05076766080394404
-0.04341196930081596,-0.04341196930081596
-0.03605564362205358,-0.03605564362205358
-0.028698669363038703,-0.028698669363038703
-0.02134103206112797,-0.02134103206112797
-0.013982717195477761,-0.013982717195477761
-0.006623710186871647,-0.006623710186871647
0.0007360036024537856,0.0007360036024537856
0.008096438868981376,0.008096438868981376
0.015457610368092638,0.015457610368092638
0.02281953291424768,0.02281953291424768
0.030182221381152684,0.030182221381152684
0.03754569070195491,0.03754569070195491
0.04490995586940806,0.04490995586940806
0.052275031936067626,0.052275031936067626
0.05964093401445885,0.05964093401445885
0.06700767727727713,0.06700767727727713
0.07437527695755451,0.07437527695755451
0.08174374834886401,0.08174374834886401
0.08911310680549107,0.08911310680549107
0.09648336774263454,0.09648336774263454
0.10385454663658357,0.10385454663658357
0.11122665902491997,0.11122665902491997
0.118599720506703,0.118599720506703
0.12597374674265974,0.12597374674265974
0.13334875345538835,0.13334875345538835
0.14072475642954063,0.14072475642954063
0.1481017715120316,0.1481017715120316
0.15547981461222424,0.15547981461222424
0.1628589017021383,0.1628589017021383
0.17023904881664106,0.17023904881664106
0.17762027205365746,0.17762027205365746
0.18500258757436208,0.18500258757436208
0.19238601160339214,0.19238601160339214
0.19977056042904262,0.19977056042904262
0.20715625040348273,0.20715625040348273
0.2145430979429486,0.2145430979429486
0.2219311195279667,0.2219311195279667
0.2293203317035503,0.2293203317035503
0.23671075107942147,0.23671075107942147
0.24410239433020808,0.24410239433020808
0.2514952781956751,0.2514952781956751
0.25888941948092253,0.25888941948092253
0.2662848350566113,0.2662848350566113
0.27368154185917304,0.27368154185917304
0.28107955689103764,0.28107955689103764
0.2884788972208391,0.2884788972208391
0.29587957998365005,0.29587957998365005
0.303281622381192,0.303281622381192
0.31068504168206856,0.31068504168206856
0.3180898552219817,0.3180898552219817
0.3254960804039641,0.3254960804039641
0.33290373469860013,0.33290373469860013
0.3403128356442612,0.3403128356442612
0.3477234008473281,0.3477234008473281
0.3551354479824321,0.3551354479824321
0.3625489947926736,0.3625489947926736
0.36996405908987234,0.36996405908987234
0.3773806587547874,0.3773806587547874
0.3847988117373671,0.3847988117373671
0.3922185360569746,0.3922185360569746
0.3996398498026409,0.3996398498026409
0.4070627711332896,0.4070627711332896
0.4144873182779968,0.4144873182779968
0.4219135095362189,0.4219135095362189
0.4293413632780506,0.4293413632780506
0.4367708979444591,0.4367708979444591
0.44420213204754566,0.44420213204754566
0.45163508417078224,0.45163508417078224
0.45906977296927215,0.45906977296927215
0.4665062171699945,0.4665062171699945
0.47394443557206645,0.47394443557206645
0.4813844470469886,0.4813844470469886
0.4888262705389129,0.4888262705389129
0.4962699250648898,0.4962699250648898
0.5037154297151394,0.5037154297151394
0.5111628036533,0.5111628036533
0.5186120661167058,0.5186120661167058
0.5260632364166351,0.5260632364166351
0.5335163339385915,0.5335163339385915
0.5409713781425596,0.5409713781425596
0.5484283885632842,0.5484283885632842
0.5558873848105285,0.5558873848105285
0.5633483865693608,0.5633483865693608
0.5708114136004155,0.5708114136004155
0.5782764857401799,0.5782764857401799
0.5857436229012578,0.5857436229012578
0.5932128450726651,0.5932128450726651
0.6006841723200907,0.6006841723200907
0.6081576247861983,0.6081576247861983
0.615633222690892,0.615633222690892
0.6231109863316181,0.6231109863316181
0.6305909360836338,0.6305909360836338
0.6380730924003171,0.6380730924003171
0.6455574758134346,0.6455574758134346
0.6530441069334548,0.6530441069334548
0.6605330064498236,0.6605330064498236
0.6680241951312732,0.6680241951312732
0.6755176938261096,0.6755176938261096
0.6830135234625224,0.6830135234625224
0.6905117050488698,0.6905117050488698
0.6980122596739995,0.6980122596739995
0.7055152085075355,0.7055152085075355
0.7130205728001986,0.7130205728001986
0.720528373884103,0.720528373884103
0.728038633173075,0.728038633173075
0.7355513721629553,0.7355513721629553
0.7430666124319222,0.7430666124319222
0.7505843756407968,0.7505843756407968
0.7581046835333702,0.7581046835333702
0.7656275579367103,0.7656275579367103
0.7731530207614972,0.7731530207614972
0.7806810940023275,0.7806810940023275
0.7882117997380612,0.7882117997380612
0.7957451601321249,0.7957451601321249
0.8032811974328591,0.8032811974328591
0.8108199339738354,0.8108199339738354
0.8183613921741989,0.8183613921741989
0.8259055945389913,0.8259055945389913
0.8334525636595006,0.8334525636595006
0.8410023222135846,0.8410023222135846
0.8485548929660258,0.8485548929660258
0.8561102987688579,0.8561102987688579
0.8636685625617284,0.8636685625617284
0.8712297073722232,0.8712297073722232
0.8787937563162388,0.8787937563162388
0.8863607325983085,0.8863607325983085
0.8939306595119776,0.8939306595119776
0.9015035604401364,0.9015035604401364
0.9090794588553991,0.9090794588553991
0.9166583783204396,0.9166583783204396
0.9242403424883735,0.9242403424883735
0.9318253751031037,0.9318253751031037
0.939413499999701,0.939413499999701
0.9470047411047556,0.9470047411047556
0.9545991224367615,0.9545991224367615
0.9621966681064814,0.9621966681064814
0.9697974023173181,0.9697974023173181
0.9774013493656927,0.9774013493656927
0.9850085336414278,0.9850085336414278
0.9926189796281266,0.9926189796281266
1.000232711903549,1.000232711903549
1.0078497551400007,1.0078497551400007
1.0154701341047276,1.0154701341047276
1.0230938736602997,1.0230938736602997
1.0307209987650001,1.0307209987650001
1.0383515344732228,1.0383515344732228
1.0459855059358747,1.0459855059358747
1.0536229384007723,1.0536229384007723
1.0612638572130353,1.0612638572130353
1.0689082878154987,1.0689082878154987
1.0765562557491233,1.0765562557491233
1.0842077866533986,1.0842077866533986
1.091862906266751,1.091862906266751
1.0995216404269645,1.0995216404269645
1.1071840150715964,1.1071840150715964
1.1148500562383983,1.1148500562383983
1.1225197900657284,1.1225197900657284
1.1301932427929822,1.1301932427929822
1.1378704407610238,1.1378704407610238
1.14555141041261,1.14555141041261
1.1532361782928164,1.1532361782928164
1.1609247710494872,1.1609247710494872
1.168617215433653,1.168617215433653
1.176313538299992,1.176313538299992
1.1840137666072514,1.1840137666072514
1.191717927418712,1.191717927418712
1.199426047902618,1.199426047902618
1.2071381553326461,1.2071381553326461
1.2148542770883404,1.2148542770883404
1.2225744406555852,1.2225744406555852
1.2302986736270491,1.2302986736270491
1.2380270037026624,1.2380270037026624
1.2457594586900644,1.2457594586900644
1.2534960665050887,1.2534960665050887
1.2612368551722168,1.2612368551722168
1.2689818528250667,1.2689818528250667
1.2767310877068543,1.2767310877068543
1.2844845881708855,1.2844845881708855
1.2922423826810283,1.2922423826810283
1.300004499812206,1.300004499812206
1.3077709682508742,1.3077709682508742
1.315541816795529,1.315541816795529
1.323317074357179,1.323317074357179
1.3310967699598641,1.3310967699598641
1.3388809327411357,1.3388809327411357
1.34666959195258,1.34666959195258
1.3544627769603037,1.3544627769603037
1.3622605172454632,1.3622605172454632
1.3700628424047596,1.3700628424047596
1.3778697821509702,1.3778697821509702
1.3856813663134513,1.3856813663134513
1.3934976248386797,1.3934976248386797
1.4013185877907566,1.4013185877907566
1.4091442853519578,1.4091442853519578
1.4169747478232468,1.4169747478232468
1.4248100056248256,1.4248100056248256
1.4326500892966612,1.4326500892966612
1.4404950294990388,1.4404950294990388
1.448344857013095,1.448344857013095
1.4561996027413826,1.4561996027413826
1.4640592977084017,1.4640592977084017
1.4719239730611822,1.4719239730611822
1.4797936600698145,1.4797936600698145
1.487668390128038,1.487668390128038
1.4955481947537879,1.4955481947537879
1.5034331055897798,1.5034331055897798
1.511323154404071,1.511323154404071
1.5192183730906494,1.5192183730906494
1.5271187936700017,1.5271187936700017
1.5350244482897135,1.5350244482897135
1.542935369225038,1.542935369225038
1.55085158887951,1.55085158887951
1.5587731397855218,1.5587731397855218
1.5667000546049357,1.5667000546049357
1.5746323661296815,1.5746323661296815
1.5825701072823666,1.5825701072823666
1.590513311116881,1.590513311116881
1.598462010819025,1.598462010819025
1.60641623970711,1.60641623970711
1.614376031232601,1.614376031232601
1.6223414189807237,1.6223414189807237
1.6303124366711161,1.6303124366711161
1.638289118158441,1.638289118158441
1.646271497433048,1.646271497433048
1.6542596086215926,1.6542596086215926
1.6622534859877098,1.6622534859877098
1.670253163932637,1.670253163932637
1.6782586769958971,1.6782586769958971
1.6862700598559355,1.6862700598559355
1.6942873473308004,1.6942873473308004
1.7023105743787992,1.7023105743787992
1.7103397760991832,1.7103397760991832
1.7183749877328094,1.7183749877328094
1.7264162446628415,1.7264162446628415
1.7344635824154142,1.7344635824154142
1.7425170366603429,1.7425170366603429
1.7505766432118017,1.7505766432118017
1.758642438029041,1.758642438029041
1.7667144572170705,1.7667144572170705
1.7747927370273877,1.7747927370273877
1.7828773138586742,1.7828773138586742
1.7909682242575293,1.7909682242575293
1.799065504919176,1.799065504919176
1.8071691926882045,1.8071691926882045
1.8152793245592895,1.8152793245592895
1.8233959376779416,1.8233959376779416
1.8315190693412318,1.8315190693412318
1.8396487569985593,1.8396487569985593
1.8477850382523804,1.8477850382523804
1.8559279508589854,1.8559279508589854
1.8640775327292418,1.8640775327292418
1.87223382192938,1.87223382192938
1.8803968566817435,1.8803968566817435
1.8885666753655896,1.8885666753655896
1.8967433165178436,1.8967433165178436
1.9049268188339135,1.9049268188339135
1.913117221168468,1.913117221168468
1.92131456253623,1.92131456253623
1.9295188821127864,1.9295188821127864
1.937730219235401,1.937730219235401
1.9459486134038204,1.9459486134038204
1.9541741042810945,1.9541741042810945
1.9624067316943987,1.9624067316943987
1.9706465356358727,1.9706465356358727
1.9788935562634562,1.9788935562634562
1.9871478339017137,1.9871478339017137
1.9954094090426975,1.9954094090426975
2.0036783223467998,2.0036783223467998
2.01195461464361,2.01195461464361
2.0202383269327693,2.0202383269327693
2.02852950038485,2.02852950038485
2.0368281763422353,2.0368281763422353
2.045134396319995,2.045134396319995
2.053448202006774,2.053448202006774
2.061769635265681,2.061769635265681
2.0700987381352087,2.0700987381352087
2.078435552830118,2.078435552830118
2.0867801217423607,2.0867801217423607
2.0951324874419943,2.0951324874419943
2.1034926926781146,2.1034926926781146
2.111860780379782,2.111860780379782
2.1202367936569586,2.1202367936569586
2.128620775801448,2.128620775801448
2.1370127702878605,2.1370127702878605
2.145412820774561,2.145412820774561
2.153820971104628,2.153820971104628
2.1622372653068296,2.1622372653068296
2.1706617475966086,2.1706617475966086
2.179094462377056,2.179094462377056
2.1875354542399035,2.1875354542399035
2.1959847679665185,2.1959847679665185
2.2044424485289245,2.2044424485289245
2.212908541090798,2.212908541090798
2.221383091008486,2.221383091008486
2.229866143832036,2.229866143832036
2.2383577453062395,2.2383577453062395
2.246857941371662,2.246857941371662
2.2553667781656817,2.2553667781656817
2.26388430202356,2.26388430202356
2.272410559479501,2.272410559479501
2.2809455972677215,2.2809455972677215
2.289489462323514,2.289489462323514
2.298042201784356,2.298042201784356
2.30660386299098,2.30660386299098
2.3151744934884957,2.3151744934884957
2.3237541410274725,2.3237541410274725
2.332342853565085,2.332342853565085
2.3409406792662066,2.3409406792662066
2.349547666504571,2.349547666504571
2.358163863863886,2.358163863863886
2.366789320139004,2.366789320139004
2.3754240843370584,2.3754240843370584
2.384068205678647,2.384068205678647
2.392721733598987,2.392721733598987
2.401384717749116,2.401384717749116
2.410057207997059,2.410057207997059
2.418739254429053,2.418739254429053
2.4274309073507276,2.4274309073507276
2.4361322172883435,2.4361322172883435
2.4448432349899987,2.4448432349899987
2.4535640114268804,2.4535640114268804
2.4622945977944863,2.4622945977944863
2.471035045513897,2.471035045513897
2.479785406233019,2.479785406233019
2.4885457318278688,2.4885457318278688
2.4973160744038365,2.4973160744038365
2.506096486296992,2.506096486296992
2.5148870200753635,2.5148870200753635
2.523687728540265,2.523687728540265
2.532498664727589,2.532498664727589
2.5413198819091596,2.5413198819091596
2.550151433594044,2.550151433594044
2.558993373529916,2.558993373529916
2.5678457557043997,2.5678457557043997
2.5767086343464483,2.5767086343464483
2.585582063927703,2.585582063927703
2.594466099163898,2.594466099163898
2.603360795016239,2.603360795016239
2.6122662066928255,2.6122662066928255
2.6211823896500532,2.6211823896500532
2.6301093995940574,2.6301093995940574
2.6390472924821333,2.6390472924821333
2.6479961245242065,2.6479961245242065
2.6569559521842683,2.6569559521842683
2.6659268321818717,2.6659268321818717
2.67490882149359,2.67490882149359
2.683901977354531,2.683901977354531
2.692906357259819,2.692906357259819
2.7019220189661355,2.7019220189661355
2.7109490204932185,2.7109490204932185
2.7199874201254297,2.7199874201254297
2.7290372764132735,2.7290372764132735
2.7380986481749914,2.7380986481749914
2.7471715944981066,2.7471715944981066
2.7562561747410315,2.7562561747410315
2.765352448534647,2.765352448534647
2.7744604757839344,2.7744604757839344
2.7835803166695685,2.7835803166695685
2.792712031649584,2.792712031649584
2.8018556814609914,2.8018556814609914
2.8110113271214665,2.8110113271214665
2.820179029930994,2.820179029930994
2.829358851473579,2.829358851473579
2.8385508536189206,2.8385508536189206
2.8477550985241464,2.8477550985241464
2.8569716486355237,2.8569716486355237
2.866200566690193,2.866200566690193
2.8754419157179254,2.8754419157179254
2.8846957590428963,2.8846957590428963
2.8939621602854517,2.8939621602854517
2.9032411833639014,2.9032411833639014
2.9125328924963236,2.9125328924963236
2.9218373522024006,2.9218373522024006
2.931154627305239,2.931154627305239
2.9404847829332175,2.9404847829332175
2.9498278845218544,2.9498278845218544
2.959183997815692,2.959183997815692
2.9685531888701853,2.9685531888701853
2.9779355240536027,2.9779355240536027
2.98733107004895,2.98733107004895
2.9967398938559224,2.9967398938559224
3.006162062792851,3.006162062792851
3.0155976444986567,3.0155976444986567
3.0250467069348494,3.0250467069348494
3.034509318387536,3.034509318387536
3.0439855474694197,3.0439855474694197
3.0534754631218366,3.0534754631218366
3.062979134616807,3.062979134616807
3.072496631559101,3.072496631559101
3.0820280238883266,3.0820280238883266
3.091573381881007,3.091573381881007
3.101132776152711,3.101132776152711
3.1107062776601877,3.1107062776601877
3.1202939577035145,3.1202939577035145
3.129895887928248,3.129895887928248
3.1395121403276223,3.1395121403276223
3.1491427872447555,3.1491427872447555
3.1587879013748625,3.1587879013748625
3.168447555767484,3.168447555767484
3.1781218238287514,3.1781218238287514
3.18781077932367,3.18781077932367
3.1975144963783975,3.1975144963783975
3.2072330494825607,3.2072330494825607
3.2169665134915815,3.2169665134915815
3.2267149636290395,3.2267149636290395
3.236478475489033,3.236478475489033
3.2462571250385643,3.2462571250385643
3.256050988619945,3.256050988619945
3.2658601429532443,3.2658601429532443
3.2756846651387206,3.2756846651387206
3.2855246326592837,3.2855246326592837
3.295380123383002,3.295380123383002
3.305251215565601,3.305251215565601
3.3151379878530043,3.3151379878530043
3.3250405192838706,3.3250405192838706
3.3349588892921687,3.3349588892921687
3.344893177709795,3.344893177709795
3.3548434647691643,3.3548434647691643
3.364809831105856,3.364809831105856
3.374792357761274,3.374792357761274
3.3847911261853434,3.3847911261853434
3.394806218239196,3.394806218239196
3.404837716197911,3.404837716197911
3.414885702753261,3.414885702753261
3.4249502610164946,3.4249502610164946
3.4350314745211357,3.4350314745211357
3.4451294272257877,3.4451294272257877
3.4552442035170103,3.4552442035170103
3.4653758882121606,3.4653758882121606
3.4755245665623176,3.4755245665623176
3.485690324255171,3.485690324255171
3.4958732474180008,3.4958732474180008
3.5060734226206174,3.5060734226206174
3.516290936878386,3.516290936878386
3.5265258776552213,3.5265258776552213
3.5367783328666627,3.5367783328666627
3.5470483908829276,3.5470483908829276
3.5573361405320307,3.5573361405320307
3.567641671102896,3.567641671102896
3.577965072348535,3.577965072348535
3.5883064344891977,3.5883064344891977
3.5986658482156266,3.5986658482156266
3.609043404692251,3.609043404692251
3.619439195560493,3.619439195560493
3.629853312942036,3.629853312942036
3.6402858494421784,3.6402858494421784
3.650736898153152,3.650736898153152
3.6612065526575504,3.6612065526575504
3.671694907031702,3.671694907031702
3.68220205584915,3.68220205584915
3.692728094184097,3.692728094184097
3.7032731176149407,3.7032731176149407
3.7138372222277862,3.7138372222277862
3.7244205046200416,3.7244205046200416
3.7350230619039855,3.7350230619039855
3.74564499171044,3.74564499171044
3.756286392192402,3.756286392192402
3.766947362028767,3.766947362028767
3.777628000428045,3.777628000428045
3.788328407132146,3.788328407132146
3.799048682420152,3.799048682420152
3.8097889271121876,3.8097889271121876
3.8205492425732523,3.8205492425732523
3.831329730717164,3.831329730717164
3.8421304940104597,3.8421304940104597
3.8529516354764066,3.8529516354764066
3.8637932586989905,3.8637932586989905
3.874655467826987,3.874655467826987
3.885538367578022,3.885538367578022
3.8964420632427266,3.8964420632427266
3.9073666606888677,3.9073666606888677
3.918312266365583,3.918312266365583
3.9292789873075855,3.9292789873075855
3.9402669311394765,3.9402669311394765
3.9512762060800304,3.9512762060800304
3.9623069209465918,3.9623069209465918
3.973359185159435,3.973359185159435
3.984433108746241,3.984433108746241
3.9955288023465516,3.9955288023465516
4.006646377216314,4.006646377216314
4.017785945232428,4.017785945232428
4.028947618897385,4.028947618897385
4.040131511343882,4.040131511343882
4.051337736339558,4.051337736339558
4.062566408291704,4.062566408291704
4.073817642252078,4.073817642252078
4.085091553921703,4.085091553921703
4.096388259655789,4.096388259655789
4.107707876468607,4.107707876468607
4.119050522038505,4.119050522038505
4.13041631471291,4.13041631471291
4.141805373513385,4.141805373513385
4.153217818140757,4.153217818140757
4.164653768980284,4.164653768980284
4.176113347106871,4.176113347106871
4.187596674290324,4.187596674290324
4.199103873000671,4.199103873000671
4.210635066413541,4.210635066413541
4.222190378415585,4.222190378415585
4.233769933609925,4.233769933609925
4.2453738573217015,4.2453738573217015
4.257002275603659,4.257002275603659
4.268655315241773,4.268655315241773
4.280333103760932,4.280333103760932
4.2920357694306945,4.2920357694306945
4.303763441271099,4.303763441271099
4.315516249058522,4.315516249058522
4.3272943233315795,4.3272943233315795
4.339097795397122,4.339097795397122
4.350926797336277,4.350926797336277
4.362781462010535,4.362781462010535
4.374661923067907,4.374661923067907
4.386568314949139,4.386568314949139
4.3985007728940255,4.3985007728940255
4.4104594329477225,4.4104594329477225
4.422444431967156,4.422444431967156
4.434455907627517,4.434455907627517
4.446493998428796,4.446493998428796
4.458558843702372,4.458558843702372
4.470650583617702,4.470650583617702
4.482769359189051,4.482769359189051
4.49491531228231,4.49491531228231
4.507088585621875,4.507088585621875
4.5192893227975794,4.5192893227975794
4.531517668271729,4.531517668271729
4.543773767386196,4.543773767386196
4.556057766369583,4.556057766369583
4.568369812344453,4.568369812344453
4.58071005333464,4.58071005333464
4.593078638272669,4.593078638272669
4.6054757170071925,4.6054757170071925
4.617901440310547,4.617901440310547
4.630355959886363,4.630355959886363
4.642839428377292,4.642839428377292
4.65535199937278,4.65535199937278
4.667893827416911,4.667893827416911
4.680465068016383,4.680465068016383
4.693065877648533,4.693065877648533
4.705696413769452,4.705696413769452
4.71835683482217,4.71835683482217
4.731047300244971,4.731047300244971
4.743767970479758,4.743767970479758
4.7565190069805325,4.7565190069805325
4.769300572221921,4.769300572221921
4.78211282970785,4.78211282970785
4.794955943980287,4.794955943980287
4.807830080628069,4.807830080628069
4.820735406295827,4.820735406295827
4.8336720886930165,4.8336720886930165
4.846640296603054,4.846640296603054
4.859640199892534,4.859640199892534
4.872671969520535,4.872671969520535
4.885735777548067,4.885735777548067
4.898831797147596,4.898831797147596
4.911960202612672,4.911960202612672
4.925121169367661,4.925121169367661
4.938314873977597,4.938314873977597
4.951541494158136,4.951541494158136
4.964801208785628,4.964801208785628
4.978094197907264,4.978094197907264
4.991420642751382,4.991420642751382
5.00478072573788,5.00478072573788
5.018174630488709,5.018174630488709
5.031602541838523,5.031602541838523
5.045064645845422,5.045064645845422
5.058561129801838,5.058561129801838
5.072092182245533,5.072092182245533
5.085657992970702,5.085657992970702
5.0992587530392255,5.0992587530392255
5.112894654792063,5.112894654792063
5.126565891860731,5.126565891860731
5.140272659178939,5.140272659178939
5.15401515299436,5.15401515299436
5.167793570880541,5.167793570880541
5.181608111748919,5.181608111748919
5.195458975861012,5.195458975861012
5.209346364840707,5.209346364840707
5.223270481686758,5.223270481686758
5.237231530785361,5.237231530785361
5.251229717922883,5.251229717922883
5.265265250298787,5.265265250298787
5.279338336538671,5.279338336538671
5.293449186707447,5.293449186707447
5.307598012322712,5.307598012322712
5.321785026368235,5.321785026368235
5.336010443307632,5.336010443307632
5.350274479098204,5.350274479098204
5.364577351204919,5.364577351204919
5.378919278614548,5.378919278614548
5.393300481850015,5.393300481850015
5.407721182984883,5.407721182984883
5.422181605658023,5.422181605658023
5.436681975088444,5.436681975088444
5.4512225180903116,5.4512225180903116
5.465803463088172,5.465803463088172
5.480425040132319,5.480425040132319
5.495087480914351,5.495087480914351
5.50979101878294,5.50979101878294
5.524535888759786,5.524535888759786
5.5393223275557535,5.5393223275557535
5.554150573587199,5.554150573587199
5.569020866992515,5.569020866992515
5.583933449648881,5.583933449648881
5.598888565189208,5.598888565189208
5.613886459019269,5.613886459019269
5.628927378335087,5.628927378335087
5.644011572140522,5.644011572140522
5.65913929126506,5.65913929126506
5.674310788381822,5.674310788381822
5.689526318025815,5.689526318025815
5.704786136612434,5.704786136612434
5.720090502456133,5.720090502456133
5.735439675789362,5.735439675789362
5.750833918781765,5.750833918781765
5.766273495559596,5.766273495559596
5.781758672225379,5.781758672225379
5.797289716877821,5.797289716877821
5.812866899631982,5.812866899631982
5.828490492639707,5.828490492639707
5.84416077011032,5.84416077011032
5.859878008331544,5.859878008331544
5.875642485690751,5.875642485690751
5.891454482696462,5.891454482696462
5.907314282000104,5.907314282000104
5.923222168418059,5.923222168418059
5.939178428954023,5.939178428954023
5.9551833528216305,5.9551833528216305
5.971237231467392,5.971237231467392
5.987340358593907,5.987340358593907
6.00349303018339,6.00349303018339
6.0196955445215545,6.0196955445215545
6.035948202221735,6.035948202221735
6.05225130624937,6.05225130624937
6.068605161946805,6.068605161946805
6.085010077058442,6.085010077058442
6.101466361756193,6.101466361756193
6.117974328665281,6.117974328665281
6.134534292890405,6.134534292890405
6.151146572042255,6.151146572042255
6.16781148626437,6.16781148626437
6.1845293582603516,6.1845293582603516
6.201300513321474,6.201300513321474
6.218125279354667,6.218125279354667
6.235003986910856,6.235003986910856
6.2519369692137,6.2519369692137
6.268924562188734,6.268924562188734
6.2859671044929115,6.2859671044929115
6.303064937544549,6.303064937544549
6.320218405553671,6.320218405553671
6.337427855552787,6.337427855552787
6.354693637428136,6.354693637428136
6.372016103951287,6.372016103951287
6.38939561081124,6.38939561081124
6.406832516646963,6.406832516646963
6.424327183080384,6.424327183080384
6.441879974749864,6.441879974749864
6.459491259344102,6.459491259344102
6.4771614076365545,6.4771614076365545
6.494890793520372,6.494890793520372
6.512679794043768,6.512679794043768
6.530528789445922,6.530528789445922
6.548438163193427,6.548438163193427
6.566408302017232,6.566408302017232
6.584439595950124,6.584439595950124
6.602532438364737,6.602532438364737
6.620687226012138,6.620687226012138
6.638904359060992,6.638904359060992
6.657184241137235,6.657184241137235
6.675527279364383,6.675527279364383
6.693933884404417,6.693933884404417
6.712404470499271,6.712404470499271
6.730939455512948,6.730939455512948
6.749539260974212,6.749539260974212
6.76820431211997,6.76820431211997
6.786935037939293,6.786935037939293
6.80573187121807,6.80573187121807
6.824595248584333,6.824595248584333
6.84352561055429,6.84352561055429
6.862523401579058,6.862523401579058
6.881589070092063,6.881589070092063
6.900723068557181,6.900723068557181
6.919925853517633,6.919925853517633
6.939197885645603,6.939197885645603
6.9585396297926385,6.9585396297926385
6.977951555040775,6.977951555040775
6.997434134754525,6.997434134754525
7.016987846633629,7.016987846633629
7.036613172766623,7.036613172766623
7.0563105996852435,7.0563105996852435
7.076080618419692,7.076080618419692
7.095923724554777,7.095923724554777
7.115840418286925,7.115840418286925
7.1358312044820575,7.1358312044820575
7.155896592734449,7.155896592734449
7.176037097426496,7.176037097426496
7.196253237789407,7.196253237789407
7.216545537964899,7.216545537964899
7.236914527067858,7.236914527067858
7.257360739250053,7.257360739250053
7.277884713764829,7.277884713764829
7.29848699503285,7.29848699503285
7.3191681327089375,7.3191681327089375
7.339928681750014,7.339928681750014
7.360769202484103,7.360769202484103
7.38169026068048,7.38169026068048
7.402692427621013,7.402692427621013
7.423776280172657,7.423776280172657
7.444942400861132,7.444942400861132
7.466191377945875,7.466191377945875
7.487523805496174,7.487523805496174
7.508940283468635,7.508940283468635
7.530441417785956,7.530441417785956
7.552027820416978,7.552027820416978
7.57370010945811,7.57370010945811
7.595458909216166,7.595458909216166
7.617304850292589,7.617304850292589
7.63923856966912,7.63923856966912
7.6612607107949025,7.6612607107949025
7.683371923675155,7.683371923675155
7.705572864961332,7.705572864961332
7.727864198042852,7.727864198042852
7.750246593140404,7.750246593140404
7.772720727400923,7.772720727400923
7.795287284994216,7.795287284994216
7.817946957211273,7.817946957211273
7.8407004425643,7.8407004425643
7.863548446888563,7.863548446888563
7.88649168344604,7.88649168344604
7.909530873030876,7.909530873030876
7.932666744076756,7.932666744076756
7.955900032766216,7.955900032766216
7.979231483141922,7.979231483141922
8.002661847219954,8.002661847219954
8.026191885105119,8.026191885105119
8.049822365108431,8.049822365108431
8.073554063866709,8.073554063866709
8.09738776646436,8.09738776646436
8.121324266557398,8.121324266557398
8.145364366499802,8.145364366499802
8.169508877472202,8.169508877472202
8.193758619612955,8.193758619612955
8.218114422151649,8.218114422151649
8.242577123545177,8.242577123545177
8.26714757161634,8.26714757161634
8.291826623695096,8.291826623695096
8.31661514676242,8.31661514676242
8.341514017597014,8.341514017597014
8.366524122924785,8.366524122924785
8.391646359571162,8.391646359571162
8.416881634616383,8.416881634616383
8.442230865553798,8.442230865553798
8.467694980451254,8.467694980451254
8.493274918115617,8.493274918115617
8.518971628260488,8.518971628260488
8.5447860716773,8.5447860716773
8.570719220409755,8.570719220409755
8.596772057931693,8.596772057931693
8.62294557932854,8.62294557932854
8.649240791482393,8.649240791482393
8.675658713260804,8.675658713260804
8.702200375709383,8.702200375709383
8.728866822248271,8.728866822248271
8.755659108872653,8.755659108872653
8.782578304357349,8.782578304357349
8.809625490465594,8.809625490465594
8.836801762162093,8.836801762162093
8.864108227830531,8.864108227830531
8.891546009495576,8.891546009495576
8.919116243049508,8.919116243049508
8.946820078483578,8.946820078483578
8.974658680124245,8.974658680124245
9.002633226874442,9.002633226874442
9.0307449124599,9.0307449124599
9.058994945680707,9.058994945680707
9.087384550668327,9.087384550668327
9.11591496714808,9.11591496714808
9.144587450707315,9.144587450707315
9.173403273069317,9.173403273069317
9.202363722373327,9.202363722373327
9.231470103460532,9.231470103460532
9.260723738166451,9.260723738166451
9.290125965619666,9.290125965619666
9.319678142547248,9.319678142547248
9.349381643586993,9.349381643586993
9.379237861606569,9.379237861606569
9.409248208029865,9.409248208029865
9.439414113170708,9.439414113170708
9.469737026574167,9.469737026574167
9.500218417365598,9.500218417365598
9.530859774607631,9.530859774607631
9.561662607665445,9.561662607665445
9.592628446580463,9.592628446580463
9.623758842452654,9.623758842452654
9.655055367831789,9.655055367831789
9.686519617117854,9.686519617117854
9.718153206970902,9.718153206970902
9.749957776730565,9.749957776730565
9.781934988845517,9.781934988845517
9.814086529313228,9.814086529313228
9.846414108130265,9.846414108130265
9.878919459753428,9.878919459753428
9.911604343572,9.911604343572
9.944470544391596,9.944470544391596
9.9775198729298,9.9775198729298
10.010754166323965,10.010754166323965
10.044175288651527,10.044175288651527
10.077785131463346,10.077785131463346
10.11158561433026,10.11158561433026
10.145578685403379,10.145578685403379
10.179766321988472,10.179766321988472
10.214150531134935,10.214150531134935
10.248733350239792,10.248733350239792
10.283516847667064,10.283516847667064
10.318503123383122,10.318503123383122
10.35369430960849,10.35369430960849
10.389092571486596,10.389092571486596
10.424700107769956,10.424700107769956
10.460519151524387,10.460519151524387
10.49655197085189,10.49655197085189
10.53280086963269,10.53280086963269
10.569268188287056,10.569268188287056
10.605956304557598,10.605956304557598
10.642867634312694,10.642867634312694
10.680004632371718,10.680004632371718
10.717369793352761,10.717369793352761
10.754965652543614,10.754965652543614
10.79279478679679,10.79279478679679
10.830859815449427,10.830859815449427
10.869163401268782,10.869163401268782
10.907708251424259,10.907708251424259
10.946497118486935,10.946497118486935
10.985532801457415,10.985532801457415
11.024818146823003,11.024818146823003
11.064356049645271,11.064356049645271
11.104149454678959,11.104149454678959
11.144201357523466,11.144201357523466
11.184514805807963,11.184514805807963
11.225092900411273,11.225092900411273
11.26593879671787,11.26593879671787
11.307055705911232,11.307055705911232
11.348446896305905,11.348446896305905
11.390115694719652,11.390115694719652
11.432065487887117,11.432065487887117
11.474299723916651,11.474299723916651
11.51682191379179,11.51682191379179
11.55963563291902,11.55963563291902
11.602744522723576,11.602744522723576
11.646152292295177,11.646152292295177
11.689862720085479,11.689862720085479
11.733879655659186,11.733879655659186
11.778207021500938,11.778207021500938
11.822848814880151,11.822848814880151
11.867809109776001,11.867809109776001
11.913092058864876,11.913092058864876
11.95870189557278,11.95870189557278
12.004642936195292,12.004642936195292
12.05091958208777,12.05091958208777
12.097536321928487,12.097536321928487
12.14449773405777,12.14449773405777
12.191808488896209,12.191808488896209
12.239473351445177,12.239473351445177
12.287497183872969,12.287497183872969
12.335884948190122,12.335884948190122
12.384641709017798,12.384641709017798
12.43377263645298,12.43377263645298
12.483283009034544,12.483283009034544
12.533178216814674,12.533178216814674
12.583463764539982,12.583463764539982
12.634145274947285,12.634145274947285
12.685228492178746,12.685228492178746
12.736719285321817,12.736719285321817
12.78862365207948,12.78862365207948
12.840947722576633,12.840947722576633
12.893697763308504,12.893697763308504
12.946880181237773,12.946880181237773
13.000501528047067,13.000501528047067
13.05456850455402,13.05456850455402
13.109087965296268,13.109087965296268
13.164066923294452,13.164066923294452
13.219512555001584,13.219512555001584
13.275432205447556,13.275432205447556
13.331833393588084,13.331833393588084
13.388723817867964,13.388723817867964
13.446111362009098,13.446111362009098
13.504004101034178,13.504004101034178
13.562410307537728,13.562410307537728
13.621338458216696,13.621338458216696
13.680797240673785,13.680797240673785
13.740795560507248,13.740795560507248
13.80134254870161,13.80134254870161
13.862447569335005,13.862447569335005
13.924120227619436,13.924120227619436
13.986370378291538,13.986370378291538
14.049208134372076,14.049208134372076
14.112643876314063,14.112643876314063
14.176688261560312,14.176688261560312
14.24135223453269,14.24135223453269
14.306647037076551,14.306647037076551
14.372584219385624,14.372584219385624
14.439175651434141,14.439175651434141
14.506433534944797,14.506433534944797
14.5743704159228,14.5743704159228
14.642999197788663,14.642999197788663
14.712333155144426,14.712333155144426
14.782385948210301,14.782385948210301
14.853171637971291,14.853171637971291
14.924704702076188,14.924704702076188
14.997000051534343,14.997000051534343
15.070073048258807,15.070073048258807
15.143939523507632,15.143939523507632
15.218615797279417,15.218615797279417
15.294118698722947,15.294118698722947
15.370465587625265,15.370465587625265
15.447674377047287,15.447674377047287
15.525763557181364,15.525763557181364
15.60475222051105,15.60475222051105
15.684660088359237,15.684660088359237
15.765507538917607,15.765507538917607
15.84731563685796,15.84731563685796
15.930106164633765,15.930106164633765
16.0139016555893,16.0139016555893
16.09872542900289,16.09872542900289
16.18460162720171,16.18460162720171
16.27155525489714,16.27155525489714
16.359612220901923,16.359612220901923
16.448799382404435,16.448799382404435
16.53914459199074,16.53914459199074
16.630676747621848,16.630676747621848
16.72342584579195,16.72342584579195
16.81742303811387,16.81742303811387
16.91270069160056,16.91270069160056
17.009292452936513,17.009292452936513
17.107233317060427,17.107233317060427
17.2065597004109,17.2065597004109
17.307309519221324,17.307309519221324
17.40952227328785,17.40952227328785
17.51323913567627,17.51323913567627
17.618503048880488,17.618503048880488
17.725358827998157,17.725358827998157
17.83385327154737,17.83385327154737
17.9440352806142,17.9440352806142
18.05595598709438,18.05595598709438
18.169668891875542,18.169668891875542
18.285230013900264,18.285230013900264
18.402698051154545,18.402698051154545
18.522134554746167,18.522134554746167
18.643604117372014,18.643604117372014
18.76717457762653,18.76717457762653
18.892917241777308,18.892917241777308
19.02090712483187,19.02090712483187
19.1512232129462,19.1512232129462
19.283948749484704,19.283948749484704
19.41917154733794,19.41917154733794
19.556984330445793,19.556984330445793
19.697485107868097,19.697485107868097
19.84077758419907,19.84077758419907
19.986971610649036,19.986971610649036
20.136183681729246,20.136183681729246
20.28853748318961,20.28853748318961
20.44416449769241,20.44416449769241
20.60320467568385,20.60320467568385
20.765807180074507,20.765807180074507
20.932131214697066,20.932131214697066
21.102346948117635,21.102346948117635
21.276636546287353,21.276636546287353
21.455195329800702,21.455195329800702
21.63823307425823,21.63823307425823
21.82597547551751,21.82597547551751
22.01866580558688,22.01866580558688
22.216566789735822,22.216566789735822
22.41996274127529,22.41996274127529
22.629161997669776,22.629161997669776
22.8444997105277,22.8444997105277
23.06634105302979,23.06634105302979
23.295084922088673,23.295084922088673
23.53116822976672,23.53116822976672
23.775070900250043,23.775070900250043
24.02732171637302,24.02732171637302
24.288505195190478,24.288505195190478
24.559269717969972,24.559269717969972
24.84033719976088,24.84033719976088
25.132514662324887,25.132514662324887
25.4367081786403,25.4367081786403
25.753939797355535,25.753939797355535
26.085368245837643,26.085368245837643
26.432314471941467,26.432314471941467
26.796293448776172,26.796293448776172
27.17905418127761,27.17905418127761
27.582630591994345,27.582630591994345
28.00940704229623,28.00940704229623
28.46220385134324,28.46220385134324
28.944390617590447,28.944390617590447
29.460038950595486,29.460038950595486
30.014132301353836,30.014132301353836
30.61286059683664,30.61286059683664
31.264044461317514,31.264044461317514
31.97776408588933,31.97776408588933
32.76732401103387,32.76732401103387
33.650795213296576,33.650795213296576
34.65360617091876,34.65360617091876
35.81317615749859,35.81317615749859
37.18789064590075,37.18789064590075
38.8764547868468,38.8764547868468
41.06649371084442,41.06649371084442
44.18952588462746,44.18952588462746
49.70185542980766,49.70185542980766
