-7.000372785323622,-7.000372785323622
-6.999385897952821,-6.999385897952821
-6.996409770844915,-6.996409770844915
-6.992557919810634,-6.992557919810634
-6.988130399360265,-6.988130399360265
-6.98327406298667,-6.98327406298667
-6.978076665024649,-6.978076665024649
-6.972596697527156,-6.972596697527156
-6.966875977550578,-6.966875977550578
-6.960945904168796,-6.960945904168796
-6.954830927381313,-6.954830927381313
-6.9485506285189675,-6.9485506285189675
-6.942121044532373,-6.942121044532373
-6.935555551421881,-6.935555551421881
-6.928865476332781,-6.928865476332781
-6.922060535140256,-6.922060535140256
-6.915149153620615,-6.915149153620615
-6.9081387085309345,-6.9081387085309345
-6.9010357121113275,-6.9010357121113275
-6.893845955695238,-6.893845955695238
-6.886574623166731,-6.886574623166731
-6.879226381787003,-6.879226381787003
-6.871805455766701,-6.871805455766701
-6.8643156864968065,-6.8643156864968065
-6.856760582331971,-6.856760582331971
-6.849143360098047,-6.849143360098047
-6.84146697997532,-6.84146697997532
-6.833734175028512,-6.833734175028512
-6.825947476372764,-6.825947476372764
-6.818109234753168,-6.818109234753168
-6.8102216391549115,-6.8102216391549115
-6.80228673293784,-6.80228673293784
-6.794306427893941,-6.794306427893941
-6.7862825165515845,-6.7862825165515845
-6.778216682991647,-6.778216682991647
-6.770110512393908,-6.770110512393908
-6.761965499494754,-6.761965499494754
-6.7537830561071095,-6.7537830561071095
-6.745564517829068,-6.745564517829068
-6.737311150047785,-6.737311150047785
-6.729024153328793,-6.729024153328793
-6.720704668267452,-6.720704668267452
-6.7123537798679775,-6.7123537798679775
-6.703972521506216,-6.703972521506216
-6.695561878524471,-6.695561878524471
-6.687122791500099,-6.687122791500099
-6.678656159224121,-6.678656159224121
-6.670162841421245,-6.670162841421245
-6.661643661238817,-6.661643661238817
-6.653099407528706,-6.653099407528706
-6.6445308369432245,-6.6445308369432245
-6.635938675863653,-6.635938675863653
-6.627323622177756,-6.627323622177756
-6.618686346920775,-6.618686346920775
-6.610027495792785,-6.610027495792785
-6.601347690563803,-6.601347690563803
-6.592647530376892,-6.592647530376892
-6.583927592958309,-6.583927592958309
-6.57518843574285,-6.57518843574285
-6.566430596921717,-6.566430596921717
-6.557654596419436,-6.557654596419436
-6.548860936805735,-6.548860936805735
-6.540050104147719,-6.540050104147719
-6.53122256880714,-6.53122256880714
-6.52237878618711,-6.52237878618711
-6.5135191974322195,-6.5135191974322195
-6.504644230085607,-6.504644230085607
-6.495754298706289,-6.495754298706289
-6.486849805449652,-6.486849805449652
-6.477931140613864,-6.477931140613864
-6.4689986831546324,-6.4689986831546324
-6.460052801170601,-6.460052801170601
-6.451093852361422,-6.451093852361422
-6.442122184460408,-6.442122184460408
-6.433138135643521,-6.433138135643521
-6.424142034916267,-6.424142034916267
-6.415134202479979,-6.415134202479979
-6.406114950078851,-6.406114950078851
-6.397084581328971,-6.397084581328971
-6.388043392030481,-6.388043392030481
-6.378991670463962,-6.378991670463962
-6.369929697672015,-6.369929697672015
-6.360857747726953,-6.360857747726953
-6.351776087985437,-6.351776087985437
-6.342684979330875,-6.342684979330875
-6.333584676404267,-6.333584676404267
-6.324475427824216,-6.324475427824216
-6.315357476396706,-6.315357476396706
-6.306231059315248,-6.306231059315248
-6.29709640835194,-6.29709640835194
-6.287953750039945,-6.287953750039945
-6.27880330584787,-6.27880330584787
-6.269645292346479,-6.269645292346479
-6.2604799213681845,-6.2604799213681845
-6.2513074001596545,-6.2513074001596545
-6.242127931527964,-6.242127931527964
-6.23294171398058,-6.23294171398058
-6.223748941859519,-6.223748941859519
-6.214549805469983,-6.214549805469983
-6.205344491203754,-6.205344491203754
-6.196133181657592,-6.196133181657592
-6.186916055746917,-6.186916055746917
-6.177693288814985,-6.177693288814985
-6.168465052737787,-6.168465052737787
-6.1592315160248745,-6.1592315160248745
-6.149992843916321,-6.149992843916321
-6.140749198475983,-6.140749198475983
-6.131500738681243,-6.131500738681243
-6.122247620509412,-6.122247620509412
-6.11298999702092,-6.11298999702092
-6.10372801843947,-6.10372801843947
-6.0944618322292685,-6.0944618322292685
-6.085191583169481,-6.085191583169481
-6.0759174134260245,-6.0759174134260245
-6.066639462620837,-6.066639462620837
-6.057357867898689,-6.057357867898689
-6.048072763991704,-6.048072763991704
-6.038784283281633,-6.038784283281633
-6.029492555860018,-6.029492555860018
-6.020197709586302,-6.020197709586302
-6.010899870143999,-6.010899870143999
-6.001599161094989,-6.001599161094989
-5.992295703932017,-5.992295703932017
-5.982989618129479,-5.982989618129479
-5.973681021192542,-5.973681021192542
-5.9643700287047015,-5.9643700287047015
-5.955056754373804,-5.955056754373804
-5.945741310076614,-5.945741310076614
-5.936423805901971,-5.936423805901971
-5.927104350192619,-5.927104350192619
-5.917783049585705,-5.917783049585705
-5.908460009052074,-5.908460009052074
-5.899135331934331,-5.899135331934331
-5.889809119983762,-5.889809119983762
-5.880481473396159,-5.880481473396159
-5.871152490846545,-5.871152490846545
-5.861822269522905,-5.861822269522905
-5.8524909051589,-5.8524909051589
-5.8431584920656405,-5.8431584920656405
-5.833825123162529,-5.833825123162529
-5.8244908900072305,-5.8244908900072305
-5.81515588282477,-5.81515588282477
-5.805820190535815,-5.805820190535815
-5.79648390078416,-5.79648390078416
-5.787147099963445,-5.787147099963445
-5.777809873243119,-5.777809873243119
-5.768472304593712,-5.768472304593712
-5.759134476811391,-5.759134476811391
-5.749796471541857,-5.749796471541857
-5.740458369303606,-5.740458369303606
-5.731120249510547,-5.731120249510547
-5.721782190494036,-5.721782190494036
-5.712444269524308,-5.712444269524308
-5.703106562831364,-5.703106562831364
-5.693769145625297,-5.693769145625297
-5.684432092116099,-5.684432092116099
-5.675095475532952,-5.675095475532952
-5.665759368143033,-5.665759368143033
-5.65642384126982,-5.65642384126982
-5.647088965310965,-5.647088965310965
-5.637754809755692,-5.637754809755692
-5.628421443201767,-5.628421443201767
-5.619088933372056,-5.619088933372056
-5.609757347130662,-5.609757347130662
-5.600426750498668,-5.600426750498668
-5.591097208669512,-5.591097208669512
-5.58176878602396,-5.58176878602396
-5.572441546144743,-5.572441546144743
-5.563115551830838,-5.563115551830838
-5.5537908651114005,-5.5537908651114005
-5.544467547259375,-5.544467547259375
-5.535145658804787,-5.535145658804787
-5.525825259547711,-5.525825259547711
-5.516506408570957,-5.516506408570957
-5.507189164252449,-5.507189164252449
-5.49787358427732,-5.49787358427732
-5.488559725649738,-5.488559725649738
-5.479247644704457,-5.479247644704457
-5.469937397118106,-5.469937397118106
-5.460629037920237,-5.460629037920237
-5.4513226215041,-5.4513226215041
-5.442018201637213,-5.442018201637213
-5.432715831471666,-5.432715831471666
-5.42341556355422,-5.42341556355422
-5.414117449836176,-5.414117449836176
-5.404821541683031,-5.404821541683031
-5.395527889883928,-5.395527889883928
-5.386236544660895,-5.386236544660895
-5.376947555677899,-5.376947555677899
-5.367660972049695,-5.367660972049695
-5.358376842350493,-5.358376842350493
-5.349095214622445,-5.349095214622445
-5.339816136383949,-5.339816136383949
-5.330539654637783,-5.330539654637783
-5.321265815879071,-5.321265815879071
-5.3119946661030815,-5.3119946661030815
-5.30272625081287,-5.30272625081287
-5.29346061502676,-5.29346061502676
-5.284197803285681,-5.284197803285681
-5.2749378596603504,-5.2749378596603504
-5.2656808277583105,-5.2656808277583105
-5.256426750730828,-5.256426750730828
-5.24717567127966,-5.24717567127966
-5.237927631663679,-5.237927631663679
-5.228682673705369,-5.228682673705369
-5.219440838797196,-5.219440838797196
-5.210202167907853,-5.210202167907853
-5.200966701588384,-5.200966701588384
-5.191734479978189,-5.191734479978189
-5.182505542810916,-5.182505542810916
-5.173279929420232,-5.173279929420232
-5.164057678745501,-5.164057678745501
-5.154838829337331,-5.154838829337331
-5.145623419363036,-5.145623419363036
-5.13641148661199,-5.13641148661199
-5.127203068500866,-5.127203068500866
-5.1179982020788115,-5.1179982020788115
-5.108796924032486,-5.108796924032486
-5.099599270691038,-5.099599270691038
-5.090405278030977,-5.090405278030977
-5.081214981680955,-5.081214981680955
-5.072028416926471,-5.072028416926471
-5.062845618714475,-5.062845618714475
-5.053666621657906,-5.053666621657906
-5.044491460040135,-5.044491460040135
-5.035320167819335,-5.035320167819335
-5.026152778632776,-5.026152778632776
-5.016989325801026,-5.016989325801026
-5.007829842332114,-5.007829842332114
-4.9986743609255795,-4.9986743609255795
-4.9895229139764705,-4.9895229139764705
-4.980375533579285,-4.980375533579285
-4.971232251531813,-4.971232251531813
-4.962093099338938,-4.962093099338938
-4.952958108216364,-4.952958108216364
-4.9438273090942735,-4.9438273090942735
-4.934700732620936,-4.934700732620936
-4.925578409166239,-4.925578409166239
-4.916460368825175,-4.916460368825175
-4.907346641421263,-4.907346641421263
-4.898237256509907,-4.898237256509907
-4.889132243381706,-4.889132243381706
-4.88003163106571,-4.88003163106571
-4.870935448332616,-4.870935448332616
-4.861843723697912,-4.861843723697912
-4.8527564854249805,-4.8527564854249805
-4.84367376152813,-4.84367376152813
-4.834595579775599,-4.834595579775599
-4.825521967692497,-4.825521967692497
-4.816452952563704,-4.816452952563704
-4.807388561436723,-4.807388561436723
-4.798328821124484,-4.798328821124484
-4.789273758208103,-4.789273758208103
-4.780223399039609,-4.780223399039609
-4.7711777697446,-4.7711777697446
-4.762136896224893,-4.762136896224893
-4.753100804161106,-4.753100804161106
-4.744069519015202,-4.744069519015202
-4.735043066033013,-4.735043066033013
-4.726021470246697,-4.726021470246697
-4.7170047564771815,-4.7170047564771815
-4.707992949336552,-4.707992949336552
-4.698986073230414,-4.698986073230414
-4.689984152360209,-4.689984152360209
-4.680987210725512,-4.680987210725512
-4.671995272126273,-4.671995272126273
-4.663008360165043,-4.663008360165043
-4.654026498249152,-4.654026498249152
-4.645049709592865,-4.645049709592865
-4.6360780172195,-4.6360780172195
-4.627111443963515,-4.627111443963515
-4.618150012472568,-4.618150012472568
-4.609193745209538,-4.609193745209538
-4.600242664454526,-4.600242664454526
-4.591296792306822,-4.591296792306822
-4.582356150686839,-4.582356150686839
-4.573420761338026,-4.573420761338026
-4.564490645828752,-4.564490645828752
-4.555565825554157,-4.555565825554157
-4.54664632173798,-4.54664632173798
-4.537732155434368,-4.537732155434368
-4.52882334752964,-4.52882334752964
-4.519919918744046,-4.519919918744046
-4.511021889633493,-4.511021889633493
-4.502129280591241,-4.502129280591241
-4.493242111849582,-4.493242111849582
-4.484360403481496,-4.484360403481496
-4.475484175402277,-4.475484175402277
-4.466613447371143,-4.466613447371143
-4.457748238992821,-4.457748238992821
-4.448888569719108,-4.448888569719108
-4.440034458850411,-4.440034458850411
-4.431185925537274,-4.431185925537274
-4.422342988781867,-4.422342988781867
-4.413505667439471,-4.413505667439471
-4.404673980219934,-4.404673980219934
-4.395847945689111,-4.395847945689111
-4.387027582270281,-4.387027582270281
-4.378212908245544,-4.378212908245544
-4.369403941757207,-4.369403941757207
-4.36060070080914,-4.36060070080914
-4.35180320326813,-4.35180320326813
-4.343011466865191,-4.343011466865191
-4.3342255091968855,-4.3342255091968855
-4.325445347726612,-4.325445347726612
-4.316670999785872,-4.316670999785872
-4.307902482575538,-4.307902482575538
-4.299139813167083,-4.299139813167083
-4.290383008503811,-4.290383008503811
-4.281632085402063,-4.281632085402063
-4.27288706055241,-4.27288706055241
-4.264147950520827,-4.264147950520827
-4.255414771749859,-4.255414771749859
-4.246687540559763,-4.246687540559763
-4.237966273149642,-4.237966273149642
-4.229250985598564,-4.229250985598564
-4.22054169386666,-4.22054169386666
-4.211838413796218,-4.211838413796218
-4.203141161112752,-4.203141161112752
-4.194449951426072,-4.194449951426072
-4.185764800231321,-4.185764800231321
-4.17708572291002,-4.17708572291002
-4.168412734731081,-4.168412734731081
-4.159745850851824,-4.159745850851824
-4.1510850863189654,-4.1510850863189654
-4.14243045606961,-4.14243045606961
-4.133781974932212,-4.133781974932212
-4.125139657627546,-4.125139657627546
-4.1165035187696475,-4.1165035187696475
-4.107873572866751,-4.107873572866751
-4.099249834322214,-4.099249834322214
-4.090632317435434,-4.090632317435434
-4.0820210364027405,-4.0820210364027405
-4.0734160053183,-4.0734160053183
-4.064817238174986,-4.064817238174986
-4.05622474886525,-4.05622474886525
-4.047638551181986,-4.047638551181986
-4.039058658819374,-4.039058658819374
-4.030485085373719,-4.030485085373719
-4.021917844344284,-4.021917844344284
-4.013356949134101,-4.013356949134101
-4.004802413050788,-4.004802413050788
-3.996254249307345,-3.996254249307345
-3.9877124710229386,-3.9877124710229386
-3.9791770912236917,-3.9791770912236917
-3.9706481228434516,-3.9706481228434516
-3.9621255787245455,-3.9621255787245455
-3.953609471618544,-3.953609471618544
-3.945099814187,-3.945099814187
-3.9365966190021853,-3.9365966190021853
-3.928099898547817,-3.928099898547817
-3.9196096652197787,-3.9196096652197787
-3.9111259313268305,-3.9111259313268305
-3.90264870909131,-3.90264870909131
-3.8941780106498247,-3.8941780106498247
-3.8857138480539466,-3.8857138480539466
-3.8772562332708786,-3.8772562332708786
-3.8688051781841364,-3.8688051781841364
-3.860360694594204,-3.860360694594204
-3.8519227942191923,-3.8519227942191923
-3.843491488695488,-3.843491488695488
-3.8350667895783914,-3.8350667895783914
-3.8266487083427543,-3.8266487083427543
-3.8182372563836027,-3.8182372563836027
-3.8098324450167564,-3.8098324450167564
-3.801434285479446,-3.801434285479446
-3.7930427889309115,-3.7930427889309115
-3.784657966453007,-3.784657966453007
-3.7762798290507913,-3.7762798290507913
-3.7679083876531125,-3.7679083876531125
-3.7595436531131883,-3.7595436531131883
-3.7511856362091787,-3.7511856362091787
-3.7428343476447528,-3.7428343476447528
-3.734489798049649,-3.734489798049649
-3.726151997980228,-3.726151997980228
-3.7178209579200243,-3.7178209579200243
-3.709496688280284,-3.709496688280284
-3.701179199400505,-3.701179199400505
-3.6928685015489653,-3.6928685015489653
-3.6845646049232474,-3.6845646049232474
-3.676267519650761,-3.676267519650761
-3.667977255789252,-3.667977255789252
-3.6596938233273115,-3.6596938233273115
-3.651417232184882,-3.651417232184882
-3.64314749221375,-3.64314749221375
-3.6348846131980403,-3.6348846131980403
-3.6266286048547034,-3.6266286048547034
-3.6183794768339923,-3.6183794768339923
-3.610137238719946,-3.610137238719946
-3.6019019000308563,-3.6019019000308563
-3.593673470219734,-3.593673470219734
-3.5854519586747724,-3.5854519586747724
-3.577237374719803,-3.577237374719803
-3.569029727614747,-3.569029727614747
-3.5608290265560645,-3.5608290265560645
-3.5526352806771913,-3.5526352806771913
-3.5444484990489853,-3.5444484990489853
-3.5362686906801524,-3.5362686906801524
-3.5280958645176788,-3.5280958645176788
-3.519930029447256,-3.519930029447256
-3.511771194293698,-3.511771194293698
-3.5036193678213587,-3.5036193678213587
-3.495474558734544,-3.495474558734544
-3.487336775677918,-3.487336775677918
-3.4792060272369048,-3.4792060272369048
-3.4710823219380895,-3.4710823219380895
-3.462965668249614,-3.462965668249614
-3.4548560745815626,-3.4548560745815626
-3.4467535492863557,-3.4467535492863557
-3.4386581006591275,-3.4386581006591275
-3.430569736938107,-3.430569736938107
-3.422488466304994,-3.422488466304994
-3.4144142968853286,-3.4144142968853286
-3.4063472367488603,-3.4063472367488603
-3.398287293909913,-3.398287293909913
-3.3902344763277417,-3.3902344763277417
-3.382188791906894,-3.382188791906894
-3.3741502484975596,-3.3741502484975596
-3.366118853895922,-3.366118853895922
-3.3580946158445037,-3.3580946158445037
-3.350077542032509,-3.350077542032509
-3.3420676400961646,-3.3420676400961646
-3.334064917619056,-3.334064917619056
-3.326069382132456,-3.326069382132456
-3.31808104111566,-3.31808104111566
-3.310099901996307,-3.310099901996307
-3.302125972150707,-3.302125972150707
-3.2941592589041577,-3.2941592589041577
-3.286199769531264,-3.286199769531264
-3.278247511256248,-3.278247511256248
-3.270302491253262,-3.270302491253262
-3.262364716646697,-3.262364716646697
-3.2544341945114836,-3.2544341945114836
-3.2465109318733987,-3.2465109318733987
-3.238594935709358,-3.238594935709358
-3.230686212947719,-3.230686212947719
-3.222784770468567,-3.222784770468567
-3.2148906151040104,-3.2148906151040104
-3.207003753638464,-3.207003753638464
-3.199124192808937,-3.199124192808937
-3.1912519393053147,-3.1912519393053147
-3.183386999770634,-3.183386999770634
-3.1755293808013625,-3.1755293808013625
-3.1676790889476734,-3.1676790889476734
-3.1598361307137157,-3.1598361307137157
-3.1520005125578825,-3.1520005125578825
-3.144172240893077,-3.144172240893077
-3.1363513220869748,-3.1363513220869748
-3.128537762462289,-3.128537762462289
-3.120731568297026,-3.120731568297026
-3.1129327458247427,-3.1129327458247427
-3.1051413012347977,-3.1051413012347977
-3.0973572406726064,-3.0973572406726064
-3.0895805702398875,-3.0895805702398875
-3.0818112959949118,-3.0818112959949118
-3.074049423952745,-3.074049423952745
-3.066294960085489,-3.066294960085489
-3.0585479103225253,-3.0585479103225253
-3.050808280550748,-3.050808280550748
-3.0430760766148017,-3.0430760766148017
-3.0353513043173175,-3.0353513043173175
-3.027633969419136,-3.027633969419136
-3.0199240776395455,-3.0199240776395455
-3.0122216346565023,-3.0122216346565023
-3.004526646106858,-3.004526646106858
-2.9968391175865814,-2.9968391175865814
-2.98915905465098,-2.98915905465098
-2.981486462814917,-2.981486462814917
-2.9738213475530295,-2.9738213475530295
-2.966163714299941,-2.966163714299941
-2.958513568450476,-2.958513568450476
-2.9508709153598685,-2.9508709153598685
-2.943235760343974,-2.943235760343974
-2.935608108679472,-2.935608108679472
-2.927987965604073,-2.927987965604073
-2.920375336316723,-2.920375336316723
-2.9127702259778,-2.9127702259778
-2.9051726397093205,-2.9051726397093205
-2.8975825825951302,-2.8975825825951302
-2.890000059681101,-2.890000059681101
-2.88242507597533,-2.88242507597533
-2.874857636448324,-2.874857636448324
-2.867297746033197,-2.867297746033197
-2.8597454096258543,-2.8597454096258543
-2.85220063208518,-2.85220063208518
-2.8446634182332247,-2.8446634182332247
-2.8371337728553874,-2.8371337728553874
-2.829611700700596,-2.829611700700596
-2.8220972064814918,-2.8220972064814918
-2.814590294874603,-2.814590294874603
-2.8070909705205267,-2.8070909705205267
-2.7995992380241006,-2.7995992380241006
-2.7921151019545807,-2.7921151019545807
-2.784638566845807,-2.784638566845807
-2.7771696371963843,-2.7771696371963843
-2.769708317469843,-2.769708317469843
-2.762254612094808,-2.762254612094808
-2.7548085254651715,-2.7548085254651715
-2.747370061940248,-2.747370061940248
-2.7399392258449478,-2.7399392258449478
-2.7325160214699284,-2.7325160214699284
-2.725100453071764,-2.725100453071764
-2.717692524873099,-2.717692524873099
-2.7102922410628087,-2.7102922410628087
-2.702899605796152,-2.702899605796152
-2.6955146231949296,-2.6955146231949296
-2.688137297347636,-2.688137297347636
-2.680767632309611,-2.680767632309611
-2.67340563210319,-2.67340563210319
-2.6660513007178563,-2.6660513007178563
-2.658704642110385,-2.658704642110385
-2.6513656602049926,-2.6513656602049926
-2.6440343588934825,-2.6440343588934825
-2.6367107420353846,-2.6367107420353846
-2.6293948134581067,-2.6293948134581067
-2.6220865769570674,-2.6220865769570674
-2.614786036295841,-2.614786036295841
-2.607493195206294,-2.607493195206294
-2.6002080573887283,-2.6002080573887283
-2.592930626512011,-2.592930626512011
-2.585660906213713,-2.585660906213713
-2.5783989001002428,-2.5783989001002428
-2.5711446117469823,-2.5711446117469823
-2.563898044698414,-2.563898044698414
-2.556659202468254,-2.556659202468254
-2.5494280885395812,-2.5494280885395812
-2.5422047063649664,-2.5422047063649664
-2.5349890593665987,-2.5349890593665987
-2.527781150936412,-2.527781150936412
-2.520580984436209,-2.520580984436209
-2.513388563197787,-2.513388563197787
-2.5062038905230613,-2.5062038905230613
-2.4990269696841816,-2.4990269696841816
-2.4918578039236587,-2.4918578039236587
-2.484696396454482,-2.484696396454482
-2.477542750460237,-2.477542750460237
-2.470396869095224,-2.470396869095224
-2.4632587554845737,-2.4632587554845737
-2.4561284127243646,-2.4561284127243646
-2.4490058438817335,-2.4490058438817335
-2.441891051994993,-2.441891051994993
-2.4347840400737417,-2.4347840400737417
-2.427684811098976,-2.427684811098976
-2.4205933680232006,-2.4205933680232006
-2.4135097137705377,-2.4135097137705377
-2.4064338512368355,-2.4064338512368355
-2.3993657832897757,-2.3993657832897757
-2.3923055127689814,-2.3923055127689814
-2.38525304248612,-2.38525304248612
-2.378208375225009,-2.378208375225009
-2.3711715137417233,-2.3711715137417233
-2.36414246076469,-2.36414246076469
-2.357121218994799,-2.357121218994799
-2.3501077911054975,-2.3501077911054975
-2.343102179742895,-2.343102179742895
-2.3361043875258565,-2.3361043875258565
-2.3291144170461093,-2.3291144170461093
-2.322132270868332,-2.322132270868332
-2.3151579515302565,-2.3151579515302565
-2.3081914615427603,-2.3081914615427603
-2.301232803389965,-2.301232803389965
-2.294281979529326,-2.294281979529326
-2.2873389923917307,-2.2873389923917307
-2.2804038443815857,-2.2804038443815857
-2.2734765378769124,-2.2734765378769124
-2.266557075229434,-2.266557075229434
-2.259645458764669,-2.259645458764669
-2.2527416907820186,-2.2527416907820186
-2.245845773554854,-2.245845773554854
-2.2389577093306063,-2.2389577093306063
-2.23207750033085,-2.23207750033085
-2.225205148751391,-2.225205148751391
-2.218340656762353,-2.218340656762353
-2.2114840265082587,-2.2114840265082587
-2.2046352601081143,-2.2046352601081143
-2.1977943596554934,-2.1977943596554934
-2.190961327218619,-2.190961327218619
-2.1841361648404467,-2.1841361648404467
-2.1773188745387366,-2.1773188745387366
-2.1705094583061464,-2.1705094583061464
-2.1637079181102985,-2.1637079181102985
-2.156914255893866,-2.156914255893866
-2.150128473574648,-2.150128473574648
-2.143350573045646,-2.143350573045646
-2.136580556175139,-2.136580556175139
-2.129818424806763,-2.129818424806763
-2.1230641807595827,-2.1230641807595827
-2.1163178258281654,-2.1163178258281654
-2.109579361782657,-2.109579361782657
-2.102848790368852,-2.102848790368852
-2.096126113308267,-2.096126113308267
-2.0894113322982135,-2.0894113322982135
-2.082704449011865,-2.082704449011865
-2.0760054650983317,-2.0760054650983317
-2.069314382182724,-2.069314382182724
-2.0626312018662287,-2.0626312018662287
-2.055955925726171,-2.055955925726171
-2.0492885553160844,-2.0492885553160844
-2.0426290921657784,-2.0426290921657784
-2.0359775377814024,-2.0359775377814024
-2.029333893645514,-2.029333893645514
-2.0226981612171415,-2.0226981612171415
-2.016070341931849,-2.016070341931849
-2.009450437201803,-2.009450437201803
-2.0028384484158304,-2.0028384484158304
-1.9962343769394835,-1.9962343769394835
-1.989638224115104,-1.989638224115104
-1.9830499912618815,-1.9830499912618815
-1.9764696796759134,-1.9764696796759134
-1.9698972906302692,-1.9698972906302692
-1.9633328253750462,-1.9633328253750462
-1.956776285137429,-1.956776285137429
-1.95022767112175,-1.95022767112175
-1.9436869845095446,-1.9436869845095446
-1.9371542264596107,-1.9371542264596107
-1.9306293981080636,-1.9306293981080636
-1.924112500568392,-1.924112500568392
-1.9176035349315157,-1.9176035349315157
-1.9111025022658374,-1.9111025022658374
-1.9046094036173014,-1.9046094036173014
-1.8981242400094416,-1.8981242400094416
-1.8916470124434406,-1.8916470124434406
-1.8851777218981787,-1.8851777218981787
-1.8787163693302877,-1.8787163693302877
-1.8722629556742036,-1.8722629556742036
-1.865817481842213,-1.865817481842213
-1.859379948724511,-1.859379948724511
-1.8529503571892458,-1.8529503571892458
-1.8465287080825694,-1.8465287080825694
-1.840115002228688,-1.840115002228688
-1.8337092404299102,-1.8337092404299102
-1.827311423466694,-1.827311423466694
-1.8209215520976947,-1.8209215520976947
-1.814539627059813,-1.814539627059813
-1.8081656490682405,-1.8081656490682405
-1.8017996188165057,-1.8017996188165057
-1.79544153697652,-1.79544153697652
-1.7890914041986217,-1.7890914041986217
-1.7827492211116216,-1.7827492211116216
-1.7764149883228486,-1.7764149883228486
-1.7700887064181894,-1.7700887064181894
-1.7637703759621333,-1.7637703759621333
-1.7574599974978162,-1.7574599974978162
-1.7511575715470624,-1.7511575715470624
-1.7448630986104234,-1.7448630986104234
-1.738576579167223,-1.738576579167223
-1.732298013675595,-1.732298013675595
-1.726027402572525,-1.726027402572525
-1.71976474627389,-1.71976474627389
-1.7135100451744973,-1.7135100451744973
-1.707263299648124,-1.707263299648124
-1.7010245100475538,-1.7010245100475538
-1.6947936767046174,-1.6947936767046174
-1.6885707999302284,-1.6885707999302284
-1.6823558800144203,-1.6823558800144203
-1.6761489172263841,-1.6761489172263841
-1.6699499118145034,-1.6699499118145034
-1.66375886400639,-1.66375886400639
-1.6575757740089212,-1.6575757740089212
-1.651400642008273,-1.651400642008273
-1.6452334681699534,-1.6452334681699534
-1.6390742526388387,-1.6390742526388387
-1.6329229955392055,-1.6329229955392055
-1.6267796969747659,-1.6267796969747659
-1.620644357028697,-1.620644357028697
-1.6145169757636755,-1.6145169757636755
-1.608397553221909,-1.608397553221909
-1.6022860894251674,-1.6022860894251674
-1.5961825843748139,-1.5961825843748139
-1.5900870380518357,-1.5900870380518357
-1.5839994504168746,-1.5839994504168746
-1.577919821410254,-1.577919821410254
-1.5718481509520137,-1.5718481509520137
-1.5657844389419342,-1.5657844389419342
-1.559728685259567,-1.559728685259567
-1.5536808897642622,-1.5536808897642622
-1.5476410522951987,-1.5476410522951987
-1.5416091726714065,-1.5416091726714065
-1.5355852506917982,-1.5355852506917982
-1.529569286135195,-1.529569286135195
-1.5235612787603512,-1.5235612787603512
-1.51756122830598,-1.51756122830598
-1.5115691344907816,-1.5115691344907816
-1.5055849970134638,-1.5055849970134638
-1.4996088155527718,-1.4996088155527718
-1.4936405897675076,-1.4936405897675076
-1.4876803192965589,-1.4876803192965589
-1.4817280037589153,-1.4817280037589153
-1.4757836427537003,-1.4757836427537003
-1.4698472358601873,-1.4698472358601873
-1.463918782637826,-1.463918782637826
-1.4579982826262594,-1.4579982826262594
-1.4520857353453527,-1.4520857353453527
-1.4461811402952074,-1.4461811402952074
-1.4402844969561872,-1.4402844969561872
-1.4343958047889356,-1.4343958047889356
-1.4285150632343977,-1.4285150632343977
-1.4226422717138383,-1.4226422717138383
-1.4167774296288638,-1.4167774296288638
-1.410920536361438,-1.410920536361438
-1.4050715912739045,-1.4050715912739045
-1.3992305937090013,-1.3992305937090013
-1.393397542989882,-1.393397542989882
-1.3875724384201307,-1.3875724384201307
-1.381755279283781,-1.381755279283781
-1.3759460648453337,-1.3759460648453337
-1.3701447943497709,-1.3701447943497709
-1.364351467022572,-1.364351467022572
-1.3585660820697345,-1.3585660820697345
-1.352788638677783,-1.352788638677783
-1.3470191360137884,-1.3470191360137884
-1.3412575732253817,-1.3412575732253817
-1.3355039494407688,-1.3355039494407688
-1.329758263768743,-1.329758263768743
-1.3240205152987017,-1.3240205152987017
-1.3182907031006563,-1.3182907031006563
-1.3125688262252493,-1.3125688262252493
-1.3068548837037635,-1.3068548837037635
-1.3011488745481368,-1.3011488745481368
-1.2954507977509715,-1.2954507977509715
-1.2897606522855507,-1.2897606522855507
-1.2840784371058447,-1.2840784371058447
-1.2784041511465263,-1.2784041511465263
-1.2727377933229775,-1.2727377933229775
-1.267079362531304,-1.267079362531304
-1.2614288576483417,-1.2614288576483417
-1.2557862775316697,-1.2557862775316697
-1.2501516210196166,-1.2501516210196166
-1.2445248869312722,-1.2445248869312722
-1.2389060740664948,-1.2389060740664948
-1.233295181205921,-1.233295181205921
-1.2276922071109715,-1.2276922071109715
-1.2220971505238618,-1.2220971505238618
-1.2165100101676065,-1.2165100101676065
-1.2109307847460293,-1.2109307847460293
-1.2053594729437695,-1.2053594729437695
-1.1997960734262871,-1.1997960734262871
-1.1942405848398696,-1.1942405848398696
-1.1886930058116374,-1.1886930058116374
-1.1831533349495507,-1.1831533349495507
-1.1776215708424145,-1.1776215708424145
-1.1720977120598828,-1.1720977120598828
-1.1665817571524626,-1.1665817571524626
-1.1610737046515205,-1.1610737046515205
-1.155573553069284,-1.155573553069284
-1.1500813008988473,-1.1500813008988473
-1.1445969466141737,-1.1445969466141737
-1.1391204886700987,-1.1391204886700987
-1.1336519255023336,-1.1336519255023336
-1.1281912555274656,-1.1281912555274656
-1.122738477142963,-1.122738477142963
-1.1172935887271755,-1.1172935887271755
-1.1118565886393357,-1.1118565886393357
-1.1064274752195593,-1.1064274752195593
-1.101006246788848,-1.101006246788848
-1.0955929016490897,-1.0955929016490897
-1.0901874380830578,-1.0901874380830578
-1.0847898543544114,-1.0847898543544114
-1.0794001487076952,-1.0794001487076952
-1.0740183193683388,-1.0740183193683388
-1.0686443645427113,-1.0686443645427113
-1.063278282417901,-1.063278282417901
-1.0579200711620396,-1.0579200711620396
-1.052569728924085,-1.052569728924085
-1.047227253833872,-1.047227253833872
-1.0418926440021108,-1.0418926440021108
-1.0365658975203822,-1.0365658975203822
-1.0312470124611384,-1.0312470124611384
-1.025935986877696,-1.025935986877696
-1.0206328188042333,-1.0206328188042333
-1.0153375062557872,-1.0153375062557872
-1.0100500472282494,-1.0100500472282494
-1.0047704396983603,-1.0047704396983603
-0.9994986816237041,-0.9994986816237041
-0.9942347709427051,-0.9942347709427051
-0.9889787055746215,-0.9889787055746215
-0.9837304834195403,-0.9837304834195403
-0.97849010235837,-0.97849010235837
-0.9732575602528347,-0.9732575602528347
-0.9680328549454691,-0.9680328549454691
-0.9628159842596088,-0.9628159842596088
-0.9576069459993855,-0.9576069459993855
-0.9524057379497178,-0.9524057379497178
-0.9472123578763051,-0.9472123578763051
-0.9420268035256181,-0.9420268035256181
-0.9368490726248906,-0.9368490726248906
-0.9316791628821105,-0.9316791628821105
-0.9265170719860132,-0.9265170719860132
-0.9213627976060693,-0.9213627976060693
-0.9162163373924763,-0.9162163373924763
-0.9110776889761488,-0.9110776889761488
-0.9059468499687081,-0.9059468499687081
-0.9008238179624732,-0.9008238179624732
-0.8957085905304468,-0.8957085905304468
-0.8906011652263071,-0.8906011652263071
-0.8855015395843958,-0.8855015395843958
-0.8804097111197065,-0.8804097111197065
-0.875325677327872,-0.875325677327872
-0.8702494356851528,-0.8702494356851528
-0.8651809836484248,-0.8651809836484248
-0.8601203186551664,-0.8601203186551664
-0.8550674381234444,-0.8550674381234444
-0.8500223394519016,-0.8500223394519016
-0.8449850200197444,-0.8449850200197444
-0.8399554771867254,-0.8399554771867254
-0.8349337082931331,-0.8349337082931331
-0.8299197106597732,-0.8299197106597732
-0.8249134815879581,-0.8249134815879581
-0.8199150183594892,-0.8199150183594892
-0.8149243182366415,-0.8149243182366415
-0.8099413784621481,-0.8099413784621481
-0.8049661962591856,-0.8049661962591856
-0.7999987688313552,-0.7999987688313552
-0.7950390933626696,-0.7950390933626696
-0.7900871670175316,-0.7900871670175316
-0.7851429869407216,-0.7851429869407216
-0.7802065502573767,-0.7802065502573767
-0.7752778540729753,-0.7752778540729753
-0.7703568954733161,-0.7703568954733161
-0.7654436715245042,-0.7654436715245042
-0.7605381792729271,-0.7605381792729271
-0.7556404157452417,-0.7556404157452417
-0.750750377948348,-0.750750377948348
-0.7458680628693776,-0.7458680628693776
-0.740993467475667,-0.740993467475667
-0.7361265887147413,-0.7361265887147413
-0.7312674235142927,-0.7312674235142927
-0.7264159687821602,-0.7264159687821602
-0.7215722214063076,-0.7215722214063076
-0.716736178254804,-0.716736178254804
-0.7119078361757993,-0.7119078361757993
-0.7070871919975064,-0.7070871919975064
-0.702274242528175,-0.702274242528175
-0.6974689845560726,-0.6974689845560726
-0.692671414849458,-0.692671414849458
-0.6878815301565625,-0.6878815301565625
-0.6830993272055623,-0.6830993272055623
-0.6783248027045587,-0.6783248027045587
-0.6735579533415509,-0.6735579533415509
-0.6687987757844147,-0.6687987757844147
-0.6640472666808743,-0.6640472666808743
-0.6593034226584822,-0.6593034226584822
-0.6545672403245889,-0.6545672403245889
-0.6498387162663215,-0.6498387162663215
-0.6451178470505561,-0.6451178470505561
-0.6404046292238927,-0.6404046292238927
-0.635699059312627,-0.635699059312627
-0.6310011338227256,-0.6310011338227256
-0.6263108492397987,-0.6263108492397987
-0.6216282020290727,-0.6216282020290727
-0.616953188635362,-0.616953188635362
-0.6122858054830418,-0.6122858054830418
-0.6076260489760196,-0.6076260489760196
-0.6029739154977083,-0.6029739154977083
-0.5983294014109943,-0.5983294014109943
-0.5936925030582111,-0.5936925030582111
-0.5890632167611088,-0.5890632167611088
-0.5844415388208256,-0.5844415388208256
-0.579827465517855,-0.579827465517855
-0.5752209931120186,-0.5752209931120186
-0.5706221178424339,-0.5706221178424339
-0.5660308359274844,-0.5660308359274844
-0.5614471435647866,-0.5614471435647866
-0.5568710369311597,-0.5568710369311597
-0.5523025121825946,-0.5523025121825946
-0.5477415654542199,-0.5477415654542199
-0.5431881928602706,-0.5431881928602706
-0.5386423904940548,-0.5386423904940548
-0.5341041544279206,-0.5341041544279206
-0.5295734807132243,-0.5295734807132243
-0.5250503653802935,-0.5250503653802935
-0.5205348044383954,-0.5205348044383954
-0.5160267938757026,-0.5160267938757026
-0.5115263296592577,-0.5115263296592577
-0.5070334077349372,-0.5070334077349372
-0.5025480240274185,-0.5025480240274185
-0.49807017444014257,-0.49807017444014257
-0.4935998548552795,-0.4935998548552795
-0.48913706113369027,-0.48913706113369027
-0.4846817891148915,-0.4846817891148915
-0.4802340346170188,-0.4802340346170188
-0.47579379343678907,-0.47579379343678907
-0.4713610613494622,-0.4713610613494622
-0.46693583410880407,-0.46693583410880407
-0.462518107447049,-0.462518107447049
-0.4581078770748606,-0.4581078770748606
-0.4537051386812916,-0.4537051386812916
-0.4493098879337467,-0.4493098879337467
-0.444922120477942,-0.444922120477942
-0.4405418319378664,-0.4405418319378664
-0.4361690179157391,-0.4361690179157391
-0.4318036739919707,-0.4318036739919707
-0.42744579572512326,-0.42744579572512326
-0.4230953786518677,-0.4230953786518677
-0.4187524182869422,-0.4187524182869422
-0.41441691012311105,-0.41441691012311105
-0.4100888496311223,-0.4100888496311223
-0.40576823225966646,-0.40576823225966646
-0.40145505343533106,-0.40145505343533106
-0.39714930856255903,-0.39714930856255903
-0.39285099302360654,-0.39285099302360654
-0.3885601021784968,-0.3885601021784968
-0.38427663136497664,-0.38427663136497664
-0.3800005758984726,-0.3800005758984726
-0.3757319310720455,-0.3757319310720455
-0.3714706921563462,-0.3714706921563462
-0.36721685439956786,-0.36721685439956786
-0.36297041302740224,-0.36297041302740224
-0.3587313632429926,-0.3587313632429926
-0.35449970022688737,-0.35449970022688737
-0.3502754191369927,-0.3502754191369927
-0.3460585151085249,-0.3460585151085249
-0.34184898325396396,-0.34184898325396396
-0.33764681866300533,-0.33764681866300533
-0.3334520164025107,-0.3334520164025107
-0.3292645715164591,-0.3292645715164591
-0.32508447902589926,-0.32508447902589926
-0.3209117339288997,-0.3209117339288997
-0.3167463312004982,-0.3167463312004982
-0.31258826579265125,-0.31258826579265125
-0.3084375326341861,-0.3084375326341861
-0.30429412663074734,-0.30429412663074734
-0.30015804266474616,-0.30015804266474616
-0.29602927559530956,-0.29602927559530956
-0.2919078202582279,-0.2919078202582279
-0.28779367146590307,-0.28779367146590307
-0.2836868240072944,-0.2836868240072944
-0.2795872726478665,-0.2795872726478665
-0.2754950121295369,-0.2754950121295369
-0.27141003717062073,-0.27141003717062073
-0.2673323424657765,-0.2673323424657765
-0.26326192268595194,-0.26326192268595194
-0.25919877247832973,-0.25919877247832973
-0.2551428864662715,-0.2551428864662715
-0.2510942592492619,-0.2510942592492619
-0.24705288540285236,-0.24705288540285236
-0.2430187594786059,-0.2430187594786059
-0.2389918760040394,-0.2389918760040394
-0.23497222948256583,-0.23497222948256583
-0.23095981439343685,-0.23095981439343685
-0.22695462519168638,-0.22695462519168638
-0.2229566563080704,-0.2229566563080704
-0.21896590214900852,-0.21896590214900852
-0.2149823570965241,-0.2149823570965241
-0.21100601550818765,-0.21100601550818765
-0.20703687171705318,-0.20703687171705318
-0.2030749200315996,-0.2030749200315996
-0.19912015473566935,-0.19912015473566935
-0.1951725700884092,-0.1951725700884092
-0.19123216032420443,-0.19123216032420443
-0.18729891965262221,-0.18729891965262221
-0.1833728422583439,-0.1833728422583439
-0.17945392230110724,-0.17945392230110724
-0.17554215391563766,-0.17554215391563766
-0.17163753121159117,-0.17163753121159117
-0.16774004827348388,-0.16774004827348388
-0.16384969916063144,-0.16384969916063144
-0.15996647790708374,-0.15996647790708374
-0.15609037852155908,-0.15609037852155908
-0.15222139498737758,-0.15222139498737758
-0.14835952126239577,-0.14835952126239577
-0.14450475127894147,-0.14450475127894147
-0.14065707894374493,-0.14065707894374493
-0.1368164981378716,-0.1368164981378716
-0.13298300271665442,-0.13298300271665442
-0.12915658650962678,-0.12915658650962678
-0.1253372433204528,-0.1253372433204528
-0.12152496692685714,-0.12152496692685714
-0.1177197510805571,-0.1177197510805571
-0.11392158950719235,-0.11392158950719235
-0.11013047590625427,-0.11013047590625427
-0.1063464039510141,-0.1063464039510141
-0.10256936728845215,-0.10256936728845215
-0.09879935953918761,-0.09879935953918761
-0.09503637429740441,-0.09503637429740441
-0.09128040513077862,-0.09128040513077862
-0.0875314455804056,-0.0875314455804056
-0.08378948916072727,-0.08378948916072727
-0.08005452935945724,-0.08005452935945724
-0.07632655963750615,-0.07632655963750615
-0.07260557342890621,-0.07260557342890621
-0.06889156414073742,-0.06889156414073742
-0.06518452515305097,-0.06518452515305097
-0.06148444981879157,-0.06148444981879157
-0.05779133146372156,-0.05779133146372156
-0.05410516338634457,-0.05410516338634457
-0.050425938857826785,-0.050425938857826785
-0.046753651121917594,-0.046753651121917594
-0.04308829339487252,-0.04308829339487252
-0.03942985886537355,-0.03942985886537355
-0.035778340694449344,-0.035778340694449344
-0.03213373201539452,-0.03213373201539452
-0.0284960259336891,-0.0284960259336891
-0.02486521552691851,-0.02486521552691851
-0.02124129384469042,-0.02124129384469042
-0.017624253908553267,-0.017624253908553267
-0.014014088711912865,-0.014014088711912865
-0.010410791219950838,-0.010410791219950838
-0.006814354369539449,-0.006814354369539449
-0.0032247710691576665,-0.0032247710691576665
0.0003579658011935533,0.0003579658011935533
0.003933863390075177,0.003933863390075177
0.007502928874697228,0.007502928874697228
0.01106516946100633,0.01106516946100633
0.014620592383767174,0.014620592383767174
0.01816920490665737,0.01816920490665737
0.02171101432234788,0.02171101432234788
0.025246027952598022,0.025246027952598022
0.02877425314833721,0.02877425314833721
0.03229569728976239,0.03229569728976239
0.03581036778641901,0.03581036778641901
0.039318272077300494,0.039318272077300494
0.042819417630931556,0.042819417630931556
0.04631381194546598,0.04631381194546598
0.04980146254877266,0.04980146254877266
0.053282376998534074,0.053282376998534074
0.056756562882336076,0.056756562882336076
0.06022402781776065,0.06022402781776065
0.06368477945248456,0.06368477945248456
0.06713882546436835,0.06713882546436835
0.07058617356155818,0.07058617356155818
0.07402683148257574,0.07402683148257574
0.07746080699641972,0.07746080699641972
0.08088810790265877,0.08088810790265877
0.08430874203153353,0.08430874203153353
0.08772271724405009,0.08772271724405009
0.09113004143208364,0.09113004143208364
0.09453072251847332,0.09453072251847332
0.09792476845712753,0.09792476845712753
0.1013121872331176,0.1013121872331176
0.10469298686278665,0.10469298686278665
0.10806717539384489,0.10806717539384489
0.11143476090547777,0.11143476090547777
0.1147957515084418,0.1147957515084418
0.11815015534517698,0.11815015534517698
0.1214979805899032,0.1214979805899032
0.12483923544872999,0.12483923544872999
0.12817392815975856,0.12817392815975856
0.13150206699319256,0.13150206699319256
0.13482366025143824,0.13482366025143824
0.1381387162692184,0.1381387162692184
0.1414472434136748,0.1414472434136748
0.14474925008448153,0.14474925008448153
0.14804474471395,0.14804474471395
0.1513337357671424,0.1513337357671424
0.15461623174197878,0.15461623174197878
0.15789224116935177,0.15789224116935177
0.16116177261323478,0.16116177261323478
0.16442483467079871,0.16442483467079871
0.1676814359725193,0.1676814359725193
0.17093158518229787,0.17093158518229787
0.17417529099756887,0.17417529099756887
0.17741256214942136,0.17741256214942136
0.18064340740270857,0.18064340740270857
0.18386783555617106,0.18386783555617106
0.18708585544254616,0.18708585544254616
0.19029747592869437,0.19029747592869437
0.19350270591570978,0.19350270591570978
0.19670155433904624,0.19670155433904624
0.19989403016863058,0.19989403016863058
0.20308014240899044,0.20308014240899044
0.20625990009936893,0.20625990009936893
0.20943331231385154,0.20943331231385154
0.21260038816148533,0.21260038816148533
0.21576113678640596,0.21576113678640596
0.21891556736795756,0.21891556736795756
0.22206368912082267,0.22206368912082267
0.22520551129514282,0.22520551129514282
0.22834104317664985,0.22834104317664985
0.23147029408678751,0.23147029408678751
0.23459327338284608,0.23459327338284608
0.23770999045808316,0.23770999045808316
0.24082045474186067,0.24082045474186067
0.24392467569976883,0.24392467569976883
0.24702266283376242,0.24702266283376242
0.2501144256822858,0.2501144256822858
0.25319997382041315,0.25319997382041315
0.25627931685997485,0.25627931685997485
0.25935246444969695,0.25935246444969695
0.26241942627532977,0.26241942627532977
0.2654802120597911,0.2654802120597911
0.26853483156329416,0.26853483156329416
0.27158329458349295,0.27158329458349295
0.27462561095561283,0.27462561095561283
0.27766179055259593,0.27766179055259593
0.2806918432852339,0.2806918432852339
0.2837157791023159,0.2837157791023159
0.2867336079907613,0.2867336079907613
0.28974533997577095,0.28974533997577095
0.2927509851209608,0.2927509851209608
0.2957505535285135,0.2957505535285135
0.29874405533931686,0.29874405533931686
0.30173150073311505,0.30173150073311505
0.3047128999286479,0.3047128999286479
0.3076882631838059,0.3076882631838059
0.31065760079577,0.31065760079577
0.3136209231011683,0.3136209231011683
0.3165782404762192,0.3165782404762192
0.3195295633368875,0.3195295633368875
0.32247490213903,0.32247490213903
0.3254142673785543,0.3254142673785543
0.32834766959156636,0.32834766959156636
0.33127511935452975,0.33127511935452975
0.3341966272844149,0.3341966272844149
0.33711220403886255,0.33711220403886255
0.3400218603163313,0.3400218603163313
0.3429256068562666,0.3429256068562666
0.34582345443924833,0.34582345443924833
0.3487154138871595,0.3487154138871595
0.3516014960633405,0.3516014960633405
0.3544817118727561,0.3544817118727561
0.35735607226215194,0.35735607226215194
0.3602245882202254,0.3602245882202254
0.36308727077778225,0.36308727077778225
0.36594413100790946,0.36594413100790946
0.3687951800261345,0.3687951800261345
0.3716404289906011,0.3716404289906011
0.37447988910222724,0.37447988910222724
0.37731357160488666,0.37731357160488666
0.3801414877855669,0.3801414877855669
0.3829636489745522,0.3829636489745522
0.38578006654558566,0.38578006654558566
0.38859075191605275,0.38859075191605275
0.39139571654714544,0.39139571654714544
0.3941949719440476,0.3941949719440476
0.3969885296561034,0.3969885296561034
0.3997764012770022,0.3997764012770022
0.40255859844494973,0.40255859844494973
0.40533513284285416,0.40533513284285416
0.40810601619850556,0.40810601619850556
0.4108712602847545,0.4108712602847545
0.413630876919697,0.413630876919697
0.41638487796686136,0.41638487796686136
0.4191332753353912,0.4191332753353912
0.4218760809802293,0.4218760809802293
0.4246133069023073,0.4246133069023073
0.42734496514873643,0.42734496514873643
0.4300710678129951,0.4300710678129951
0.43279162703511803,0.43279162703511803
0.4355066550018889,0.4355066550018889
0.43821616394703705,0.43821616394703705
0.44092016615142976,0.44092016615142976
0.44361867394326365,0.44361867394326365
0.44631169969826595,0.44631169969826595
0.4489992558398926,0.4489992558398926
0.45168135483952593,0.45168135483952593
0.4543580092166725,0.4543580092166725
0.4570292315391671,0.4570292315391671
0.4596950344233762,0.4596950344233762
0.4623554305344016,0.4623554305344016
0.4650104325862817,0.4650104325862817
0.4676600533422009,0.4676600533422009
0.47030430561469905,0.47030430561469905
0.4729432022658776,0.4729432022658776
0.47557675620760814,0.47557675620760814
0.47820498040174897,0.47820498040174897
0.4808278878603507,0.4808278878603507
0.48344549164587924,0.48344549164587924
0.48605780487142075,0.48605780487142075
0.4886648407009079,0.4886648407009079
0.491266612349329,0.491266612349329
0.49386313308295626,0.49386313308295626
0.496454416219557,0.496454416219557
0.49904047512862393,0.49904047512862393
0.5016213232315909,0.5016213232315909
0.5041969740020654,0.5041969740020654
0.5067674409660455,0.5067674409660455
0.5093327377021574,0.5093327377021574
0.5118928778418743,0.5118928778418743
0.5144478750697543,0.5144478750697543
0.5169977431236666,0.5169977431236666
0.5195424957950292,0.5195424957950292
0.5220821469290383,0.5220821469290383
0.5246167104249095,0.5246167104249095
0.527146200236109,0.527146200236109
0.5296706303706007,0.5296706303706007
0.5321900148910764,0.5321900148910764
0.5347043679152083,0.5347043679152083
0.5372137036158805,0.5372137036158805
0.5397180362214467,0.5397180362214467
0.5422173800159638,0.5422173800159638
0.544711749339451,0.544711749339451
0.54720115858813,0.54720115858813
0.549685622214683,0.549685622214683
0.5521651547284977,0.5521651547284977
0.5546397706959318,0.5546397706959318
0.5571094847405554,0.5571094847405554
0.5595743115434216,0.5595743115434216
0.5620342658433145,0.5620342658433145
0.5644893624370164,0.5644893624370164
0.5669396161795663,0.5669396161795663
0.5693850419845266,0.5693850419845266
0.5718256548242433,0.5718256548242433
0.574261469730122,0.574261469730122
0.5766925017928834,0.5766925017928834
0.5791187661628492,0.5791187661628492
0.5815402780501997,0.5815402780501997
0.5839570527252587,0.5839570527252587
0.5863691055187614,0.5863691055187614
0.5887764518221373,0.5887764518221373
0.5911791070877837,0.5911791070877837
0.5935770868293524,0.5935770868293524
0.5959704066220258,0.5959704066220258
0.5983590821028087,0.5983590821028087
0.6007431289708058,0.6007431289708058
0.6031225629875184,0.6031225629875184
0.6054973999771266,0.6054973999771266
0.6078676558267868,0.6078676558267868
0.6102333464869203,0.6102333464869203
0.6125944879715138,0.6125944879715138
0.61495109635841,0.61495109635841
0.6173031877896151,0.6173031877896151
0.6196507784715907,0.6196507784715907
0.6219938846755652,0.6219938846755652
0.6243325227378308,0.6243325227378308
0.6266667090600591,0.6266667090600591
0.6289964601095995,0.6289964601095995
0.6313217924198015,0.6313217924198015
0.6336427225903158,0.6336427225903158
0.635959267287421,0.635959267287421
0.6382714432443276,0.6382714432443276
0.6405792672615107,0.6405792672615107
0.6428827562070175,0.6428827562070175
0.6451819270168017,0.6451819270168017
0.6474767966950395,0.6474767966950395
0.6497673823144648,0.6497673823144648
0.65205370101669,0.65205370101669
0.6543357700125472,0.6543357700125472
0.6566136065824119,0.6566136065824119
0.6588872280765476,0.6588872280765476
0.6611566519154359,0.6611566519154359
0.6634218955901248,0.6634218955901248
0.6656829766625622,0.6656829766625622
0.6679399127659494,0.6679399127659494
0.6701927216050799,0.6701927216050799
0.6724414209566962,0.6724414209566962
0.6746860286698332,0.6746860286698332
0.6769265626661807,0.6769265626661807
0.6791630409404305,0.6791630409404305
0.6813954815606436,0.6813954815606436
0.6836239026686017,0.6836239026686017
0.6858483224801817,0.6858483224801817
0.6880687592857078,0.6880687592857078
0.6902852314503329,0.6902852314503329
0.692497757414397,0.692497757414397
0.6947063556938112,0.6947063556938112
0.6969110448804221,0.6969110448804221
0.6991118436424008,0.6991118436424008
0.7013087707246103,0.7013087707246103
0.7035018449490023,0.7035018449490023
0.705691085214994,0.705691085214994
0.7078765104998558,0.7078765104998558
0.7100581398591039,0.7100581398591039
0.7122359924268963,0.7122359924268963
0.7144100874164258,0.7144100874164258
0.7165804441203164,0.7165804441203164
0.718747081911026,0.718747081911026
0.7209100202412532,0.7209100202412532
0.7230692786443429,0.7230692786443429
0.7252248767346902,0.7252248767346902
0.7273768342081571,0.7273768342081571
0.7295251708424885,0.7295251708424885
0.7316699064977294,0.7316699064977294
0.7338110611166403,0.7338110611166403
0.7359486547251243,0.7359486547251243
0.7380827074326561,0.7380827074326561
0.7402132394327071,0.7402132394327071
0.7423402710031772,0.7423402710031772
0.7444638225068296,0.7444638225068296
0.7465839143917344,0.7465839143917344
0.7487005671917035,0.7487005671917035
0.7508138015267335,0.7508138015267335
0.7529236381034566,0.7529236381034566
0.75503009771559,0.75503009771559
0.7571332012443895,0.7571332012443895
0.7592329696591023,0.7592329696591023
0.7613294240174265,0.7613294240174265
0.7634225854659796,0.7634225854659796
0.7655124752407594,0.7655124752407594
0.7675991146676118,0.7675991146676118
0.7696825251627035,0.7696825251627035
0.7717627282330025,0.7717627282330025
0.773839745476752,0.773839745476752
0.7759135985839511,0.7759135985839511
0.7779843093368419,0.7779843093368419
0.7800518996104029,0.7800518996104029
0.7821163913728346,0.7821163913728346
0.7841778066860569,0.7841778066860569
0.7862361677062069,0.7862361677062069
0.7882914966841472,0.7882914966841472
0.7903438159659684,0.7903438159659684
0.7923931479934933,0.7923931479934933
0.7944395153047973,0.7944395153047973
0.7964829405347245,0.7964829405347245
0.7985234464154066,0.7985234464154066
0.8005610557767829,0.8005610557767829
0.8025957915471374,0.8025957915471374
0.8046276767536193,0.8046276767536193
0.8066567345227903,0.8066567345227903
0.8086829880811505,0.8086829880811505
0.8107064607556943,0.8107064607556943
0.8127271759744454,0.8127271759744454
0.8147451572670185,0.8147451572670185
0.8167604282651627,0.8167604282651627
0.8187730127033306,0.8187730127033306
0.820782934419231,0.820782934419231
0.822790217354405,0.822790217354405
0.8247948855547867,0.8247948855547867
0.8267969631712885,0.8267969631712885
0.8287964744603683,0.8287964744603683
0.8307934437846254,0.8307934437846254
0.8327878956133733,0.8327878956133733
0.8347798545232454,0.8347798545232454
0.836769345198778,0.836769345198778
0.8387563924330208,0.8387563924330208
0.8407410211281328,0.8407410211281328
0.8427232562959974,0.8427232562959974
0.8447031230588299,0.8447031230588299
0.8466806466498019,0.8466806466498019
0.8486558524136544,0.8486558524136544
0.8506287658073354,0.8506287658073354
0.8525994124006182,0.8525994124006182
0.8545678178767512,0.8545678178767512
0.8565340080330845,0.8565340080330845
0.8584980087817279,0.8584980087817279
0.8604598461501892,0.8604598461501892
0.8624195462820391,0.8624195462820391
0.8643771354375615,0.8643771354375615
0.8663326399944263,0.8663326399944263
0.8682860864483509,0.8682860864483509
0.8702375014137816,0.8702375014137816
0.8721869116245657,0.8721869116245657
0.8741343439346436,0.8741343439346436
0.8760798253187284,0.8760798253187284
0.8780233828730123,0.8780233828730123
0.8799650438158524,0.8799650438158524
0.8819048354884902,0.8819048354884902
0.8838427853557475,0.8838427853557475
0.8857789210067545,0.8857789210067545
0.8877132701556597,0.8877132701556597
0.8896458606423665,0.8896458606423665
0.8915767204332526,0.8915767204332526
0.8935058776219215,0.8935058776219215
0.8954333604299312,0.8954333604299312
0.8973591972075543,0.8973591972075543
0.8992834164345206,0.8992834164345206
0.9012060467207899,0.9012060467207899
0.9031271168073043,0.9031271168073043
0.9050466555667693,0.9050466555667693
0.9069646920044236,0.9069646920044236
0.9088812552588311,0.9088812552588311
0.9107963746026574,0.9107963746026574
0.9127100794434788,0.9127100794434788
0.9146223993245698,0.9146223993245698
0.9165333639257236,0.9165333639257236
0.9184430030640524,0.9184430030640524
0.9203513466948192,0.9203513466948192
0.922258424912254,0.922258424912254
0.9241642679503925,0.9241642679503925
0.9260689061839142,0.9260689061839142
0.9279723701289836,0.9279723701289836
0.9298746904441021,0.9298746904441021
0.9317758979309751,0.9317758979309751
0.9336760235353693,0.9336760235353693
0.9355750983479832,0.9355750983479832
0.9374731536053288,0.9374731536053288
0.9393702206906206,0.9393702206906206
0.9412663311346632,0.9412663311346632
0.9431615166167492,0.9431615166167492
0.9450558089655685,0.9450558089655685
0.9469492401601246,0.9469492401601246
0.9488418423306513,0.9488418423306513
0.9507336477595403,0.9507336477595403
0.9526246888822761,0.9526246888822761
0.9545149982883837,0.9545149982883837
0.9564046087223774,0.9564046087223774
0.9582935530847111,0.9582935530847111
0.9601818644327496,0.9601818644327496
0.9620695759817451,0.9620695759817451
0.9639567211058122,0.9639567211058122
0.965843333338916,0.965843333338916
0.96772944637587,0.96772944637587
0.9696150940733437,0.9696150940733437
0.9715003104508733,0.9715003104508733
0.9733851296918768,0.9733851296918768
0.9752695861446877,0.9752695861446877
0.9771537143235953,0.9771537143235953
0.9790375489098861,0.9790375489098861
0.9809211247528941,0.9809211247528941
0.9828044768710663,0.9828044768710663
0.9846876404530405,0.9846876404530405
0.9865706508587162,0.9865706508587162
0.988453543620343,0.988453543620343
0.9903363544436212,0.9903363544436212
0.9922191192088111,0.9922191192088111
0.9941018739718436,0.9941018739718436
0.9959846549654431,0.9959846549654431
0.9978674986002646,0.9978674986002646
0.9997504414660378,0.9997504414660378
1.0016335203327182,1.0016335203327182
1.0035167721516465,1.0035167721516465
1.0054002340567194,1.0054002340567194
1.0072839433655778,1.0072839433655778
1.0091679375807945,1.0091679375807945
1.0110522543910674,1.0110522543910674
1.0129369316724393,1.0129369316724393
1.0148220074895171,1.0148220074895171
1.016707520096704,1.016707520096704
1.018593507939434,1.018593507939434
1.0204800096554256,1.0204800096554256
1.0223670640759546,1.0223670640759546
1.0242547102271133,1.0242547102271133
1.026142987331101,1.026142987331101
1.0280319348075122,1.0280319348075122
1.029921592274653,1.029921592274653
1.0318119995508466,1.0318119995508466
1.0337031966557637,1.0337031966557637
1.0355952238117607,1.0355952238117607
1.0374881214452347,1.0374881214452347
1.0393819301879799,1.0393819301879799
1.0412766908785571,1.0412766908785571
1.0431724445636885,1.0431724445636885
1.045069232499643,1.045069232499643
1.0469670961536581,1.0469670961536581
1.048866077205344,1.048866077205344
1.0507662175481316,1.0507662175481316
1.0526675592907075,1.0526675592907075
1.0545701447584797,1.0545701447584797
1.0564740164950368,1.0564740164950368
1.0583792172636441,1.0583792172636441
1.0602857900487275,1.0602857900487275
1.062193778057393,1.062193778057393
1.0641032247209379,1.0641032247209379
1.0660141736963962,1.0660141736963962
1.0679266688680764,1.0679266688680764
1.0698407543491366,1.0698407543491366
1.0717564744831447,1.0717564744831447
1.0736738738456857,1.0736738738456857
1.075592997245946,1.075592997245946
1.0775138897283503,1.0775138897283503
1.0794365965741761,1.0794365965741761
1.081361163303216,1.081361163303216
1.0832876356754237,1.0832876356754237
1.085216059692605,1.085216059692605
1.0871464816000913,1.0871464816000913
1.0890789478884626,1.0890789478884626
1.091013505295253,1.091013505295253
1.0929502008067014,1.0929502008067014
1.0948890816594883,1.0948890816594883
1.096830195342518,1.096830195342518
1.0987735895986874,1.0987735895986874
1.1007193124267007,1.1007193124267007
1.1026674120828692,1.1026674120828692
1.1046179370829605,1.1046179370829605
1.1065709362040277,1.1065709362040277
1.1085264584862928,1.1085264584862928
1.110484553235016,1.110484553235016
1.1124452700224063,1.1124452700224063
1.114408658689524,1.114408658689524
1.1163747693482307,1.1163747693482307
1.1183436523831274,1.1183436523831274
1.120315358453537,1.120315358453537
1.1222899384954794,1.1222899384954794
1.1242674437236904,1.1242674437236904
1.1262479256336322,1.1262479256336322
1.1282314360035548,1.1282314360035548
1.1302180268965378,1.1302180268965378
1.1322077506625916,1.1322077506625916
1.1342006599407404,1.1342006599407404
1.1361968076611586,1.1361968076611586
1.1381962470472955,1.1381962470472955
1.1401990316180506,1.1401990316180506
1.1422052151899387,1.1422052151899387
1.1442148518793054,1.1442148518793054
1.1462279961045336,1.1462279961045336
1.148244702588301,1.148244702588301
1.1502650263598293,1.1502650263598293
1.1522890227571818,1.1522890227571818
1.1543167474295548,1.1543167474295548
1.1563482563396268,1.1563482563396268
1.1583836057658834,1.1583836057658834
1.1604228523050155,1.1604228523050155
1.1624660528742925,1.1624660528742925
1.1645132647139969,1.1645132647139969
1.166564545389861,1.166564545389861
1.168619952795525,1.168619952795525
1.1706795451550327,1.1706795451550327
1.172743381025345,1.172743381025345
1.1748115192988735,1.1748115192988735
1.17688401920604,1.17688401920604
1.1789609403178647,1.1789609403178647
1.1810423425485803,1.1810423425485803
1.1831282861582684,1.1831282861582684
1.185218831755514,1.185218831755514
1.1873140403000992,1.1873140403000992
1.1894139731057234,1.1894139731057234
1.1915186918427394,1.1915186918427394
1.193628258540915,1.193628258540915
1.1957427355922385,1.1957427355922385
1.1978621857537382,1.1978621857537382
1.199986672150336,1.199986672150336
1.2021162582777187,1.2021162582777187
1.2042510080052495,1.2042510080052495
1.206390985578913,1.206390985578913
1.2085362556242707,1.2085362556242707
1.210686883149457,1.210686883149457
1.212842933548208,1.212842933548208
1.2150044726029199,1.2150044726029199
1.217171566487732,1.217171566487732
1.2193442817716404,1.2193442817716404
1.2215226854216517,1.2215226854216517
1.223706844805967,1.223706844805967
1.2258968276971887,1.2258968276971887
1.2280927022755679,1.2280927022755679
1.230294537132282,1.230294537132282
1.2325024012727512,1.2325024012727512
1.2347163641199832,1.2347163641199832
1.2369364955179467,1.2369364955179467
1.2391628657349905,1.2391628657349905
1.241395545467298,1.241395545467298
1.2436346058423677,1.2436346058423677
1.2458801184225337,1.2458801184225337
1.2481321552085187,1.2481321552085187
1.2503907886430476,1.2503907886430476
1.2526560916144593,1.2526560916144593
1.2549281374603816,1.2549281374603816
1.257206999971443,1.257206999971443
1.2594927533950182,1.2594927533950182
1.2617854724390163,1.2617854724390163
1.2640852322756988,1.2640852322756988
1.2663921085455492,1.2663921085455492
1.2687061773611858,1.2687061773611858
1.2710275153113042,1.2710275153113042
1.2733561994646625,1.2733561994646625
1.2756923073741215,1.2756923073741215
1.2780359170807147,1.2780359170807147
1.280387107117774,1.280387107117774
1.2827459565150776,1.2827459565150776
1.2851125448030694,1.2851125448030694
1.2874869520171055,1.2874869520171055
1.289869258701759,1.289869258701759
1.2922595459151507,1.2922595459151507
1.2946578952333467,1.2946578952333467
1.2970643887548037,1.2970643887548037
1.2994791091048472,1.2994791091048472
1.301902139440205,1.301902139440205
1.3043335634535953,1.3043335634535953
1.306773465378364,1.306773465378364
1.3092219299931682,1.3092219299931682
1.3116790426267073,1.3116790426267073
1.3141448891625165,1.3141448891625165
1.31661955604381,1.31661955604381
1.3191031302783762,1.3191031302783762
1.321595699443518,1.321595699443518
1.3240973516910626,1.3240973516910626
1.3266081757524275,1.3266081757524275
1.3291282609437263,1.3291282609437263
1.3316576971709433,1.3316576971709433
1.3341965749351663,1.3341965749351663
1.336744985337878,1.336744985337878
1.3393030200863043,1.3393030200863043
1.341870771498817,1.341870771498817
1.3444483325104066,1.3444483325104066
1.3470357966782247,1.3470357966782247
1.3496332581871675,1.3496332581871675
1.3522408118555336,1.3522408118555336
1.35485855314075,1.35485855314075
1.3574865781451668,1.3574865781451668
1.360124983621904,1.360124983621904
1.3627738669807725,1.3627738669807725
1.3654333262942642,1.3654333262942642
1.3681034603036195,1.3681034603036195
1.370784368424948,1.370784368424948
1.3734761507554263,1.3734761507554263
1.3761789080795734,1.3761789080795734
1.378892741875602,1.378892741875602
1.3816177543218247,1.3816177543218247
1.3843540483031609,1.3843540483031609
1.387101727417693,1.387101727417693
1.3898608959833223,1.3898608959833223
1.392631659044496,1.392631659044496
1.3954141223790097,1.3954141223790097
1.398208392504888,1.398208392504888
1.4010145766873547,1.4010145766873547
1.4038327829458888,1.4038327829458888
1.4066631200613553,1.4066631200613553
1.4095056975832143,1.4095056975832143
1.4123606258368386,1.4123606258368386
1.4152280159309045,1.4152280159309045
1.418107979764876,1.418107979764876
1.4210006300365694,1.4210006300365694
1.4239060802498216,1.4239060802498216
1.4268244447222524,1.4268244447222524
1.4297558385931157,1.4297558385931157
1.4327003778312348,1.4327003778312348
1.4356581792430578,1.4356581792430578
1.4386293604807991,1.4386293604807991
1.4416140400506847,1.4416140400506847
1.4446123373212825,1.4446123373212825
1.4476243725319637,1.4476243725319637
1.4506502668014543,1.4506502668014543
1.453690142136485,1.453690142136485
1.4567441214405596,1.4567441214405596
1.459812328522827,1.459812328522827
1.4628948881070771,1.4628948881070771
1.4659919258408307,1.4659919258408307
1.4691035683045457,1.4691035683045457
1.4722299430209578,1.4722299430209578
1.4753711784645198,1.4753711784645198
1.4785274040709726,1.4785274040709726
1.4816987502470225,1.4816987502470225
1.484885348380158,1.484885348380158
1.4880873308485882,1.4880873308485882
1.4913048310313015,1.4913048310313015
1.4945379833182535,1.4945379833182535
1.497786923120692,1.497786923120692
1.5010517868816202,1.5010517868816202
1.5043327120863792,1.5043327120863792
1.5076298372733716,1.5076298372733716
1.5109433020449388,1.5109433020449388
1.5142732470783646,1.5142732470783646
1.517619814137036,1.517619814137036
1.5209831460817245,1.5209831460817245
1.5243633868820412,1.5243633868820412
1.5277606816280482,1.5277606816280482
1.5311751765419928,1.5311751765419928
1.5346070189902157,1.5346070189902157
1.5380563574952162,1.5380563574952162
1.5415233417478846,1.5415233417478846
1.5450081226198873,1.5450081226198873
1.548510852176207,1.548510852176207
1.5520316836878814,1.5520316836878814
1.5555707716448948,1.5555707716448948
1.5591282717692367,1.5591282717692367
1.56270434102815,1.56270434102815
1.566299137647552,1.566299137647552
1.569912821125652,1.569912821125652
1.573545552246731,1.573545552246731
1.5771974930951234,1.5771974930951234
1.580868807069389,1.580868807069389
1.5845596588966906,1.5845596588966906
1.588270214647349,1.588270214647349
1.5920006417496102,1.5920006417496102
1.595751109004615,1.595751109004615
1.5995217866015887,1.5995217866015887
1.6033128461332282,1.6033128461332282
1.6071244606113013,1.6071244606113013
1.6109568044824785,1.6109568044824785
1.6148100536443852,1.6148100536443852
1.6186843854618753,1.6186843854618753
1.6225799787835251,1.6225799787835251
1.626497013958386,1.626497013958386
1.630435672852958,1.630435672852958
1.6343961388684114,1.6343961388684114
1.6383785969580444,1.6383785969580444
1.6423832336450075,1.6423832336450075
1.6464102370402807,1.6464102370402807
1.6504597968608976,1.6504597968608976
1.654532104448437,1.654532104448437
1.6586273527877964,1.6586273527877964
1.6627457365262313,1.6627457365262313
1.6668874519926626,1.6668874519926626
1.6710526972172783,1.6710526972172783
1.6752416719514232,1.6752416719514232
1.6794545776877765,1.6794545776877765
1.6836916176808399,1.6836916176808399
1.6879529969677025,1.6879529969677025
1.6922389223891428,1.6922389223891428
1.6965496026110392,1.6965496026110392
1.7008852481460943,1.7008852481460943
1.705246071375878,1.705246071375878
1.7096322865732185,1.7096322865732185
1.714044109924938,1.714044109924938
1.7184817595549033,1.7184817595549033
1.722945455547446,1.722945455547446
1.7274354199711397,1.7274354199711397
1.7319518769029496,1.7319518769029496
1.736495052452727,1.736495052452727
1.7410651747880972,1.7410651747880972
1.7456624741597282,1.7456624741597282
1.750287182927007,1.750287182927007
1.7549395355840862,1.7549395355840862
1.7596197687863477,1.7596197687863477
1.7643281213772863,1.7643281213772863
1.7690648344158189,1.7690648344158189
1.7738301512040078,1.7738301512040078
1.778624317315225,1.778624317315225
1.7834475806227723,1.7834475806227723
1.7883001913289545,1.7883001913289545
1.793182401994608,1.793182401994608
1.7980944675690975,1.7980944675690975
1.8030366454208058,1.8030366454208058
1.8080091953681205,1.8080091953681205
1.8130123797109046,1.8130123797109046
1.8180464632624664,1.8180464632624664
1.8231117133820833,1.8231117133820833
1.828208400008039,1.828208400008039
1.8333367956911941,1.8333367956911941
1.8384971756291042,1.8384971756291042
1.8436898177007193,1.8436898177007193
1.848915002501652,1.848915002501652
1.8541730133800116,1.8541730133800116
1.8594641364728601,1.8594641364728601
1.8647886607432476,1.8647886607432476
1.8701468780178943,1.8701468780178943
1.8755390830255017,1.8755390830255017
1.8809655734356976,1.8809655734356976
1.8864266498986377,1.8864266498986377
1.891922616085298,1.891922616085298
1.8974537787284464,1.8974537787284464
1.9030204476643104,1.9030204476643104
1.908622935874947,1.908622935874947
1.9142615595313717,1.9142615595313717
1.9199366380374188,1.9199366380374188
1.9256484940743503,1.9256484940743503
1.931397453646256,1.931397453646256
1.9371838461262336,1.9371838461262336
1.9430080043034041,1.9430080043034041
1.94887026443072,1.94887026443072
1.95477096627363,1.95477096627363
1.960710453159615,1.960710453159615
1.9666890720286012,1.9666890720286012
1.972707173484267,1.972707173484267
1.978765111846255,1.978765111846255
1.9848632452033546,1.9848632452033546
1.991001935467623,1.991001935467623
1.9971815484294884,1.9971815484294884
2.0034024538138473,2.0034024538138473
2.0096650253371946,2.0096650253371946
2.015969640765811,2.015969640765811
2.0223166819749907,2.0223166819749907
2.0287065350093743,2.0287065350093743
2.0351395901444,2.0351395901444
2.041616241948909,2.041616241948909
2.0481368893488914,2.0481368893488914
2.0547019356924383,2.0547019356924383
2.061311788815918,2.061311788815918
2.067966861111401,2.067966861111401
2.074667569595357,2.074667569595357
2.081414335978646,2.081414335978646
2.088207586737862,2.088207586737862
2.0950477531880516,2.0950477531880516
2.1019352715568034,2.1019352715568034
2.108870583059776,2.108870583059776
2.1158541339777006,2.1158541339777006
2.122886375734886,2.122886375734886
2.129967764979233,2.129967764979233
2.1370987636638286,2.1370987636638286
2.1442798391301556,2.1442798391301556
2.15151146419295,2.15151146419295
2.1587941172267158,2.1587941172267158
2.1661282822539847,2.1661282822539847
2.17351444903534,2.17351444903534
2.1809531131612476,2.1809531131612476
2.188444776145747,2.188444776145747
2.1959899455219976,2.1959899455219976
2.203589134939832,2.203589134939832
2.2112428642652655,2.2112428642652655
2.2189516596820447,2.2189516596820447
2.226716053795286,2.226716053795286
2.2345365857372674,2.2345365857372674
2.2424138012754256,2.2424138012754256
2.2503482529225796,2.2503482529225796
2.2583405000494747,2.2583405000494747
2.266391108999688,2.266391108999688
2.2745006532069842,2.2745006532069842
2.282669713315125,2.282669713315125
2.2908988773002434,2.2908988773002434
2.299188740595849,2.299188740595849
2.307539906220509,2.307539906220509
2.315952984908286,2.315952984908286
2.3244285952419754,2.3244285952419754
2.332967363789303,2.332967363789303
2.3415699252420445,2.3415699252420445
2.350236922558237,2.350236922558237
2.358969007107488,2.358969007107488
2.3677668388195436,2.3677668388195436
2.3766310863361553,2.3766310863361553
2.3855624271663274,2.3855624271663274
2.3945615478450475,2.3945615478450475
2.403629144095617,2.403629144095617
2.412765920995667,2.412765920995667
2.4219725931469314,2.4219725931469314
2.431249884848895,2.431249884848895
2.440598530276471,2.440598530276471
2.450019273661762,2.450019273661762
2.4595128694800272,2.4595128694800272
2.4690800826399837,2.4690800826399837
2.4787216886785832,2.4787216886785832
2.488438473960362,2.488438473960362
2.4982312358815006,2.4982312358815006
2.5081007830787168,2.5081007830787168
2.51804793564317,2.51804793564317
2.5280735253394995,2.5280735253394995
2.5381783958301103,2.5381783958301103
2.548363402904902,2.548363402904902
2.5586294147166067,2.5586294147166067
2.568977312021872,2.568977312021872
2.5794079884282697,2.5794079884282697
2.5899223506473796,2.5899223506473796
2.600521318754213,2.600521318754213
2.611205826453062,2.611205826453062
2.621976821350038,2.621976821350038
2.6328352652324596,2.6328352652324596
2.6437821343553294,2.6437821343553294
2.6548184197351348,2.6548184197351348
2.6659451274511143,2.6659451274511143
2.677163278954303,2.677163278954303
2.688473911384575,2.688473911384575
2.6998780778959337,2.6998780778959337
2.711376847990281,2.711376847990281
2.722971307859961,2.722971307859961
2.7346625607393693,2.7346625607393693
2.746451727265896,2.746451727265896
2.7583399458504902,2.7583399458504902
2.770328373058171,2.770328373058171
2.7824181839988262,2.7824181839988262
2.7946105727286206,2.7946105727286206
2.8069067526623317,2.8069067526623317
2.8193079569970103,2.8193079569970103
2.831815439147329,2.831815439147329
2.844430473193039,2.844430473193039
2.8571543543388636,2.8571543543388636
2.8699883993873123,2.8699883993873123
2.8829339472248603,2.8829339472248603
2.8959923593219132,2.8959923593219132
2.909165020247022,2.909165020247022
2.9224533381958926,2.9224533381958926
2.9358587455356457,2.9358587455356457
2.9493826993648997,2.9493826993648997
2.963026682090236,2.963026682090236
2.976792202019563,2.976792202019563
2.9906807939730413,2.9906807939730413
3.0046940199121988,3.0046940199121988
3.0188334695878667,3.0188334695878667
3.033100761207592,3.033100761207592
3.0474975421232875,3.0474975421232875
3.0620254895398253,3.0620254895398253
3.0766863112453935,3.0766863112453935
3.091481746364342,3.091481746364342
3.106413566133402,3.106413566133402
3.1214835747021947,3.1214835747021947
3.136693609958887,3.136693609958887
3.152045544381964,3.152045544381964
3.1675412859191194,3.1675412859191194
3.1831827788943308,3.1831827788943308
3.1989720049442103,3.1989720049442103
3.2149109839847223,3.2149109839847223
3.2310017752094877,3.2310017752094877
3.247246478120977,3.247246478120977
3.2636472335958495,3.2636472335958495
3.2802062249857604,3.2802062249857604
3.296925679255164,3.296925679255164
3.313807868157554,3.313807868157554
3.330855109451751,3.330855109451751
3.348069768159829,3.348069768159829
3.365454257868442,3.365454257868442
3.3830110420753807,3.3830110420753807
3.4007426355832524,3.4007426355832524
3.418651605942218,3.418651605942218
3.4367405749439612,3.4367405749439612
3.455012220169039,3.455012220169039
3.4734692765899795,3.4734692765899795
3.492114538232456,3.492114538232456
3.510950859897151,3.510950859897151
3.5299811589450356,3.5299811589450356
3.5492084171488094,3.5492084171488094
3.5686356826134955,3.5686356826134955
3.588266071769306,3.588266071769306
3.6081027714401266,3.6081027714401266
3.6281490409910604,3.6281490409910604
3.6484082145586174,3.6484082145586174
3.668883703367515,3.668883703367515
3.6895789981381,3.6895789981381
3.710497671588718,3.710497671588718
3.7316433810375047,3.7316433810375047
3.7530198711084233,3.7530198711084233
3.7746309765466353,3.7746309765466353
3.7964806251485057,3.7964806251485057
3.818572840811913,3.818572840811913
3.8409117467128215,3.8409117467128215
3.8635015686145024,3.8635015686145024
3.8863466383161005,3.8863466383161005
3.909451397247595,3.909451397247595
3.9328204002187266,3.9328204002187266
3.9564583193299003,3.9564583193299003
3.980369948053556,3.980369948053556
4.004560205494903,4.004560205494903
4.0290341408416825,4.0290341408416825
4.053796938013087,4.053796938013087
4.078853920518671,4.078853920518671
4.104210556538643,4.104210556538643
4.129872464237891,4.129872464237891
4.155845417326704,4.155845417326704
4.182135350882156,4.182135350882156
4.208748367444822,4.208748367444822
4.235690743406747,4.235690743406747
4.2629689357075105,4.2629689357075105
4.290589588856399,4.290589588856399
4.31855954229992,4.31855954229992
4.346885838155288,4.346885838155288
4.375575729331942,4.375575729331942
4.404636688064761,4.404636688064761
4.434076414884159,4.434076414884159
4.463902848050326,4.463902848050326
4.494124173480733,4.494124173480733
4.524748835202239,4.524748835202239
4.555785546361316,4.555785546361316
4.587243300828705,4.587243300828705
4.619131385437436,4.619131385437436
4.651459392896197,4.651459392896197
4.684237235423229,4.684237235423229
4.7174751591496475,4.7174751591496475
4.75118375934494,4.75118375934494
4.78537399652168,4.78537399652168
4.820057213481004,4.820057213481004
4.855245153365753,4.855245153365753
4.89094997879369,4.89094997879369
4.927184292149273,4.927184292149273
4.9639611571192415,4.9639611571192415
5.001294121564752,5.001294121564752
5.039197241830966,5.039197241830966
5.07768510860392,5.07768510860392
5.1167728744344165,5.1167728744344165
5.156476283059732,5.156476283059732
5.196811700666077,5.196811700666077
5.237796149248085,5.237796149248085
5.279447342236492,5.279447342236492
5.321783722581776,5.321783722581776
5.364824503500004,5.364824503500004
5.408589712107409,5.408589712107409
5.453100236193155,5.453100236193155
5.49837787440528,5.49837787440528
5.544445390153399,5.544445390153399
5.591326569563622,5.591326569563622
5.6390462838569615,5.6390462838569615
5.687630556563016,5.687630556563016
5.737106636026125,5.737106636026125
5.787503073712307,5.787503073712307
5.8388498088832295,5.8388498088832295
5.891178260269168,5.891178260269168
5.944521425447312,5.944521425447312
5.9989139887163025,5.9989139887163025
6.054392438354252,6.054392438354252
6.110995194257686,6.110995194257686
6.168762747084838,6.168762747084838
6.227737810171053,6.227737810171053
6.28796548565014,6.28796548565014
6.349493446407185,6.349493446407185
6.412372135709476,6.412372135709476
6.47665498661856,6.47665498661856
6.542398663584204,6.542398663584204
6.609663328968452,6.609663328968452
6.678512937653233,6.678512937653233
6.749015563361024,6.749015563361024
6.821243760877127,6.821243760877127
6.895274969022337,6.895274969022337
6.971191960006795,6.971191960006795
7.049083341725217,7.049083341725217
7.129044120662414,7.129044120662414
7.211176334406695,7.211176334406695
7.295589764367049,7.295589764367049
7.382402741221441,7.382402741221441
7.471743057967797,7.471743057967797
7.563749008309002,7.563749008309002
7.658570571609578,7.658570571609578
7.756370769983401,7.756370769983401
7.85732722842871,7.85732722842871
7.961633975606803,7.961633975606803
8.069503531243678,8.069503531243678
8.181169336723334,8.181169336723334
8.296888598913581,8.296888598913581
8.416945634534027,8.416945634534027
8.541655824690356,8.541655824690356
8.671370318278862,8.671370318278862
8.80648166121081,8.80648166121081
8.947430579201185,8.947430579201185
9.094714210043643,9.094714210043643
9.248896173843361,9.248896173843361
9.410618996866685,9.410618996866685
9.580619581794435,9.580619581794435
9.75974866744051,9.75974866744051
9.948995580261961,9.948995580261961
10.149520104729453,10.149520104729453
10.362694080869165,10.362694080869165
10.590156525320927,10.590156525320927
10.833887922081525,10.833887922081525
11.096312286716701,11.096312286716701
11.380440480443385,11.380440480443385
11.690076556916416,11.690076556916416
12.030123652564118,12.030123652564118
12.407053269414309,12.407053269414309
12.829655366167096,12.829655366167096
13.310298686314841,13.310298686314841
13.867184452613172,13.867184452613172
14.528712120613132,14.528712120613132
15.342893163084167,15.342893163084167
16.40099089078953,16.40099089078953
17.912901514450297,17.912901514450297
20.58699035408958,20.58699035408958
