-5.27676247577966,-5.27676247577966
-5.303420748601607,-5.303420748601607
-5.327814347564981,-5.327814347564981
-5.350026898986719,-5.350026898986719
-5.3701390984468125,-5.3701390984468125
-5.388228802030813,-5.388228802030813
-5.404371115142345,-5.404371115142345
-5.418638478938298,-5.418638478938298
-5.431100754438595,-5.431100754438595
-5.441825304361428,-5.441825304361428
-5.450877072734159,-5.450877072734159
-5.4583186623290985,-5.4583186623290985
-5.464210409972649,-5.464210409972649
-5.468610459775374,-5.468610459775374
-5.47157483432985,-5.47157483432985
-5.473157503922264,-5.473157503922264
-5.473410453802955,-5.473410453802955
-5.4723837495603185,-5.4723837495603185
-5.470125600641712,-5.470125600641712
-5.466682422064221,-5.466682422064221
-5.462098894357388,-5.462098894357388
-5.456418021779276,-5.456418021779276
-5.449681188846476,-5.449681188846476
-5.441928215217929,-5.441928215217929
-5.433197408971757,-5.433197408971757
-5.423525618313512,-5.423525618313512
-5.412948281753634,-5.412948281753634
-5.4014994767910975,-5.4014994767910975
-5.389211967139693,-5.389211967139693
-5.376117248532539,-5.376117248532539
-5.3622455931398925,-5.3622455931398925
-5.3476260926345915,-5.3476260926345915
-5.332286699938808,-5.332286699938808
-5.316254269685199,-5.316254269685199
-5.299554597424827,-5.299554597424827
-5.282212457613686,-5.282212457613686
-5.264251640408955,-5.264251640408955
-5.245694987305571,-5.245694987305571
-5.226564425643057,-5.226564425643057
-5.20688100201197,-5.20688100201197
-5.186664914588746,-5.186664914588746
-5.165935544427111,-5.165935544427111
-5.144711485733724,-5.144711485733724
-5.123010575155066,-5.123010575155066
-5.100849920102108,-5.100849920102108
-5.078245926138699,-5.078245926138699
-5.055214323459109,-5.055214323459109
-5.031770192479583,-5.031770192479583
-5.0079279885683,-5.0079279885683
-4.9837015659375465,-4.9837015659375465
-4.959104200721474,-4.959104200721474
-4.934148613262243,-4.934148613262243
-4.908846989626901,-4.908846989626901
-4.8832110023768545,-4.8832110023768545
-4.857251830611301,-4.857251830611301
-4.830980179305493,-4.830980179305493
-4.804406297964316,-4.804406297964316
-4.777539998611109,-4.777539998611109
-4.750390673131279,-4.750390673131279
-4.722967309989759,-4.722967309989759
-4.695278510340988,-4.695278510340988
-4.6673325035495825,-4.6673325035495825
-4.639137162139514,-4.639137162139514
-4.610700016189151,-4.610700016189151
-4.582028267189117,-4.582028267189117
-4.553128801379536,-4.553128801379536
-4.5240082025828015,-4.5240082025828015
-4.494672764547662,-4.494672764547662
-4.465128502819978,-4.465128502819978
-4.435381166155178,-4.435381166155178
-4.405436247487034,-4.405436247487034
-4.375298994467036,-4.375298994467036
-4.344974419588257,-4.344974419588257
-4.314467309907293,-4.314467309907293
-4.2837822363774665,-4.2837822363774665
-4.252923562806171,-4.252923562806171
-4.221895454448895,-4.221895454448895
-4.190701886252138,-4.190701886252138
-4.159346650757092,-4.159346650757092
-4.12783336567566,-4.12783336567566
-4.0961654811500825,-4.0961654811500825
-4.064346286707119,-4.064346286707119
-4.032378917917404,-4.032378917917404
-4.000266362770418,-4.000266362770418
-3.9680114677750513,-3.9680114677750513
-3.9356169437956168,-3.9356169437956168
-3.9030853716327925,-3.9030853716327925
-3.870419207358738,-3.870419207358738
-3.837620787415376,-3.837620787415376
-3.8046923334845175,-3.8046923334845175
-3.771635957138318,-3.771635957138318
-3.7384536642782584,-3.7384536642782584
-3.705147359370605,-3.705147359370605
-3.671718849486073,-3.671718849486073
-3.638169848151184,-3.638169848151184
-3.6045019790185555,-3.6045019790185555
-3.5707167793631616,-3.5707167793631616
-3.536815703411364,-3.536815703411364
-3.5028001255093106,-3.5028001255093106
-3.468671343137068,-3.468671343137068
-3.4344305797746753,-3.4344305797746753
-3.400078987626074,-3.400078987626074
-3.365617650206698,-3.365617650206698
-3.3310475848002907,-3.3310475848002907
-3.2963697447903484,-3.2963697447903484
-3.2615850218713978,-3.2615850218713978
-3.226694248145113,-3.226694248145113
-3.1916981981061574,-3.1916981981061574
-3.156597590522387,-3.156597590522387
-3.1213930902139637,-3.1213930902139637
-3.0860853097357066,-3.0860853097357066
-3.050674810966858,-3.050674810966858
-3.01516210661234,-3.01516210661234
-2.9795476616193275,-2.9795476616193275
-2.94383189451292,-2.94383189451292
-2.9080151786544723,-2.9080151786544723
-2.872097843426052,-2.872097843426052
-2.8360801753443234,-2.8360801753443234
-2.799962419107058,-2.799962419107058
-2.763744778575309,-2.763744778575309
-2.727427417694182,-2.727427417694182
-2.691010461355012,-2.691010461355012
-2.6544939962016274,-2.6544939962016274
-2.617878071383273,-2.617878071383273
-2.5811626992566636,-2.5811626992566636
-2.5443478560394936,-2.5443478560394936
-2.507433482417679,-2.507433482417679
-2.470419484108452,-2.470419484108452
-2.4333057323813647,-2.4333057323813647
-2.3960920645391406,-2.3960920645391406
-2.3587782843602367,-2.3587782843602367
-2.321364162504875,-2.321364162504875
-2.2838494368862223,-2.2838494368862223
-2.2462338130083075,-2.2462338130083075
-2.2085169642721865,-2.2085169642721865
-2.1706985322517913,-2.1706985322517913
-2.132778126940802,-2.132778126940802
-2.0947553269718417,-2.0947553269718417
-2.0566296798091814,-2.0566296798091814
-2.0184007019161094,-2.0184007019161094
-1.980067878898026,-1.980067878898026
-1.9416306656222773,-1.9416306656222773
-1.9030884863156727,-1.9030884863156727
-1.864440734640564,-1.864440734640564
-1.8256867737503235,-1.8256867737503235
-1.7868259363249872,-1.7868259363249872
-1.747857524587779,-1.747857524587779
-1.708780810303187,-1.708780810303187
-1.6695950347572068,-1.6695950347572068
-1.630299408720317,-1.630299408720317
-1.5908931123937147,-1.5908931123937147
-1.5513752953392856,-1.5513752953392856
-1.5117450763937506,-1.5117450763937506
-1.4720015435673726,-1.4720015435673726
-1.4321437539275914,-1.4321437539275914
-1.3921707334678997,-1.3921707334678997
-1.3520814769622396,-1.3520814769622396
-1.3118749478051712,-1.3118749478051712
-1.2715500778380235,-1.2715500778380235
-1.231105767161212,-1.231105767161212
-1.190540883932872,-1.190540883932872
-1.1498542641539278,-1.1498542641539278
-1.1090447114396915,-1.1090447114396915
-1.0681109967780584,-1.0681109967780584
-1.0270518582743329,-1.0270518582743329
-0.9858660008827017,-0.9858660008827017
-0.9445520961243442,-0.9445520961243442
-0.90310878179214,-0.90310878179214
-0.8615346616419235,-0.8615346616419235
-0.8198283050701967,-0.8198283050701967
-0.7779882467782088,-0.7779882467782088
-0.7360129864222715,-0.7360129864222715
-0.6939009882501772,-0.6939009882501772
-0.6516506807235497,-0.6516506807235497
-0.6092604561259513,-0.6092604561259513
-0.5667286701565479,-0.5667286701565479
-0.5240536415091099,-0.5240536415091099
-0.4812336514361166,-0.4812336514361166
-0.4382669432977064,-0.4382669432977064
-0.3951517220952043,-0.3951517220952043
-0.35188615398893625,-0.35188615398893625
-0.3084683658000229,-0.3084683658000229
-0.2648964444958276,-0.2648964444958276
-0.22116843665872113,-0.22116843665872113
-0.17728234793779651,-0.17728234793779651
-0.13323614248316354,-0.13323614248316354
-0.08902774236242356,-0.08902774236242356
-0.0446550269589116,-0.0446550269589116
-0.00011583235127446278,-0.00011583235127446278
0.04459204932606738,0.04459204932606738
0.08947087054204426,0.08947087054204426
0.13452292904813937,0.13452292904813937
0.1797505685781792,0.1797505685781792
0.22515617956924447,0.22515617956924447
0.27074219990425613,0.27074219990425613
0.31651111567681306,0.31651111567681306
0.36246546197888047,0.36246546197888047
0.40860782371195437,0.40860782371195437
0.4549408364223496,0.4549408364223496
0.5014671871612881,0.5014671871612881
0.5481896153704873,0.5481896153704873
0.5951109137939823,0.5951109137939823
0.642233929416936,0.642233929416936
0.6895615644322309,0.6895615644322309
0.737096777235663,0.737096777235663
0.7848425834505901,0.7848425834505901
0.8328020569829239,0.8328020569829239
0.8809783311073917,0.8809783311073917
0.9293745995860249,0.9293745995860249
0.9779941178198763,0.9779941178198763
1.026840204035008,1.026840204035008
1.0759162405038265,1.0759162405038265
1.1252256748028957,1.1252256748028957
1.174772021108393,1.174772021108393
1.224558861530433,1.224558861530433
1.2745898474875157,1.2745898474875157
1.324868701122428,1.324868701122428
1.3753992167609594,1.3753992167609594
1.4261852624148583,1.4261852624148583
1.4772307813305174,1.4772307813305174
1.5285397935849223,1.5285397935849223
1.5801163977304693,1.5801163977304693
1.6319647724903132,1.6319647724903132
1.6840891785059873,1.6840891785059873
1.7364939601390812,1.7364939601390812
1.7891835473288635,1.7891835473288635
1.8421624575077757,1.8421624575077757
1.8954352975768312,1.8954352975768312
1.94900676594301,1.94900676594301
2.002881654620828,2.002881654620828
2.0570648514003462,2.0570648514003462
2.111561342083961,2.111561342083961
2.1663762127944306,2.1663762127944306
2.2215146523566407,2.2215146523566407
2.2769819547557635,2.2769819547557635
2.332783521674511,2.332783521674511
2.388924865112317,2.388924865112317
2.4454116100893777,2.4454116100893777
2.5022494974385743,2.5022494974385743
2.559444386688448,2.559444386688448
2.6170022590404582,2.6170022590404582
2.67492922044392,2.67492922044392
2.7332315047721214,2.7332315047721214
2.7919154771032226,2.7919154771032226
2.8509876371097125,2.8509876371097125
2.910454622560282,2.910454622560282
2.970323212938144,2.970323212938144
3.0306003331799385,3.0306003331799385
3.0912930575395405,3.0912930575395405
3.152408613581189,3.152408613581189
3.2139543863065447,3.2139543863065447
3.275937922420419,3.275937922420419
3.338366934740068,3.338366934740068
3.4012493067531286,3.4012493067531286
3.4645930973294186,3.4645930973294186
3.528406545592003,3.528406545592003
3.5926980759531046,3.5926980759531046
3.6574763033205997,3.6574763033205997
3.722750038481053,3.722750038481053
3.7885282936653892,3.7885282936653892
3.8548202883035394,3.8548202883035394
3.921635454974549,3.921635454974549
3.988983445558876,3.988983445558876
4.056874137599776,4.056874137599776
4.125317640880912,4.125317640880912
4.194324304227517,4.194324304227517
4.263904722538673,4.263904722538673
4.334069744058481,4.334069744058481
4.404830477894146,4.404830477894146
4.476198301789187,4.476198301789187
4.548184870160295,4.548184870160295
4.62080212240654,4.62080212240654
4.694062291499903,4.694062291499903
4.767977912866355,4.767977912866355
4.842561833566999,4.842561833566999
4.917827221788983,4.917827221788983
4.9937875766562385,4.9937875766562385
5.070456738370327,5.070456738370327
5.147848898691966,5.147848898691966
5.2259786117741145,5.2259786117741145
5.3048608053577455,5.3048608053577455
5.38451079234178,5.38451079234178
5.464944282738925,5.464944282738925
5.546177396029469,5.546177396029469
5.628226673925441,5.628226673925441
5.7111090935577815,5.7111090935577815
5.794842081099603,5.794842081099603
5.87944352583884,5.87944352583884
5.96493179471403,5.96493179471403
6.051325747327216,6.051325747327216
6.138644751448394,6.138644751448394
6.226908699026219,6.226908699026219
6.3161380227201,6.3161380227201
6.406353712969132,6.406353712969132
6.497577335613732,6.497577335613732
6.589831050086196,6.589831050086196
6.683137628186808,6.683137628186808
6.777520473462504,6.777520473462504
6.873003641205502,6.873003641205502
6.969611859089729,6.969611859089729
7.067370548463268,7.067370548463268
7.166305846315505,7.166305846315505
7.266444627938007,7.266444627938007
7.367814530298734,7.367814530298734
7.470443976149449,7.470443976149449
7.5743621988868215,7.5743621988868215
7.679599268188026,7.679599268188026
7.786186116442199,7.786186116442199
7.894154565999538,7.894154565999538
8.003537357260313,8.003537357260313
8.114368177626563,8.114368177626563
8.226681691339708,8.226681691339708
8.340513570227852,8.340513570227852
8.455900525386987,8.455900525386987
8.572880339820935,8.572880339820935
8.691491902065234,8.691491902065234
8.811775240820882,8.811775240820882
8.933771560624193,8.933771560624193
9.057523278579747,9.057523278579747
9.18307406218386,9.18307406218386
9.310468868266556,9.310468868266556
9.439753983080664,9.439753983080664
9.57097706356717,9.57097706356717
9.70418717982658,9.70418717982658
9.839434858826579,9.839434858826579
9.976772129377013,9.976772129377013
10.116252568403597,10.116252568403597
10.257931348552638,10.257931348552638
10.401865287159444,10.401865287159444
10.54811289661391,10.54811289661391
10.696734436157277,10.696734436157277
10.847791965144784,10.847791965144784
11.001349397809621,11.001349397809621
11.157472559564098,11.157472559564098
11.316229244874856,11.316229244874856
11.477689276749421,11.477689276749421
11.641924567872216,11.641924567872216
11.809009183428797,11.809009183428797
11.979019405657818,11.979019405657818
12.152033800170914,12.152033800170914
12.32813328408144,12.32813328408144
12.507401195983782,12.507401195983782
12.689923367825584,12.689923367825584
12.875788198716144,12.875788198716144
13.065086730714858,13.065086730714858
13.25791272664447,13.25791272664447
13.454362749974585,13.454362749974585
13.65453624682179,13.65453624682179
13.858535630113385,13.858535630113385
14.066466365962727,14.066466365962727
14.278437062304823,14.278437062304823
14.494559559841788,14.494559559841788
14.71494902534851,14.71494902534851
14.939724047389811,14.939724047389811
15.169006734501139,15.169006734501139
15.402922815885864,15.402922815885864
15.641601744682912,15.641601744682912
15.885176803859546,15.885176803859546
16.133785214784915,16.133785214784915
16.387568248540926,16.387568248540926
16.64667134002787,16.64667134002787
16.911244204923197,16.911244204923197
17.181440959552898,17.181440959552898
17.457420243735505,17.457420243735505
17.739345346660272,17.739345346660272
18.027384335861502,18.027384335861502
18.321710189352338,18.321710189352338
18.622500930982174,18.622500930982174
18.929939769082843,18.929939769082843
19.244215238469838,19.244215238469838
19.565521345865715,19.565521345865715
19.89405771881401,19.89405771881401
20.230029758152902,20.230029758152902
20.573648794119013,20.573648794119013
20.925132246152735,20.925132246152735
21.28470378647766,21.28470378647766
22.35885058352459,22.35885058352459
22.330708704246998,22.330708704246998
22.308314337840777,22.308314337840777
22.291986147502083,22.291986147502083
22.28204632584134,22.28204632584134
22.278821106596396,22.278821106596396
22.28264124090401,22.28264124090401
22.29427558621522,22.29427558621522
22.31628222049893,22.31628222049893
22.34927765493891,22.34927765493891
22.39356629388246,22.39356629388246
22.44946107969559,22.44946107969559
22.517283712512434,22.517283712512434
22.597364874893348,22.597364874893348
22.690044461480802,22.690044461480802
22.79567181374523,22.79567181374523
22.91460595991302,22.91460595991302
23.04721586017029,23.04721586017029
23.193880657237955,23.193880657237955
23.354989932413975,23.354989932413975
23.5309439671812,23.5309439671812
23.722154010479315,23.722154010479315
23.92904255174144,23.92904255174144
