-6.999768675633408,-6.999768675633408
-6.994350014685056,-6.994350014685056
-6.987624782289898,-6.987624782289898
-6.980327027976795,-6.980327027976795
-6.97265455304303,-6.97265455304303
-6.9647041659364115,-6.9647041659364115
-6.956533715883234,-6.956533715883234
-6.9481817618904715,-6.9481817618904715
-6.9396758705092605,-6.9396758705092605
-6.931036740570431,-6.931036740570431
-6.922280489950747,-6.922280489950747
-6.913420027013556,-6.913420027013556
-6.9044659236033965,-6.9044659236033965
-6.8954269974188245,-6.8954269974188245
-6.886310715516511,-6.886310715516511
-6.877123482775067,-6.877123482775067
-6.867870853616866,-6.867870853616866
-6.858557690932047,-6.858557690932047
-6.8491882877057115,-6.8491882877057115
-6.8397664616883995,-6.8397664616883995
-6.830295630189158,-6.830295630189158
-6.820778869950004,-6.820778869950004
-6.811218965646117,-6.811218965646117
-6.801618449591101,-6.801618449591101
-6.791979634555061,-6.791979634555061
-6.78230464112711,-6.78230464112711
-6.772595420711009,-6.772595420711009
-6.762853774991881,-6.762853774991881
-6.753081372526078,-6.753081372526078
-6.7432797629667895,-6.7432797629667895
-6.733450389332184,-6.733450389332184
-6.723594598641598,-6.723594598641598
-6.7137136511824895,-6.7137136511824895
-6.7038087286216035,-6.7038087286216035
-6.693880941135162,-6.693880941135162
-6.683931333702013,-6.683931333702013
-6.673960891679105,-6.673960891679105
-6.663970545758756,-6.663970545758756
-6.653961176391108,-6.653961176391108
-6.643933617741992,-6.643933617741992
-6.6338886612456704,-6.6338886612456704
-6.623827058802997,-6.623827058802997
-6.613749525668147,-6.613749525668147
-6.603656743060949,-6.603656743060949
-6.5935493605366675,-6.5935493605366675
-6.583427998140711,-6.583427998140711
-6.573293248372187,-6.573293248372187
-6.563145677976993,-6.563145677976993
-6.552985829588575,-6.552985829588575
-6.542814223232186,-6.542814223232186
-6.53263135770656,-6.53263135770656
-6.522437711855221,-6.522437711855221
-6.512233745738259,-6.512233745738259
-6.502019901714101,-6.502019901714101
-6.491796605439782,-6.491796605439782
-6.481564266797211,-6.481564266797211
-6.471323280752206,-6.471323280752206
-6.461074028152244,-6.461074028152244
-6.450816876468308,-6.450816876468308
-6.44055218048566,-6.44055218048566
-6.430280282947841,-6.430280282947841
-6.420001515157802,-6.420001515157802
-6.409716197539666,-6.409716197539666
-6.39942464016431,-6.39942464016431
-6.389127143241607,-6.389127143241607
-6.378823997581956,-6.378823997581956
-6.368515485029439,-6.368515485029439
-6.358201878868769,-6.358201878868769
-6.347883444207968,-6.347883444207968
-6.3375604383385635,-6.3375604383385635
-6.327233111074934,-6.327233111074934
-6.316901705074285,-6.316901705074285
-6.306566456138623,-6.306566456138623
-6.296227593499964,-6.296227593499964
-6.285885340089947,-6.285885340089947
-6.275539912794885,-6.275539912794885
-6.265191522697218,-6.265191522697218
-6.254840375304293,-6.254840375304293
-6.244486670765264,-6.244486670765264
-6.234130604076872,-6.234130604076872
-6.223772365278829,-6.223772365278829
-6.213412139639443,-6.213412139639443
-6.203050107832082,-6.203050107832082
-6.192686446103036,-6.192686446103036
-6.182321326431313,-6.182321326431313
-6.171954916680809,-6.171954916680809
-6.161587380745354,-6.161587380745354
-6.1512188786869935,-6.1512188786869935
-6.14084956686793,-6.14084956686793
-6.130479598076472,-6.130479598076472
-6.120109121647335,-6.120109121647335
-6.10973828357658,-6.10973828357658
-6.099367226631527,-6.099367226631527
-6.088996090455889,-6.088996090455889
-6.0786250116703755,-6.0786250116703755
-6.068254123969036,-6.068254123969036
-6.0578835582115405,-6.0578835582115405
-6.0475134425116215,-6.0475134425116215
-6.03714390232187,-6.03714390232187
-6.02677506051508,-6.02677506051508
-6.016407037462301,-6.016407037462301
-6.006039951107777,-6.006039951107777
-5.9956739170409135,-5.9956739170409135
-5.98530904856544,-5.98530904856544
-5.974945456765866,-5.974945456765866
-5.964583250571398,-5.964583250571398
-5.95422253681743,-5.95422253681743
-5.9438634203046945,-5.9438634203046945
-5.933506003856222,-5.933506003856222
-5.923150388372187,-5.923150388372187
-5.912796672882737,-5.912796672882737
-5.9024449545989155,-5.9024449545989155
-5.8920953289617355,-5.8920953289617355
-5.88174788968951,-5.88174788968951
-5.8714027288235195,-5.8714027288235195
-5.861059936772046,-5.861059936772046
-5.850719602352913,-5.850719602352913
-5.840381812834542,-5.840381812834542
-5.8300466539755975,-5.8300466539755975
-5.819714210063314,-5.819714210063314
-5.809384563950508,-5.809384563950508
-5.799057797091382,-5.799057797091382
-5.7887339895761265,-5.7887339895761265
-5.778413220164394,-5.778413220164394
-5.768095566317697,-5.768095566317697
-5.757781104230738,-5.757781104230738
-5.747469908861765,-5.747469908861765
-5.73716205396194,-5.73716205396194
-5.726857612103793,-5.726857612103793
-5.7165566547088,-5.7165566547088
-5.706259252074073,-5.706259252074073
-5.695965473398269,-5.695965473398269
-5.6856753868066825,-5.6856753868066825
-5.675389059375579,-5.675389059375579
-5.665106557155816,-5.665106557155816
-5.654827945195734,-5.654827945195734
-5.644553287563388,-5.644553287563388
-5.634282647368122,-5.634282647368122
-5.6240160867815,-5.6240160867815
-5.61375366705766,-5.61375366705766
-5.603495448553049,-5.603495448553049
-5.593241490745614,-5.593241490745614
-5.582991852253453,-5.582991852253453
-5.572746590852918,-5.572746590852918
-5.562505763496244,-5.562505763496244
-5.552269426328652,-5.552269426328652
-5.54203763470502,-5.54203763470502
-5.531810443206057,-5.531810443206057
-5.521587905654072,-5.521587905654072
-5.511370075128296,-5.511370075128296
-5.501157003979796,-5.501157003979796
-5.4909487438460065,-5.4909487438460065
-5.480745345664842,-5.480745345664842
-5.470546859688487,-5.470546859688487
-5.460353335496775,-5.460353335496775
-5.450164822010263,-5.450164822010263
-5.439981367502936,-5.439981367502936
-5.429803019614607,-5.429803019614607
-5.419629825362991,-5.419629825362991
-5.409461831155475,-5.409461831155475
-5.399299082800601,-5.399299082800601
-5.38914162551924,-5.38914162551924
-5.378989503955519,-5.378989503955519
-5.368842762187446,-5.368842762187446
-5.358701443737305,-5.358701443737305
-5.348565591581769,-5.348565591581769
-5.338435248161794,-5.338435248161794
-5.328310455392254,-5.328310455392254
-5.318191254671353,-5.318191254671353
-5.308077686889822,-5.308077686889822
-5.297969792439882,-5.297969792439882
-5.287867611224006,-5.287867611224006
-5.277771182663474,-5.277771182663474
-5.26768054570673,-5.26768054570673
-5.257595738837544,-5.257595738837544
-5.2475168000829875,-5.2475168000829875
-5.237443767021229,-5.237443767021229
-5.227376676789142,-5.227376676789142
-5.217315566089757,-5.217315566089757
-5.2072604711995405,-5.2072604711995405
-5.1972114279754935,-5.1972114279754935
-5.187168471862124,-5.187168471862124
-5.177131637898243,-5.177131637898243
-5.167100960723612,-5.167100960723612
-5.157076474585458,-5.157076474585458
-5.1470582133448355,-5.1470582133448355
-5.137046210482855,-5.137046210482855
-5.1270404991067755,-5.1270404991067755
-5.117041111955973,-5.117041111955973
-5.107048081407769,-5.107048081407769
-5.097061439483154,-5.097061439483154
-5.087081217852372,-5.087081217852372
-5.077107447840401,-5.077107447840401
-5.067140160432311,-5.067140160432311
-5.057179386278522,-5.057179386278522
-5.047225155699935,-5.047225155699935
-5.037277498692979,-5.037277498692979
-5.027336444934535,-5.027336444934535
-5.017402023786784,-5.017402023786784
-5.007474264301926,-5.007474264301926
-4.997553195226837,-4.997553195226837
-4.987638845007601,-4.987638845007601
-4.977731241793981,-4.977731241793981
-4.967830413443779,-4.967830413443779
-4.957936387527126,-4.957936387527126
-4.948049191330675,-4.948049191330675
-4.938168851861721,-4.938168851861721
-4.928295395852237,-4.928295395852237
-4.918428849762834,-4.918428849762834
-4.908569239786641,-4.908569239786641
-4.898716591853114,-4.898716591853114
-4.888870931631782,-4.888870931631782
-4.879032284535892,-4.879032284535892
-4.86920067572602,-4.86920067572602
-4.8593761301135965,-4.8593761301135965
-4.849558672364362,-4.849558672364362
-4.839748326901777,-4.839748326901777
-4.829945117910343,-4.829945117910343
-4.820149069338884,-4.820149069338884
-4.810360204903758,-4.810360204903758
-4.800578548092011,-4.800578548092011
-4.790804122164472,-4.790804122164472
-4.781036950158796,-4.781036950158796
-4.771277054892454,-4.771277054892454
-4.761524458965654,-4.761524458965654
-4.751779184764231,-4.751779184764231
-4.742041254462474,-4.742041254462474
-4.7323106900259,-4.7323106900259
-4.72258751321399,-4.72258751321399
-4.7128717455828655,-4.7128717455828655
-4.703163408487921,-4.703163408487921
-4.693462523086422,-4.693462523086422
-4.683769110340042,-4.683769110340042
-4.674083191017363,-4.674083191017363
-4.664404785696334,-4.664404785696334
-4.6547339147666875,-4.6547339147666875
-4.645070598432306,-4.645070598432306
-4.635414856713566,-4.635414856713566
-4.625766709449623,-4.625766709449623
-4.616126176300673,-4.616126176300673
-4.606493276750168,-4.606493276750168
-4.596868030106996,-4.596868030106996
-4.587250455507622,-4.587250455507622
-4.577640571918207,-4.577640571918207
-4.568038398136669,-4.568038398136669
-4.558443952794734,-4.558443952794734
-4.5488572543599375,-4.5488572543599375
-4.539278321137597,-4.539278321137597
-4.529707171272757,-4.529707171272757
-4.520143822752099,-4.520143822752099
-4.510588293405819,-4.510588293405819
-4.501040600909481,-4.501040600909481
-4.491500762785833,-4.491500762785833
-4.4819687964066,-4.4819687964066
-4.472444718994246,-4.472444718994246
-4.4629285476237115,-4.4629285476237115
-4.453420299224117,-4.453420299224117
-4.443919990580447,-4.443919990580447
-4.434427638335204,-4.434427638335204
-4.424943258990033,-4.424943258990033
-4.415466868907334,-4.415466868907334
-4.405998484311834,-4.405998484311834
-4.396538121292144,-4.396538121292144
-4.387085795802286,-4.387085795802286
-4.37764152366321,-4.37764152366321
-4.36820532056427,-4.36820532056427
-4.358777202064686,-4.358777202064686
-4.34935718359499,-4.34935718359499
-4.339945280458442,-4.339945280458442
-4.330541507832423,-4.330541507832423
-4.3211458807698175,-4.3211458807698175
-4.311758414200365,-4.311758414200365
-4.302379122931997,-4.302379122931997
-4.293008021652155,-4.293008021652155
-4.283645124929086,-4.283645124929086
-4.274290447213118,-4.274290447213118
-4.264944002837921,-4.264944002837921
-4.255605806021751,-4.255605806021751
-4.246275870868664,-4.246275870868664
-4.2369542113697305,-4.2369542113697305
-4.227640841404218,-4.227640841404218
-4.2183357747407655,-4.2183357747407655
-4.209039025038528,-4.209039025038528
-4.1997506058483305,-4.1997506058483305
-4.190470530613771,-4.190470530613771
-4.181198812672341,-4.181198812672341
-4.171935465256507,-4.171935465256507
-4.162680501494785,-4.162680501494785
-4.153433934412807,-4.153433934412807
-4.1441957769343585,-4.1441957769343585
-4.134966041882412,-4.134966041882412
-4.1257447419801405,-4.1257447419801405
-4.116531889851926,-4.116531889851926
-4.107327498024338,-4.107327498024338
-4.098131578927114,-4.098131578927114
-4.088944144894121,-4.088944144894121
-4.0797652081643045,-4.0797652081643045
-4.070594780882616,-4.070594780882616
-4.0614328751009445,-4.0614328751009445
-4.0522795027790215,-4.0522795027790215
-4.043134675785324,-4.043134675785324
-4.033998405897951,-4.033998405897951
-4.02487070480551,-4.02487070480551
-4.015751584107966,-4.015751584107966
-4.006641055317505,-4.006641055317505
-3.997539129859362,-3.997539129859362
-3.9884458190726604,-3.9884458190726604
-3.9793611342112185,-3.9793611342112185
-3.9702850864443677,-3.9702850864443677
-3.961217686857739,-3.961217686857739
-3.952158946454055,-3.952158946454055
-3.943108876153904,-3.943108876153904
-3.9340674867965046,-3.9340674867965046
-3.925034789140462,-3.925034789140462
-3.9160107938645154,-3.9160107938645154
-3.9069955115682724,-3.9069955115682724
-3.897988952772938,-3.897988952772938
-3.88899112792203,-3.88899112792203
-3.8800020473820904,-3.8800020473820904
-3.871021721443384,-3.871021721443384
-3.8620501603205857,-3.8620501603205857
-3.8530873741534695,-3.8530873741534695
-3.844133373007575,-3.844133373007575
-3.8351881668748793,-3.8351881668748793
-3.826251765674446,-3.826251765674446
-3.817324179253082,-3.817324179253082
-3.8084054173859694,-3.8084054173859694
-3.7994954897773052,-3.7994954897773052
-3.7905944060609236,-3.7905944060609236
-3.7817021758009117,-3.7817021758009117
-3.772818808492222,-3.772818808492222
-3.7639443135612702,-3.7639443135612702
-3.7550787003665325,-3.7550787003665325
-3.7462219781991344,-3.7462219781991344
-3.7373741562834284,-3.7373741562834284
-3.728535243777568,-3.728535243777568
-3.719705249774074,-3.719705249774074
-3.7108841833003954,-3.7108841833003954
-3.7020720533194598,-3.7020720533194598
-3.6932688687302218,-3.6932688687302218
-3.6844746383682,-3.6844746383682
-3.6756893710060146,-3.6756893710060146
-3.6669130753539108,-3.6669130753539108
-3.6581457600602785,-3.6581457600602785
-3.6493874337121706,-3.6493874337121706
-3.6406381048358094,-3.6406381048358094
-3.6318977818970875,-3.6318977818970875
-3.6231664733020685,-3.6231664733020685
-3.614444187397474,-3.614444187397474
-3.60573093247117,-3.60573093247117
-3.597026716752646,-3.597026716752646
-3.5883315484134912,-3.5883315484134912
-3.5796454355678593,-3.5796454355678593
-3.5709683862729333,-3.5709683862729333
-3.5623004085293832,-3.5623004085293832
-3.5536415102818197,-3.5536415102818197
-3.544991699419237,-3.544991699419237
-3.5363509837754616,-3.5363509837754616
-3.527719371129583,-3.527719371129583
-3.5190968692063893,-3.5190968692063893
-3.5104834856767955,-3.5104834856767955
-3.5018792281582614,-3.5018792281582614
-3.4932841042152143,-3.4932841042152143
-3.484698121359459,-3.484698121359459
-3.476121287050587,-3.476121287050587
-3.467553608696381,-3.467553608696381
-3.4589950936532117,-3.4589950936532117
-3.450445749226435,-3.450445749226435
-3.4419055826707834,-3.4419055826707834
-3.433374601190748,-3.433374601190748
-3.424852811940964,-3.424852811940964
-3.4163402220265873,-3.4163402220265873
-3.407836838503669,-3.407836838503669
-3.3993426683795205,-3.3993426683795205
-3.390857718613085,-3.390857718613085
-3.3823819961152957,-3.3823819961152957
-3.3739155077494325,-3.3739155077494325
-3.365458260331476,-3.365458260331476
-3.35701026063046,-3.35701026063046
-3.3485715153688123,-3.3485715153688123
-3.340142031222703,-3.340142031222703
-3.3317218148223766,-3.3317218148223766
-3.3233108727524927,-3.3233108727524927
-3.314909211552454,-3.314909211552454
-3.3065168377167344,-3.3065168377167344
-3.298133757695204,-3.298133757695204
-3.28975997789345,-3.28975997789345
-3.281395504673091,-3.281395504673091
-3.2730403443520983,-3.2730403443520983
-3.2646945032050994,-3.2646945032050994
-3.256357987463688,-3.256357987463688
-3.2480308033167287,-3.2480308033167287
-3.239712956910658,-3.239712956910658
-3.2314044543497817,-3.2314044543497817
-3.223105301696571,-3.223105301696571
-3.2148155049719493,-3.2148155049719493
-3.206535070155589,-3.206535070155589
-3.198264003186189,-3.198264003186189
-3.190002309961764,-3.190002309961764
-3.18174999633992,-3.18174999633992
-3.1735070681381314,-3.1735070681381314
-3.1652735311340185,-3.1652735311340185
-3.1570493910656143,-3.1570493910656143
-3.1488346536316354,-3.1488346536316354
-3.1406293244917487,-3.1406293244917487
-3.1324334092668304,-3.1324334092668304
-3.124246913539231,-3.124246913539231
-3.1160698428530273,-3.1160698428530273
-3.107902202714287,-3.107902202714287
-3.0997439985913076,-3.0997439985913076
-3.09159523591488,-3.09159523591488
-3.0834559200785248,-3.0834559200785248
-3.0753260564387443,-3.0753260564387443
-3.0672056503152607,-3.0672056503152607
-3.0590947069912606,-3.0590947069912606
-3.050993231713627,-3.050993231713627
-3.0429012296931788,-3.0429012296931788
-3.0348187061049012,-3.0348187061049012
-3.0267456660881775,-3.0267456660881775
-3.0186821147470178,-3.0186821147470178
-3.010628057150283,-3.010628057150283
-3.0025834983319095,-3.0025834983319095
-2.994548443291133,-2.994548443291133
-2.9865228969927027,-2.9865228969927027
-2.978506864367104,-2.978506864367104
-2.970500350310769,-2.970500350310769
-2.962503359686294,-2.962503359686294
-2.9545158973226457,-2.9545158973226457
-2.946537968015374,-2.946537968015374
-2.938569576526815,-2.938569576526815
-2.930610727586298,-2.930610727586298
-2.9226614258903485,-2.9226614258903485
-2.9147216761028885,-2.9147216761028885
-2.9067914828554344,-2.9067914828554344
-2.898870850747295,-2.898870850747295
-2.890959784345766,-2.890959784345766
-2.883058288186324,-2.883058288186324
-2.8751663667728162,-2.8751663667728162
-2.86728402457765,-2.86728402457765
-2.8594112660419833,-2.8594112660419833
-2.8515480955759065,-2.8515480955759065
-2.84369451755863,-2.84369451755863
-2.8358505363386617,-2.8358505363386617
-2.8280161562339945,-2.8280161562339945
-2.8201913815322786,-2.8201913815322786
-2.812376216491001,-2.812376216491001
-2.8045706653376645,-2.8045706653376645
-2.796774732269953,-2.796774732269953
-2.7889884214559135,-2.7889884214559135
-2.781211737034119,-2.781211737034119
-2.773444683113842,-2.773444683113842
-2.765687263775218,-2.765687263775218
-2.7579394830694146,-2.7579394830694146
-2.7502013450187945,-2.7502013450187945
-2.7424728536170773,-2.7424728536170773
-2.734754012829502,-2.734754012829502
-2.727044826592986,-2.727044826592986
-2.7193452988162825,-2.7193452988162825
-2.711655433380138,-2.711655433380138
-2.703975234137446,-2.703975234137446
-2.696304704913404,-2.696304704913404
-2.6886438495056635,-2.6886438495056635
-2.68099267168448,-2.68099267168448
-2.6733511751928636,-2.6733511751928636
-2.6657193637467285,-2.6657193637467285
-2.658097241035036,-2.658097241035036
-2.650484810719946,-2.650484810719946
-2.642882076436953,-2.642882076436953
-2.6352890417950374,-2.6352890417950374
-2.6277057103767993,-2.6277057103767993
-2.6201320857386037,-2.6201320857386037
-2.612568171410716,-2.612568171410716
-2.605013970897444,-2.605013970897444
-2.5974694876772677,-2.5974694876772677
-2.5899347252029816,-2.5899347252029816
-2.582409686901822,-2.582409686901822
-2.5748943761756036,-2.5748943761756036
-2.5673887964008504,-2.5673887964008504
-2.559892950928925,-2.559892950928925
-2.552406843086156,-2.552406843086156
-2.544930476173971,-2.544930476173971
-2.5374638534690157,-2.5374638534690157
-2.530006978223289,-2.530006978223289
-2.522559853664257,-2.522559853664257
-2.5151224829949848,-2.5151224829949848
-2.507694869394253,-2.507694869394253
-2.500277016016683,-2.500277016016683
-2.492868925992853,-2.492868925992853
-2.48547060242942,-2.48547060242942
-2.478082048409236,-2.478082048409236
-2.470703266991463,-2.470703266991463
-2.4633342612116955,-2.4633342612116955
-2.4559750340820665,-2.4559750340820665
-2.4486255885913653,-2.4486255885913653
-2.4412859277051533,-2.4412859277051533
-2.433956054365867,-2.433956054365867
-2.426635971492938,-2.426635971492938
-2.4193256819828974,-2.4193256819828974
-2.412025188709483,-2.412025188709483
-2.4047344945237534,-2.4047344945237534
-2.3974536022541866,-2.3974536022541866
-2.3901825147067917,-2.3901825147067917
-2.382921234665213,-2.382921234665213
-2.375669764890831,-2.375669764890831
-2.368428108122866,-2.368428108122866
-2.3611962670784834,-2.3611962670784834
-2.3539742444528926,-2.3539742444528926
-2.3467620429194445,-2.3467620429194445
-2.3395596651297352,-2.3395596651297352
-2.3323671137137043,-2.3323671137137043
-2.325184391279728,-2.325184391279728
-2.3180115004147197,-2.3180115004147197
-2.310848443684226,-2.310848443684226
-2.3036952236325177,-2.3036952236325177
-2.2965518427826908,-2.2965518427826908
-2.2894183036367535,-2.2894183036367535
-2.2822946086757203,-2.2822946086757203
-2.2751807603597056,-2.2751807603597056
-2.2680767611280133,-2.2680767611280133
-2.2609826133992263,-2.2609826133992263
-2.2538983195712965,-2.2538983195712965
-2.246823882021634,-2.246823882021634
-2.2397593031071925,-2.2397593031071925
-2.23270458516456,-2.23270458516456
-2.22565973051004,-2.22565973051004
-2.218624741439741,-2.218624741439741
-2.2115996202296584,-2.2115996202296584
-2.2045843691357616,-2.2045843691357616
-2.197578990394073,-2.197578990394073
-2.190583486220754,-2.190583486220754
-2.1835978588121843,-2.1835978588121843
-2.1766221103450456,-2.1766221103450456
-2.169656242976397,-2.169656242976397
-2.162700258843761,-2.162700258843761
-2.1557541600651966,-2.1557541600651966
-2.1488179487393806,-2.1488179487393806
-2.141891626945684,-2.141891626945684
-2.1349751967442483,-2.1349751967442483
-2.128068660176065,-2.128068660176065
-2.1211720192630446,-2.1211720192630446
-2.1142852760080975,-2.1142852760080975
-2.1074084323952045,-2.1074084323952045
-2.1005414903894923,-2.1005414903894923
-2.0936844519373037,-2.0936844519373037
-2.0868373189662734,-2.0868373189662734
-2.080000093385396,-2.080000093385396
-2.0731727770850994,-2.0731727770850994
-2.0663553719373122,-2.0663553719373122
-2.059547879795536,-2.059547879795536
-2.052750302494915,-2.052750302494915
-2.0459626418523005,-2.0459626418523005
-2.039184899666323,-2.039184899666323
-2.032417077717455,-2.032417077717455
-2.025659177768082,-2.025659177768082
-2.0189112015625663,-2.0189112015625663
-2.0121731508273117,-2.0121731508273117
-2.0054450272708286,-2.0054450272708286
-1.9987268325838015,-1.9987268325838015
-1.992018568439147,-1.992018568439147
-1.9853202364920817,-1.9853202364920817
-1.9786318383801818,-1.9786318383801818
-1.971953375723447,-1.971953375723447
-1.9652848501243612,-1.9652848501243612
-1.9586262631679519,-1.9586262631679519
-1.9519776164218527,-1.9519776164218527
-1.945338911436363,-1.945338911436363
-1.9387101497445063,-1.9387101497445063
-1.9320913328620881,-1.9320913328620881
-1.9254824622877547,-1.9254824622877547
-1.9188835395030541,-1.9188835395030541
-1.9122945659724877,-1.9122945659724877
-1.90571554314357,-1.90571554314357
-1.8991464724468845,-1.8991464724468845
-1.8925873552961396,-1.8925873552961396
-1.8860381930882224,-1.8860381930882224
-1.8794989872032535,-1.8794989872032535
-1.872969739004643,-1.872969739004643
-1.8664504498391428,-1.8664504498391428
-1.859941121036897,-1.859941121036897
-1.8534417539115011,-1.8534417539115011
-1.8469523497600473,-1.8469523497600473
-1.840472909863181,-1.840472909863181
-1.8340034354851478,-1.8340034354851478
-1.827543927873849,-1.827543927873849
-1.8210943882608883,-1.8210943882608883
-1.814654817861623,-1.814654817861623
-1.8082252178752127,-1.8082252178752127
-1.8018055894846685,-1.8018055894846685
-1.7953959338569023,-1.7953959338569023
-1.7889962521427725,-1.7889962521427725
-1.7826065454771352,-1.7826065454771352
-1.7762268149788865,-1.7762268149788865
-1.7698570617510132,-1.7698570617510132
-1.763497286880638,-1.763497286880638
-1.7571474914390637,-1.7571474914390637
-1.7508076764818201,-1.7508076764818201
-1.7444778430487085,-1.7444778430487085
-1.7381579921638461,-1.7381579921638461
-1.7318481248357107,-1.7318481248357107
-1.7255482420571826,-1.7255482420571826
-1.7192583448055903,-1.7192583448055903
-1.7129784340427516,-1.7129784340427516
-1.7067085107150164,-1.7067085107150164
-1.7004485757533088,-1.7004485757533088
-1.6941986300731695,-1.6941986300731695
-1.6879586745747945,-1.6879586745747945
-1.68172871014308,-1.68172871014308
-1.6755087376476587,-1.6755087376476587
-1.669298757942942,-1.669298757942942
-1.6630987718681582,-1.6630987718681582
-1.6569087802473956,-1.6569087802473956
-1.6507287838896363,-1.6507287838896363
-1.6445587835887967,-1.6445587835887967
-1.6383987801237667,-1.6383987801237667
-1.6322487742584462,-1.6322487742584462
-1.626108766741783,-1.626108766741783
-1.6199787583078087,-1.6199787583078087
-1.6138587496756773,-1.6138587496756773
-1.607748741549698,-1.607748741549698
-1.6016487346193775,-1.6016487346193775
-1.5955587295594467,-1.5955587295594467
-1.5894787270299031,-1.5894787270299031
-1.5834087276760425,-1.5834087276760425
-1.5773487321284938,-1.5773487321284938
-1.5712987410032526,-1.5712987410032526
-1.5652587549017165,-1.5652587549017165
-1.5592287744107165,-1.5592287744107165
-1.553208800102552,-1.553208800102552
-1.5471988325350212,-1.5471988325350212
-1.5411988722514562,-1.5411988722514562
-1.5352089197807526,-1.5352089197807526
-1.5292289756374027,-1.5292289756374027
-1.5232590403215251,-1.5232590403215251
-1.5172991143188985,-1.5172991143188985
-1.5113491981009894,-1.5113491981009894
-1.5054092921249849,-1.5054092921249849
-1.49947939683382,-1.49947939683382
-1.49355951265621,-1.49355951265621
-1.4876496400066785,-1.4876496400066785
-1.4817497792855874,-1.4817497792855874
-1.475859930879163,-1.475859930879163
-1.4699800951595272,-1.4699800951595272
-1.4641102724847255,-1.4641102724847255
-1.4582504631987527,-1.4582504631987527
-1.4524006676315824,-1.4524006676315824
-1.446560886099192,-1.446560886099192
-1.440731118903593,-1.440731118903593
-1.4349113663328532,-1.4349113663328532
-1.4291016286611269,-1.4291016286611269
-1.4233019061486771,-1.4233019061486771
-1.4175121990419048,-1.4175121990419048
-1.4117325075733715,-1.4117325075733715
-1.4059628319618263,-1.4059628319618263
-1.4002031724122284,-1.4002031724122284
-1.394453529115773,-1.394453529115773
-1.388713902249916,-1.388713902249916
-1.3829842919783961,-1.3829842919783961
-1.377264698451259,-1.377264698451259
-1.3715551218048823,-1.3715551218048823
-1.3658555621619959,-1.3658555621619959
-1.3601660196317062,-1.3601660196317062
-1.3544864943095178,-1.3544864943095178
-1.3488169862773571,-1.3488169862773571
-1.3431574956035914,-1.3431574956035914
-1.3375080223430535,-1.3375080223430535
-1.331868566537061,-1.331868566537061
-1.3262391282134374,-1.3262391282134374
-1.3206197073865347,-1.3206197073865347
-1.31501030405725,-1.31501030405725
-1.3094109182130516,-1.3094109182130516
-1.3038215498279926,-1.3038215498279926
-1.2982421988627335,-1.2982421988627335
-1.2926728652645632,-1.2926728652645632
-1.287113548967415,-1.287113548967415
-1.2815642498918873,-1.2815642498918873
-1.276024967945261,-1.276024967945261
-1.2704957030215203,-1.2704957030215203
-1.2649764550013656,-1.2649764550013656
-1.259467223752238,-1.259467223752238
-1.2539680091283312,-1.2539680091283312
-1.2484788109706118,-1.2484788109706118
-1.2429996291068361,-1.2429996291068361
-1.2375304633515645,-1.2375304633515645
-1.2320713135061812,-1.2320713135061812
-1.2266221793589083,-1.2266221793589083
-1.221183060684823,-1.221183060684823
-1.2157539572458727,-1.2157539572458727
-1.210334868790889,-1.210334868790889
-1.2049257950556072,-1.2049257950556072
-1.1995267357626758,-1.1995267357626758
-1.194137690621677,-1.194137690621677
-1.188758659329135,-1.188758659329135
-1.1833896415685368,-1.1833896415685368
-1.1780306370103397,-1.1780306370103397
-1.1726816453119906,-1.1726816453119906
-1.1673426661179356,-1.1673426661179356
-1.162013699059636,-1.162013699059636
-1.1566947437555795,-1.1566947437555795
-1.151385799811294,-1.151385799811294
-1.1460868668193587,-1.1460868668193587
-1.1407979443594198,-1.1407979443594198
-1.1355190319981978,-1.1355190319981978
-1.1302501292895037,-1.1302501292895037
-1.124991235774248,-1.124991235774248
-1.1197423509804527,-1.1197423509804527
-1.1145034744232631,-1.1145034744232631
-1.1092746056049583,-1.1092746056049583
-1.1040557440149608,-1.1040557440149608
-1.098846889129849,-1.098846889129849
-1.0936480404133662,-1.0936480404133662
-1.0884591973164306,-1.0884591973164306
-1.083280359277145,-1.083280359277145
-1.0781115257208076,-1.0781115257208076
-1.072952696059918,-1.072952696059918
-1.0678038696941918,-1.0678038696941918
-1.0626650460105636,-1.0626650460105636
-1.0575362243831996,-1.0575362243831996
-1.0524174041735042,-1.0524174041735042
-1.0473085847301296,-1.0473085847301296
-1.0422097653889804,-1.0422097653889804
-1.0371209454732278,-1.0371209454732278
-1.0320421242933089,-1.0320421242933089
-1.0269733011469417,-1.0269733011469417
-1.021914475319127,-1.021914475319127
-1.016865646082157,-1.016865646082157
-1.0118268126956227,-1.0118268126956227
-1.006797974406419,-1.006797974406419
-1.001779130448752,-1.001779130448752
-0.9967702800441446,-0.9967702800441446
-0.9917714224014413,-0.9917714224014413
-0.9867825567168167,-0.9867825567168167
-0.9818036821737766,-0.9818036821737766
-0.9768347979431671,-0.9768347979431671
-0.971875903183177,-0.971875903183177
-0.9669269970393434,-0.9669269970393434
-0.9619880786445568,-0.9619880786445568
-0.9570591471190649,-0.9570591471190649
-0.952140201570476,-0.952140201570476
-0.9472312410937633,-0.9472312410937633
-0.94233226477127,-0.94233226477127
-0.9374432716727104,-0.9374432716727104
-0.9325642608551747,-0.9325642608551747
-0.9276952313631318,-0.9276952313631318
-0.9228361822284317,-0.9228361822284317
-0.9179871124703086,-0.9179871124703086
-0.9131480210953832,-0.9131480210953832
-0.9083189070976647,-0.9083189070976647
-0.903499769458553,-0.903499769458553
-0.8986906071468411,-0.8986906071468411
-0.8938914191187154,-0.8938914191187154
-0.8891022043177577,-0.8891022043177577
-0.8843229616749474,-0.8843229616749474
-0.879553690108661,-0.879553690108661
-0.8747943885246737,-0.8747943885246737
-0.8700450558161595,-0.8700450558161595
-0.8653056908636925,-0.8653056908636925
-0.8605762925352463,-0.8605762925352463
-0.8558568596861936,-0.8558568596861936
-0.8511473911593073,-0.8511473911593073
-0.8464478857847588,-0.8464478857847588
-0.8417583423801186,-0.8417583423801186
-0.8370787597503545,-0.8370787597503545
-0.8324091366878301,-0.8324091366878301
-0.827749471972306,-0.827749471972306
-0.8230997643709355,-0.8230997643709355
-0.8184600126382651,-0.8184600126382651
-0.8138302155162309,-0.8138302155162309
-0.8092103717341583,-0.8092103717341583
-0.8046004800087596,-0.8046004800087596
-0.8000005390441296,-0.8000005390441296
-0.7954105475317451,-0.7954105475317451
-0.7908305041504621,-0.7908305041504621
-0.7862604075665118,-0.7862604075665118
-0.7817002564334972,-0.7817002564334972
-0.7771500493923905,-0.7771500493923905
-0.77260978507153,-0.77260978507153
-0.768079462086615,-0.768079462086615
-0.7635590790407027,-0.7635590790407027
-0.7590486345242681,-0.7590486345242681
-0.7545481271149428,-0.7545481271149428
-0.7500575553778946,-0.7500575553778946
-0.7455769178655683,-0.7455769178655683
-0.7411062131177423,-0.7411062131177423
-0.7366454396615255,-0.7366454396615255
-0.7321945960113515,-0.7321945960113515
-0.727753680668972,-0.727753680668972
-0.7233226921234518,-0.7233226921234518
-0.7189016288511636,-0.7189016288511636
-0.7144904893157811,-0.7144904893157811
-0.7100892719682725,-0.7100892719682725
-0.705697975246894,-0.705697975246894
-0.7013165975771842,-0.7013165975771842
-0.6969451373719562,-0.6969451373719562
-0.6925835930312904,-0.6925835930312904
-0.6882319629425273,-0.6882319629425273
-0.6838902454802612,-0.6838902454802612
-0.6795584390063316,-0.6795584390063316
-0.6752365418698147,-0.6752365418698147
-0.6709245524070161,-0.6709245524070161
-0.666622468941463,-0.666622468941463
-0.6623302897838956,-0.6623302897838956
-0.6580480132322574,-0.6580480132322574
-0.6537756375716869,-0.6537756375716869
-0.6495131610745101,-0.6495131610745101
-0.645260582000229,-0.645260582000229
-0.641017898595514,-0.641017898595514
-0.6367851090941925,-0.6367851090941925
-0.6325622117172414,-0.6325622117172414
-0.6283492046727754,-0.6283492046727754
-0.6241460861560375,-0.6241460861560375
-0.6199528543493877,-0.6199528543493877
-0.6157695074222947,-0.6157695074222947
-0.6115960435313225,-0.6115960435313225
-0.6074324608201215,-0.6074324608201215
-0.6032787574194155,-0.6032787574194155
-0.5991349314469929,-0.5991349314469929
-0.5950009810076925,-0.5950009810076925
-0.590876904193394,-0.590876904193394
-0.5867626990830037,-0.5867626990830037
-0.5826583637424457,-0.5826583637424457
-0.5785638962246459,-0.5785638962246459
-0.5744792945695233,-0.5744792945695233
-0.5704045568039728,-0.5704045568039728
-0.5663396809418579,-0.5663396809418579
-0.5622846649839924,-0.5622846649839924
-0.5582395069181306,-0.5582395069181306
-0.5542042047189517,-0.5542042047189517
-0.5501787563480485,-0.5501787563480485
-0.5461631597539105,-0.5461631597539105
-0.5421574128719133,-0.5421574128719133
-0.538161513624301,-0.538161513624301
-0.5341754599201747,-0.5341754599201747
-0.5301992496554753,-0.5301992496554753
-0.5262328807129716,-0.5262328807129716
-0.5222763509622421,-0.5222763509622421
-0.5183296582596626,-0.5183296582596626
-0.5143928004483883,-0.5143928004483883
-0.510465775358341,-0.510465775358341
-0.5065485808061903,-0.5065485808061903
-0.5026412145953404,-0.5026412145953404
-0.4987436745159111,-0.4987436745159111
-0.49485595834472484,-0.49485595834472484
-0.49097806384528664,-0.49097806384528664
-0.4871099887677691,-0.4871099887677691
-0.4832517308489961,-0.4832517308489961
-0.4794032878124244,-0.4794032878124244
-0.475564657368126,-0.475564657368126
-0.47173583721277157,-0.47173583721277157
-0.46791682502961274,-0.46791682502961274
-0.46410761848846355,-0.46410761848846355
-0.46030821524568183,-0.46030821524568183
-0.4565186129441519,-0.4565186129441519
-0.4527388092132654,-0.4527388092132654
-0.4489688016689035,-0.4489688016689035
-0.4452085879134159,-0.4452085879134159
-0.4414581655356031,-0.4414581655356031
-0.4377175321106974,-0.4377175321106974
-0.4339866852003428,-0.4339866852003428
-0.4302656223525741,-0.4302656223525741
-0.4265543411017989,-0.4265543411017989
-0.4228528389687764,-0.4228528389687764
-0.419161113460597,-0.419161113460597
-0.4154791620706618,-0.4154791620706618
-0.41180698227866175,-0.41180698227866175
-0.40814457155055706,-0.40814457155055706
-0.4044919273385557,-0.4044919273385557
-0.4008490470810916,-0.4008490470810916
-0.3972159282028037,-0.3972159282028037
-0.3935925681145139,-0.3935925681145139
-0.38997896421320527,-0.38997896421320527
-0.3863751138819994,-0.3863751138819994
-0.38278101449013324,-0.38278101449013324
-0.3791966633929389,-0.3791966633929389
-0.3756220579318185,-0.3756220579318185
-0.37205719543422144,-0.37205719543422144
-0.3685020732136222,-0.3685020732136222
-0.364956688569496,-0.364956688569496
-0.3614210387872955,-0.3614210387872955
-0.35789512113842636,-0.35789512113842636
-0.3543789328802235,-0.3543789328802235
-0.35087247125592724,-0.35087247125592724
-0.3473757334946583,-0.3473757334946583
-0.3438887168113922,-0.3438887168113922
-0.3404114184069358,-0.3404114184069358
-0.33694383546790146,-0.33694383546790146
-0.333485965166682,-0.333485965166682
-0.3300378046614241,-0.3300378046614241
-0.32659935109600313,-0.32659935109600313
-0.3231706015999976,-0.3231706015999976
-0.31975155328866256,-0.31975155328866256
-0.31634220326290236,-0.31634220326290236
-0.31294254860924486,-0.31294254860924486
-0.3095525863998144,-0.3095525863998144
-0.30617231369230496,-0.30617231369230496
-0.3028017275299516,-0.3028017275299516
-0.299440824941504,-0.299440824941504
-0.2960896029411984,-0.2960896029411984
-0.29274805852873004,-0.29274805852873004
-0.28941618868922386,-0.28941618868922386
-0.28609399039320627,-0.28609399039320627
-0.2827814605965782,-0.2827814605965782
-0.27947859624058374,-0.27947859624058374
-0.2761853942517826,-0.2761853942517826
-0.27290185154201996,-0.27290185154201996
-0.26962796500839736,-0.26962796500839736
-0.26636373153324344,-0.26636373153324344
-0.2631091479840821,-0.2631091479840821
-0.25986421121360403,-0.25986421121360403
-0.25662891805963545,-0.25662891805963545
-0.2534032653451078,-0.2534032653451078
-0.2501872498780262,-0.2501872498780262
-0.2469808684514383,-0.2469808684514383
-0.24378411784340356,-0.24378411784340356
-0.24059699481696137,-0.24059699481696137
-0.23741949612009883,-0.23741949612009883
-0.23425161848571818,-0.23425161848571818
-0.23109335863160596,-0.23109335863160596
-0.22794471326039936,-0.22794471326039936
-0.2248056790595535,-0.2248056790595535
-0.22167625270130786,-0.22167625270130786
-0.21855643084265472,-0.21855643084265472
-0.21544621012530382,-0.21544621012530382
-0.21234558717564925,-0.21234558717564925
-0.20925455860473557,-0.20925455860473557
-0.20617312100822346,-0.20617312100822346
-0.20310127096635555,-0.20310127096635555
-0.20003900504392058,-0.20003900504392058
-0.19698631979021938,-0.19698631979021938
-0.19394321173902987,-0.19394321173902987
-0.19090967740857107,-0.19090967740857107
-0.18788571330146683,-0.18788571330146683
-0.18487131590471087,-0.18487131590471087
-0.18186648168963013,-0.18186648168963013
-0.17887120711184862,-0.17887120711184862
-0.17588548861124995,-0.17588548861124995
-0.17290932261194072,-0.17290932261194072
-0.16994270552221385,-0.16994270552221385
-0.16698563373451064,-0.16698563373451064
-0.16403810362538268,-0.16403810362538268
-0.16110011155545398,-0.16110011155545398
-0.15817165386938373,-0.15817165386938373
-0.15525272689582667,-0.15525272689582667
-0.15234332694739466,-0.15234332694739466
-0.14944345032061715,-0.14944345032061715
-0.1465530932959036,-0.1465530932959036
-0.14367225213750198,-0.14367225213750198
-0.14080092309345985,-0.14080092309345985
-0.1379391023955839,-0.1379391023955839
-0.13508678625940113,-0.13508678625940113
-0.13224397088411521,-0.13224397088411521
-0.12941065245256927,-0.12941065245256927
-0.12658682713120134,-0.12658682713120134
-0.1237724910700061,-0.1237724910700061
-0.12096764040248974,-0.12096764040248974
-0.11817227124563222,-0.11817227124563222
-0.11538637969984071,-0.11538637969984071
-0.11260996184890994,-0.11260996184890994
-0.10984301375997897,-0.10984301375997897
-0.10708553148348776,-0.10708553148348776
-0.10433751105313338,-0.10433751105313338
-0.10159894848582685,-0.10159894848582685
-0.09886983978165019,-0.09886983978165019
-0.09615018092381103,-0.09615018092381103
-0.09343996787859839,-0.09343996787859839
-0.09073919659533781,-0.09073919659533781
-0.08804786300634745,-0.08804786300634745
-0.0853659630268919,-0.0853659630268919
-0.08269349255513604,-0.08269349255513604
-0.0800304474721002,-0.0800304474721002
-0.07737682364161386,-0.07737682364161386
-0.07473261691026915,-0.07473261691026915
-0.07209782310737331,-0.07209782310737331
-0.06947243804490223,-0.06947243804490223
-0.06685645751745407,-0.06685645751745407
-0.06424987730220028,-0.06424987730220028
-0.061652693158837965,-0.061652693158837965
-0.059064900829541724,-0.059064900829541724
-0.05648649603891574,-0.05648649603891574
-0.05391747449394439,-0.05391747449394439
-0.05135783188394307,-0.05135783188394307
-0.048807563880508435,-0.048807563880508435
-0.046266666137469735,-0.046266666137469735
-0.04373513429083841,-0.04373513429083841
-0.04121296395875675,-0.04121296395875675
-0.038700150741448,-0.038700150741448
-0.03619669022116593,-0.03619669022116593
-0.03370257796214301,-0.03370257796214301
-0.03121780951053802,-0.03121780951053802
-0.028742380394385376,-0.028742380394385376
-0.026276286123542467,-0.026276286123542467
-0.023819522189637104,-0.023819522189637104
-0.021372084066014343,-0.021372084066014343
-0.018933967207683377,-0.018933967207683377
-0.016505167051264757,-0.016505167051264757
-0.014085679014935617,-0.014085679014935617
-0.011675498498375922,-0.011675498498375922
-0.009274620882713521,-0.009274620882713521
-0.006883041530470389,-0.006883041530470389
-0.004500755785506453,-0.004500755785506453
-0.0021277589729642686,-0.0021277589729642686
0.00023595360078681167,0.00023595360078681167
0.002590386648205981,0.002590386648205981
0.00493554490063839,0.00493554490063839
0.007271433108372877,0.007271433108372877
0.00959805604069566,0.00959805604069566
0.011915418485952876,0.011915418485952876
0.01422352525160359,0.01422352525160359
0.01652238116428244,0.01652238116428244
0.018811991069853505,0.018811991069853505
0.021092359833474558,0.021092359833474558
0.02336349233965041,0.02336349233965041
0.025625393492298514,0.025625393492298514
0.02787806821480388,0.02787806821480388
0.030121521450083524,0.030121521450083524
0.032355758160643205,0.032355758160643205
0.03458078332864233,0.03458078332864233
0.03679660195595312,0.03679660195595312
0.039003219064221786,0.039003219064221786
0.0412006396949336,0.0412006396949336
0.043388868909471474,0.043388868909471474
0.045567911789183166,0.045567911789183166
0.04773777343544051,0.04773777343544051
0.04989845896970632,0.04989845896970632
0.0520499735335957,0.0520499735335957
0.05419232228894325,0.05419232228894325
0.05632551041786474,0.05632551041786474
0.058449543122825354,0.058449543122825354
0.06056442562670229,0.06056442562670229
0.06267016317285416,0.06267016317285416
0.06476676102518276,0.06476676102518276
0.06685422446820474,0.06685422446820474
0.06893255880711457,0.06893255880711457
0.07100176936785574,0.07100176936785574
0.07306186149718391,0.07306186149718391
0.07511284056274112,0.07511284056274112
0.07715471195311922,0.07715471195311922
0.07918748107793232,0.07918748107793232
0.08121115336788402,0.08121115336788402
0.08322573427484045,0.08322573427484045
0.08523122927189618,0.08523122927189618
0.08722764385344951,0.08722764385344951
0.08921498353526983,0.08921498353526983
0.0911932538545725,0.0911932538545725
0.09316246037008794,0.09316246037008794
0.09512260866213647,0.09512260866213647
0.09707370433269889,0.09707370433269889
0.09901575300549217,0.09901575300549217
0.10094876032604062,0.10094876032604062
0.10287273196175309,0.10287273196175309
0.10478767360199338,0.10478767360199338
0.10669359095816014,0.10669359095816014
0.10859048976375768,0.10859048976375768
0.11047837577447596,0.11047837577447596
0.11235725476826293,0.11235725476826293
0.11422713254540567,0.11422713254540567
0.11608801492860257,0.11608801492860257
0.11793990776304653,0.11793990776304653
0.11978281691649789,0.11978281691649789
0.12161674827936764,0.12161674827936764
0.12344170776479178,0.12344170776479178
0.12525770130871605,0.12525770130871605
0.12706473486997102,0.12706473486997102
0.12886281443035608,0.12886281443035608
0.13065194599471786,0.13065194599471786
0.13243213559103414,0.13243213559103414
0.13420338927049258,0.13420338927049258
0.1359657131075767,0.1359657131075767
0.13771911320014518,0.13771911320014518
0.13946359566951838,0.13946359566951838
0.1411991666605587,0.1411991666605587
0.14292583234175915,0.14292583234175915
0.14464359890532313,0.14464359890532313
0.14635247256725453,0.14635247256725453
0.14805245956743962,0.14805245956743962
0.14974356616973689,0.14974356616973689
0.15142579866205938,0.15142579866205938
0.15309916335646725,0.15309916335646725
0.15476366658925075,0.15476366658925075
0.1564193147210227,0.1564193147210227
0.1580661141368028,0.1580661141368028
0.1597040712461124,0.1597040712461124
0.1613331924830583,0.1613331924830583
0.16295348430642942,0.16295348430642942
0.164564953199782,0.164564953199782
0.16616760567153607,0.16616760567153607
0.16776144825506253,0.16776144825506253
0.16934648750878126,0.16934648750878126
0.17092273001624791,0.17092273001624791
0.17249018238625405,0.17249018238625405
0.17404885125291536,0.17404885125291536
0.1755987432757711,0.1755987432757711
0.17713986513987587,0.17713986513987587
0.17867222355589915,0.17867222355589915
0.18019582526021669,0.18019582526021669
0.18171067701501326,0.18171067701501326
0.18321678560837495,0.18321678560837495
0.1847141578543915,0.1847141578543915
0.18620280059325162,0.18620280059325162
0.18768272069134562,0.18768272069134562
0.18915392504136114,0.18915392504136114
0.19061642056238812,0.19061642056238812
0.19207021420001594,0.19207021420001594
0.1935153129264386,0.1935153129264386
0.19495172374055258,0.19495172374055258
0.1963794536680653,0.1963794536680653
0.19779850976159197,0.19779850976159197
0.19920889910076695,0.19920889910076695
0.20061062879234126,0.20061062879234126
0.20200370597029368,0.20200370597029368
0.20338813779593232,0.20338813779593232
0.20476393145800495,0.20476393145800495
0.20613109417280195,0.20613109417280195
0.20748963318426913,0.20748963318426913
0.2088395557641109,0.2088395557641109
0.21018086921190396,0.21018086921190396
0.21151358085520292,0.21151358085520292
0.21283769804965547,0.21283769804965547
0.2141532281791071,0.2141532281791071
0.2154601786557203,0.2154601786557203
0.21675855692007912,0.21675855692007912
0.21804837044130937,0.21804837044130937
0.21932962671718595,0.21932962671718595
0.22060233327425333,0.22060233327425333
0.22186649766793423,0.22186649766793423
0.22312212748265164,0.22312212748265164
0.22436923033193953,0.22436923033193953
0.22560781385856538,0.22560781385856538
0.22683788573464214,0.22683788573464214
0.22805945366175212,0.22805945366175212
0.22927252537106402,0.22927252537106402
0.2304771086234512,0.2304771086234512
0.23167321120961423,0.23167321120961423
0.23286084095020268,0.23286084095020268
0.23404000569593703,0.23404000569593703
0.2352107133277295,0.2352107133277295
0.2363729717568086,0.2363729717568086
0.23752678892484538,0.23752678892484538
0.23867217280407704,0.23867217280407704
0.23980913139743162,0.23980913139743162
0.2409376727386545,0.2409376727386545
0.24205780489243905,0.24205780489243905
0.2431695359545524,0.2431695359545524
0.24427287405196219,0.24427287405196219
0.24536782734296886,0.24536782734296886
0.24645440401733693,0.24645440401733693
0.24753261229642462,0.24753261229642462
0.24860246043331413,0.24860246043331413
0.2496639567129472,0.2496639567129472
0.25071710945225795,0.25071710945225795
0.25176192700030775,0.25176192700030775
0.2527984177384184,0.2527984177384184
0.253826590080309,0.253826590080309
0.2548464524722347,0.2548464524722347
0.25585801339312314,0.25585801339312314
0.25686128135471054,0.25686128135471054
0.25785626490168573,0.25785626490168573
0.25884297261182504,0.25884297261182504
0.2598214130961397,0.2598214130961397
0.2607915949990102,0.2607915949990102
0.2617535269983365,0.2617535269983365
0.26270721780567535,0.26270721780567535
0.26365267616639015,0.26365267616639015
0.26458991085979133,0.26458991085979133
0.26551893069928767,0.26551893069928767
0.2664397445325281,0.2664397445325281
0.2673523612415556,0.2673523612415556
0.2682567897429501,0.2682567897429501
0.2691530389879843,0.2691530389879843
0.2700411179627693,0.2700411179627693
0.2709210356884106,0.2709210356884106
0.2717928012211569,0.2717928012211569
0.27265642365255754,0.27265642365255754
0.2735119121096134,0.2735119121096134
0.2743592757549359,0.2743592757549359
0.2751985237868994,0.2751985237868994
0.2760296654398043,0.2760296654398043
0.27685270998402817,0.27685270998402817
0.27766766672619286,0.27766766672619286
0.2784745450093171,0.2784745450093171
0.27927335421298605,0.27927335421298605
0.28006410375350543,0.28006410375350543
0.28084680308407206,0.28084680308407206
0.28162146169493274,0.28162146169493274
0.2823880891135538,0.2823880891135538
0.28314669490478317,0.28314669490478317
0.28389728867102426,0.28389728867102426
0.2846398800523958,0.2846398800523958
0.2853744787269107,0.2853744787269107
0.2861010944106384,0.2861010944106384
0.286819736857883,0.286819736857883
0.28753041586135125,0.28753041586135125
0.2882331412523301,0.2882331412523301
0.2889279229008582,0.2889279229008582
0.2896147707159062,0.2896147707159062
0.29029369464554733,0.29029369464554733
0.29096470467714447,0.29096470467714447
0.2916278108375204,0.2916278108375204
0.2922830231931455,0.2922830231931455
0.29293035185031446,0.29293035185031446
0.2935698069553328,0.2935698069553328
0.29420139869469697,0.29420139869469697
0.2948251372952837,0.2948251372952837
0.2954410330245318,0.2954410330245318
0.2960490961906341,0.2960490961906341
0.29664933714272085,0.29664933714272085
0.29724176627105625,0.29724176627105625
0.2978263940072221,0.2978263940072221
0.29840323082431586,0.29840323082431586
0.298972287237141,0.298972287237141
0.2995335738024034,0.2995335738024034
0.30008710111890435,0.30008710111890435
0.30063287982774295,0.30063287982774295
0.3011709206125086,0.3011709206125086
0.30170123419948564,0.30170123419948564
0.30222383135785025,0.30222383135785025
0.3027387228998774,0.3027387228998774
0.3032459196811382,0.3032459196811382
0.3037454326007123,0.3037454326007123
0.30423727260138606,0.30423727260138606
0.30472145066986833,0.30472145066986833
0.3051979778369906,0.3051979778369906
0.30566686517792657,0.30566686517792657
0.30612812381239424,0.30612812381239424
0.30658176490487715,0.30658176490487715
0.30702779966483223,0.30702779966483223
0.30746623934691103,0.30746623934691103
0.3078970952511707,0.3078970952511707
0.30832037872329954,0.30832037872329954
0.30873610115483,0.30873610115483
0.309144273983366,0.309144273983366
0.30954490869280016,0.30954490869280016
0.3099380168135444,0.3099380168135444
0.31032360992274827,0.31032360992274827
0.31070169964453387,0.31070169964453387
0.31107229765021716,0.31107229765021716
0.31143541565854466,0.31143541565854466
0.3117910654359193,0.3117910654359193
0.3121392587966395,0.3121392587966395
0.3124800076031277,0.3124800076031277
0.31281332376617266,0.31281332376617266
0.31313921924516147,0.31313921924516147
0.31345770604832535,0.31345770604832535
0.3137687962329732,0.3137687962329732
0.31407250190574243,0.31407250190574243
0.3143688352228343,0.3143688352228343
0.31465780839026897,0.31465780839026897
0.31493943366412364,0.31493943366412364
0.31521372335079056,0.31521372335079056
0.3154806898072189,0.3154806898072189
0.3157403454411751,0.3157403454411751
0.31599270271149305,0.31599270271149305
0.3162377741283287,0.3162377741283287
0.3164755722534191,0.3164755722534191
0.31670610970034324,0.31670610970034324
0.31692939913478096,0.31692939913478096
0.3171454532747753,0.3171454532747753
0.3173542848909968,0.3173542848909968
0.31755590680701196,0.31755590680701196
0.317750331899551,0.317750331899551
0.31793757309877374,0.31793757309877374
0.31811764338854465,0.31811764338854465
0.31829055580670673,0.31829055580670673
0.3184563234453566,0.3184563234453566
0.3186149594511186,0.3186149594511186
0.318766477025426,0.318766477025426
0.3189108894248036,0.3189108894248036
0.31904820996114963,0.31904820996114963
0.31917845200201755,0.31917845200201755
0.31930162897090525,0.31930162897090525
0.3194177543475458,0.3194177543475458
0.3195268416681953,0.3195268416681953
0.31962890452592396,0.31962890452592396
0.31972395657091407,0.31972395657091407
0.31981201151075567,0.31981201151075567
0.3198930831107457,0.3198930831107457
0.31996718519418693,0.31996718519418693
0.3200343316426907,0.3200343316426907
0.32009453639648466,0.32009453639648466
0.32014781345471904,0.32014781345471904
0.32019417687577184,0.32019417687577184
0.3202336407775637,0.3202336407775637
0.32026621933787175,0.32026621933787175
0.3202919267946447,0.3202919267946447
0.3203107774463173,0.3203107774463173
0.32032278565213285,0.32032278565213285
0.3203279658324684,0.3203279658324684
0.3203263324691547,0.3203263324691547
0.32031790010580347,0.32031790010580347
0.3203026833481363,0.3203026833481363
0.3202806968643199,0.3202806968643199
0.3202519553852961,0.3202519553852961
0.3202164737051167,0.3202164737051167
0.320174266681283,0.320174266681283
0.3201253492350889,0.3201253492350889
0.3200697363519627,0.3200697363519627
0.3200074430818079,0.3200074430818079
0.31993848453935936,0.31993848453935936
0.3198628759045254,0.3198628759045254
0.3197806324227493,0.3197806324227493
0.3196917694053548,0.3196917694053548
0.3195963022299138,0.3195963022299138
0.31949424634059825,0.31949424634059825
0.31938561724855086,0.31938561724855086
0.319270430532243,0.319270430532243
0.31914870183785027,0.31914870183785027
0.31902044687961617,0.31902044687961617
0.3188856814402331,0.3188856814402331
0.3187444213712103,0.3187444213712103
0.318596682593261,0.318596682593261
0.3184424810966764,0.3184424810966764
0.3182818329417165,0.3182818329417165
0.3181147542589911,0.3181147542589911
0.31794126124985594,0.31794126124985594
0.3177613701867984,0.3177613701867984
0.3175750974138405,0.3175750974138405
0.31738245934693027,0.31738245934693027
0.31718347247434864,0.31718347247434864
0.31697815335710916,0.31697815335710916
0.31676651862936944,0.31676651862936944
0.3165485849988357,0.3165485849988357
0.31632436924718343,0.31632436924718343
0.3160938882304642,0.3160938882304642
0.31585715887953425,0.31585715887953425
0.3156141982004683,0.3156141982004683
0.31536502327499266,0.31536502327499266
0.3151096512609049,0.3151096512609049
0.3148480993925143,0.3148480993925143
0.31458038498107044,0.31458038498107044
0.3143065254152041,0.3143065254152041
0.31402653816136594,0.31402653816136594
0.3137404407642751,0.3137404407642751
0.31344825084736117,0.31344825084736117
0.31314998611322176,0.31314998611322176
0.31284566434407013,0.31284566434407013
0.31253530340220076,0.31253530340220076
0.3122189212304411,0.3122189212304411
0.3118965358526258,0.3118965358526258
0.3115681653740573,0.3115681653740573
0.3112338279819831,0.3112338279819831
0.3108935419460652,0.3108935419460652
0.31054732561886567,0.31054732561886567
0.31019519743632057,0.31019519743632057
0.30983717591823556,0.30983717591823556
0.3094732796687664,0.3094732796687664
0.30910352737691943,0.30910352737691943
0.3087279378170419,0.3087279378170419
0.30834652984933036,0.30834652984933036
0.3079593224203277,0.3079593224203277
0.30756633456343807,0.30756633456343807
0.3071675853994328,0.3071675853994328
0.3067630941369745,0.3067630941369745
0.30635288007312717,0.30635288007312717
0.30593696259389164,0.30593696259389164
0.30551536117472183,0.30551536117472183
0.30508809538106824,0.30508809538106824
0.30465518486890436,0.30465518486890436
0.3042166493852751,0.3042166493852751
0.30377250876883466,0.30377250876883466
0.30332278295039994,0.30332278295039994
0.30286749195350293,0.30286749195350293
0.3024066558949445,0.3024066558949445
0.3019402949853569,0.3019402949853569
0.3014684295297755,0.3014684295297755
0.300991079928202,0.300991079928202
0.3005082666761816,0.3005082666761816
0.30002001036538045,0.30002001036538045
0.2995263316841753,0.2995263316841753
0.2990272514182361,0.2990272514182361
0.29852279045111896,0.29852279045111896
0.298012969764865,0.298012969764865
0.2974978104406049,0.2974978104406049
0.2969773336591637,0.2969773336591637
0.2964515607016708,0.2964515607016708
0.2959205129501775,0.2959205129501775
0.2953842118882812,0.2953842118882812
0.29484267910175105,0.29484267910175105
0.29429593627915457,0.29429593627915457
0.2937440052124973,0.2937440052124973
0.2931869077978679,0.2931869077978679
0.2926246660360789,0.2926246660360789
0.29205730203331987,0.29205730203331987
0.2914848380018137,0.2914848380018137
0.29090729626048295,0.29090729626048295
0.2903246992356135,0.2903246992356135
0.2897370694615254,0.2897370694615254
0.28914442958125486,0.28914442958125486
0.2885468023472377,0.2885468023472377
0.2879442106219982,0.2879442106219982
0.2873366773788405,0.2873366773788405
0.2867242257025511,0.2867242257025511
0.28610687879010865,0.28610687879010865
0.2854846599513913,0.2854846599513913
0.28485759260989313,0.28485759260989313
0.28422570030344985,0.28422570030344985
0.283589006684971,0.283589006684971
0.28294753552317015,0.28294753552317015
0.28230131070330783,0.28230131070330783
0.28165035622793744,0.28165035622793744
0.28099469621766415,0.28099469621766415
0.28033435491189984,0.28033435491189984
0.2796693566696278,0.2796693566696278
0.27899972597017786,0.27899972597017786
0.27832548741400576,0.27832548741400576
0.2776466657234772,0.2776466657234772
0.27696328574365636,0.27696328574365636
0.27627537244310735,0.27627537244310735
0.2755829509146998,0.2755829509146998
0.27488604637642,0.27488604637642
0.2741846841721848,0.2741846841721848
0.27347888977267004,0.27347888977267004
0.27276868877614624,0.27276868877614624
0.2720541069093119,0.2720541069093119
0.27133517002814067,0.27133517002814067
0.27061190411873487,0.27061190411873487
0.2698843352981901,0.2698843352981901
0.26915248981545653,0.26915248981545653
0.2684163940522165,0.2684163940522165
0.26767607452376685,0.26767607452376685
0.2669315578799107,0.2669315578799107
0.2661828709058535,0.2661828709058535
0.2654300405231045,0.2654300405231045
0.26467309379039694,0.26467309379039694
0.2639120579046008,0.2639120579046008
0.26314696020166006,0.26314696020166006
0.2623778281575193,0.2623778281575193
0.26160468938907666,0.26160468938907666
0.2608275716551314,0.2608275716551314
0.26004650285734887,0.26004650285734887
0.2592615110412235,0.2592615110412235
0.25847262439706425,0.25847262439706425
0.2576798712609731,0.2576798712609731
0.2568832801158466,0.2568832801158466
0.2560828795923725,0.2560828795923725
0.2552786984700482,0.2552786984700482
0.25447076567819393,0.25447076567819393
0.25365911029699245,0.25365911029699245
0.2528437615585165,0.2528437615585165
0.2520247488477883,0.2520247488477883
0.2512021017038246,0.2512021017038246
0.250375849820716,0.250375849820716
0.24954602304868975,0.24954602304868975
0.2487126513952067,0.2487126513952067
0.24787576502604672,0.24787576502604672
0.24703539426642235,0.24703539426642235
0.2461915696020826,0.2461915696020826
0.24534432168044903,0.24534432168044903
0.24449368131174018,0.24449368131174018
0.2436396794701244,0.2436396794701244
0.24278234729486511,0.24278234729486511
0.24192171609149846,0.24192171609149846
0.2410578173329949,0.2410578173329949
0.2401906826609575,0.2401906826609575
0.23932034388681117,0.23932034388681117
0.23844683299301542,0.23844683299301542
0.2375701821342765,0.2375701821342765
0.23669042363878565,0.23669042363878565
0.23580759000945142,0.23580759000945142
0.23492171392516037,0.23492171392516037
0.23403282824203003,0.23403282824203003
0.23314096599469591,0.23314096599469591
0.2322461603975879,0.2322461603975879
0.23134844484623673,0.23134844484623673
0.23044785291857778,0.23044785291857778
0.22954441837628,0.22954441837628
0.22863817516607288,0.22863817516607288
0.2277291574211047,0.2277291574211047
0.22681739946228824,0.22681739946228824
0.22590293579968565,0.22590293579968565
0.22498580113388356,0.22498580113388356
0.22406603035739814,0.22406603035739814
0.22314365855607943,0.22314365855607943
0.22221872101054252,0.22221872101054252
0.22129125319759668,0.22129125319759668
0.2203612907917033,0.2203612907917033
0.21942886966643382,0.21942886966643382
0.21849402589595543,0.21849402589595543
0.21755679575651504,0.21755679575651504
0.2166172157279527,0.2166172157279527
0.21567532249521482,0.21567532249521482
0.21473115294989784,0.21473115294989784
0.21378474419178634,0.21378474419178634
0.2128361335304313,0.2128361335304313
0.2118853584867138,0.2118853584867138
0.21093245679445083,0.21093245679445083
0.20997746640200238,0.20997746640200238
0.20902042547389177,0.20902042547389177
0.20806137239244896,0.20806137239244896
0.2071003457594693,0.2071003457594693
0.20613738439788365,0.20613738439788365
0.20517252735344507,0.20517252735344507
0.20420581389643438,0.20420581389643438
0.20323728352338538,0.20323728352338538
0.20226697595882112,0.20226697595882112
0.20129493115700411,0.20129493115700411
0.20032118930371312,0.20032118930371312
0.1993457908180346,0.1993457908180346
0.19836877635416636,0.19836877635416636
0.19739018680324247,0.19739018680324247
0.19641006329517527,0.19641006329517527
0.19542844720051994,0.19542844720051994
0.19444538013235438,0.19444538013235438
0.19346090394816984,0.19346090394816984
0.19247506075179252,0.19247506075179252
0.1914878928953238,0.1914878928953238
0.19049944298108934,0.19049944298108934
0.1895097538636133,0.1895097538636133
0.18851886865161538,0.18851886865161538
0.18752683071002813,0.18752683071002813
0.18653368366202594,0.18653368366202594
0.18553947139108168,0.18553947139108168
0.1845442380430434,0.1845442380430434
0.18354802802823325,0.18354802802823325
0.18255088602356268,0.18255088602356268
0.18155285697467158,0.18155285697467158
0.18055398609809156,0.18055398609809156
0.17955431888342743,0.17955431888342743
0.17855390109556815,0.17855390109556815
0.1775527787769058,0.1775527787769058
0.17655099824959344,0.17655099824959344
0.17554860611781645,0.17554860611781645
0.1745456492700961,0.1745456492700961
0.17354217488160129,0.17354217488160129
0.1725382304164953,0.1725382304164953
0.1715338636303176,0.1715338636303176
0.17052912257236458,0.17052912257236458
0.1695240555881107,0.1695240555881107
0.16851871132165896,0.16851871132165896
0.16751313871820434,0.16751313871820434
0.16650738702653747,0.16650738702653747
0.16550150580155606,0.16550150580155606
0.16449554490681875,0.16449554490681875
0.16348955451712585,0.16348955451712585
0.16248358512111352,0.16248358512111352
0.16147768752388475,0.16147768752388475
0.16047191284967244,0.16047191284967244
0.1594663125445204,0.1594663125445204
0.15846093837900493,0.15846093837900493
0.15745584245097008,0.15745584245097008
0.15645107718830362,0.15645107718830362
0.15544669535174538,0.15544669535174538
0.1544427500377168,0.1544427500377168
0.15343929468118056,0.15343929468118056
0.1524363830585378,0.1524363830585378
0.15143406929055858,0.15143406929055858
0.15043240784533474,0.15043240784533474
0.14943145354126763,0.14943145354126763
0.14843126155009376,0.14843126155009376
0.14743188739994012,0.14743188739994012
0.14643338697841327,0.14643338697841327
0.14543581653571724,0.14543581653571724
0.14443923268781375,0.14443923268781375
0.14344369241961422,0.14344369241961422
0.1424492530882102,0.1424492530882102
0.14145597242612357,0.14145597242612357
0.14046390854461543,0.14046390854461543
0.13947311993702263,0.13947311993702263
0.13848366548212307,0.13848366548212307
0.13749560444755018,0.13749560444755018
0.13650899649323783,0.13650899649323783
0.13552390167491266,0.13552390167491266
0.1345403804476174,0.1345403804476174
0.1335584936692721,0.1335584936692721
0.1325783026042854,0.1325783026042854
0.13159986892720327,0.13159986892720327
0.1306232547263934,0.1306232547263934
0.1296485225077732,0.1296485225077732
0.12867573519858516,0.12867573519858516
0.1277049561512162,0.1277049561512162
0.12673624914705267,0.12673624914705267
0.12576967840038403,0.12576967840038403
0.12480530856234896,0.12480530856234896
0.1238432047249397,0.1238432047249397
0.12288343242503215,0.12288343242503215
0.12192605764847467,0.12192605764847467
0.12097114683422429,0.12097114683422429
0.12001876687853259,0.12001876687853259
0.11906898513916966,0.11906898513916966
0.11812186943971423,0.11812186943971423
0.11717748807387386,0.11717748807387386
0.11623590980987437,0.11623590980987437
0.11529720389489219,0.11529720389489219
0.11436144005954234,0.11436144005954234
0.11342868852241048,0.11342868852241048
0.11249901999464951,0.11249901999464951
0.11157250568463198,0.11157250568463198
0.11064921730264803,0.11064921730264803
0.10972922706565985,0.10972922706565985
0.10881260770212627,0.10881260770212627
0.10789943245687258,0.10789943245687258
0.10698977509602534,0.10698977509602534
0.10608370991200074,0.10608370991200074
0.10518131172855623,0.10518131172855623
0.10428265590591163,0.10428265590591163
0.10338781834592063,0.10338781834592063
0.1024968754973057,0.1024968754973057
0.10160990436096405,0.10160990436096405
0.1007269824953398,0.1007269824953398
0.0998481880218556,0.0998481880218556
0.09897359963040474,0.09897359963040474
0.09810329658493061,0.09810329658493061
0.09723735872906314,0.09723735872906314
0.09637586649181912,0.09637586649181912
0.09551890089338644,0.09551890089338644
0.09466654355096919,0.09466654355096919
0.09381887668471986,0.09381887668471986
0.09297598312372869,0.09297598312372869
0.09213794631209841,0.09213794631209841
0.0913048503150949,0.0913048503150949
0.0904767798253746,0.0904767798253746
0.08965382016929191,0.08965382016929191
0.08883605731327905,0.08883605731327905
0.08802357787031725,0.08802357787031725
0.08721646910648709,0.08721646910648709
0.08641481894760408,0.08641481894760408
0.08561871598592888,0.08561871598592888
0.08482824948697644,0.08482824948697644
0.0840435093964137,0.0840435093964137
0.08326458634703524,0.08326458634703524
0.08249157166583417,0.08249157166583417
0.08172455738116739,0.08172455738116739
0.08096363623001701,0.08096363623001701
0.0802089016653404,0.0802089016653404
0.07946044786351317,0.07946044786351317
0.07871836973187728,0.07871836973187728
0.07798276291639454,0.07798276291639454
0.07725372380938443,0.07725372380938443
0.07653134955737376,0.07653134955737376
0.0758157380690486,0.0758157380690486
0.07510698802332061,0.07510698802332061
0.07440519887748824,0.07440519887748824
0.07371047087550815,0.07371047087550815
0.07302290505638685,0.07302290505638685
0.07234260326268493,0.07234260326268493
0.07166966814912093,0.07166966814912093
0.07100420319130821,0.07100420319130821
0.07034631269460005,0.07034631269460005
0.06969610180306678,0.06969610180306678
0.06905367650858145,0.06905367650858145
0.06841914366003335,0.06841914366003335
0.06779261097267698,0.06779261097267698
0.06717418703760136,0.06717418703760136
0.06656398133132989,0.06656398133132989
0.06596210422555655,0.06596210422555655
0.06536866699701008,0.06536866699701008
0.06478378183747169,0.06478378183747169
0.06420756186391448,0.06420756186391448
0.06364012112878817,0.06364012112878817
0.06308157463045647,0.06308157463045647
0.06253203832377932,0.06253203832377932
0.06199162913083852,0.06199162913083852
0.06146046495181347,0.06146046495181347
0.06093866467602166,0.06093866467602166
0.06042634819311241,0.06042634819311241
0.05992363640441557,0.05992363640441557
0.05943065123445139,0.05943065123445139
0.05894751564261542,0.05894751564261542
0.05847435363502859,0.05847435363502859
0.05801129027655115,0.05801129027655115
0.05755845170297246,0.05755845170297246
0.0571159651333869,0.0571159651333869
0.05668395888274469,0.05668395888274469
0.05626256237458082,0.05626256237458082
0.05585190615393497,0.05585190615393497
0.055452121900464085,0.055452121900464085
0.05506334244174644,0.05506334244174644
0.05468570176678149,0.05468570176678149
0.05431933503968335,0.05431933503968335
0.05396437861359236,0.05396437861359236
0.05362097004478599,0.05362097004478599
0.05328924810699943,0.05328924810699943
0.052969352805961004,0.052969352805961004
0.052661425394151105,0.052661425394151105
0.05236560838578571,0.05236560838578571
0.052082045572018024,0.052082045572018024
0.05181088203637413,0.05181088203637413
0.05155226417042845,0.05155226417042845
0.051306339689720336,0.051306339689720336
0.05107325764990739,0.05107325764990739
0.05085316846316653,0.05085316846316653
0.05064622391485539,0.05064622391485539
0.050452577180434284,0.050452577180434284
0.05027238284264137,0.05027238284264137
0.05010579690893516,0.05010579690893516
0.04995297682921676,0.04995297682921676
0.049814081513834624,0.049814081513834624
0.04968927135185699,0.04968927135185699
0.04957870822964106,0.04957870822964106
0.04948255554969882,0.04948255554969882
0.04940097824986209,0.04940097824986209
0.04933414282274967,0.04933414282274967
0.049282217335539974,0.049282217335539974
0.04924537145007267,0.04924537145007267
0.04922377644327331,0.04922377644327331
0.04921760522789977,0.04921760522789977
0.04922703237362055,0.04922703237362055
0.049252234128450506,0.049252234128450506
0.04929338844053207,0.04929338844053207
0.04935067498026337,0.04935067498026337
0.04942427516279441,0.04942427516279441
0.049514372170897256,0.049514372170897256
0.049621150978215414,0.049621150978215414
0.049744798372886305,0.049744798372886305
0.04988550298157797,0.04988550298157797
0.0500434552938994,0.0500434552938994
0.050218847687239714,0.050218847687239714
0.050411874452030214,0.050411874452030214
0.05062273181740962,0.05062273181740962
0.05085161797733429,0.05085161797733429
0.05109873311714275,0.05109873311714275
0.05136427944055765,0.05136427944055765
0.05164846119715936,0.05164846119715936
0.051951484710315146,0.051951484710315146
0.052273558405609814,0.052273558405609814
0.05261489283976164,0.05261489283976164
0.052975700730028205,0.052975700730028205
0.053356196984131805,0.053356196984131805
0.05375659873070795,0.05375659873070795
0.05417712535029348,0.05417712535029348
0.054617998506847155,0.054617998506847155
0.055079442179825716,0.055079442179825716
0.05556168269684139,0.05556168269684139
0.056064948766897896,0.056064948766897896
0.05658947151420701,0.05658947151420701
0.057135484512611225,0.057135484512611225
0.05770322382064104,0.05770322382064104
0.05829292801719708,0.05829292801719708
0.05890483823786553,0.05890483823786553
0.05953919821191069,0.05953919821191069
0.060196254299926734,0.060196254299926734
0.06087625553219715,0.06087625553219715
0.061579453647744906,0.061579453647744906
0.06230610313409661,0.06230610313409661
0.06305646126779811,0.06305646126779811
0.06383078815568502,0.06383078815568502
0.06462934677690114,0.06462934677690114
0.06545240302571796,0.06545240302571796
0.06630022575516066,0.06630022575516066
0.0671730868214561,0.0671730868214561
0.06807126112931396,0.06807126112931396
0.06899502667807197,0.06899502667807197
0.06994466460872732,0.06994466460872732
0.0709204592518675,0.0709204592518675
0.07192269817651846,0.07192269817651846
0.0729516722399287,0.0729516722399287
0.07400767563833491,0.07400767563833491
0.07509100595871217,0.07509100595871217
0.07620196423152015,0.07620196423152015
0.0773408549844921,0.0773408549844921
0.07850798629748919,0.07850798629748919
0.07970366985843579,0.07970366985843579
0.08092822102035735,0.08092822102035735
0.08218195885956149,0.08218195885956149
0.08346520623497847,0.08346520623497847
0.08477828984870342,0.08477828984870342
0.08612154030775634,0.08612154030775634
0.08749529218707167,0.08749529218707167
0.0888998840937988,0.0888998840937988
0.09033565873290972,0.09033565873290972
0.09180296297413647,0.09180296297413647
0.09330214792029341,0.09330214792029341
0.09483356897701793,0.09483356897701793
0.09639758592395876,0.09639758592395876
0.0979945629874441,0.0979945629874441
0.09962486891466941,0.09962486891466941
0.10128887704944567,0.10128887704944567
0.1029869654095597,0.1029869654095597
0.10471951676576263,0.10471951676576263
0.10648691872243149,0.10648691872243149
0.10828956379997977,0.10828956379997977
0.11012784951902835,0.11012784951902835
0.11200217848638823,0.11200217848638823
0.11391295848289605,0.11391295848289605
0.11586060255320098,0.11586060255320098
0.11784552909746375,0.11784552909746375
0.1198681619651199,0.1198681619651199
0.12192893055065741,0.12192893055065741
0.1240282698915641,0.1240282698915641
0.12616662076843418,0.12616662076843418
0.1283444298073176,0.1283444298073176
0.13056214958434917,0.13056214958434917
0.13282023873276866,0.13282023873276866
0.13511916205235347,0.13511916205235347
0.1374593906213404,0.1374593906213404
0.13984140191090233,0.13984140191090233
0.14226567990226321,0.14226567990226321
0.14473271520653125,0.14473271520653125
0.1472430051872852,0.1472430051872852
0.14979705408602603,0.14979705408602603
0.15239537315057564,0.15239537315057564
0.15503848076649604,0.15503848076649604
0.1577269025916014,0.1577269025916014
0.16046117169367544,0.16046117169367544
0.16324182869147053,0.16324182869147053
0.1660694218991044,0.1660694218991044
0.1689445074739194,0.1689445074739194
0.17186764956791445,0.17186764956791445
0.17483942048289017,0.17483942048289017
0.17786040082937687,0.17786040082937687
0.1809311796894581,0.1809311796894581
0.18405235478361856,0.18405235478361856
0.18722453264175207,0.18722453264175207
0.1904483287784224,0.1904483287784224
0.19372436787251687,0.19372436787251687
0.19705328395143049,0.19705328395143049
0.20043572057991227,0.20043572057991227
0.20387233105374772,0.20387233105374772
0.207363778598359,0.207363778598359
0.21091073657252546,0.21091073657252546
0.21451388867739615,0.21451388867739615
0.2181739291709164,0.2181739291709164
0.22189156308785818,0.22189156308785818
0.22566750646563388,0.22566750646563388
0.22950248657608185,0.22950248657608185
0.23339724216339858,0.23339724216339858
0.23735252368843662,0.23735252368843662
0.24136909357953157,0.24136909357953157
0.2454477264901288,0.2454477264901288
0.2495892095633994,0.2495892095633994
0.2537943427040565,0.2537943427040565
0.2580639388576412,0.2580639388576412
0.2623988242975144,0.2623988242975144
0.26679983891982506,0.26679983891982506
0.27126783654667963,0.27126783654667963
0.2758036852378337,0.2758036852378337
0.28040826761118876,0.28040826761118876
0.2850824811723719,0.2850824811723719
0.28982723865372617,0.28982723865372617
0.294643468363036,0.294643468363036
0.2995321145423131,0.2995321145423131
0.3044941377370148,0.3044941377370148
0.30953051517606206,0.30953051517606206
0.3146422411629912,0.3146422411629912
0.319830327478689,0.319830327478689
0.32509580379612174,0.32509580379612174
0.33043971810745365,0.33043971810745365
0.33586313716403066,0.33586313716403066
0.3413671469296828,0.3413671469296828
0.34695285304784534,0.34695285304784534
0.35262138132302234,0.35262138132302234
0.35837387821707606,0.35837387821707606
0.3642115113609238,0.3642115113609238
0.3701354700822498,0.3701354700822498
0.3761469659497875,0.3761469659497875
0.38224723333483185,0.38224723333483185
0.388437529990608,0.388437529990608
0.3947191376502426,0.3947191376502426
0.4010933626440152,0.4010933626440152
0.40756153653664207,0.40756153653664207
0.41412501678536856,0.41412501678536856
0.4207851874197557,0.4207851874197557
0.42754345974397223,0.42754345974397223
0.4344012730624591,0.4344012730624591
0.4413600954299963,0.4413600954299963
0.44842142442710115,0.44842142442710115
0.4555867879618218,0.4555867879618218
0.46285774509898914,0.46285774509898914
0.4702358869180724,0.4702358869180724
0.4777228374008569,0.4777228374008569
0.4853202543501782,0.4853202543501782
0.49302983034100184,0.49302983034100184
0.5008532937052782,0.5008532937052782
0.5087924095519757,0.5087924095519757
0.5168489808238794,0.5168489808238794
0.5250248493926607,0.5250248493926607
0.5333218971939678,0.5333218971939678
0.5417420474043013,0.5417420474043013
0.550287265661536,0.550287265661536
0.5589595613309912,0.5589595613309912
0.5677609888191779,0.5677609888191779
0.576693648937371,0.576693648937371
0.5857596903173132,0.5857596903173132
0.5949613108813999,0.5949613108813999
0.6043007593699441,0.6043007593699441
0.6137803369282068,0.6137803369282068
0.6234023987559858,0.6234023987559858
0.6331693558227826,0.6331693558227826
0.6430836766516549,0.6430836766516549
0.6531478891751659,0.6531478891751659
0.6633645826668993,0.6633645826668993
0.6737364097522724,0.6737364097522724
0.68426608850259,0.68426608850259
0.6949564046165452,0.6949564046165452
0.7058102136935757,0.7058102136935757
0.7168304436037205,0.7168304436037205
0.7280200969589883,0.7280200969589883
0.739382253691493,0.739382253691493
0.7509200737439571,0.7509200737439571
0.7626367998784742,0.7626367998784742
0.774535760609868,0.774535760609868
0.7866203732703458,0.7866203732703458
0.7988941472125716,0.7988941472125716
0.8113606871586977,0.8113606871586977
0.8240236967034503,0.8240236967034503
0.8368869819798729,0.8368869819798729
0.8499544554968733,0.8499544554968733
0.8632301401582946,0.8632301401582946
0.8767181734739745,0.8767181734739745
0.8904228119739171,0.8904228119739171
0.904348435837428,0.904348435837428
0.9184995537499151,0.9184995537499151
0.9328808080009365,0.9328808080009365
0.9474969798380593,0.9474969798380593
0.9623529950920957,0.9623529950920957
0.9774539300903546,0.9774539300903546
0.9928050178758704,0.9928050178758704
1.0084116547517816,1.0084116547517816
1.0242794071715422,1.0242794071715422
1.0404140189970776,1.0404140189970776
1.0568214191487622,1.0568214191487622
1.0735077296729498,1.0735077296729498
1.0904792742547003,1.0904792742547003
1.1077425872054802,1.1077425872054802
1.1253044229580893,1.1253044229580893
1.1431717661035872,1.1431717661035872
1.1613518420078064,1.1613518420078064
1.1798521280480285,1.1798521280480285
1.1986803655139495,1.1986803655139495
1.2178445722206332,1.2178445722206332
1.237353055885205,1.237353055885205
1.2572144283235063,1.2572144283235063
1.2774376205278075,1.2774376205278075
1.2980318986921249,1.2980318986921249
1.3190068812575344,1.3190068812575344
1.3403725570564076,1.3403725570564076
1.3621393046418089,1.3621393046418089
1.3843179128962693,1.3843179128962693
1.4069196030229547,1.4069196030229547
1.4299560520320704,1.4299560520320704
1.4534394178462775,1.4534394178462775
1.4773823661610836,1.4773823661610836
1.5017980992095388,1.5017980992095388
1.5267003865956716,1.5267003865956716
1.5521035983779636,1.5521035983779636
1.5780227406029785,1.5780227406029785
1.6044734935102756,1.6044734935102756
1.631472252653367,1.631472252653367
1.6590361732081949,1.6590361732081949
1.6871832177704666,1.6871832177704666
1.7159322079769979,1.7159322079769979
1.7453028803243082,1.7453028803243082
1.7753159466010695,1.7753159466010695
1.8059931594000673,1.8059931594000673
1.8373573832310202,1.8373573832310202
1.8694326718191618,1.8694326718191618
1.9022443522471235,1.9022443522471235
1.935819116680661,1.935819116680661
1.9701851225140325,1.9701851225140325
2.005372101880134,2.005372101880134
2.0414114815970628,2.0414114815970628
2.078336514768405,2.078336514768405
2.1161824254235526,2.1161824254235526
2.154986567780791,2.154986567780791
2.194788601944706,2.194788601944706
2.2356306881167947,2.2356306881167947
2.2775577017118738,2.2775577017118738
2.320617472141483,2.320617472141483
2.364861048460669,2.364861048460669
2.4103429955900855,2.4103429955900855
2.457121725437981,2.457121725437981
2.505259867977583,2.505259867977583
2.5548246882112418,2.5548246882112418
2.6058885560063336,2.6058885560063336
2.6585294770611814,2.6585294770611814
2.7128316948045894,2.7128316948045894
2.768886374917782,2.768886374917782
2.826792386479054,2.826792386479054
2.886657196580232,2.886657196580232
2.948597898795574,2.948597898795574
3.0127424002872756,3.0127424002872756
3.0792307978579485,3.0792307978579485
3.148216980241185,3.148216980241185
3.2198705028023507,3.2198705028023507
3.2943787922057717,3.2943787922057717
3.3719497533144103,3.3719497533144103
3.452814869758228,3.452814869758228
3.5372329148195103,3.5372329148195103
3.6254944227684716,3.6254944227684716
3.717927115726065,3.717927115726065
3.8149025421415224,3.8149025421415224
3.916844266816113,3.916844266816113
4.024238069170715,4.024238069170715
4.137644771440193,4.137644771440193
4.257716555311316,4.257716555311316
4.38521797144072,4.38521797144072
4.521053361298181,4.521053361298181
4.666303193953533,4.666303193953533
4.822273039862753,4.822273039862753
4.990560853421133,4.990560853421133
5.1731514481683325,5.1731514481683325
5.372552524279045,5.372552524279045
5.591996316940653,5.591996316940653
5.835748955981558,5.835748955981558
6.109604939315796,6.109604939315796
6.421717963770731,6.421717963770731
6.7840866007718645,6.7840866007718645
7.2154322791182075,7.2154322791182075
7.747405019965028,7.747405019965028
8.440167229290351,8.440167229290351
9.432086241535998,9.432086241535998
11.190129139175296,11.190129139175296
