-7.001016508763895,-7.001016508763895
-6.989515819725242,-6.989515819725242
-6.946544041913211,-6.946544041913211
-6.892027069293771,-6.892027069293771
-6.8303980383352885,-6.8303980383352885
-6.763767986949397,-6.763767986949397
-6.693381323889061,-6.693381323889061
-6.62006035832142,-6.62006035832142
-6.544389290743098,-6.544389290743098
-6.466804583572952,-6.466804583572952
-6.387644646783622,-6.387644646783622
-6.307179452229334,-6.307179452229334
-6.225629294776312,-6.225629294776312
-6.1431772600488275,-6.1431772600488275
-6.059977835818974,-6.059977835818974
-5.976163052125191,-5.976163052125191
-5.891846977822505,-5.891846977822505
-5.807129089280061,-5.807129089280061
-5.722096844116467,-5.722096844116467
-5.636827681471347,-5.636827681471347
-5.5513906001278315,-5.5513906001278315
-5.465847420270361,-5.465847420270361
-5.380253804357621,-5.380253804357621
-5.294660091955998,-5.294660091955998
-5.2091119890407,-5.2091119890407
-5.123651142125318,-5.123651142125318
-5.038315620281048,-5.038315620281048
-4.9531403227764015,-4.9531403227764015
-4.868157326122164,-4.868157326122164
-4.783396181348306,-4.783396181348306
-4.69888417009675,-4.69888417009675
-4.614646526394853,-4.614646526394853
-4.530706629644335,-4.530706629644335
-4.447086173321325,-4.447086173321325
-4.363805313064918,-4.363805313064918
-4.280882797181954,-4.280882797181954
-4.198336082076001,-4.198336082076001
-4.116181434690089,-4.116181434690089
-4.034434023713389,-4.034434023713389
-3.9531080010252997,-3.9531080010252997
-3.872216574623342,-3.872216574623342
-3.7917720740939487,-3.7917720740939487
-3.7117860095299067,-3.7117860095299067
-3.632269124668825,-3.632269124668825
-3.553231444918563,-3.553231444918563
-3.474682320844501,-3.474682320844501
-3.3966304676165144,-3.3966304676165144
-3.3190840008483184,-3.3190840008483184
-3.242050469206232,-3.242050469206232
-3.165536884117015,-3.165536884117015
-3.089549746863698,-3.089549746863698
-3.014095073323326,-3.014095073323326
-2.9391784165703307,-2.9391784165703307
-2.8648048875430474,-2.8648048875430474
-2.7909791739481866,-2.7909791739481866
-2.7177055575582654,-2.7177055575582654
-2.644987930039677,-2.644987930039677
-2.572829807433966,-2.572829807433966
-2.501234343401492,-2.501234343401492
-2.4302043413249894,-2.4302043413249894
-2.359742265360128,-2.359742265360128
-2.2898502505110065,-2.2898502505110065
-2.220530111800358,-2.220530111800358
-2.151783352597046,-2.151783352597046
-2.0836111721564987,-2.0836111721564987
-2.016014472425248,-2.016014472425248
-1.94899386415334,-1.94899386415334
-1.882549672355858,-1.882549672355858
-1.8166819411592676,-1.8166819411592676
-1.7513904380648873,-1.7513904380648873
-1.6866746576582128,-1.6866746576582128
-1.6225338247896859,-1.6225338247896859
-1.55896689724953,-1.55896689724953
-1.495972567956639,-1.495972567956639
-1.4335492666790222,-1.4335492666790222
-1.3716951613010113,-1.3716951613010113
-1.310408158650327,-1.310408158650327
-1.2496859048960902,-1.2496859048960902
-1.1895257855270034,-1.1895257855270034
-1.1299249249171526,-1.1299249249171526
-1.0708801854852041,-1.0708801854852041
-1.0123881664511503,-1.0123881664511503
-0.9544452021932228,-0.9544452021932228
-0.8970473602060809,-0.8970473602060809
-0.8401904386599304,-0.8401904386599304
-0.7838699635587889,-0.7838699635587889
-0.7280811854946896,-0.7280811854946896
-0.6728190759932279,-0.6728190759932279
-0.6180783234444097,-0.6180783234444097
-0.5638533286113832,-0.5638533286113832
-0.5101381997081438,-0.5101381997081438
-0.4569267470358904,-0.4569267470358904
-0.4042124771661451,-0.4042124771661451
-0.3519885866572533,-0.3519885866572533
-0.30024795528922155,-0.30024795528922155
-0.24898313880021936,-0.24898313880021936
-0.19818636110628052,-0.19818636110628052
-0.14784950598394325,-0.14784950598394325
-0.09796410819359233,-0.09796410819359233
-0.04852134401924927,-0.04852134401924927
0.0004879788016269665,0.0004879788016269665
0.04907343178707409,0.04907343178707409
0.09724497708949881,0.09724497708949881
0.14501297957832485,0.14501297957832485
0.1923882196630707,0.1923882196630707
0.2393819068965433,0.2393819068965433
0.2860056944010865,0.2860056944010865
0.3322716941643327,0.3322716941643327
0.3781924932546955,0.3781924932546955
0.4237811710109448,0.4237811710109448
0.4690513172646341,0.4690513172646341
0.5140170516589677,0.5140170516589677
0.5586930441329273,0.5586930441329273
0.6030945366451615,0.6030945366451615
0.6472373662183324,0.6472373662183324
0.6911379893913846,0.6911379893913846
0.734813508174537,0.734813508174537
0.7782816976099509,0.7782816976099509
0.8215610350497347,0.8215610350497347
0.8646707312727506,0.8646707312727506
0.9076307635722249,0.9076307635722249
0.9504619109578885,0.9504619109578885
0.9931857916292007,0.9931857916292007
1.0358249028903819,1.0358249028903819
1.0784026636935857,1.0784026636935857
1.120943460013814,1.120943460013814
1.1634726932782435,1.1634726932782435
1.206016832093811,1.206016832093811
1.2486034675403213,1.2486034675403213
1.291261372322432,1.291261372322432
1.334020564102848,1.334020564102848
1.3769123733713426,1.3769123733713426
1.419969516240296,1.419969516240296
1.463226172597695,1.463226172597695
1.5067180700936516,1.5067180700936516
1.5504825744870534,1.5504825744870534
1.5945587869357614,1.5945587869357614
1.638987648877661,1.638987648877661
1.6838120552219455,1.6838120552219455
1.7290769766512644,1.7290769766512644
1.7748295919275863,1.7748295919275863
1.8211194311987204,1.8211194311987204
1.8679985314212728,1.8679985314212728
1.9155216051504544,1.9155216051504544
1.9637462241013561,1.9637462241013561
2.012733019062154,2.012733019062154
2.0625458979415137,2.0625458979415137
2.11325228396419,2.11325228396419
2.164923376295685,2.164923376295685
2.2176344356849906,2.2176344356849906
2.271465098071165,2.271465098071165
2.326499719513642,2.326499719513642
2.382827756288262,2.382827756288262
2.4405441845540645,2.4405441845540645
2.4997499646552805,2.4997499646552805
2.5605525558978917,2.5605525558978917
2.6230664885537953,2.6230664885537953
2.6874140009266707,2.6874140009266707
2.753725750597392,2.753725750597392
2.8221416104972175,2.8221416104972175
2.8928115622884714,2.8928115622884714
2.965896701733842,2.965896701733842
3.041570373392225,3.041570373392225
3.1200194552015894,3.1200194552015894
3.2014458174351135,3.2014458174351135
3.2860679853255634,3.2860679853255634
3.374123040572621,3.374123040572621
3.465868804278301,3.465868804278301
3.5615863529848864,3.5615863529848864
3.66158293093278,3.66158293093278
3.7661953360922578,3.7661953360922578
3.8757938758670725,3.8757938758670725
3.9907870118495166,3.9907870118495166
4.111626843307366,4.111626843307366
4.238815618514874,4.238815618514874
4.37291351482372,4.37291351482372
4.514547997039241,4.514547997039241
4.664425155685788,4.664425155685788
4.823343551449543,4.823343551449543
4.992211263157695,4.992211263157695
5.1720670744478925,5.1720670744478925
5.364107069607693,5.364107069607693
5.56971838939721,5.56971838939721
5.790522597654602,5.790522597654602
6.028432149087765,6.028432149087765
6.285725025405311,6.285725025405311
6.565145054952478,6.565145054952478
6.8700393326926825,6.8700393326926825
7.20455056283857,7.20455056283857
7.573893023221983,7.573893023221983
7.984760050614937,7.984760050614937
8.44594640456346,8.44594640456346
8.969337934145202,8.969337934145202
9.571564381588846,9.571564381588846
10.276933184669705,10.276933184669705
11.123060174777276,11.123060174777276
12.172862514779007,12.172862514779007
13.544151355925734,13.544151355925734
15.501353980491947,15.501353980491947
18.890423272490878,18.890423272490878
