-0.15343818112526544,-0.15343818112526544
-0.15039090520373494,-0.15039090520373494
-0.14737397530368218,-0.14737397530368218
-0.14438741130535765,-0.14438741130535765
-0.14143123183027642,-0.14143123183027642
-0.13850545416246646,-0.13850545416246646
-0.13561009447040007,-0.13561009447040007
-0.13274516787759277,-0.13274516787759277
-0.12991068836887498,-0.12991068836887498
-0.12710666908249518,-0.12710666908249518
-0.12433312217966198,-0.12433312217966198
-0.12159005905956893,-0.12159005905956893
-0.11887749018138409,-0.11887749018138409
-0.11619542543917544,-0.11619542543917544
-0.11354387393374912,-0.11354387393374912
-0.11092284413538657,-0.11092284413538657
-0.10833234392028898,-0.10833234392028898
-0.10577238061531766,-0.10577238061531766
-0.10324296098226927,-0.10324296098226927
-0.10074409133779602,-0.10074409133779602
-0.09827577750357405,-0.09827577750357405
-0.09583802491097408,-0.09583802491097408
-0.09343083853790315,-0.09343083853790315
-0.09105422309182283,-0.09105422309182283
-0.08870818283340053,-0.08870818283340053
-0.08639272175024758,-0.08639272175024758
-0.08410784357232885,-0.08410784357232885
-0.08185355166736999,-0.08185355166736999
-0.07962984920470405,-0.07962984920470405
-0.07743673915835095,-0.07743673915835095
-0.07527422417130844,-0.07527422417130844
-0.07314230676920615,-0.07314230676920615
-0.07104098927853335,-0.07104098927853335
-0.06897027380527186,-0.06897027380527186
-0.06693016236647552,-0.06693016236647552
-0.06492065676346134,-0.06492065676346134
-0.06294175867499814,-0.06294175867499814
-0.060993469665198134,-0.060993469665198134
-0.05907579120746534,-0.05907579120746534
-0.05718872458791908,-0.05718872458791908
-0.055332271066172924,-0.055332271066172924
-0.0535064317692464,-0.0535064317692464
-0.05171120774835628,-0.05171120774835628
-0.04994659993037311,-0.04994659993037311
-0.048212609261570595,-0.048212609261570595
-0.04650923653929889,-0.04650923653929889
-0.044836482500835606,-0.044836482500835606
-0.043194347876996574,-0.043194347876996574
-0.041582833311948064,-0.041582833311948064
-0.040001939310942966,-0.040001939310942966
-0.038451666516118276,-0.038451666516118276
-0.03693201535113281,-0.03693201535113281
-0.035442986309698464,-0.035442986309698464
-0.0339845797741282,-0.0339845797741282
-0.03255679613340149,-0.03255679613340149
-0.03115963568463846,-0.03115963568463846
-0.02979309878078333,-0.02979309878078333
-0.028457185660758725,-0.028457185660758725
-0.027151896564991434,-0.027151896564991434
-0.02587723171766184,-0.02587723171766184
-0.024633191292430977,-0.024633191292430977
-0.02341977545994554,-0.02341977545994554
-0.02223698433227793,-0.02223698433227793
-0.021084818021298794,-0.021084818021298794
-0.019963276629040735,-0.019963276629040735
-0.018872360199184538,-0.018872360199184538
-0.01781206875685935,-0.01781206875685935
-0.016782402353550215,-0.016782402353550215
-0.015783360954654886,-0.015783360954654886
-0.014814944530697809,-0.014814944530697809
-0.013877153077841365,-0.013877153077841365
-0.012969986493400261,-0.012969986493400261
-0.012093444699833152,-0.012093444699833152
-0.011247527589287975,-0.011247527589287975
-0.010432235056216427,-0.010432235056216427
-0.009647566935092557,-0.009647566935092557
-0.008893523097251922,-0.008893523097251922
-0.008170103304788793,-0.008170103304788793
-0.0074773074004955056,-0.0074773074004955056
-0.006815135149244771,-0.006815135149244771
-0.0061835863157431725,-0.0061835863157431725
-0.00558266062283813,-0.00558266062283813
-0.005012357837623049,-0.005012357837623049
-0.004472677644828877,-0.004472677644828877
-0.003963619683603655,-0.003963619683603655
-0.003485183675754194,-0.003485183675754194
-0.003037369254863488,-0.003037369254863488
-0.002620176014355378,-0.002620176014355378
-0.002233603580443598,-0.002233603580443598
-0.0018776515264494246,-0.0018776515264494246
-0.001552319426370203,-0.001552319426370203
-0.0012576068176751692,-0.0012576068176751692
-0.0009935131942691276,-0.0009935131942691276
-0.0007600380846618297,-0.0007600380846618297
-0.0005571809132742162,-0.0005571809132742162
-0.00038494117531640915,-0.00038494117531640915
-0.0002433182689232157,-0.0002433182689232157
-0.00013231161630850396,-0.00013231161630850396
-5.1920595159705343e-5,-5.1920595159705343e-5
-2.1445156746031267e-6,-2.1445156746031267e-6
1.7017259044330396e-5,1.7017259044330396e-5
5.565440397913265e-6,5.565440397913265e-6
-3.649919048042364e-5,-3.649919048042364e-5
-0.00010917595883627429,-0.00010917595883627429
-0.0002124640098398921,-0.0002124640098398921
-0.00034636253546643526,-0.00034636253546643526
-0.0005108706853244852,-0.0005108706853244852
-0.0007059875605327717,-0.0007059875605327717
-0.0009317122716561425,-0.0009317122716561425
-0.0011880438580793857,-0.0011880438580793857
-0.0014749812854433233,-0.0014749812854433233
-0.0017925235430520153,-0.0017925235430520153
-0.0021406695944105316,-0.0021406695944105316
-0.002519418271960433,-0.002519418271960433
-0.002928768501159287,-0.002928768501159287
-0.0033687190072863847,-0.0033687190072863847
-0.0038392685882259092,-0.0038392685882259092
-0.004340415936408667,-0.004340415936408667
-0.004872159696604292,-0.004872159696604292
-0.005434498486052736,-0.005434498486052736
-0.006027430895149609,-0.006027430895149609
-0.006650955362219192,-0.006650955362219192
-0.0073050703617856755,-0.0073050703617856755
-0.007989774247109572,-0.007989774247109572
-0.008705065280523684,-0.008705065280523684
-0.00945094178735425,-0.00945094178735425
-0.01022740187501903,-0.01022740187501903
-0.011034443624065844,-0.011034443624065844
-0.011872065039733733,-0.011872065039733733
-0.012740264111525608,-0.012740264111525608
-0.013639038596844025,-0.013639038596844025
-0.014568386283921467,-0.014568386283921467
-0.015528304818151876,-0.015528304818151876
-0.016518791669370883,-0.016518791669370883
-0.01753984435724963,-0.01753984435724963
-0.01859146015967362,-0.01859146015967362
-0.019673636277970558,-0.019673636277970558
-0.02078636974650474,-0.02078636974650474
-0.021929657548857066,-0.021929657548857066
-0.023103496430193163,-0.023103496430193163
-0.02430788301998375,-0.02430788301998375
-0.025542813815603936,-0.025542813815603936
-0.02680828512215685,-0.02680828512215685
-0.028104293020844096,-0.028104293020844096
-0.029430833479712003,-0.029430833479712003
-0.03078790218674904,-0.03078790218674904
-0.032175494685004614,-0.032175494685004614
-0.033593606198432664,-0.033593606198432664
-0.03504223183065795,-0.03504223183065795
-0.03652136632697622,-0.03652136632697622
-0.038031004163350535,-0.038031004163350535
-0.039571139623433324,-0.039571139623433324
-0.0411417665116137,-0.0411417665116137
-0.042742878490714946,-0.042742878490714946
-0.044374468797385686,-0.044374468797385686
-0.046036530232884815,-0.046036530232884815
-0.04772905527592221,-0.04772905527592221
-0.049452036018693794,-0.049452036018693794
-0.051205464050818696,-0.051205464050818696
-0.05298933052221844,-0.05298933052221844
-0.05480362604722868,-0.05480362604722868
-0.05664834077058173,-0.05664834077058173
-0.05852346421545687,-0.05852346421545687
-0.060428985370515595,-0.060428985370515595
-0.06236489252509956,-0.06236489252509956
-0.06433117334884274,-0.06433117334884274
-0.06632781481350115,-0.06632781481350115
-0.06835480308449708,-0.06835480308449708
-0.07041212351522264,-0.07041212351522264
-0.0724997606677959,-0.0724997606677959
-0.07461769820924517,-0.07461769820924517
-0.0767659187776511,-0.0767659187776511
-0.07894440411513225,-0.07894440411513225
-0.08115313477202164,-0.08115313477202164
-0.08339209023635727,-0.08339209023635727
0.9693404219725079,0.9693404219725079
0.7846518500206257,0.7846518500206257
0.5924803921795285,0.5924803921795285
0.3937091427160526,0.3937091427160526
0.1889837013972402,0.1889837013972402
-0.021194760502603494,-0.021194760502603494
-0.23642090322357934,-0.23642090322357934
-0.4563569546279833,-0.4563569546279833
-0.6807149725422255,-0.6807149725422255
-0.9092450604157531,-0.9092450604157531
-1.1417271836064766,-1.1417271836064766
-1.377965280001436,-1.377965280001436
-1.6177828966311898,-1.6177828966311898
-1.8610198763494186,-1.8610198763494186
-2.1075297900005032,-2.1075297900005032
-2.357177909494158,-2.357177909494158
-2.609839583858001,-2.609839583858001
-2.865398919330747,-2.865398919330747
-3.1237476945427702,-3.1237476945427702
-3.3847844586126654,-3.3847844586126654
-3.648413773900298,-3.648413773900298
-3.9145455757793033,-3.9145455757793033
-4.183094625455926,-4.183094625455926
-4.4539800404266705,-4.4539800404266705
-4.727124887781519,-4.727124887781519
-5.002455830640386,-5.002455830640386
