-8.528938571794926,-8.528938571794926
-8.4885995900455,-8.4885995900455
-8.447397411963845,-8.447397411963845
-8.405371069196693,-8.405371069196693
-8.362558269043035,-8.362558269043035
-8.318995434933194,-8.318995434933194
-8.274717745840217,-8.274717745840217
-8.229759174646547,-8.229759174646547
-8.184152525488658,-8.184152525488658
-8.137929470101948,-8.137929470101948
-8.091120583187742,-8.091120583187742
-8.043755376823993,-8.043755376823993
-7.995862333940795,-7.995862333940795
-7.947468940881572,-7.947468940881572
-7.898601719070361,-7.898601719070361
-7.84928625580532,-7.84928625580532
-7.799547234198174,-7.799547234198174
-7.749408462279092,-7.749408462279092
-7.698892901285969,-7.698892901285969
-7.648022693156962,-7.648022693156962
-7.596819187244587,-7.596819187244587
-7.545302966269539,-7.545302966269539
-7.493493871531952,-7.493493871531952
-7.441411027397562,-7.441411027397562
-7.389072865075863,-7.389072865075863
-7.33649714570715,-7.33649714570715
-7.283700982774829,-7.283700982774829
-7.230700863859354,-7.230700863859354
-7.177512671749549,-7.177512671749549
-7.12415170492703,-7.12415170492703
-7.070632697438979,-7.070632697438979
-7.016969838174338,-7.016969838174338
-6.96317678955813,-6.96317678955813
-6.909266705678423,-6.909266705678423
-6.855252249860044,-6.855252249860044
-6.801145611699027,-6.801145611699027
-6.746958523571418,-6.746958523571418
-6.692702276629759,-6.692702276629759
-6.638387736300456,-6.638387736300456
-6.584025357294799,-6.584025357294799
-6.529625198146274,-6.529625198146274
-6.4751969352865055,-6.4751969352865055
-6.420749876671914,-6.420749876671914
-6.366292974972952,-6.366292974972952
-6.3118348403375135,-6.3118348403375135
-6.257383752739898,-6.257383752739898
-6.2029476739264435,-6.2029476739264435
-6.148534258968768,-6.148534258968768
-6.09415086743523,-6.09415086743523
-6.039804574191131,-6.039804574191131
-5.985502179837824,-5.985502179837824
-5.931250220800759,-5.931250220800759
-5.877054979076273,-5.877054979076273
-5.822922491646654,-5.822922491646654
-5.768858559572917,-5.768858559572917
-5.714868756774377,-5.714868756774377
-5.6609584385040606,-5.6609584385040606
-5.607132749528635,-5.607132749528635
-5.553396632021481,-5.553396632021481
-5.499754833177252,-5.499754833177252
-5.446211912556087,-5.446211912556087
-5.3927722491655,-5.3927722491655
-5.339440048287704,-5.339440048287704
-5.286219348060066,-5.286219348060066
-5.233114025816045,-5.233114025816045
-5.180127804193955,-5.180127804193955
-5.127264257020621,-5.127264257020621
-5.074526814976848,-5.074526814976848
-5.021918771051471,-5.021918771051471
-4.969443285790566,-4.969443285790566
-4.917103392348269,-4.917103392348269
-4.864902001345457,-4.864902001345457
-4.812841905542417,-4.812841905542417
-4.760925784331458,-4.760925784331458
-4.709156208055274,-4.709156208055274
-4.657535642156722,-4.657535642156722
-4.606066451165538,-4.606066451165538
-4.554750902527335,-4.554750902527335
-4.503591170280146,-4.503591170280146
-4.452589338583584,-4.452589338583584
-4.401747405105583,-4.401747405105583
-4.351067284271543,-4.351067284271543
-4.300550810380563,-4.300550810380563
-4.250199740593346,-4.250199740593346
-4.200015757796195,-4.200015757796195
-4.150000473345411,-4.150000473345411
-4.100155429696322,-4.100155429696322
-4.050482102920973,-4.050482102920973
-4.000981905118461,-4.000981905118461
-3.951656186721761,-3.951656186721761
-3.902506238704766,-3.902506238704766
-3.8535332946931535,-3.8535332946931535
-3.804738532982636,-3.804738532982636
-3.756123078467943,-3.756123078467943
-3.707688004485902,-3.707688004485902
-3.6594343345757876,-3.6594343345757876
-3.6113630441600546,-3.6113630441600546
-3.563475062148475,-3.563475062148475
-3.515771272468587,-3.515771272468587
-3.4682525155252737,-3.4682525155252737
-3.420919589592227,-3.420919589592227
-3.373773252137911,-3.373773252137911
-3.326814221088614,-3.326814221088614
-3.28004317603103,-3.28004317603103
-3.233460759356798,-3.233460759356798
-3.187067577351273,-3.187067577351273
-3.1408642012287826,-3.1408642012287826
-3.094851168116521,-3.094851168116521
-3.049028981989148,-3.049028981989148
-3.00339811455611,-3.00339811455611
-2.957959006103614,-2.957959006103614
-2.912712066293114,-2.912712066293114
-2.867657674918115,-2.867657674918115
-2.822796182621011,-2.822796182621011
-2.7781279115716373,-2.7781279115716373
-2.733653156109123,-2.733653156109123
-2.689372183348596,-2.689372183348596
-2.64528523375422,-2.64528523375422
-2.6013925216799643,-2.6013925216799643
-2.557694235879514,-2.557694235879514
-2.514190539986583,-2.514190539986583
-2.4708815729669222,-2.4708815729669222
-2.427767449543203,-2.427767449543203
-2.3848482605939454,-2.3848482605939454
-2.342124073527589,-2.342124073527589
-2.299594932632755,-2.299594932632755
-2.2572608594057217,-2.2572608594057217
-2.2151218528560688,-2.2151218528560688
-2.1731778897914134,-2.1731778897914134
-2.131428925082113,-2.131428925082113
-2.089874891906779,-2.089874891906779
-2.0485157019793836,-2.0485157019793836
-2.007351245758735,-2.007351245758735
-1.9663813926410245,-1.9663813926410245
-1.925605991136136,-1.925605991136136
-1.8850248690283706,-1.8850248690283706
-1.8446378335221916,-1.8446378335221916
-1.8044446713735736,-1.8044446713735736
-1.7644451490075126,-1.7644451490075126
-1.7246390126222,-1.7246390126222
-1.6850259882803633,-1.6850259882803633
-1.645605781988225,-1.645605781988225
-1.6063780797625147,-1.6063780797625147
-1.5673425476859337,-1.5673425476859337
-1.5284988319514632,-1.5284988319514632
-1.4898465588958514,-1.4898465588958514
-1.4513853350226273,-1.4513853350226273
-1.4131147470149363,-1.4131147470149363
-1.375034361738483,-1.375034361738483
-1.3371437262348453,-1.3371437262348453
-1.299442367705403,-1.299442367705403
-1.2619297934860947,-1.2619297934860947
-1.2246054910132165,-1.2246054910132165
-1.187468927780425,-1.187468927780425
-1.150519551287141,-1.150519551287141
-1.113756788978464,-1.113756788978464
-1.077180048176768,-1.077180048176768
-1.040788716005054,-1.040788716005054
-1.004582159302194,-1.004582159302194
-0.9685597245301238,-0.9685597245301238
-0.9327207376730762,-0.9327207376730762
-0.89706450412889,-0.89706450412889
-0.8615903085924587,-0.8615903085924587
-0.8262974149313304,-0.8262974149313304
-0.7911850660534895,-0.7911850660534895
-0.7562524837673199,-0.7562524837673199
-0.7214988686337409,-0.7214988686337409
-0.6869233998105058,-0.6869233998105058
-0.6525252348886275,-0.6525252348886275
-0.6183035097208942,-0.6183035097208942
-0.5842573382424278,-0.5842573382424278
-0.5503858122832215,-0.5503858122832215
-0.5166880013725891,-0.5166880013725891
-0.4831629525354474,-0.4831629525354474
-0.44980969008034016,-0.44980969008034016
-0.4166272153791084,-0.4166272153791084
-0.3836145066380981,-0.3836145066380981
-0.3507705186607899,-0.3507705186607899
-0.31809418260172556,-0.31809418260172556
-0.28558440571159543,-0.28558440571159543
-0.2532400710733476,-0.2532400710733476
-0.2210600373291621,-0.2210600373291621
-0.18904313839813394,-0.18904313839813394
-0.15718818318449318,-0.15718818318449318
-0.12549395527618395,-0.12549395527618395
-0.09395921263361479,-0.09395921263361479
-0.0625826872683854,-0.0625826872683854
-0.03136308491178161,-0.03136308491178161
-0.0002990846728249017,-0.0002990846728249017
0.030610661314348534,0.030610661314348534
0.06136752825401343,0.06136752825401343
0.09197291906353175,0.09197291906353175
0.12242826475943247,0.12242826475943247
0.15273502485516186,0.15273502485516186
0.18289468777077983,0.18289468777077983
0.21290877125488994,0.21290877125488994
0.242778822819102,0.242778822819102
0.2725064201853383,0.2725064201853383
0.3020931717463068,0.3020931717463068
0.3315407170394769,0.3315407170394769
0.3608507272349078,0.3608507272349078
0.3900249056372917,0.3900249056372917
0.41906498820258886,0.41906498820258886
0.4479727440696473,0.4479727440696473
0.47674997610721337,0.47674997610721337
0.5053985214767567,0.5053985214767567
0.5339202522115479,0.5339202522115479
0.5623170758124483,0.5623170758124483
0.5905909358608824,0.5905909358608824
0.618743812649487,0.618743812649487
0.6467777238309524,0.6467777238309524
0.6746947250855808,0.6746947250855808
0.7024969108081188,0.7024969108081188
0.7301864148144369,0.7301864148144369
0.75776541106865,0.75776541106865
0.7852361144313014,0.7852361144313014
0.8126007814292466,0.8126007814292466
0.8398617110479126,0.8398617110479126
0.8670212455466176,0.8670212455466176
0.8940817712976763,0.8940817712976763
0.9210457196500355,0.9210457196500355
0.9479155678182157,0.9479155678182157
0.9746938397973638,0.9746938397973638
1.0013831073052528,1.0013831073052528
1.0279859907520954,1.0279859907520954
1.0545051602390692,1.0545051602390692
1.0809433365864916,1.0809433365864916
1.107303292392607,1.107303292392607
1.1335878531239953,1.1335878531239953
1.159799898238639,1.159799898238639
1.1859423623427325,1.1859423623427325
1.2120182363823477,1.2120182363823477
1.2380305688711266,1.2380305688711266
1.2639824671551854,1.2639824671551854
1.2898770987164958,1.2898770987164958
1.3157176925160188,1.3157176925160188
1.3415075403779357,1.3415075403779357
1.3672499984163549,1.3672499984163549
1.392948488505934,1.392948488505934
1.4186064997978893,1.4186064997978893
1.4442275902829438,1.4442275902829438
1.4698153884027811,1.4698153884027811
1.4953735947116642,1.4953735947116642
1.5209059835899146,1.5209059835899146
1.5464164050109985,1.5464164050109985
1.5719087863640495,1.5719087863640495
1.5973871343336925,1.5973871343336925
1.6228555368391193,1.6228555368391193
1.6483181650344076,1.6483181650344076
1.673779275372161,1.673779275372161
1.6992432117326033,1.6992432117326033
1.7247144076203345,1.7247144076203345
1.7501973884310218,1.7501973884310218
1.775696773790381,1.775696773790381
1.8012172799678654,1.8012172799678654
1.8267637223675695,1.8267637223675695
1.8523410180989246,1.8523410180989246
1.8779541886298374,1.8779541886298374
1.9036083625250262,1.9036083625250262
1.9293087782723648,1.9293087782723648
1.9550607872001595,1.9550607872001595
1.9808698564883418,1.9808698564883418
2.0067415722766757,2.0067415722766757
2.0326816428731567,2.0326816428731567
2.0586959020658746,2.0586959020658746
2.0847903125417115,2.0847903125417115
2.110970969415341,2.110970969415341
2.137244103872092,2.137244103872092
2.1636160869283647,2.1636160869283647
2.1900934333133426,2.1900934333133426
2.216682805475913,2.216682805475913
2.243391017720767,2.243391017720767
2.2702250404777753,2.2702250404777753
2.2971920047088807,2.2971920047088807
2.324299206456803,2.324299206456803
2.351554111540023,2.351554111540023
2.3789643603986197,2.3789643603986197
2.406537773095623,2.406537773095623
2.4342823544787366,2.4342823544787366
2.4622062995073377,2.4622062995073377
2.490317998749845,2.490317998749845
2.518626044056663,2.518626044056663
2.547139234414023,2.547139234414023
2.575866581984224,2.575866581984224
2.6048173183378682,2.6048173183378682
2.6340009008838616,2.6340009008838616
2.663427019503081,2.663427019503081
2.693105603391761,2.693105603391761
2.723046828120803,2.723046828120803
2.7532611229173547,2.7532611229173547
2.783759178175184,2.783759178175184
2.814551953200502,2.814551953200502
2.8456506842000744,2.8456506842000744
2.877066892518615,2.877066892518615
2.908812393132609,2.908812393132609
2.940899303407917,2.940899303407917
2.973340052128648,2.973340052128648
3.0061473888049686,3.0061473888049686
3.0393343932677346,3.0393343932677346
3.0729144855579418,3.0729144855579418
3.1069014361192533,3.1069014361192533
3.1413093763019777,3.1413093763019777
3.176152809187112,3.176152809187112
3.211446620739245,3.211446620739245
3.2472060912972722,3.2472060912972722
3.2834469074121526,3.2834469074121526
3.320185174041052,3.320185174041052
3.3574374271074903,3.3574374271074903
3.3952206464372696,3.3952206464372696
3.4335522690802174,3.4335522690802174
3.4724502030279427,3.4724502030279427
3.5119328413380737,3.5119328413380737
3.552019076675614,3.552019076675614
3.592728316282322,3.592728316282322
3.6340804973852294,3.6340804973852294
3.676096103055627,3.676096103055627
3.7187961785301153,3.7187961785301153
3.762202348005523,3.762202348005523
3.80633683191977,3.80633683191977
3.851222464730951,3.851222464730951
3.8968827132072077,3.8968827132072077
3.94334169524019,3.94334169524019
3.9906241991951483,3.9906241991951483
4.038755703810988,4.038755703810988
4.087762398663843,4.087762398663843
4.1376712052080284,4.1376712052080284
4.188509798408457,4.188509798408457
4.24030662897893,4.24030662897893
4.293090946240928,4.293090946240928
4.346892821617863,4.346892821617863
4.4017431727800105,4.4017431727800105
4.457673788455605,4.457673788455605
4.514717353923924,4.514717353923924
4.572907477206449,4.572907477206449
4.632278715972472,4.632278715972472
4.692866605175862,4.692866605175862
4.754707685440001,4.754707685440001
4.817839532208154,4.817839532208154
4.882300785676944,4.882300785676944
4.948131181530831,4.948131181530831
5.0153715824959,5.0153715824959
5.084064010731489,5.084064010731489
5.154251681078636,5.154251681078636
5.2259790351845234,5.2259790351845234
5.299291776522583,5.299291776522583
5.374236906328123,5.374236906328123
5.450862760469782,5.450862760469782
5.5292190472774445,5.5292190472774445
5.609356886347558,5.609356886347558
5.691328848347222,5.691328848347222
5.775188995838725,5.775188995838725
5.8609929251466015,5.8609929251466015
5.94879780928963,5.94879780928963
6.038662442000603,6.038662442000603
6.1306472828570335,6.1306472828570335
8.015104592305658,8.015104592305658
8.005937427628194,8.005937427628194
7.995876762126705,7.995876762126705
7.985349997131173,7.985349997131173
7.97468891848097,7.97468891848097
7.9641677123064625,7.9641677123064625
7.95402298287402,7.95402298287402
7.944465468843869,7.944465468843869
7.93568743803584,7.93568743803584
7.927867628807194,7.927867628807194
7.921174704176986,7.921174704176986
7.915769756729929,7.915769756729929
7.911808181990569,7.911808181990569
7.90944111700002,7.90944111700002
7.908816570837069,7.908816570837069
7.910080331508984,7.910080331508984
7.913376707083325,7.913376707083325
7.918849141727811,7.918849141727811
7.926640735864206,7.926640735864206
7.9368946918191305,7.9368946918191305
7.949754700897859,7.949754700897859
7.965365283927715,7.965365283927715
7.983872094510135,7.983872094510135
8.005422192159093,8.005422192159093
8.030164290965615,8.030164290965615
8.058248988268499,8.058248988268499
8.089828976925132,8.089828976925132
8.125059244091588,8.125059244091588
8.164097258888209,8.164097258888209
8.20710315090614,8.20710315090614
8.254239881177527,8.254239881177527
8.305673406964901,8.305673406964901
8.361572841510554,8.361572841510554
8.4221106097119,8.4221106097119
8.487462600546595,8.487462600546595
8.55780831695386,8.55780831695386
8.63333102378185,8.63333102378185
8.714217894330359,8.714217894330359
8.800660155950986,8.800660155950986
8.892853235111133,8.892853235111133
8.990996902279882,8.990996902279882
9.095295416954759,9.095295416954759
9.205957673113645,9.205957673113645
9.323197345347147,9.323197345347147
