-8.563930224820318,-8.563930224820318
-8.530628942947333,-8.530628942947333
-8.496267188010789,-8.496267188010789
-8.460889778683901,-8.460889778683901
-8.424540012937749,-8.424540012937749
-8.387259714521983,-8.387259714521983
-8.34908927821953,-8.34908927821953
-8.310067713901711,-8.310067713901711
-8.270232689409783,-8.270232689409783
-8.229620572288486,-8.229620572288486
-8.18826647039676,-8.18826647039676
-8.146204271420327,-8.146204271420327
-8.103466681310463,-8.103466681310463
-8.060085261672869,-8.060085261672869
-8.016090466130098,-8.016090466130098
-7.971511675680664,-7.971511675680664
-7.92637723307746,-7.92637723307746
-7.880714476247873,-7.880714476247873
-7.834549770777379,-7.834549770777379
-7.787908541478241,-7.787908541478241
-7.740815303064388,-7.740815303064388
-7.693293689953279,-7.693293689953279
-7.645366485215098,-7.645366485215098
-7.59705564868936,-7.59705564868936
-7.548382344288553,-7.548382344288553
-7.499366966508145,-7.499366966508145
-7.4500291661619045,-7.4500291661619045
-7.400387875361129,-7.400387875361129
-7.350461331756085,-7.350461331756085
-7.3002671020575205,-7.3002671020575205
-7.249822104855889,-7.249822104855889
-7.199142632755529,-7.199142632755529
-7.1482443738407,-7.1482443738407
-7.097142432490121,-7.097142432490121
-7.0458513495562745,-7.0458513495562745
-6.994385121925466,-6.994385121925466
-6.942757221474284,-6.942757221474284
-6.890980613437829,-6.890980613437829
-6.839067774204781,-6.839067774204781
-6.787030708554031,-6.787030708554031
-6.7348809663473785,-6.7348809663473785
-6.6826296586924245,-6.6826296586924245
-6.630287473589607,-6.630287473589607
-6.577864691076916,-6.577864691076916
-6.525371197885691,-6.525371197885691
-6.472816501620491,-6.472816501620491
-6.42020974447585,-6.42020974447585
-6.367559716502454,-6.367559716502454
-6.314874868434952,-6.314874868434952
-6.262163324093438,-6.262163324093438
-6.209432892370313,-6.209432892370313
-6.156691078814049,-6.156691078814049
-6.103945096821066,-6.103945096821066
-6.051201878446739,-6.051201878446739
-5.998468084846299,-5.998468084846299
-5.945750116356127,-5.945750116356127
-5.89305412222575,-5.89305412222575
-5.840386010010584,-5.840386010010584
-5.787751454635269,-5.787751454635269
-5.735155907137203,-5.735155907137203
-5.68260460309963,-5.68260460309963
-5.630102570783545,-5.630102570783545
-5.577654638967268,-5.577654638967268
-5.525265444502535,-5.525265444502535
-5.472939439595588,-5.472939439595588
-5.420680898821653,-5.420680898821653
-5.368493925880934,-5.368493925880934
-5.31638246010407,-5.31638246010407
-5.264350282714834,-5.264350282714834
-5.212401022857617,-5.212401022857617
-5.160538163397103,-5.160538163397103
-5.108765046497331,-5.108765046497331
-5.057084878987142,-5.057084878987142
-5.005500737518912,-5.005500737518912
-4.954015573527146,-4.954015573527146
-4.902632217993553,-4.902632217993553
-4.851353386024827,-4.851353386024827
-4.800181681249377,-4.800181681249377
-4.749119600038943,-4.749119600038943
-4.698169535561034,-4.698169535561034
-4.647333781667787,-4.647333781667787
-4.596614536626857,-4.596614536626857
-4.546013906699668,-4.546013906699668
-4.495533909572327,-4.495533909572327
-4.445176477644244,-4.445176477644244
-4.3949434611794445,-4.3949434611794445
-4.344836631325366,-4.344836631325366
-4.294857683003851,-4.294857683003851
-4.245008237678851,-4.245008237678851
-4.195289846005262,-4.195289846005262
-4.145703990363204,-4.145703990363204
-4.096252087281844,-4.096252087281844
-4.046935489756887,-4.046935489756887
-3.997755489465566,-3.997755489465566
-3.948713318882976,-3.948713318882976
-3.8998101533034224,-3.8998101533034224
-3.851047112770358,-3.851047112770358
-3.802425263918347,-3.802425263918347
-3.7539456217304292,-3.7539456217304292
-3.705609151214105,-3.705609151214105
-3.657416768999103,-3.657416768999103
-3.609369344859938,-3.609369344859938
-3.5614677031662256,-3.5614677031662256
-3.513712624263572,-3.513712624263572
-3.4661048457878025,-3.4661048457878025
-3.41864506391516,-3.41864506391516
-3.371333934551055,-3.371333934551055
-3.3241720744598386,-3.3241720744598386
-3.2771600623379626,-3.2771600623379626
-3.23029843983287,-3.23029843983287
-3.183587712509793,-3.183587712509793
-3.1370283507686367,-3.1370283507686367
-3.0906207907129826,-3.0906207907129826
-3.0443654349732143,-3.0443654349732143
-2.9982626534856722,-2.9982626534856722
-2.952312784229673,-2.952312784229673
-2.906516133924164,-2.906516133924164
-2.8608729786857228,-2.8608729786857228
-2.81538356464951,-2.81538356464951
-2.7700481085547697,-2.7700481085547697
-2.724866798296368,-2.724866798296368
-2.6798397934438083,-2.6798397934438083
-2.6349672257291186,-2.6349672257291186
-2.5902491995049215,-2.5902491995049215
-2.545685792173968,-2.545685792173968
-2.50127705459133,-2.50127705459133
-2.4570230114404317,-2.4570230114404317
-2.4129236615840077,-2.4129236615840077
-2.3689789783910573,-2.3689789783910573
-2.325188910040792,-2.325188910040792
-2.2815533798045506,-2.2815533798045506
-2.2380722863065805,-2.2380722863065805
-2.1947455037645653,-2.1947455037645653
-2.151572882210725,-2.151572882210725
-2.1085542476942636,-2.1085542476942636
-2.065689402465925,-2.065689402465925
-2.022978125145344,-2.022978125145344
-1.9804201708718754,-1.9804201708718754
-1.9380152714395196,-1.9380152714395196
-1.895763135416546,-1.895763135416546
-1.8536634482503778,-1.8536634482503778
-1.8117158723582547,-1.8117158723582547
-1.7699200472041805,-1.7699200472041805
-1.7282755893626158,-1.7282755893626158
-1.6867820925693473,-1.6867820925693473
-1.6454391277599476,-1.6454391277599476
-1.6042462430961995,-1.6042462430961995
-1.5632029639808298,-1.5632029639808298
-1.522308793060893,-1.522308793060893
-1.4815632102200946,-1.4815632102200946
-1.440965672560335,-1.440965672560335
-1.4005156143727238,-1.4005156143727238
-1.3602124470983052,-1.3602124470983052
-1.320055559278694,-1.320055559278694
-1.2800443164968187,-1.2800443164968187
-1.2401780613079385,-1.2401780613079385
-1.2004561131610856,-1.2004561131610856
-1.1608777683110647,-1.1608777683110647
-1.1214422997211215,-1.1214422997211215
-1.0821489569563825,-1.0821489569563825
-1.042996966068142,-1.042996966068142
-1.0039855294690612,-1.0039855294690612
-0.9651138257993328,-0.9651138257993328
-0.9263810097838385,-0.9263810097838385
-0.8877862120803282,-0.8877862120803282
-0.849328539118616,-0.849328539118616
-0.8110070729308003,-0.8110070729308003
-0.7728208709724709,-0.7728208709724709
-0.7347689659348854,-0.7347689659348854
-0.6968503655480593,-0.6968503655480593
-0.65906405237472,-0.65906405237472
-0.6214089835950479,-0.6214089835950479
-0.5838840907821361,-0.5838840907821361
-0.5464882796680652,-0.5464882796680652
-0.5092204299005008,-0.5092204299005008
-0.4720793947896955,-0.4720793947896955
-0.43506400104577536,-0.43506400104577536
-0.3981730485061757,-0.3981730485061757
-0.3614053098530831,-0.3614053098530831
-0.324759530320729,-0.324759530320729
-0.288234427392372,-0.288234427392372
-0.25182869048679324,-0.25182869048679324
-0.21554098063412072,-0.21554098063412072
-0.17936993014078906,-0.17936993014078906
-0.14331414224342773,-0.14331414224342773
-0.10737219075146526,-0.10737219075146526
-0.07154261967822091,-0.07154261967822091
-0.035823942860250174,-0.035823942860250174
-0.00021464356469423493,-0.00021464356469423493
0.035286825915621496,0.035286825915621496
0.07068204467961198,0.07068204467961198
0.10597262364815976,0.10597262364815976
0.14116020600743687,0.14116020600743687
0.17624646766562768,0.17624646766562768
0.21123311772336872,0.21123311772336872
0.2461218989582365,0.2461218989582365
0.28091458832362504,0.28091458832362504
0.31561299746237276,0.31561299746237276
0.3502189732355069,0.3502189732355069
0.384734398266494,0.384734398266494
0.4191611915013958,0.4191611915013958
0.4535013087853477,0.4535013087853477
0.48775674345579306,0.48775674345579306
0.5219295269529234,0.5219295269529234
0.5560217294477913,0.5560217294477913
0.5900354604885821,0.5900354604885821
0.6239728696655508,0.6239728696655508
0.6578361472951433,0.6578361472951433
0.6916275251238531,0.6916275251238531
0.725349277052374,0.725349277052374
0.7590037198806404,0.7590037198806404
0.7925932140743622,0.7925932140743622
0.82612016455369,0.82612016455369
0.8595870215046703,0.8595870215046703
0.8929962812141741,0.8929962812141741
0.9263504869290073,0.9263504869290073
0.9596522297399448,0.9596522297399448
0.9929041494914511,0.9929041494914511
1.0261089357178854,1.0261089357178854
1.059269328607016,1.059269328607016
1.0923881199917032,1.0923881199917032
1.125468154370639,1.125468154370639
1.1585123299590714,1.1585123299590714
1.1915235997704683,1.1915235997704683
1.2245049727301205,1.2245049727301205
1.2574595148217154,1.2574595148217154
1.2903903502679515,1.2903903502679515
1.3233006627463082,1.3233006627463082
1.3561936966411237,1.3561936966411237
1.3890727583331723,1.3890727583331723
1.4219412175279893,1.4219412175279893
1.4548025086242207,1.4548025086242207
1.4876601321233331,1.4876601321233331
1.5205176560820666,1.5205176560820666
1.553378717609058,1.553378717609058
1.5862470244071125,1.5862470244071125
1.6191263563626737,1.6191263563626737
1.6520205671840549,1.6520205671840549
1.6849335860901047,1.6849335860901047
1.7178694195509912,1.7178694195509912
1.7508321530828745,1.7508321530828745
1.7838259530982867,1.7838259530982867
1.8168550688141125,1.8168550688141125
1.8499238342191107,1.8499238342191107
1.8830366701030026,1.8830366701030026
1.9161980861492098,1.9161980861492098
1.9494126830933907,1.9494126830933907
1.9826851549500109,1.9826851549500109
2.016020291309241,2.016020291309241
2.049422979706564,2.049422979706564
2.0828982080675362,2.0828982080675362
2.1164510672302472,2.1164510672302472
2.1500867535480817,2.1500867535480817
2.183810571575488,2.183810571575488
2.2176279368395373,2.2176279368395373
2.2515443787001352,2.2515443787001352
2.285565543301866,2.285565543301866
2.3196971966204956,2.3196971966204956
2.3539452276073085,2.3539452276073085
2.3883156514345028,2.3883156514345028
2.4228146128449906,2.4228146128449906
2.457448389610049,2.457448389610049
2.492223396098367,2.492223396098367
2.5271461869601337,2.5271461869601337
2.5622234609299404,2.5622234609299404
2.5974620647523445,2.5974620647523445
2.632868997234099,2.632868997234099
2.66845141342713,2.66845141342713
2.7042166289464813,2.7042166289464813
2.7401721244275583,2.7401721244275583
2.7763255501271265,2.7763255501271265
2.812684730672652,2.812684730672652
2.849257669964685,2.849257669964685
2.886052556237127,2.886052556237127
2.923077767280353,2.923077767280353
2.9603418758323077,2.9603418758323077
2.997853655142794,2.997853655142794
3.0356220847163677,3.0356220847163677
3.073656356239347,3.073656356239347
3.1119658796966343,3.1119658796966343
3.1505602896841425,3.1505602896841425
3.1894494519228394,3.1894494519228394
3.2286434699805127,3.2286434699805127
3.2681526922075617,3.2681526922075617
3.307987718893259,3.307987718893259
3.348159409649091,3.348159409649091
3.388678891025973,3.388678891025973
3.429557564372259,3.429557564372259
3.4708071139397116,3.4708071139397116
3.5124395152446777,3.5124395152446777
3.554467043691989,3.554467043691989
3.5969022834692153,3.5969022834692153
3.639758136719145,3.639758136719145
3.6830478329984824,3.6830478329984824
3.7267849390310164,3.7267849390310164
3.770983368763666,3.770983368763666
3.815657393734017,3.815657393734017
3.8608216537581637,3.8608216537581637
3.906491167947872,3.906491167947872
3.95268134606631,3.95268134606631
3.999408000231752,3.999408000231752
4.046687356978934,4.046687356978934
4.094536069687933,4.094536069687933
4.142971231390638,4.142971231390638
4.192010387965153,4.192010387965153
4.241671551728667,4.241671551728667
4.291973215439566,4.291973215439566
4.342934366719811,4.342934366719811
4.394574502908804,4.394574502908804
4.446913646360294,4.446913646360294
4.4999723601939845,4.4999723601939845
4.553771764513898,4.553771764513898
4.608333553105721,4.608333553105721
4.663680010625605,4.663680010625605
4.7198340302932325,4.7198340302932325
4.776819132102136,4.776819132102136
4.834659481560587,4.834659481560587
4.893379908976617,4.893379908976617
4.953005929301026,4.953005929301026
5.013563762542475,5.013563762542475
5.075080354769117,5.075080354769117
5.137583399711422,5.137583399711422
5.2011013609812276,5.2011013609812276
5.265663494922259,5.265663494922259
5.331299874107746,5.331299874107746
5.398041411500996,5.398041411500996
5.4659198852951665,5.4659198852951665
5.5349679644486836,5.5349679644486836
5.605219234933222,5.605219234933222
5.67670822671131,5.67670822671131
5.749470441461118,5.749470441461118
5.823542381066171,5.823542381066171
5.898961576888165,5.898961576888165
5.975766619841355,5.975766619841355
6.05399719128732,6.05399719128732
6.133694094769314,6.133694094769314
6.214899288605661,6.214899288605661
6.297655919362132,6.297655919362132
6.382008356223492,6.382008356223492
6.468002226284832,6.468002226284832
6.555684450783671,6.555684450783671
6.645103282294147,6.645103282294147
6.736308342905012,6.736308342905012
6.829350663403576,6.829350663403576
6.924282723488037,6.924282723488037
7.021158493031107,7.021158493031107
7.120033474418236,7.120033474418236
7.220964745984049,7.220964745984049
7.324011006571155,7.324011006571155
7.429232621235784,7.429232621235784
7.536691668125169,7.536691668125169
7.646451986552021,7.646451986552021
7.758579226291854,7.758579226291854
7.873140898129313,7.873140898129313
7.990206425680231,7.990206425680231
8.109847198516318,8.109847198516318
8.232136626620163,8.232136626620163
8.357150196198381,8.357150196198381
8.484965526881407,8.484965526881407
8.615662430338745,8.615662430338745
8.749322970339051,8.749322970339051
8.886031524284864,8.886031524284864
9.02587484625226,9.02587484625226
9.168942131566162,9.168942131566162
11.961284217571126,11.961284217571126
11.93172756685329,11.93172756685329
11.90245807393029,11.90245807393029
11.873768210097452,11.873768210097452
11.845923928937005,11.845923928937005
11.819171650548636,11.819171650548636
11.793743153275816,11.793743153275816
11.769859125773047,11.769859125773047
11.747731825501361,11.747731825501361
11.727567120685517,11.727567120685517
11.709566094631718,11.709566094631718
11.693926331812232,11.693926331812232
11.680842967706667,11.680842967706667
11.670509560098967,11.670509560098967
11.663118823320223,11.663118823320223
11.658863255846992,11.658863255846992
11.65793568392514,11.65793568392514
11.66052973838104,11.66052973838104
11.666840277791248,11.666840277791248
11.677063768248049,11.677063768248049
11.69139862776962,11.69139862776962
11.71004554174999,11.71004554174999
11.733207754579709,11.733207754579709
11.761091341592868,11.761091341592868
11.793905464732267,11.793905464732267
11.83186261472641,11.83186261472641
11.87517884209356,11.87517884209356
11.924073978908202,11.924073978908202
11.97877185295618,11.97877185295618
12.039500495655954,12.039500495655954
12.106492344918827,12.106492344918827
12.179984443952947,12.179984443952947
12.26021863687794,12.26021863687794
12.34744176190077,12.34744176190077
12.441905842707778,12.441905842707778
