-7.001977142205719,-7.001977142205719
-7.041276351377135,-7.041276351377135
-7.036036866811983,-7.036036866811983
-7.0141059419627085,-7.0141059419627085
-6.98167906672977,-6.98167906672977
-6.941706503112626,-6.941706503112626
-6.895927363343899,-6.895927363343899
-6.845490858185866,-6.845490858185866
-6.7912134317751995,-6.7912134317751995
-6.73370505823006,-6.73370505823006
-6.67343867935647,-6.67343867935647
-6.610791591885128,-6.610791591885128
-6.546071666920065,-6.546071666920065
-6.479534774124709,-6.479534774124709
-6.411396816492025,-6.411396816492025
-6.3418423114118,-6.3418423114118
-6.271030674783884,-6.271030674783884
-6.199100928911064,-6.199100928911064
-6.126175299399668,-6.126175299399668
-6.0523620106210565,-6.0523620106210565
-5.977757491202475,-5.977757491202475
-5.9024481373852895,-5.9024481373852895
-5.826511739736768,-5.826511739736768
-5.750018649864027,-5.750018649864027
-5.673032743740616,-5.673032743740616
-5.595612224076104,-5.595612224076104
-5.5178102939576945,-5.5178102939576945
-5.439675726543434,-5.439675726543434
-5.36125335007175,-5.36125335007175
-5.2825844633181385,-5.2825844633181385
-5.2037071934952825,-5.2037071934952825
-5.124656806190601,-5.124656806190601
-5.045465975076165,-5.045465975076165
-4.96616501767394,-4.96616501767394
-4.8867821023156175,-4.8867821023156175
-4.807343430528377,-4.807343430528377
-4.727873398351631,-4.727873398351631
-4.6483947395049405,-4.6483947395049405
-4.568928652853092,-4.568928652853092
-4.48949491622754,-4.48949491622754
-4.410111988346132,-4.410111988346132
-4.330797100311215,-4.330797100311215
-4.251566337949187,-4.251566337949187
-4.172434716073672,-4.172434716073672
-4.093416245603033,-4.093416245603033
-4.014523994335608,-4.014523994335608
-3.9357701420784768,-3.9357701420784768
-3.857166030734413,-3.857166030734413
-3.7787222098739695,-3.7787222098739695
-3.7004484782533966,-3.7004484782533966
-3.6223539216821745,-3.6223539216821745
-3.544446947595028,-3.544446947595028
-3.46673531664106,-3.46673531664106
-3.3892261715660927,-3.3892261715660927
-3.311926063632306,-3.311926063632306
-3.2348409767923063,-3.2348409767923063
-3.1579763498093754,-3.1579763498093754
-3.08133709649567,-3.08133709649567
-3.004927624220792,-3.004927624220792
-2.928751850827005,-2.928751850827005
-2.8528132200728473,-2.8528132200728473
-2.7771147157140486,-2.7771147157140486
-2.7016588743192633,-2.7016588743192633
-2.6264477969080025,-2.6264477969080025
-2.5514831594890506,-2.5514831594890506
-2.4767662225695646,-2.4767662225695646
-2.402297839697767,-2.402297839697767
-2.328078465095556,-2.328078465095556
-2.254108160431477,-2.254108160431477
-2.1803866007790917,-2.1803866007790917
-2.106913079800919,-2.106913079800919
-2.0336865141936817,-2.0336865141936817
-1.9607054474265038,-1.9607054474265038
-1.88796805279997,-1.88796805279997
-1.8154721358505201,-1.8154721358505201
-1.7432151361214205,-1.7432151361214205
-1.6711941283186258,-1.6711941283186258
-1.5994058228670136,-1.5994058228670136
-1.5278465658798934,-1.5278465658798934
-1.4565123385521974,-1.4565123385521974
-1.385398755985422,-1.385398755985422
-1.3145010654501303,-1.3145010654501303
-1.2438141440896702,-1.2438141440896702
-1.1733324960666605,-1.1733324960666605
-1.1030502491517573,-1.1030502491517573
-1.0329611507522152,-1.0329611507522152
-0.9630585633757519,-0.9630585633757519
-0.8933354595233024,-0.8933354595233024
-0.8237844160022111,-0.8237844160022111
-0.7543976076495006,-0.7543976076495006
-0.6851668004527628,-0.6851668004527628
-0.616083344054247,-0.616083344054247
-0.5471381636215311,-0.5471381636215311
-0.47832175106607355,-0.47832175106607355
-0.4096241555886209,-0.4096241555886209
-0.3410349735281724,-0.3410349735281724
-0.27254333748869336,-0.27254333748869336
-0.2041379047152639,-0.2041379047152639
-0.13580684468858553,-0.13580684468858553
-0.0675378259039507,-0.0675378259039507
0.0006819982022737525,0.0006819982022737525
0.06886600421882089,0.06886600421882089
0.13702811466196402,0.13702811466196402
0.2051828148615125,0.2051828148615125
0.2733451708815885,0.2733451708815885
0.34153084853164756,0.34153084853164756
0.40975613352775225,0.40975613352775225
0.47803795286901185,0.47803795286901185
0.5463938974993978,0.5463938974993978
0.6148422463308794,0.6148422463308794
0.683401991710013,0.683401991710013
0.7520928664168507,0.7520928664168507
0.8209353722923463,0.8209353722923463
0.8899508105983815,0.8899508105983815
0.959161314223185,0.959161314223185
1.0285898818543802,1.0285898818543802
1.0982604142521497,1.0982604142521497
1.1681977527664007,1.1681977527664007
1.2384277202539715,1.2384277202539715
1.3089771645656498,1.3089771645656498
1.3798740047874611,1.3798740047874611
1.4511472804371022,1.4511472804371022
1.52282720383431,1.52282720383431
1.594945215883753,1.594945215883753
1.6675340455308598,1.6675340455308598
1.7406277731751183,1.7406277731751183
1.814261898352053,1.814261898352053
1.8884734120246345,1.8884734120246345
1.9633008738576738,1.9633008738576738
2.038784494885139,2.038784494885139
2.1149662260208917,2.1149662260208917
2.191889852908426,2.191889852908426
2.269601097655619,2.269601097655619
2.348147728056745,2.348147728056745
2.4275796749670864,2.4275796749670864
2.50794915856607,2.50794915856607
2.5893108243243144,2.5893108243243144
2.6717218895791914,2.6717218895791914
2.755242301724286,2.755242301724286
2.8399349091316632,2.8399349091316632
2.925865646054729,2.925865646054729
3.013103732904972,3.013103732904972
3.101721893461908,3.101721893461908
3.1917965907637673,3.1917965907637673
3.283408283641882,3.283408283641882
3.3766417061075975,3.3766417061075975
3.471586172082452,3.471586172082452
3.568335908286286,3.568335908286286
3.6669904184708866,3.6669904184708866
3.767654882617427,3.767654882617427
3.870440595214511,3.870440595214511
3.975465447312411,3.975465447312411
4.0828544577228545,4.0828544577228545
4.192740359520567,4.192740359520567
4.305264248924328,4.305264248924328
4.420576304718318,4.420576304718318
4.538836587651377,4.538836587651377
4.660215930762664,4.660215930762664
4.784896933376268,4.784896933376268
4.913075073646119,4.913075073646119
5.044959957092108,5.044959957092108
5.180776721644874,5.180776721644874
5.3207676234297585,5.3207676234297585
5.46519383202401,5.46519383202401
5.614337469407763,5.614337469407763
5.76850393354976,5.76850393354976
5.928024555841768,5.928024555841768
6.093259651840297,6.093259651840297
6.264602037532712,6.264602037532712
6.442481099336957,6.442481099336957
6.627367526219687,6.627367526219687
6.819778837954177,6.819778837954177
7.020285876355889,7.020285876355889
7.229520468680196,7.229520468680196
7.448184527474313,7.448184527474313
7.677060923545302,7.677060923545302
7.917026564674386,7.917026564674386
8.169068241307487,8.169068241307487
8.434301974731445,8.434301974731445
8.713996842323594,8.713996842323594
9.009604586790651,9.009604586790651
9.322796784944325,9.322796784944325
9.65551202284691,9.65551202284691
10.01001650241976,10.01001650241976
10.388982957496452,10.388982957496452
10.795594960874684,10.795594960874684
11.233687125118903,11.233687125118903
11.707937152616504,11.707937152616504
12.224134642287618,12.224134642287618
12.789566761102163,12.789566761102163
13.41358772151611,13.41358772151611
14.108488560435998,14.108488560435998
14.890880239072793,14.890880239072793
15.784003503737914,15.784003503737914
16.821828994928804,16.821828994928804
18.05692637864474,18.05692637864474
19.57722496856521,19.57722496856521
21.547370676889145,21.547370676889145
24.33691146777884,24.33691146777884
29.128101166842935,29.128101166842935
