-7.90976760528199,-7.90976760528199
-7.900718468729041,-7.900718468729041
-7.889794915759531,-7.889794915759531
-7.877072697566382,-7.877072697566382
-7.862624910594242,-7.862624910594242
-7.846522079189674,-7.846522079189674
-7.8288322360501255,-7.8288322360501255
-7.809621000519511,-7.809621000519511
-7.788951654777304,-7.788951654777304
-7.766885217967344,-7.766885217967344
-7.743480518311722,-7.743480518311722
-7.718794263254422,-7.718794263254422
-7.692881107678543,-7.692881107678543
-7.665793720240295,-7.665793720240295
-7.637582847862102,-7.637582847862102
-7.608297378426519,-7.608297378426519
-7.57798440171188,-7.57798440171188
-7.546689268609913,-7.546689268609913
-7.514455648664865,-7.514455648664865
-7.481325585972926,-7.481325585972926
-7.447339553480141,-7.447339553480141
-7.412536505716237,-7.412536505716237
-7.376953930001174,-7.376953930001174
-7.340627896160537,-7.340627896160537
-7.303593104785274,-7.303593104785274
-7.265882934070548,-7.265882934070548
-7.227529485267968,-7.227529485267968
-7.1885636267846795,-7.1885636267846795
-7.149015036962316,-7.149015036962316
-7.108912245568103,-7.108912245568103
-7.068282674029802,-7.068282674029802
-7.027152674445682,-7.027152674445682
-6.985547567399954,-6.985547567399954
-6.943491678613675,-6.943491678613675
-6.901008374460457,-6.901008374460457
-6.858120096375774,-6.858120096375774
-6.814848394188101,-6.814848394188101
-6.771213958399577,-6.771213958399577
-6.727236651443313,-6.727236651443313
-6.682935537943944,-6.682935537943944
-6.638328914007471,-6.638328914007471
-6.593434335565975,-6.593434335565975
-6.548268645802167,-6.548268645802167
-6.5028480016783305,-6.5028480016783305
-6.457187899593642,-6.457187899593642
-6.411303200193379,-6.411303200193379
-6.3652081523530715,-6.3652081523530715
-6.318916416360083,-6.318916416360083
-6.272441086314728,-6.272441086314728
-6.22579471177254,-6.22579471177254
-6.178989318648755,-6.178989318648755
-6.132036429405777,-6.132036429405777
-6.084947082543807,-6.084947082543807
-6.037731851414428,-6.037731851414428
-5.990400862376555,-5.990400862376555
-5.942963812313601,-5.942963812313601
-5.895429985530441,-5.895429985530441
-5.847808270048216,-5.847808270048216
-5.800107173314691,-5.800107173314691
-5.752334837347434,-5.752334837347434
-5.7044990533266935,-5.7044990533266935
-5.656607275654504,-5.656607275654504
-5.608666635496071,-5.608666635496071
-5.56068395381925,-5.56068395381925
-5.512665753947385,-5.512665753947385
-5.464618273640584,-5.464618273640584
-5.416547476720033,-5.416547476720033
-5.368459064249619,-5.368459064249619
-5.32035848528882,-5.32035848528882
-5.272250947230449,-5.272250947230449
-5.224141425736486,-5.224141425736486
-5.176034674284962,-5.176034674284962
-5.127935233340453,-5.127935233340453
-5.079847439160506,-5.079847439160506
-5.031775432249922,-5.031775432249922
-4.9837231654745935,-4.9837231654745935
-4.9356944118462165,-4.9356944118462165
-4.887692771988976,-4.887692771988976
-4.839721681298928,-4.839721681298928
-4.791784416806586,-4.791784416806586
-4.743884103752906,-4.743884103752906
-4.696023721888578,-4.696023721888578
-4.6482061115062905,-4.6482061115062905
-4.600433979215348,-4.600433979215348
-4.552709903467748,-4.552709903467748
-4.505036339844617,-4.505036339844617
-4.457415626111593,-4.457415626111593
-4.409849987051528,-4.409849987051528
-4.362341539082667,-4.362341539082667
-4.3148922946701465,-4.3148922946701465
-4.267504166538521,-4.267504166538521
-4.220178971692721,-4.220178971692721
-4.172918435254651,-4.172918435254651
-4.125724194122452,-4.125724194122452
-4.0785978004591605,-4.0785978004591605
-4.031540725017373,-4.031540725017373
-3.984554360306256,-3.984554360306256
-3.937640023607089,-3.937640023607089
-3.8907989598432886,-3.8907989598432886
-3.8440323443107003,-3.8440323443107003
-3.7973412852737534,-3.7973412852737534
-3.7507268264328806,-3.7507268264328806
-3.704189949268428,-3.704189949268428
-3.6577315752661175,-3.6577315752661175
-3.6113525680289427,-3.6113525680289427
-3.5650537352801903,-3.5650537352801903
-3.5188358307621876,-3.5188358307621876
-3.4726995560351206,-3.4726995560351206
-3.426645562180188,-3.426645562180188
-3.380674451411169,-3.380674451411169
-3.3347867785983456,-3.3347867785983456
-3.288983052708569,-3.288983052708569
-3.2432637381651284,-3.2432637381651284
-3.197629256130936,-3.197629256130936
-3.152079985718416,-3.152079985718416
-3.106616265129333,-3.106616265129333
-3.0612383927277107,-3.0612383927277107
-3.015946628048824,-3.015946628048824
-2.970741192747158,-2.970741192747158
-2.925622271486087,-2.925622271486087
-2.8805900127719397,-2.8805900127719397
-2.835644529734985,-2.835644529734985
-2.7907859008597655,-2.7907859008597655
-2.7460141706671233,-2.7460141706671233
-2.7013293503501346,-2.7013293503501346
-2.6567314183660837,-2.6567314183660837
-2.612220320986518,-2.612220320986518
-2.567795972807317,-2.567795972807317
-2.5234582572206294,-2.5234582572206294
-2.4792070268504474,-2.4792070268504474
-2.4350421039534913,-2.4350421039534913
-2.390963280787001,-2.390963280787001
-2.346970319944966,-2.346970319944966
-2.3030629546642207,-2.3030629546642207
-2.2592408891017746,-2.2592408891017746
-2.2155037985846877,-2.2155037985846877
-2.171851329833692,-2.171851329833692
-2.128283101161747,-2.128283101161747
-2.084798702648596,-2.084798702648596
-2.0413976962923743,-2.0413976962923743
-1.9980796161392291,-1.9980796161392291
-1.9548439683918697,-1.9548439683918697
-1.9116902314978985,-1.9116902314978985
-1.8686178562187274,-1.8686178562187274
-1.8256262656798337,-1.8256262656798337
-1.7827148554030432,-1.7827148554030432
-1.7398829933215016,-1.7398829933215016
-1.6971300197779282,-1.6971300197779282
-1.6544552475067222,-1.6544552475067222
-1.611857961600425,-1.611857961600425
-1.5693374194610175,-1.5693374194610175
-1.5268928507364874,-1.5268928507364874
-1.4845234572430557,-1.4845234572430557
-1.442228412873427,-1.442228412873427
-1.4000068634913814,-1.4000068634913814
-1.3578579268129976,-1.3578579268129976
-1.315780692274761,-1.315780692274761
-1.273774220888784,-1.273774220888784
-1.231837545085329,-1.231837545085329
-1.1899696685427994,-1.1899696685427994
-1.1481695660053357,-1.1481695660053357
-1.1064361830881249,-1.1064361830881249
-1.0647684360705079,-1.0647684360705079
-1.0231652116769463,-1.0231652116769463
-0.9816253668458768,-0.9816253668458768
-0.9401477284864728,-0.9401477284864728
-0.8987310932233006,-0.8987310932233006
-0.8573742271288349,-0.8573742271288349
-0.8160758654437852,-0.8160758654437852
-0.7748347122851635,-0.7748347122851635
-0.7336494403419933,-0.7336494403419933
-0.6925186905585573,-0.6925186905585573
-0.6514410718050526,-0.6514410718050526
-0.6104151605355062,-0.6104151605355062
-0.5694395004327861,-0.5694395004327861
-0.5285126020405321,-0.5285126020405321
-0.4876329423818001,-0.4876329423818001
-0.44679896456421725,-0.44679896456421725
-0.40600907737140646,-0.40600907737140646
-0.3652616548404429,-0.3652616548404429
-0.3245550358250743,-0.3245550358250743
-0.2838875235444325,-0.2838875235444325
-0.24325738511693662,-0.24325738511693662
-0.20266285107908344,-0.20266285107908344
-0.16210211488879597,-0.16210211488879597
-0.12157333241299004,-0.12157333241299004
-0.08107462139899935,-0.08107462139899935
-0.04060406092948627,-0.04060406092948627
-0.00015969086044483134,-0.00015969086044483134
0.040260488758112056,0.040260488758112056
0.0806585182792064,0.0806585182792064
0.12103647907413677,0.12103647907413677
0.16139649416636948,0.16139649416636948
0.2017407288845603,0.2017407288845603
0.24207139153521195,0.24207139153521195
0.28239073409548554,0.28239073409548554
0.3227010529267129,0.3227010529267129
0.363004689509173,0.363004689509173
0.4033040311987203,0.4033040311987203
0.4436015120058788,0.4436015120058788
0.483899613398034,0.483899613398034
0.5242008651253879,0.5242008651253879
0.5645078460713615,0.5645078460713615
0.6048231851281626,0.6048231851281626
0.6451495620982609,0.6451495620982609
0.6854897086225451,0.6854897086225451
0.7258464091359674,0.7258464091359674
0.7662225018515093,0.7662225018515093
0.8066208797733424,0.8066208797733424
0.8470444917400887,0.8470444917400887
0.887496343499123,0.887496343499123
0.927979498812894,0.927979498812894
0.9684970805982889,0.9684970805982889
1.0090522721000967,1.0090522721000967
1.0496483180996765,1.0496483180996765
1.0902885261599753,1.0902885261599753
1.1309762679080906,1.1309762679080906
1.1717149803566211,1.1717149803566211
1.2125081672650877,1.2125081672650877
1.253359400542779,1.253359400542779
1.2942723216944094,1.2942723216944094
1.3352506433100404,1.3352506433100404
1.3762981506007814,1.3762981506007814
1.4174187029818328,1.4174187029818328
1.4586162357045007,1.4586162357045007
1.4998947615388842,1.4998947615388842
1.5412583725089888,1.5412583725089888
1.5827112416821,1.5827112416821
1.6242576250143168,1.6242576250143168
1.665901863254214,1.665901863254214
1.7076483839066887,1.7076483839066887
1.7495017032591156,1.7495017032591156
1.791466428472018,1.791466428472018
1.8335472597365494,1.8335472597365494
1.8757489925011614,1.8757489925011614
1.918076519769924,1.918076519769924
1.960534834475061,1.960534834475061
2.003129031926345,2.003129031926345
2.04586431234011,2.04586431234011
2.0887459834507287,2.0887459834507287
2.131779463207504,2.131779463207504
2.1749702825600425,2.1749702825600425
2.2183240883352653,2.2183240883352653
2.2618466462093556,2.2618466462093556
2.3055438437780205,2.3055438437780205
2.349421693728594,2.349421693728594
2.393486337117618,2.393486337117618
2.437744046757656,2.437744046757656
2.482201230717239,2.482201230717239
2.5268644359379655,2.5268644359379655
2.5717403519729105,2.5717403519729105
2.6168358148506443,2.6168358148506443
2.6621578110693127,2.6621578110693127
2.707713481725337,2.707713481725337
2.7535101267815136,2.7535101267815136
2.7995552094793634,2.7995552094793634
2.8458563609008096,2.8458563609008096
2.892421384684378,2.892421384684378
2.9392582619013043,2.9392582619013043
2.9863751560970924,2.9863751560970924
3.0337804185042336,3.0337804185042336
3.0814825934319994,3.0814825934319994
3.12949042383937,3.12949042383937
3.177812857097364,3.177812857097364
3.226459050947238,3.226459050947238
3.275438379661177,3.275438379661177
3.324760440412339,3.324760440412339
3.3744350598613027,3.3744350598613027
3.4244723009661593,3.4244723009661593
3.4748824700237306,3.4748824700237306
3.5256761239495864,3.5256761239495864
3.5768640778047667,3.5768640778047667
3.6284574125773412,3.6284574125773412
3.680467483227162,3.680467483227162
3.732905927002401,3.732905927002401
3.785784672036708,3.785784672036708
3.8391159462360673,3.8391159462360673
3.8929122864646706,3.8929122864646706
3.947186548039405,3.947186548039405
4.001951914542769,4.001951914542769
4.057221907964342,4.057221907964342
4.113010399181177,4.113010399181177
4.169331618787742,4.169331618787742
4.226200168286361,4.226200168286361
4.283631031649366,4.283631031649366
4.341639587264426,4.341639587264426
4.400241620274897,4.400241620274897
4.459453335327249,4.459453335327249
4.519291369738005,4.519291369738005
4.579772807092872,4.579772807092872
4.640915191291127,4.640915191291127
4.702736541048597,4.702736541048597
4.765255364872902,4.765255364872902
4.828490676525022,4.828490676525022
4.892462010981474,4.892462010981474
4.957189440911871,4.957189440911871
5.022693593686877,5.022693593686877
5.0889956689319655,5.0889956689319655
5.156117456642778,5.156117456642778
5.2240813558782095,5.2240813558782095
5.292910394047734,5.292910394047734
5.362628246809896,5.362628246809896
5.4332592585992145,5.4332592585992145
5.504828463799215,5.504828463799215
5.577361608579661,5.577361608579661
5.6508851734164605,5.6508851734164605
5.725426396313148,5.725426396313148
5.801013296743296,5.801013296743296
5.877674700333539,5.877674700333539
5.9554402643074384,5.9554402643074384
6.034340503710789,6.034340503710789
6.114406818439404,6.114406818439404
6.195671521090939,6.195671521090939
6.278167865662665,6.278167865662665
6.361930077117678,6.361930077117678
6.446993381842438,6.446993381842438
6.533394039019005,6.533394039019005
6.621169372935885,6.621169372935885
6.7103578062618014,6.7103578062618014
6.800998894307314,6.800998894307314
6.893133360299623,6.893133360299623
6.986803131696446,6.986803131696446
7.082051377565405,7.082051377565405
7.17892254705583,7.17892254705583
7.2774624089904805,7.2774624089904805
7.377718092605169,7.377718092605169
7.479738129464899,7.479738129464899
7.583572496585604,7.583572496585604
7.6892726607912,7.6892726607912
7.796891624336206,7.796891624336206
7.906483971824795,7.906483971824795
8.018105918457685,8.018105918457685
8.13181535963892,8.13181535963892
8.247671921975178,8.247671921975178
8.365737015700807,8.365737015700807
8.486073888562538,8.486073888562538
8.608747681198276,8.608747681198276
8.733825484045164,8.733825484045164
8.861376395812657,8.861376395812657
8.99147158355703,8.99147158355703
9.124184344394418,9.124184344394418
9.259590168890142,9.259590168890142
9.397766806162693,9.397766806162693
9.538794330741567,9.538794330741567
9.682755211218689,9.682755211218689
9.829734380733939,9.829734380733939
9.979819309336023,9.979819309336023
10.133100078260586,10.133100078260586
10.28966945616824,10.28966945616824
10.449622977385873,10.449622977385873
10.613059022195431,10.613059022195431
10.780078899214962,10.780078899214962
10.95078692991769,10.95078692991769
11.12529053533542,11.12529053533542
11.303700324993544,11.303700324993544
11.486130188125607,11.486130188125607
11.67269738721619,11.67269738721619
11.863522653921741,11.863522653921741
12.058730287419701,12.058730287419701
12.258448255237171,12.258448255237171
12.462808296611179,12.462808296611179
12.671946028433428,12.671946028433428
12.88600105383327,12.88600105383327
13.105117073453515,13.105117073453515
13.329441999474556,13.329441999474556
13.559128072443162,13.559128072443162
16.332977662674217,16.332977662674217
16.286598864927377,16.286598864927377
16.24296605305935,16.24296605305935
16.20235215477612,16.20235215477612
16.16502668196493,16.16502668196493
16.131256995778603,16.131256995778603
16.101309370941273,16.101309370941273
16.075449904469618,16.075449904469618
16.053945302357413,16.053945302357413
16.037063569523042,16.037063569523042
16.025074622371434,16.025074622371434
16.01825083896549,16.01825083896549
16.016867558562634,16.016867558562634
16.0212035398345,16.0212035398345
16.031541385230366,16.031541385230366
16.048167937511536,16.048167937511536
16.071374653371617,16.071374653371617
16.101457958180795,16.101457958180795
16.138719585199482,16.138719585199482
16.183466902052032,16.183466902052032
16.236013226806172,16.236013226806172
16.2966781356408,16.2966781356408
16.365787763792298,16.365787763792298
16.443675101225228,16.443675101225228
16.53068028427582,16.53068028427582
16.627150884348914,16.627150884348914
16.733442194613218,16.733442194613218
16.849917515521522,16.849917515521522
16.976948439887387,16.976948439887387
17.114915138166147,17.114915138166147
17.264206644519028,17.264206644519028
17.42522114417916,17.42522114417916
17.59836626258881,17.59836626258881
