-7.00082834345058,-7.00082834345058
-7.003183449269407,-7.003183449269407
-7.003034516312543,-7.003034516312543
-7.0017812152918015,-7.0017812152918015
-6.999800709697764,-6.999800709697764
-6.997277591909728,-6.997277591909728
-6.994322167655793,-6.994322167655793
-6.991007960466209,-6.991007960466209
-6.987387533680008,-6.987387533680008
-6.9835003554068225,-6.9835003554068225
-6.979377158886243,-6.979377158886243
-6.975042557522961,-6.975042557522961
-6.970516709495121,-6.970516709495121
-6.965816428210985,-6.965816428210985
-6.960955951702342,-6.960955951702342
-6.955947492661459,-6.955947492661459
-6.950801642147947,-6.950801642147947
-6.945527672621813,-6.945527672621813
-6.940133769859739,-6.940133769859739
-6.934627213470803,-6.934627213470803
-6.92901451951039,-6.92901451951039
-6.923301554647605,-6.923301554647605
-6.917493628644434,-6.917493628644434
-6.911595570064959,-6.911595570064959
-6.905611788852179,-6.905611788852179
-6.899546328502277,-6.899546328502277
-6.8934029099122585,-6.8934029099122585
-6.887184968498675,-6.887184968498675
-6.880895685830835,-6.880895685830835
-6.874538016755928,-6.874538016755928
-6.86811471279164,-6.86811471279164
-6.861628342407054,-6.861628342407054
-6.855081308692659,-6.855081308692659
-6.84847586482657,-6.84847586482657
-6.841814127670226,-6.841814127670226
-6.835098089768041,-6.835098089768041
-6.828329629978602,-6.828329629978602
-6.821510522927095,-6.821510522927095
-6.81464244743794,-6.81464244743794
-6.80772699408158,-6.80772699408158
-6.8007656719487715,-6.8007656719487715
-6.793759914748763,-6.793759914748763
-6.78671108631367,-6.78671108631367
-6.779620485579616,-6.779620485579616
-6.772489351105356,-6.772489351105356
-6.765318865180868,-6.765318865180868
-6.7581101575714,-6.7581101575714
-6.750864308936502,-6.750864308936502
-6.743582353958591,-6.743582353958591
-6.736265284211247,-6.736265284211247
-6.728914050793744,-6.728914050793744
-6.721529566755178,-6.721529566755178
-6.714112709328773,-6.714112709328773
-6.706664321994581,-6.706664321994581
-6.699185216386773,-6.699185216386773
-6.691676174059841,-6.691676174059841
-6.684137948126578,-6.684137948126578
-6.676571264779198,-6.676571264779198
-6.668976824703901,-6.668976824703901
-6.661355304398009,-6.661355304398009
-6.653707357397937,-6.653707357397937
-6.646033615425409,-6.646033615425409
-6.63833468945863,-6.63833468945863
-6.630611170734441,-6.630611170734441
-6.62286363168692,-6.62286363168692
-6.615092626827423,-6.615092626827423
-6.607298693570509,-6.607298693570509
-6.599482353009915,-6.599482353009915
-6.591644110648223,-6.591644110648223
-6.583784457083686,-6.583784457083686
-6.57590386865728,-6.57590386865728
-6.568002808062828,-6.568002808062828
-6.560081724922799,-6.560081724922799
-6.552141056332141,-6.552141056332141
-6.54418122737237,-6.54418122737237
-6.536202651597889,-6.536202651597889
-6.52820573149641,-6.52820573149641
-6.5201908589251625,-6.5201908589251625
-6.512158415524477,-6.512158415524477
-6.504108773110175,-6.504108773110175
-6.496042294046116,-6.496042294046116
-6.48795933159814,-6.48795933159814
-6.47986023027055,-6.47986023027055
-6.471745326126189,-6.471745326126189
-6.463614947091127,-6.463614947091127
-6.455469413244834,-6.455469413244834
-6.447309037096725,-6.447309037096725
-6.439134123849857,-6.439134123849857
-6.430944971652495,-6.430944971652495
-6.422741871838282,-6.422741871838282
-6.41452510915561,-6.41452510915561
-6.406294961986802,-6.406294961986802
-6.398051702557681,-6.398051702557681
-6.389795597138038,-6.389795597138038
-6.381526906233463,-6.381526906233463
-6.37324588476905,-6.37324588476905
-6.364952782265356,-6.364952782265356
-6.356647843007041,-6.356647843007041
-6.348331306204554,-6.348331306204554
-6.340003406149239,-6.340003406149239
-6.331664372362165,-6.331664372362165
-6.323314429737018,-6.323314429737018
-6.314953798677328,-6.314953798677328
-6.306582695228338,-6.306582695228338
-6.298201331203729,-6.298201331203729
-6.289809914307504,-6.289809914307504
-6.281408648251215,-6.281408648251215
-6.2729977328667665,-6.2729977328667665
-6.2645773642150235,-6.2645773642150235
-6.256147734690385,-6.256147734690385
-6.2477090331215255,-6.2477090331215255
-6.239261444868481,-6.239261444868481
-6.230805151916234,-6.230805151916234
-6.222340332964966,-6.222340332964966
-6.213867163517106,-6.213867163517106
-6.205385815961335,-6.205385815961335
-6.196896459653672,-6.196896459653672
-6.188399260995765,-6.188399260995765
-6.179894383510495,-6.179894383510495
-6.171381987915044,-6.171381987915044
-6.16286223219148,-6.16286223219148
-6.154335271655016,-6.154335271655016
-6.145801259019999,-6.145801259019999
-6.137260344463735,-6.137260344463735
-6.1287126756882575,-6.1287126756882575
-6.12015839798008,-6.12015839798008
-6.111597654268061,-6.111597654268061
-6.1030305851794155,-6.1030305851794155
-6.094457329093973,-6.094457329093973
-6.085878022196743,-6.085878022196743
-6.077292798528837,-6.077292798528837
-6.068701790036844,-6.068701790036844
-6.060105126620687,-6.060105126620687
-6.0515029361800305,-6.0515029361800305
-6.042895344659301,-6.042895344659301
-6.034282476091352,-6.034282476091352
-6.025664452639852,-6.025664452639852
-6.0170413946404055,-6.0170413946404055
-6.008413420640498,-6.008413420640498
-5.999780647438265,-5.999780647438265
-5.991143190120154,-5.991143190120154
-5.98250116209751,-5.98250116209751
-5.973854675142122,-5.973854675142122
-5.96520383942077,-5.96520383942077
-5.95654876352881,-5.95654876352881
-5.947889554522815,-5.947889554522815
-5.9392263179523335,-5.9392263179523335
-5.930559157890758,-5.930559157890758
-5.921888176965369,-5.921888176965369
-5.913213476386562,-5.913213476386562
-5.904535155976294,-5.904535155976294
-5.895853314195765,-5.895853314195765
-5.8871680481723665,-5.8871680481723665
-5.87847945372593,-5.87847945372593
-5.869787625394283,-5.869787625394283
-5.861092656458141,-5.861092656458141
-5.852394638965362,-5.852394638965362
-5.843693663754569,-5.843693663754569
-5.834989820478186,-5.834989820478186
-5.826283197624878,-5.826283197624878
-5.817573882541435,-5.817573882541435
-5.8088619614541015,-5.8088619614541015
-5.800147519489382,-5.800147519489382
-5.791430640694334,-5.791430640694334
-5.782711408056357,-5.782711408056357
-5.773989903522503,-5.773989903522503
-5.765266208018318,-5.765266208018318
-5.756540401466232,-5.756540401466232
-5.747812562803503,-5.747812562803503
-5.739082769999742,-5.739082769999742
-5.730351100074014,-5.730351100074014
-5.7216176291115435,-5.7216176291115435
-5.712882432280025,-5.712882432280025
-5.704145583845561,-5.704145583845561
-5.695407157188219,-5.695407157188219
-5.686667224817248,-5.686667224817248
-5.677925858385932,-5.677925858385932
-5.66918312870611,-5.66918312870611
-5.660439105762375,-5.660439105762375
-5.651693858725947,-5.651693858725947
-5.642947455968237,-5.642947455968237
-5.634199965074106,-5.634199965074106
-5.625451452854844,-5.625451452854844
-5.61670198536085,-5.61670198536085
-5.607951627894036,-5.607951627894036
-5.599200445019973,-5.599200445019973
-5.590448500579759,-5.590448500579759
-5.581695857701648,-5.581695857701648
-5.572942578812409,-5.572942578812409
-5.5641887256484655,-5.5641887256484655
-5.55543435926679,-5.55543435926679
-5.546679540055557,-5.546679540055557
-5.537924327744601,-5.537924327744601
-5.529168781415621,-5.529168781415621
-5.520412959512215,-5.520412959512215
-5.511656919849658,-5.511656919849658
-5.502900719624534,-5.502900719624534
-5.494144415424118,-5.494144415424118
-5.485388063235614,-5.485388063235614
-5.47663171845517,-5.47663171845517
-5.467875435896741,-5.467875435896741
-5.459119269800746,-5.459119269800746
-5.450363273842575,-5.450363273842575
-5.441607501140924,-5.441607501140924
-5.432852004265954,-5.432852004265954
-5.424096835247303,-5.424096835247303
-5.415342045581929,-5.415342045581929
-5.406587686241816,-5.406587686241816
-5.397833807681517,-5.397833807681517
-5.38908045984556,-5.38908045984556
-5.380327692175708,-5.380327692175708
-5.3715755536180865,-5.3715755536180865
-5.362824092630164,-5.362824092630164
-5.354073357187616,-5.354073357187616
-5.34532339479105,-5.34532339479105
-5.336574252472602,-5.336574252472602
-5.327825976802422,-5.327825976802422
-5.319078613895032,-5.319078613895032
-5.3103322094155585,-5.3103322094155585
-5.301586808585874,-5.301586808585874
-5.292842456190597,-5.292842456190597
-5.284099196583006,-5.284099196583006
-5.275357073690834,-5.275357073690834
-5.266616131021965,-5.266616131021965
-5.257876411670019,-5.257876411670019
-5.249137958319853,-5.249137958319853
-5.240400813252949,-5.240400813252949
-5.231665018352708,-5.231665018352708
-5.2229306151096635,-5.2229306151096635
-5.214197644626589,-5.214197644626589
-5.205466147623523,-5.205466147623523
-5.1967361644427035,-5.1967361644427035
-5.188007735053424,-5.188007735053424
-5.179280899056796,-5.179280899056796
-5.170555695690432,-5.170555695690432
-5.161832163833058,-5.161832163833058
-5.153110342009031,-5.153110342009031
-5.144390268392793,-5.144390268392793
-5.135671980813245,-5.135671980813245
-5.126955516758049,-5.126955516758049
-5.1182409133778535,-5.1182409133778535
-5.1095282074904524,-5.1095282074904524
-5.100817435584872,-5.100817435584872
-5.092108633825397,-5.092108633825397
-5.08340183805552,-5.08340183805552
-5.074697083801836,-5.074697083801836
-5.065994406277864,-5.065994406277864
-5.057293840387812,-5.057293840387812
-5.048595420730282,-5.048595420730282
-5.039899181601912,-5.039899181601912
-5.031205157000961,-5.031205157000961
-5.022513380630829,-5.022513380630829
-5.013823885903538,-5.013823885903538
-5.005136705943141,-5.005136705943141
-4.996451873589081,-4.996451873589081
-4.987769421399507,-4.987769421399507
-4.979089381654522,-4.979089381654522
-4.970411786359395,-4.970411786359395
-4.961736667247704,-4.961736667247704
-4.953064055784461,-4.953064055784461
-4.9443939831691495,-4.9443939831691495
-4.93572648033875,-4.93572648033875
-4.927061577970701,-4.927061577970701
-4.918399306485807,-4.918399306485807
-4.909739696051134,-4.909739696051134
-4.901082776582818,-4.901082776582818
-4.892428577748872,-4.892428577748872
-4.883777128971914,-4.883777128971914
-4.875128459431891,-4.875128459431891
-4.866482598068723,-4.866482598068723
-4.857839573584944,-4.857839573584944
-4.849199414448281,-4.849199414448281
-4.840562148894193,-4.840562148894193
-4.831927804928399,-4.831927804928399
-4.82329641032933,-4.82329641032933
-4.814667992650582,-4.814667992650582
-4.806042579223304,-4.806042579223304
-4.797420197158576,-4.797420197158576
-4.788800873349728,-4.788800873349728
-4.780184634474648,-4.780184634474648
-4.771571506998041,-4.771571506998041
-4.762961517173663,-4.762961517173663
-4.7543546910465215,-4.7543546910465215
-4.745751054455046,-4.745751054455046
-4.737150633033221,-4.737150633033221
-4.728553452212703,-4.728553452212703
-4.719959537224885,-4.719959537224885
-4.711368913102964,-4.711368913102964
-4.702781604683942,-4.702781604683942
-4.6941976366106335,-4.6941976366106335
-4.68561703333362,-4.68561703333362
-4.677039819113193,-4.677039819113193
-4.668466018021262,-4.668466018021262
-4.659895653943237,-4.659895653943237
-4.651328750579892,-4.651328750579892
-4.642765331449191,-4.642765331449191
-4.634205419888103,-4.634205419888103
-4.625649039054378,-4.625649039054378
-4.617096211928313,-4.617096211928313
-4.608546961314482,-4.608546961314482
-4.600001309843452,-4.600001309843452
-4.591459279973467,-4.591459279973467
-4.58292089399212,-4.58292089399212
-4.574386174017995,-4.574386174017995
-4.565855142002288,-4.565855142002288
-4.557327819730411,-4.557327819730411
-4.548804228823567,-4.548804228823567
-4.5402843907403145,-4.5402843907403145
-4.531768326778103,-4.531768326778103
-4.523256058074789,-4.523256058074789
-4.514747605610142,-4.514747605610142
-4.506242990207316,-4.506242990207316
-4.497742232534312,-4.497742232534312
-4.489245353105423,-4.489245353105423
-4.4807523722826454,-4.4807523722826454
-4.4722633102771026,-4.4722633102771026
-4.463778187150409,-4.463778187150409
-4.455297022816055,-4.455297022816055
-4.446819837040751,-4.446819837040751
-4.438346649445762,-4.438346649445762
-4.429877479508227,-4.429877479508227
-4.42141234656246,-4.42141234656246
-4.4129512698012245,-4.4129512698012245
-4.40449426827702,-4.40449426827702
-4.396041360903317,-4.396041360903317
-4.387592566455804,-4.387592566455804
-4.379147903573601,-4.379147903573601
-4.370707390760475,-4.370707390760475
-4.362271046386022,-4.362271046386022
-4.353838888686852,-4.353838888686852
-4.3454109357677435,-4.3454109357677435
-4.336987205602796,-4.336987205602796
-4.328567716036563,-4.328567716036563
-4.320152484785173,-4.320152484785173
-4.311741529437432,-4.311741529437432
-4.303334867455922,-4.303334867455922
-4.294932516178078,-4.294932516178078
-4.286534492817253,-4.286534492817253
-4.278140814463778,-4.278140814463778
-4.269751498085998,-4.269751498085998
-4.2613665605313,-4.2613665605313
-4.252986018527137,-4.252986018527137
-4.244609888682027,-4.244609888682027
-4.236238187486546,-4.236238187486546
-4.2278709313143095,-4.2278709313143095
-4.219508136422947,-4.219508136422947
-4.21114981895505,-4.21114981895505
-4.2027959949391285,-4.2027959949391285
-4.19444668029054,-4.19444668029054
-4.186101890812422,-4.186101890812422
-4.177761642196597,-4.177761642196597
-4.1694259500244835,-4.1694259500244835
-4.161094829767985,-4.161094829767985
-4.152768296790376,-4.152768296790376
-4.144446366347171,-4.144446366347171
-4.1361290535869895,-4.1361290535869895
-4.127816373552408,-4.127816373552408
-4.119508341180806,-4.119508341180806
-4.1112049713051935,-4.1112049713051935
-4.10290627865504,-4.10290627865504
-4.094612277857088,-4.094612277857088
-4.086322983436158,-4.086322983436158
-4.078038409815945,-4.078038409815945
-4.069758571319806,-4.069758571319806
-4.061483482171537,-4.061483482171537
-4.053213156496147,-4.053213156496147
-4.044947608320617,-4.044947608320617
-4.036686851574648,-4.036686851574648
-4.028430900091418,-4.028430900091418
-4.020179767608303,-4.020179767608303
-4.011933467767616,-4.011933467767616
-4.003692014117326,-4.003692014117326
-3.995455420111765,-3.995455420111765
-3.987223699112334,-3.987223699112334
-3.9789968643882023,-3.9789968643882023
-3.970774929116997,-3.970774929116997
-3.962557906385482,-3.962557906385482
-3.9543458091902295,-3.9543458091902295
-3.9461386504382956,-3.9461386504382956
-3.9379364429478696,-3.9379364429478696
-3.9297391994489352,-3.9297391994489352
-3.9215469325839107,-3.9215469325839107
-3.9133596549082887,-3.9133596549082887
-3.905177378891269,-3.905177378891269
-3.897000116916384,-3.897000116916384
-3.888827881282113,-3.888827881282113
-3.8806606842025007,-3.8806606842025007
-3.8724985378077528,-3.8724985378077528
-3.864341454144847,-3.864341454144847
-3.856189445178115,-3.856189445178115
-3.8480425227898345,-3.8480425227898345
-3.8399006987808053,-3.8399006987808053
-3.8317639848709284,-3.8317639848709284
-3.82363239269977,-3.82363239269977
-3.815505933827125,-3.815505933827125
-3.807384619733571,-3.807384619733571
-3.7992684618210224,-3.7992684618210224
-3.7911574714132725,-3.7911574714132725
-3.7830516597565333,-3.7830516597565333
-3.7749510380199696,-3.7749510380199696
-3.7668556172962244,-3.7668556172962244
-3.758765408601945,-3.758765408601945
-3.7506804228782955,-3.7506804228782955
-3.7426006709914756,-3.7426006709914756
-3.7345261637332197,-3.7345261637332197
-3.726456911821303,-3.726456911821303
-3.718392925900036,-3.718392925900036
-3.7103342165407542,-3.7103342165407542
-3.7022807942423115,-3.7022807942423115
-3.6942326694315506,-3.6942326694315506
-3.686189852463788,-3.686189852463788
-3.6781523536232843,-3.6781523536232843
-3.670120183123706,-3.670120183123706
-3.6620933511085934,-3.6620933511085934
-3.6540718676518167,-3.6540718676518167
-3.646055742758027,-3.646055742758027
-3.6380449863631084,-3.6380449863631084
-3.630039608334616,-3.630039608334616
-3.622039618472223,-3.622039618472223
-3.614045026508151,-3.614045026508151
-3.6060558421076,-3.6060558421076
-3.5980720748691803,-3.5980720748691803
-3.5900937343253294,-3.5900937343253294
-3.582120829942733,-3.582120829942733
-3.574153371122738,-3.574153371122738
-3.566191367201765,-3.566191367201765
-3.55823482745171,-3.55823482745171
-3.550283761080351,-3.550283761080351
-3.542338177231742,-3.542338177231742
-3.5343980849866115,-3.5343980849866115
-3.5264634933627477,-3.5264634933627477
-3.51853441131539,-3.51853441131539
-3.5106108477376092,-3.5106108477376092
-3.5026928114606872,-3.5026928114606872
-3.4947803112544924,-3.4947803112544924
-3.486873355827852,-3.486873355827852
-3.478971953828919,-3.478971953828919
-3.471076113845539,-3.471076113845539
-3.463185844405607,-3.463185844405607
-3.455301153977432,-3.455301153977432
-3.4474220509700864,-3.4474220509700864
-3.4395485437337565,-3.4395485437337565
-3.431680640560092,-3.431680640560092
-3.4238183496825516,-3.4238183496825516
-3.41596167927674,-3.41596167927674
-3.4081106374607493,-3.4081106374607493
-3.4002652322954923,-3.4002652322954923
-3.392425471785029,-3.392425471785029
-3.384591363876906,-3.384591363876906
-3.3767629164624697,-3.3767629164624697
-3.3689401373771988,-3.3689401373771988
-3.361123034401012,-3.361123034401012
-3.353311615258593,-3.353311615258593
-3.345505887619702,-3.345505887619702
-3.337705859099482,-3.337705859099482
-3.32991153725877,-3.32991153725877
-3.3221229296043995,-3.3221229296043995
-3.314340043589501,-3.314340043589501
-3.3065628866138046,-3.3065628866138046
-3.2987914660239297,-3.2987914660239297
-3.2910257891136845,-3.2910257891136845
-3.2832658631243516,-3.2832658631243516
-3.275511695244979,-3.275511695244979
-3.2677632926126634,-3.2677632926126634
-3.260020662312832,-3.260020662312832
-3.2522838113795243,-3.2522838113795243
-3.244552746795669,-3.244552746795669
-3.2368274754933557,-3.2368274754933557
-3.2291080043541127,-3.2291080043541127
-3.2213943402091703,-3.2213943402091703
-3.2136864898397315,-3.2136864898397315
-3.2059844599772376,-3.2059844599772376
-3.1982882573036284,-3.1982882573036284
-3.190597888451601,-3.190597888451601
-3.1829133600048722,-3.1829133600048722
-3.175234678498427,-3.175234678498427
-3.167561850418777,-3.167561850418777
-3.1598948822042083,-3.1598948822042083
-3.1522337802450306,-3.1522337802450306
-3.144578550883822,-3.144578550883822
-3.136929200415675,-3.136929200415675
-3.129285735088434,-3.129285735088434
-3.1216481611029407,-3.1216481611029407
-3.114016484613264,-3.114016484613264
-3.106390711726943,-3.106390711726943
-3.098770848505213,-3.098770848505213
-3.091156900963239,-3.091156900963239
-3.0835488750703464,-3.0835488750703464
-3.0759467767502433,-3.0759467767502433
-3.0683506118812502,-3.0683506118812502
-3.0607603862965185,-3.0607603862965185
-3.053176105784252,-3.053176105784252
-3.0455977760879285,-3.0455977760879285
-3.03802540290651,-3.03802540290651
-3.0304589918946676,-3.0304589918946676
-3.022898548662982,-3.022898548662982
-3.015344078778163,-3.015344078778163
-3.007795587763257,-3.007795587763257
-3.0002530810978523,-3.0002530810978523
-2.9927165642182847,-2.9927165642182847
-2.9851860425178423,-2.9851860425178423
-2.977661521346966,-2.977661521346966
-2.970143006013451,-2.970143006013451
-2.962630501782639,-2.962630501782639
-2.9551240138776245,-2.9551240138776245
-2.9476235474794414,-2.9476235474794414
-2.940129107727257,-2.940129107727257
-2.9326406997185672,-2.9326406997185672
-2.92515832850938,-2.92515832850938
-2.917681999114408,-2.917681999114408
-2.9102117165072525,-2.9102117165072525
-2.9027474856205875,-2.9027474856205875
-2.895289311346343,-2.895289311346343
-2.887837198535886,-2.887837198535886
-2.8803911520002026,-2.8803911520002026
-2.8729511765100706,-2.8729511765100706
-2.8655172767962385,-2.8655172767962385
-2.858089457549603,-2.858089457549603
-2.850667723421379,-2.850667723421379
-2.8432520790232707,-2.8432520790232707
-2.8358425289276448,-2.8358425289276448
-2.8284390776676984,-2.8284390776676984
-2.8210417297376233,-2.8210417297376233
-2.8136504895927756,-2.8136504895927756
-2.806265361649838,-2.806265361649838
-2.798886350286982,-2.798886350286982
-2.791513459844031,-2.791513459844031
-2.7841466946226197,-2.7841466946226197
-2.7767860588863518,-2.7767860588863518
-2.769431556860958,-2.769431556860958
-2.762083192734452,-2.762083192734452
-2.7547409706572834,-2.7547409706572834
-2.7474048947424903,-2.7474048947424903
-2.740074969065857,-2.740074969065857
-2.7327511976660546,-2.7327511976660546
-2.7254335845447977,-2.7254335845447977
-2.718122133666989,-2.718122133666989
-2.710816848960865,-2.710816848960865
-2.7035177343181447,-2.7035177343181447
-2.6962247935941686,-2.6962247935941686
-2.6889380306080426,-2.6889380306080426
-2.681657449142784,-2.681657449142784
-2.674383052945453,-2.674383052945453
-2.667114845727301,-2.667114845727301
-2.6598528311638985,-2.6598528311638985
-2.652597012895279,-2.652597012895279
-2.645347394526071,-2.645347394526071
-2.638103979625632,-2.638103979625632
-2.63086677172818,-2.63086677172818
-2.623635774332931,-2.623635774332931
-2.6164109909042206,-2.6164109909042206
-2.609192424871638,-2.609192424871638
-2.6019800796301555,-2.6019800796301555
-2.5947739585402525,-2.5947739585402525
-2.5875740649280425,-2.5875740649280425
-2.580380402085398,-2.580380402085398
-2.5731929732700736,-2.5731929732700736
-2.56601178170583,-2.56601178170583
-2.5588368305825506,-2.5588368305825506
-2.5516681230563694,-2.5516681230563694
-2.5445056622497835,-2.5445056622497835
-2.537349451251775,-2.537349451251775
-2.530199493117927,-2.530199493117927
-2.523055790870539,-2.523055790870539
-2.515918347498743,-2.515918347498743
-2.5087871659586174,-2.5087871659586174
-2.5016622491732994,-2.5016622491732994
-2.4945436000330976,-2.4945436000330976
-2.487431221395601,-2.487431221395601
-2.4803251160857926,-2.4803251160857926
-2.473225286896156,-2.473225286896156
-2.466131736586781,-2.466131736586781
-2.459044467885477,-2.459044467885477
-2.451963483487873,-2.451963483487873
-2.444888786057524,-2.444888786057524
-2.437820378226019,-2.437820378226019
-2.430758262593078,-2.430758262593078
-2.4237024417266597,-2.4237024417266597
-2.4166529181630594,-2.4166529181630594
-2.4096096944070102,-2.4096096944070102
-2.4025727729317827,-2.4025727729317827
-2.395542156179286,-2.395542156179286
-2.3885178465601573,-2.3885178465601573
-2.381499846453871,-2.381499846453871
-2.374488158208821,-2.374488158208821
-2.3674827841424273,-2.3674827841424273
-2.3604837265412235,-2.3604837265412235
-2.353490987660951,-2.353490987660951
-2.3465045697266533,-2.3465045697266533
-2.339524474932765,-2.339524474932765
-2.332550705443204,-2.332550705443204
-2.325583263391462,-2.325583263391462
-2.3186221508806897,-2.3186221508806897
-2.3116673699837897,-2.3116673699837897
-2.3047189227435023,-2.3047189227435023
-2.29777681117249,-2.29777681117249
-2.2908410372534234,-2.2908410372534234
-2.2839116029390696,-2.2839116029390696
-2.2769885101523726,-2.2769885101523726
-2.270071760786538,-2.270071760786538
-2.2631613567051145,-2.2631613567051145
-2.2562572997420767,-2.2562572997420767
-2.2493595917019062,-2.2493595917019062
-2.24246823435967,-2.24246823435967
-2.2355832294611018,-2.2355832294611018
-2.2287045787226774,-2.2287045787226774
-2.2218322838316986,-2.2218322838316986
-2.214966346446363,-2.214966346446363
-2.208106768195847,-2.208106768195847
-2.201253550680372,-2.201253550680372
-2.194406695471293,-2.194406695471293
-2.1875662041111608,-2.1875662041111608
-2.1807320781137998,-2.1807320781137998
-2.1739043189643805,-2.1739043189643805
-2.167082928119492,-2.167082928119492
-2.160267907007213,-2.160267907007213
-2.1534592570271793,-2.1534592570271793
-2.14665697955066,-2.14665697955066
-2.1398610759206185,-2.1398610759206185
-2.133071547451788,-2.133071547451788
-2.126288395430736,-2.126288395430736
-2.1195116211159313,-2.1195116211159313
-2.112741225737809,-2.112741225737809
-2.1059772104988417,-2.1059772104988417
-2.099219576573596,-2.099219576573596
-2.092468325108804,-2.092468325108804
-2.085723457223426,-2.085723457223426
-2.0789849740087076,-2.0789849740087076
-2.072252876528249,-2.072252876528249
-2.0655271658180636,-2.0655271658180636
-2.0588078428866394,-2.0588078428866394
-2.052094908715,-2.052094908715
-2.045388364256761,-2.045388364256761
-2.038688210438196,-2.038688210438196
-2.031994448158287,-2.031994448158287
-2.025307078288789,-2.025307078288789
-2.018626101674282,-2.018626101674282
-2.0119515191322317,-2.0119515191322317
-2.0052833314530423,-2.0052833314530423
-1.998621539400116,-1.998621539400116
-1.9919661437099025,-1.9919661437099025
-1.9853171450919556,-1.9853171450919556
-1.9786745442289881,-1.9786745442289881
-1.9720383417769238,-1.9720383417769238
-1.9654085383649484,-1.9654085383649484
-1.958785134595563,-1.958785134595563
-1.9521681310446342,-1.9521681310446342
-1.9455575282614468,-1.9455575282614468
-1.9389533267687502,-1.9389533267687502
-1.93235552706281,-1.93235552706281
-1.9257641296134584,-1.9257641296134584
-1.9191791348641392,-1.9191791348641392
-1.9126005432319575,-1.9126005432319575
-1.906028355107726,-1.906028355107726
-1.8994625708560124,-1.8994625708560124
-1.8929031908151857,-1.8929031908151857
-1.886350215297459,-1.886350215297459
-1.8798036445889375,-1.8798036445889375
-1.8732634789496618,-1.8732634789496618
-1.8667297186136522,-1.8667297186136522
-1.860202363788949,-1.860202363788949
-1.8536814146576603,-1.8536814146576603
-1.8471668713759992,-1.8471668713759992
-1.8406587340743301,-1.8406587340743301
-1.8341570028572052,-1.8341570028572052
-1.8276616778034074,-1.8276616778034074
-1.821172758965992,-1.821172758965992
-1.8146902463723231,-1.8146902463723231
-1.8082141400241145,-1.8082141400241145
-1.8017444398974665,-1.8017444398974665
-1.7952811459429063,-1.7952811459429063
-1.7888242580854234,-1.7888242580854234
-1.7823737762245075,-1.7823737762245075
-1.775929700234185,-1.775929700234185
-1.7694920299630534,-1.7694920299630534
-1.7630607652343193,-1.7630607652343193
-1.756635905845832,-1.756635905845832
-1.750217451570116,-1.750217451570116
-1.7438054021544085,-1.7438054021544085
-1.73739975732069,-1.73739975732069
-1.7310005167657188,-1.7310005167657188
-1.7246076801610635,-1.7246076801610635
-1.7182212471531328,-1.7182212471531328
-1.7118412173632092,-1.7118412173632092
-1.7054675903874796,-1.7054675903874796
-1.6991003657970645,-1.6991003657970645
-1.6927395431380505,-1.6927395431380505
-1.6863851219315165,-1.6863851219315165
-1.6800371016735653,-1.6800371016735653
-1.6736954818353516,-1.6736954818353516
-1.66736026186311,-1.66736026186311
-1.6610314411781808,-1.6610314411781808
-1.6547090191770415,-1.6547090191770415
-1.6483929952313292,-1.6483929952313292
-1.6420833686878684,-1.6420833686878684
-1.635780138868698,-1.635780138868698
-1.6294833050710948,-1.6294833050710948
-1.6231928665675994,-1.6231928665675994
-1.6169088226060397,-1.6169088226060397
-1.6106311724095554,-1.6106311724095554
-1.6043599151766228,-1.6043599151766228
-1.5980950500810747,-1.5980950500810747
-1.5918365762721263,-1.5918365762721263
-1.5855844928743947,-1.5855844928743947
-1.579338798987923,-1.579338798987923
-1.573099493688199,-1.573099493688199
-1.5668665760261786,-1.5668665760261786
-1.5606400450283042,-1.5606400450283042
-1.5544198996965257,-1.5544198996965257
-1.5482061390083188,-1.5482061390083188
-1.5419987619167064,-1.5419987619167064
-1.5357977673502738,-1.5357977673502738
-1.5296031542131914,-1.5296031542131914
-1.5234149213852262,-1.5234149213852262
-1.5172330677217671,-1.5172330677217671
-1.5110575920538338,-1.5110575920538338
-1.5048884931880995,-1.5048884931880995
-1.4987257699069028,-1.4987257699069028
-1.4925694209682663,-1.4925694209682663
-1.4864194451059083,-1.4864194451059083
-1.480275841029263,-1.480275841029263
-1.4741386074234875,-1.4741386074234875
-1.4680077429494847,-1.4680077429494847
-1.4618832462439073,-1.4618832462439073
-1.4557651159191785,-1.4557651159191785
-1.4496533505635003,-1.4496533505635003
-1.4435479487408682,-1.4435479487408682
-1.4374489089910816,-1.4374489089910816
-1.4313562298297555,-1.4313562298297555
-1.425269909748332,-1.425269909748332
-1.4191899472140919,-1.4191899472140919
-1.4131163406701612,-1.4131163406701612
-1.4070490885355265,-1.4070490885355265
-1.4009881892050389,-1.4009881892050389
-1.3949336410494257,-1.3949336410494257
-1.388885442415301,-1.388885442415301
-1.3828435916252138,-1.3828435916252138
-1.376808086977483,-1.376808086977483
-1.3707789267464658,-1.3707789267464658
-1.3647561091823914,-1.3647561091823914
-1.3587396325114116,-1.3587396325114116
-1.3527294949356046,-1.3527294949356046
-1.3467256946329824,-1.3467256946329824
-1.3407282297574972,-1.3407282297574972
-1.3347370984390448,-1.3347370984390448
-1.3287522987834688,-1.3287522987834688
-1.3227738288725672,-1.3227738288725672
-1.316801686764094,-1.316801686764094
-1.3108358704917642,-1.3108358704917642
-1.3048763780652555,-1.3048763780652555
-1.2989232074702113,-1.2989232074702113
-1.292976356668245,-1.292976356668245
-1.2870358235969388,-1.2870358235969388
-1.2811016061698466,-1.2811016061698466
-1.2751737022764957,-1.2751737022764957
-1.269252109782387,-1.269252109782387
-1.2633368265289961,-1.2633368265289961
-1.2574278503337712,-1.2574278503337712
-1.2515251789901343,-1.2515251789901343
-1.2456288102674806,-1.2456288102674806
-1.2397387419111772,-1.2397387419111772
-1.2338549716425617,-1.2338549716425617
-1.2279774971589374,-1.2279774971589374
-1.2221063161335757,-1.2221063161335757
-1.2162414262157106,-1.2162414262157106
-1.2103828250305362,-1.2103828250305362
-1.204530510179202,-1.204530510179202
-1.1986844792388125,-1.1986844792388125
-1.1928447297624185,-1.1928447297624185
-1.1870112592790163,-1.1870112592790163
-1.18118406529354,-1.18118406529354
-1.1753631452868585,-1.1753631452868585
-1.1695484967157694,-1.1695484967157694
-1.1637401170129895,-1.1637401170129895
-1.157938003587153,-1.157938003587153
-1.1521421538228027,-1.1521421538228027
-1.1463525650803827,-1.1463525650803827
-1.1405692346962304,-1.1405692346962304
-1.1347921599825692,-1.1347921599825692
-1.129021338227501,-1.129021338227501
-1.1232567666949955,-1.1232567666949955
-1.117498442624883,-1.117498442624883
-1.111746363232843,-1.111746363232843
-1.106000525710397,-1.106000525710397
-1.100260927224897,-1.100260927224897
-1.0945275649195136,-1.0945275649195136
-1.0888004359132264,-1.0888004359132264
-1.0830795373008137,-1.0830795373008137
-1.0773648661528399,-1.0773648661528399
-1.0716564195156426,-1.0716564195156426
-1.0659541944113207,-1.0659541944113207
-1.0602581878377226,-1.0602581878377226
-1.054568396768433,-1.054568396768433
-1.0488848181527575,-1.0488848181527575
-1.0432074489157108,-1.0432074489157108
-1.0375362859580013,-1.0375362859580013
-1.0318713261560184,-1.0318713261560184
-1.0262125663618136,-1.0262125663618136
-1.0205600034030884,-1.0205600034030884
-1.014913634083179,-1.014913634083179
-1.0092734551810392,-1.0092734551810392
-1.0036394634512213,-1.0036394634512213
-0.9980116556238636,-0.9980116556238636
-0.9923900284046716,-0.9923900284046716
-0.9867745784748997,-0.9867745784748997
-0.9811653024913342,-0.9811653024913342
-0.9755621970862731,-0.9755621970862731
-0.9699652588675116,-0.9699652588675116
-0.964374484418319,-0.964374484418319
-0.9587898702974214,-0.9587898702974214
-0.9532114130389805,-0.9532114130389805
-0.9476391091525754,-0.9476391091525754
-0.9420729551231801,-0.9420729551231801
-0.9365129474111455,-0.9365129474111455
-0.9309590824521733,-0.9309590824521733
-0.9254113566573009,-0.9254113566573009
-0.9198697664128731,-0.9198697664128731
-0.9143343080805254,-0.9143343080805254
-0.9088049779971551,-0.9088049779971551
-0.9032817724749058,-0.9032817724749058
-0.8977646878011362,-0.8977646878011362
-0.8922537202384033,-0.8922537202384033
-0.886748866024431,-0.886748866024431
-0.8812501213720945,-0.8812501213720945
-0.8757574824693859,-0.8757574824693859
-0.8702709454793961,-0.8702709454793961
-0.8647905065402849,-0.8647905065402849
-0.8593161617652584,-0.8593161617652584
-0.8538479072425389,-0.8538479072425389
-0.8483857390353418,-0.8483857390353418
-0.8429296531818447,-0.8429296531818447
-0.837479645695164,-0.837479645695164
-0.8320357125633232,-0.8320357125633232
-0.8265978497492282,-0.8265978497492282
-0.8211660531906346,-0.8211660531906346
-0.8157403188001238,-0.8157403188001238
-0.8103206424650681,-0.8103206424650681
-0.8049070200476058,-0.8049070200476058
-0.7994994473846073,-0.7994994473846073
-0.7940979202876488,-0.7940979202876488
-0.7887024345429754,-0.7887024345429754
-0.7833129859114771,-0.7833129859114771
-0.7779295701286508,-0.7779295701286508
-0.7725521829045718,-0.7725521829045718
-0.7671808199238614,-0.7671808199238614
-0.7618154768456536,-0.7618154768456536
-0.7564561493035601,-0.7564561493035601
-0.7511028329056396,-0.7511028329056396
-0.745755523234363,-0.745755523234363
-0.7404142158465792,-0.7404142158465792
-0.7350789062734795,-0.7350789062734795
-0.7297495900205632,-0.7297495900205632
-0.7244262625676027,-0.7244262625676027
-0.7191089193686083,-0.7191089193686083
-0.7137975558517895,-0.7137975558517895
-0.7084921674195201,-0.7084921674195201
-0.7031927494483025,-0.7031927494483025
-0.6978992972887289,-0.6978992972887289
-0.6926118062654423,-0.6926118062654423
-0.6873302716771004,-0.6873302716771004
-0.6820546887963379,-0.6820546887963379
-0.6767850528697255,-0.6767850528697255
-0.6715213591177313,-0.6715213591177313
-0.6662636027346811,-0.6662636027346811
-0.6610117788887195,-0.6610117788887195
-0.6557658827217685,-0.6557658827217685
-0.6505259093494862,-0.6505259093494862
-0.6452918538612261,-0.6452918538612261
-0.6400637113199964,-0.6400637113199964
-0.6348414767624172,-0.6348414767624172
-0.6296251451986777,-0.6296251451986777
-0.6244147116124933,-0.6244147116124933
-0.6192101709610639,-0.6192101709610639
-0.6140115181750301,-0.6140115181750301
-0.6088187481584264,-0.6088187481584264
-0.6036318557886404,-0.6036318557886404
-0.5984508359163665,-0.5984508359163665
-0.5932756833655614,-0.5932756833655614
-0.5881063929333962,-0.5881063929333962
-0.5829429593902137,-0.5829429593902137
-0.57778537747948,-0.57778537747948
-0.5726336419177388,-0.5726336419177388
-0.5674877473945629,-0.5674877473945629
-0.5623476885725068,-0.5623476885725068
-0.5572134600870606,-0.5572134600870606
-0.5520850565466006,-0.5520850565466006
-0.546962472532338,-0.546962472532338
-0.5418457025982735,-0.5418457025982735
-0.536734741271145,-0.536734741271145
-0.5316295830503796,-0.5316295830503796
-0.5265302224080409,-0.5265302224080409
-0.5214366537887793,-0.5214366537887793
-0.5163488716097814,-0.5163488716097814
-0.5112668702607173,-0.5112668702607173
-0.5061906441036883,-0.5061906441036883
-0.5011201874731743,-0.5011201874731743
-0.496055494675982,-0.496055494675982
-0.49099655999119135,-0.49099655999119135
-0.48594337767009954,-0.48594337767009954
-0.48089594193616847,-0.48089594193616847
-0.47585424698497125,-0.47585424698497125
-0.4708182869841352,-0.4708182869841352
-0.465788056073286,-0.465788056073286
-0.4607635483639934,-0.4607635483639934
-0.4557447579397137,-0.4557447579397137
-0.45073167885573434,-0.45073167885573434
-0.4457243051391136,-0.4457243051391136
-0.44072263078862634,-0.44072263078862634
-0.43572664977470366,-0.43572664977470366
-0.4307363560393761,-0.4307363560393761
-0.4257517434962126,-0.4257517434962126
-0.4207728060302615,-0.4207728060302615
-0.4157995374979924,-0.4157995374979924
-0.4108319317272346,-0.4108319317272346
-0.4058699825171158,-0.4058699825171158
-0.40091368363800073,-0.40091368363800073
-0.3959630288314312,-0.3959630288314312
-0.3910180118100633,-0.3910180118100633
-0.3860786262576035,-0.3860786262576035
-0.3811448658287456,-0.3811448658287456
-0.37621672414911095,-0.37621672414911095
-0.37129419481517956,-0.37129419481517956
-0.36637727139422854,-0.36637727139422854
-0.36146594742426646,-0.36146594742426646
-0.35656021641396846,-0.35656021641396846
-0.3516600718426106,-0.3516600718426106
-0.34676550716000204,-0.34676550716000204
-0.3418765157864196,-0.3418765157864196
-0.3369930911125417,-0.3369930911125417
-0.33211522649937913,-0.33211522649937913
-0.32724291527820626,-0.32724291527820626
-0.32237615075049403,-0.32237615075049403
-0.3175149261878405,-0.3175149261878405
-0.31265923483190144,-0.31265923483190144
-0.3078090698943197,-0.3078090698943197
-0.3029644245566542,-0.3029644245566542
-0.29812529197031096,-0.29812529197031096
-0.29329166525647055,-0.29329166525647055
-0.288463537506015,-0.288463537506015
-0.2836409017794564,-0.2836409017794564
-0.27882375110686514,-0.27882375110686514
-0.27401207848779485,-0.27401207848779485
-0.2692058768912088,-0.2692058768912088
-0.2644051392554045,-0.2644051392554045
-0.25960985848794255,-0.25960985848794255
-0.254820027465567,-0.254820027465567
-0.250035639034131,-0.250035639034131
-0.2452566860085204,-0.2452566860085204
-0.24048316117257898,-0.24048316117257898
-0.23571505727902559,-0.23571505727902559
-0.2309523670493832,-0.2309523670493832
-0.2261950831738938,-0.2261950831738938
-0.22144319831144552,-0.22144319831144552
-0.21669670508948666,-0.21669670508948666
-0.2119555961039535,-0.2119555961039535
-0.20721986391918187,-0.20721986391918187
-0.20248950106783106,-0.20248950106783106
-0.1977645000508019,-0.1977645000508019
-0.19304485333715365,-0.19304485333715365
-0.1883305533640206,-0.1883305533640206
-0.1836215925365296,-0.1836215925365296
-0.17891796322771833,-0.17891796322771833
-0.17421965777844903,-0.17421965777844903
-0.16952666849732342,-0.16952666849732342
-0.16483898766059799,-0.16483898766059799
-0.16015660751209962,-0.16015660751209962
-0.15547952026313797,-0.15547952026313797
-0.15080771809241722,-0.15080771809241722
-0.14614119314595073,-0.14614119314595073
-0.14147993753697274,-0.14147993753697274
-0.13682394334584957,-0.13682394334584957
-0.13217320261998905,-0.13217320261998905
-0.127527707373752,-0.127527707373752
-0.12288744958836367,-0.12288744958836367
-0.11825242121182059,-0.11825242121182059
-0.11362261415879939,-0.11362261415879939
-0.10899802031056519,-0.10899802031056519
-0.10437863151488017,-0.10437863151488017
-0.0997644395859095,-0.0997644395859095
-0.09515543630412744,-0.09515543630412744
-0.09055161341622255,-0.09055161341622255
-0.08595296263500483,-0.08595296263500483
-0.08135947563930958,-0.08135947563930958
-0.07677114407389976,-0.07677114407389976
-0.07218795954937043,-0.07218795954937043
-0.06760991364205304,-0.06760991364205304
-0.06303699789391617,-0.06303699789391617
-0.0584692038124661,-0.0584692038124661
-0.05390652287064968,-0.05390652287064968
-0.04934894650675436,-0.04934894650675436
-0.04479646612430775,-0.04479646612430775
-0.040249073091976284,-0.040249073091976284
-0.03570675874346391,-0.03570675874346391
-0.03116951437741149,-0.03116951437741149
-0.026637331257292396,-0.026637331257292396
-0.022110200611309958,-0.022110200611309958
-0.0175881136322927,-0.0175881136322927
-0.01307106147759183,-0.01307106147759183
-0.008559035268974169,-0.008559035268974169
-0.004052026092516632,-0.004052026092516632
0.0004499750015002765,0.0004499750015002765
0.004946976998697851,0.004946976998697851
0.009438988920708808,0.009438988920708808
0.013926019825287295,0.013926019825287295
0.01840807880641127,0.01840807880641127
0.022885174994401746,0.022885174994401746
0.027357317556023907,0.027357317556023907
0.0318245156946065,0.0318245156946065
0.036286778650144604,0.036286778650144604
0.04074411569942208,0.04074411569942208
0.04519653615611337,0.04519653615611337
0.04964404937090856,0.04964404937090856
0.054086664731618,0.054086664731618
0.05852439166329537,0.05852439166329537
0.0629572396283457,0.0629572396283457
0.06738521812664917,0.06738521812664917
0.07180833669567407,0.07180833669567407
0.07622660491059324,0.07622660491059324
0.08064003238440827,0.08064003238440827
0.0850486287680611,0.0850486287680611
0.0894524037505623,0.0894524037505623
0.093851367059104,0.093851367059104
0.09824552845918723,0.09824552845918723
0.10263489775473915,0.10263489775473915
0.10701948478824098,0.10701948478824098
0.11139929944084564,0.11139929944084564
0.11577435163250797,0.11577435163250797
0.12014465132210399,0.12014465132210399
0.12451020850756325,0.12451020850756325
0.1288710332259866,0.1288710332259866
0.13322713555378296,0.13322713555378296
0.13757852560678913,0.13757852560678913
0.14192521354040594,0.14192521354040594
0.1462672095497183,0.1462672095497183
0.15060452386963694,0.15060452386963694
0.1549371667750191,0.1549371667750191
0.159265148580807,0.159265148580807
0.16358847964215587,0.16358847964215587
0.16790717035457295,0.16790717035457295
0.17222123115404386,0.17222123115404386
0.17653067251717544,0.17653067251717544
0.18083550496132458,0.18083550496132458
0.18513573904474095,0.18513573904474095
0.18943138536669857,0.18943138536669857
0.19372245456763884,0.19372245456763884
0.19800895732930474,0.19800895732930474
0.20229090437488542,0.20229090437488542
0.20656830646915184,0.20656830646915184
0.2108411744186038,0.2108411744186038
0.21510951907160464,0.21510951907160464
0.21937335131853314,0.21937335131853314
0.22363268209191856,0.22363268209191856
0.22788752236659351,0.22788752236659351
0.2321378831598317,0.2321378831598317
0.2363837755315025,0.2363837755315025
0.2406252105842088,0.2406252105842088
0.24486219946344545,0.24486219946344545
0.2490947533577387,0.2490947533577387
0.25332288349880416,0.25332288349880416
0.25754660116168965,0.25754660116168965
0.2617659176649354,0.2617659176649354
0.26598084437071845,0.26598084437071845
0.2701913926850124,0.2701913926850124
0.2743975740577365,0.2743975740577365
0.2785993999829162,0.2785993999829162
0.2827968819988331,0.2827968819988331
0.2869900316881889,0.2869900316881889
0.29117886067825616,0.29117886067825616
0.29536338064104445,0.29536338064104445
0.29954360329345225,0.29954360329345225
0.30371954039743665,0.30371954039743665
0.30789120376016493,0.30789120376016493
0.31205860523418716,0.31205860523418716
0.31622175671759134,0.31622175671759134
0.3203806701541756,0.3203806701541756
0.32453535753360446,0.32453535753360446
0.32868583089158604,0.32868583089158604
0.33283210231002963,0.33283210231002963
0.33697418391722234,0.33697418391722234
0.34111208788798997,0.34111208788798997
0.34524582644387736,0.34524582644387736
0.34937541185330856,0.34937541185330856
0.353500856431771,0.353500856431771
0.3576221725419776,0.3576221725419776
0.3617393725940516,0.3617393725940516
0.3658524690456916,0.3658524690456916
0.36996147440235894,0.36996147440235894
0.3740664012174442,0.3740664012174442
0.37816726209245655,0.37816726209245655
0.38226406967719256,0.38226406967719256
0.3863568366699265,0.3863568366699265
0.39044557581758454,0.39044557581758454
0.3945302999159344,0.3945302999159344
0.39861102180976077,0.39861102180976077
0.40268775439306004,0.40268775439306004
0.40676051060921625,0.40676051060921625
0.4108293034511975,0.4108293034511975
0.41489414596173657,0.41489414596173657
0.41895505123352644,0.41895505123352644
0.42301203240940405,0.42301203240940405
0.42706510268254927,0.42706510268254927
0.4311142752966709,0.4311142752966709
0.43515956354620605,0.43515956354620605
0.43920098077650876,0.43920098077650876
0.4432385403840548,0.4432385403840548
0.4472722558166275,0.4472722558166275
0.4513021405735295,0.4513021405735295
0.45532820820576936,0.45532820820576936
0.4593504723162725,0.4593504723162725
0.46336894656007555,0.46336894656007555
0.4673836446445367,0.4673836446445367
0.4713945803295317,0.4713945803295317
0.47540176742766893,0.47540176742766893
0.4794052198044864,0.4794052198044864
0.4834049513786689,0.4834049513786689
0.48740097612224803,0.48740097612224803
0.4913933080608236,0.4913933080608236
0.4953819612737618,0.4953819612737618
0.49936694989442315,0.49936694989442315
0.5033482881103623,0.5033482881103623
0.5073259901635564,0.5073259901635564
0.5113000703506096,0.5113000703506096
0.5152705430229847,0.5152705430229847
0.5192374225872076,0.5192374225872076
0.5232007235051017,0.5232007235051017
0.5271604602939987,0.5271604602939987
0.5311166475269724,0.5311166475269724
0.5350692998330518,0.5350692998330518
0.5390184318974572,0.5390184318974572
0.5429640584618237,0.5429640584618237
0.5469061943244273,0.5469061943244273
0.5508448543404169,0.5508448543404169
0.5547800534220482,0.5547800534220482
0.5587118065389154,0.5587118065389154
0.5626401287181814,0.5626401287181814
0.5665650350448161,0.5665650350448161
0.5704865406618361,0.5704865406618361
0.5744046607705415,0.5744046607705415
0.5783194106307521,0.5783194106307521
0.5822308055610509,0.5822308055610509
0.5861388609390308,0.5861388609390308
0.5900435922015359,0.5900435922015359
0.5939450148449027,0.5939450148449027
0.597843144425213,0.597843144425213
0.6017379965585429,0.6017379965585429
0.6056295869212107,0.6056295869212107
0.6095179312500266,0.6095179312500266
0.6134030453425481,0.6134030453425481
0.6172849450573361,0.6172849450573361
0.621163646314212,0.621163646314212
0.6250391650945084,0.6250391650945084
0.6289115174413346,0.6289115174413346
0.6327807194598382,0.6327807194598382
0.636646787317465,0.636646787317465
0.6405097372442214,0.6405097372442214
0.6443695855329463,0.6443695855329463
0.648226348539569,0.648226348539569
0.65208004268339,0.65208004268339
0.655930684447339,0.655930684447339
0.659778290378259,0.659778290378259
0.6636228770871684,0.6636228770871684
0.6674644612495494,0.6674644612495494
0.671303059605612,0.671303059605612
0.6751386889605847,0.6751386889605847
0.6789713661849848,0.6789713661849848
0.6828011082149112,0.6828011082149112
0.6866279320523168,0.6866279320523168
0.6904518547653067,0.6904518547653067
0.6942728934884148,0.6942728934884148
0.6980910654229013,0.6980910654229013
0.7019063878370371,0.7019063878370371
0.7057188780664039,0.7057188780664039
0.7095285535141809,0.7095285535141809
0.7133354316514494,0.7133354316514494
0.7171395300174825,0.7171395300174825
0.7209408662200565,0.7209408662200565
0.7247394579357386,0.7247394579357386
0.7285353229102062,0.7285353229102062
0.7323284789585376,0.7323284789585376
0.7361189439655345,0.7361189439655345
0.7399067358860172,0.7399067358860172
0.7436918727451497,0.7436918727451497
0.747474372638741,0.747474372638741
0.7512542537335702,0.7512542537335702
0.7550315342676953,0.7550315342676953
0.7588062325507829,0.7588062325507829
0.7625783669644163,0.7625783669644163
0.7663479559624332,0.7663479559624332
0.7701150180712372,0.7701150180712372
0.7738795718901367,0.7738795718901367
0.777641636091666,0.777641636091666
0.7814012294219238,0.7814012294219238
0.785158370700898,0.785158370700898
0.7889130788228124,0.7889130788228124
0.7926653727564517,0.7926653727564517
0.796415271545515,0.796415271545515
0.8001627943089447,0.8001627943089447
0.8039079602412821,0.8039079602412821
0.8076507886130038,0.8076507886130038
0.8113912987708788,0.8113912987708788
0.8151295101383115,0.8151295101383115
0.8188654422157028,0.8188654422157028
0.8225991145807957,0.8225991145807957
0.8263305468890426,0.8263305468890426
0.8300597588739553,0.8300597588739553
0.8337867703474773,0.8337867703474773
0.837511601200337,0.837511601200337
0.841234271402424,0.841234271402424
0.844954801003151,0.844954801003151
0.8486732101318303,0.8486732101318303
0.8523895189980414,0.8523895189980414
0.8561037478920145,0.8561037478920145
0.8598159171850008,0.8598159171850008
0.8635260473296622,0.8635260473296622
0.8672341588604431,0.8672341588604431
0.8709402723939705,0.8709402723939705
0.874644408629427,0.874644408629427
0.878346588348955,0.878346588348955
0.8820468324180376,0.8820468324180376
0.8857451617859078,0.8857451617859078
0.8894415974859303,0.8894415974859303
0.8931361606360212,0.8931361606360212
0.8968288724390329,0.8968288724390329
0.9005197541831755,0.9005197541831755
0.9042088272424132,0.9042088272424132
0.9078961130768866,0.9078961130768866
0.9115816332333155,0.9115816332333155
0.9152654093454269,0.9152654093454269
0.9189474631343634,0.9189474631343634
0.9226278164091156,0.9226278164091156
0.9263064910669364,0.9263064910669364
0.9299835090937802,0.9299835090937802
0.9336588925647216,0.9336588925647216
0.9373326636443988,0.9373326636443988
0.9410048445874403,0.9410048445874403
0.9446754577389136,0.9446754577389136
0.9483445255347567,0.9483445255347567
0.9520120705022329,0.9520120705022329
0.9556781152603686,0.9556781152603686
0.9593426825204134,0.9593426825204134
0.9630057950862833,0.9630057950862833
0.9666674758550293,0.9666674758550293
0.9703277478172834,0.9703277478172834
0.9739866340577342,0.9739866340577342
0.9776441577555804,0.9776441577555804
0.9813003421850124,0.9813003421850124
0.9849552107156688,0.9849552107156688
0.9886087868131282,0.9886087868131282
0.9922610940393702,0.9922610940393702
0.9959121560532711,0.9959121560532711
0.9995619966110822,0.9995619966110822
1.0032106395669147,1.0032106395669147
1.0068581088732327,1.0068581088732327
1.010504428581352,1.010504428581352
1.0141496228419342,1.0141496228419342
1.0177937159054842,1.0177937159054842
1.021436732122857,1.021436732122857
1.0250786959457687,1.0250786959457687
1.0287196319273069,1.0287196319273069
1.0323595647224364,1.0323595647224364
1.0359985190885266,1.0359985190885266
1.039636519885871,1.039636519885871
1.0432735920782135,1.0432735920782135
1.0469097607332694,1.0469097607332694
1.050545051023264,1.050545051023264
1.054179488225469,1.054179488225469
1.05781309772274,1.05781309772274
1.0614459050040577,1.0614459050040577
1.0650779356650741,1.0650779356650741
1.06870921540867,1.06870921540867
1.0723397700455028,1.0723397700455028
1.0759696254945639,1.0759696254945639
1.0795988077837413,1.0795988077837413
1.0832273430503898,1.0832273430503898
1.0868552575418982,1.0868552575418982
1.090482577616258,1.090482577616258
1.0941093297426436,1.0941093297426436
1.0977355405019986,1.0977355405019986
1.1013612365876162,1.1013612365876162
1.1049864448057274,1.1049864448057274
1.1086111920760946,1.1086111920760946
1.112235505432616,1.112235505432616
1.115859412023922,1.115859412023922
1.1194829391139776,1.1194829391139776
1.1231061140826955,1.1231061140826955
1.126728964426557,1.126728964426557
1.1303515177592232,1.1303515177592232
1.1339738018121568,1.1339738018121568
1.137595844435251,1.137595844435251
1.141217673597467,1.141217673597467
1.1448393173874662,1.1448393173874662
1.148460804014244,1.148460804014244
1.152082161807783,1.152082161807783
1.1557034192197029,1.1557034192197029
1.1593246048239132,1.1593246048239132
1.1629457473172635,1.1629457473172635
1.1665668755202232,1.1665668755202232
1.1701880183775337,1.1701880183775337
1.1738092049588944,1.1738092049588944
1.177430464459627,1.177430464459627
1.181051826201373,1.181051826201373
1.1846733196327646,1.1846733196327646
1.1882949743301332,1.1882949743301332
1.1919168199981922,1.1919168199981922
1.1955388864707501,1.1955388864707501
1.1991612037114074,1.1991612037114074
1.2027838018142805,1.2027838018142805
1.206406711004705,1.206406711004705
1.2100299616399728,1.2100299616399728
1.2136535842100462,1.2136535842100462
1.2172776093383026,1.2172776093383026
1.2209020677822602,1.2209020677822602
1.224526990434335,1.224526990434335
1.2281524083225746,1.2281524083225746
1.2317783526114279,1.2317783526114279
1.2354048546024907,1.2354048546024907
1.239031945735282,1.239031945735282
1.242659657588005,1.242659657588005
1.2462880218783337,1.2462880218783337
1.2499170704641824,1.2499170704641824
1.253546835344508,1.253546835344508
1.2571773486600877,1.2571773486600877
1.2608086426943337,1.2608086426943337
1.2644407498740828,1.2644407498740828
1.2680737027704228,1.2680737027704228
1.271707534099495,1.271707534099495
1.275342276723329,1.275342276723329
1.2789779636506624,1.2789779636506624
1.2826146280377833,1.2826146280377833
1.2862523031893653,1.2862523031893653
1.289891022559321,1.289891022559321
1.2935308197516477,1.2935308197516477
1.2971717285212996,1.2971717285212996
1.3008137827750381,1.3008137827750381
1.3044570165723226,1.3044570165723226
1.3081014641261728,1.3081014641261728
1.3117471598040695,1.3117471598040695
1.3153941381288348,1.3153941381288348
1.319042433779543,1.319042433779543
1.3226920815924132,1.3226920815924132
1.3263431165617379,1.3263431165617379
1.3299955738407854,1.3299955738407854
1.3336494887427444,1.3336494887427444
1.3373048967416394,1.3373048967416394
1.3409618334732893,1.3409618334732893
1.3446203347362367,1.3446203347362367
1.3482804364927208,1.3482804364927208
1.351942174869625,1.351942174869625
1.3556055861594558,1.3556055861594558
1.3592707068213126,1.3592707068213126
1.3629375734818814,1.3629375734818814
1.366606222936412,1.366606222936412
1.370276692149736,1.370276692149736
1.3739490182572531,1.3739490182572531
1.377623238565967,1.377623238565967
1.3812993905554871,1.3812993905554871
1.3849775118790775,1.3849775118790775
1.3886576403646793,1.3886576403646793
1.392339814015972,1.392339814015972
1.396024071013416,1.396024071013416
1.3997104497153194,1.3997104497153194
1.4033989886589047,1.4033989886589047
1.4070897265613995,1.4070897265613995
1.4107827023211137,1.4107827023211137
1.4144779550185342,1.4144779550185342
1.418175523917433,1.418175523917433
1.4218754484659841,1.4218754484659841
1.4255777682978819,1.4255777682978819
1.4292825232334656,1.4292825232334656
1.4329897532808649,1.4329897532808649
1.4366994986371513,1.4366994986371513
1.4404117996894903,1.4404117996894903
1.4441266970163062,1.4441266970163062
1.4478442313884612,1.4478442313884612
1.451564443770441,1.451564443770441
1.455287375321551,1.455287375321551
1.4590130673971107,1.4590130673971107
1.4627415615496737,1.4627415615496737
1.4664728995302552,1.4664728995302552
1.4702071232895577,1.4702071232895577
1.4739442749792147,1.4739442749792147
1.4776843969530402,1.4776843969530402
1.4814275317683008,1.4814275317683008
1.4851737221869843,1.4851737221869843
1.488923011177073,1.488923011177073
1.4926754419138475,1.4926754419138475
1.4964310577811897,1.4964310577811897
1.500189902372897,1.500189902372897
1.5039520194939964,1.5039520194939964
1.5077174531620912,1.5077174531620912
1.5114862476087076,1.5114862476087076
1.515258447280647,1.515258447280647
1.5190340968413516,1.5190340968413516
1.5228132411722888,1.5228132411722888
1.5265959253743442,1.5265959253743442
1.5303821947692176,1.5303821947692176
1.5341720949008384,1.5341720949008384
1.537965671536787,1.537965671536787
1.5417629706697429,1.5417629706697429
1.545564038518923,1.545564038518923
1.5493689215315432,1.5493689215315432
1.5531776663842887,1.5531776663842887
1.5569903199848105,1.5569903199848105
1.5608069294732119,1.5608069294732119
1.5646275422235554,1.5646275422235554
1.568452205845393,1.568452205845393
1.572280968185296,1.572280968185296
1.5761138773284087,1.5761138773284087
1.579950981599997,1.579950981599997
1.5837923295670266,1.5837923295670266
1.5876379700397587,1.5876379700397587
1.5914879520733394,1.5914879520733394
1.5953423249694139,1.5953423249694139
1.5992011382777531,1.5992011382777531
1.6030644417979028,1.6030644417979028
1.6069322855808283,1.6069322855808283
1.610804719930585,1.610804719930585
1.6146817954060013,1.6146817954060013
1.6185635628223793,1.6185635628223793
1.6224500732532057,1.6224500732532057
1.626341378031864,1.626341378031864
1.6302375287533988,1.6302375287533988
1.6341385772762482,1.6341385772762482
1.6380445757240327,1.6380445757240327
1.6419555764873262,1.6419555764873262
1.645871632225468,1.645871632225468
1.6497927958683714,1.6497927958683714
1.6537191206183646,1.6537191206183646
1.6576506599520267,1.6576506599520267
1.6615874676220646,1.6615874676220646
1.6655295976591813,1.6655295976591813
1.669477104373985,1.669477104373985
1.6734300423588886,1.6734300423588886
1.6773884664900525,1.6773884664900525
1.6813524319293158,1.6813524319293158
1.6853219941261806,1.6853219941261806
1.6892972088197669,1.6892972088197669
1.6932781320408385,1.6932781320408385
1.697264820113792,1.697264820113792
1.7012573296587143,1.7012573296587143
1.7052557175934124,1.7052557175934124
1.7092600411355023,1.7092600411355023
1.7132703578044797,1.7132703578044797
1.7172867254238426,1.7172867254238426
1.7213092021231977,1.7213092021231977
1.7253378463404245,1.7253378463404245
1.7293727168238209,1.7293727168238209
1.7334138726343018,1.7334138726343018
1.7374613731475816,1.7374613731475816
1.7415152780564185,1.7415152780564185
1.7455756473728339,1.7455756473728339
1.7496425414303933,1.7496425414303933
1.7537160208864724,1.7537160208864724
1.7577961467245764,1.7577961467245764
1.761882980256645,1.761882980256645
1.7659765831254148,1.7659765831254148
1.7700770173067717,1.7700770173067717
1.7741843451121517,1.7741843451121517
1.7782986291909313,1.7782986291909313
1.7824199325328816,1.7824199325328816
1.786548318470602,1.786548318470602
1.7906838506820113,1.7906838506820113
1.7948265931928336,1.7948265931928336
1.7989766103791334,1.7989766103791334
1.803133966969843,1.803133966969843
1.8072987280493555,1.8072987280493555
1.8114709590600897,1.8114709590600897
1.8156507258051302,1.8156507258051302
1.8198380944508485,1.8198380944508485
1.8240331315295875,1.8240331315295875
1.8282359039423302,1.8282359039423302
1.832446478961436,1.832446478961436
1.8366649242333635,1.8366649242333635
1.8408913077814513,1.8408913077814513
1.8451256980086943,1.8451256980086943
1.8493681637005817,1.8493681637005817
1.8536187740279229,1.8536187740279229
1.8578775985497349,1.8578775985497349
1.862144707216127,1.862144707216127
1.866420170371246,1.866420170371246
1.870704058756206,1.870704058756206
1.874996443512099,1.874996443512099
1.8792973961829789,1.8792973961829789
1.8836069887189217,1.8836069887189217
1.8879252934790862,1.8879252934790862
1.8922523832348104,1.8922523832348104
1.8965883311727403,1.8965883311727403
1.9009332108979935,1.9009332108979935
1.9052870964373458,1.9052870964373458
1.9096500622424448,1.9096500622424448
1.9140221831930628,1.9140221831930628
1.9184035346003876,1.9184035346003876
1.9227941922103318,1.9227941922103318
1.9271942322068703,1.9271942322068703
1.9316037312154277,1.9316037312154277
1.9360227663062977,1.9360227663062977
1.9404514149980783,1.9404514149980783
1.9448897552611495,1.9448897552611495
1.949337865521194,1.949337865521194
1.953795824662744,1.953795824662744
1.95826371203277,1.95826371203277
1.962741607444286,1.962741607444286
1.9672295911800097,1.9672295911800097
1.971727743996068,1.971727743996068
1.9762361471257084,1.9762361471257084
1.980754882283067,1.980754882283067
1.9852840316669726,1.9852840316669726
1.989823677964796,1.989823677964796
1.9943739043563202,1.9943739043563202
1.9989347945176583,1.9989347945176583
2.003506432625215,2.003506432625215
2.0080889033596905,2.0080889033596905
2.01268229191011,2.01268229191011
2.017286683977906,2.017286683977906
2.0219021657810394,2.0219021657810394
2.026528824058167,2.026528824058167
2.0311667460728446,2.0311667460728446
2.035816019617771,2.035816019617771
2.0404767330190845,2.0404767330190845
2.0451489751407004,2.0451489751407004
2.049832835388694,2.049832835388694
2.054528403715719,2.054528403715719
2.0592357706254787,2.0592357706254787
2.0639550271772613,2.0639550271772613
2.0686862649904896,2.0686862649904896
2.0734295762493313,2.0734295762493313
2.07818505370737,2.07818505370737
2.082952790692312,2.082952790692312
2.087732881110747,2.087732881110747
2.0925254194529463,2.0925254194529463
2.0973305007977308,2.0973305007977308
2.1021482208173867,2.1021482208173867
2.1069786757826208,2.1069786757826208
2.1118219625675696,2.1118219625675696
2.1166781786548787,2.1166781786548787
2.1215474221408206,2.1215474221408206
2.1264297917404766,2.1264297917404766
2.1313253867929554,2.1313253867929554
2.1362343072666885,2.1362343072666885
2.1411566537647793,2.1411566537647793
2.1460925275304064,2.1460925275304064
2.151042030452268,2.151042030452268
2.156005265070114,2.156005265070114
2.1609823345803254,2.1609823345803254
2.1659733428415553,2.1659733428415553
2.170978394380413,2.170978394380413
2.1759975943972454,2.1759975943972454
2.181031048771956,2.181031048771956
2.1860788640698954,2.1860788640698954
2.1911411475478086,2.1911411475478086
2.1962180071598603,2.1962180071598603
2.201309551563722,2.201309551563722
2.206415890126724,2.206415890126724
2.211537132932072,2.211537132932072
2.216673390785131,2.216673390785131
2.2218247752198095,2.2218247752198095
2.2269913985049627,2.2269913985049627
2.232173373650907,2.232173373650907
2.2373708144159923,2.2373708144159923
2.242583835313257,2.242583835313257
2.2478125516171454,2.2478125516171454
2.2530570793703046,2.2530570793703046
2.2583175353904603,2.2583175353904603
2.263594037277383,2.263594037277383
2.268886703419911,2.268886703419911
2.274195653003053,2.274195653003053
2.2795210060151976,2.2795210060151976
2.2848628832553874,2.2848628832553874
2.2902214063406725,2.2902214063406725
2.295596697713554,2.295596697713554
2.3009888806495074,2.3009888806495074
2.3063980792646195,2.3063980792646195
2.3118244185232744,2.3118244185232744
2.317268024245943,2.317268024245943
2.322729023117079,2.322729023117079
2.328207542693093,2.328207542693093
2.333703711410414,2.333703711410414
2.339217658593658,2.339217658593658
2.344749514463882,2.344749514463882
2.350299410146936,2.350299410146936
2.3558674776819313,2.3558674776819313
2.3614538500297853,2.3614538500297853
2.3670586610818676,2.3670586610818676
2.372682045668768,2.372682045668768
2.378324139569161,2.378324139569161
2.383985079518771,2.383985079518771
2.3896650032194335,2.3896650032194335
2.3953640493482915,2.3953640493482915
2.401082357567091,2.401082357567091
2.4068200685315815,2.4068200685315815
2.412577323901029,2.412577323901029
2.4183542663478548,2.4183542663478548
2.4241510395673926,2.4241510395673926
2.4299677882877515,2.4299677882877515
2.4358046582798027,2.4358046582798027
2.4416617963672906,2.4416617963672906
2.4475393504370784,2.4475393504370784
2.453437469449506,2.453437469449506
2.4593563034488612,2.4593563034488612
2.4652960035740206,2.4652960035740206
2.4712567220691914,2.4712567220691914
2.47723861229479,2.47723861229479
2.4832418287384592,2.4832418287384592
2.4892665270262264,2.4892665270262264
2.4953128639338042,2.4953128639338042
2.5013809973980217,2.5013809973980217
2.507471086528391,2.507471086528391
2.5135832916188536,2.5135832916188536
2.5197177741596453,2.5197177741596453
2.5258746968493213,2.5258746968493213
2.5320542236069272,2.5320542236069272
2.5382565195843343,2.5382565195843343
2.54448175117873,2.54448175117873
2.55073008604527,2.55073008604527
2.557001693109876,2.557001693109876
2.563296742582216,2.563296742582216
2.5696154059688583,2.5696154059688583
2.575957856086573,2.575957856086573
2.582324267075811,2.582324267075811
2.588714814414374,2.588714814414374
2.5951296749312522,2.5951296749312522
2.6015690268206444,2.6015690268206444
2.608033049656146,2.608033049656146
2.6145219244051496,2.6145219244051496
2.621035833443428,2.621035833443428
2.6275749605698953,2.6275749605698953
2.6341394910215734,2.6341394910215734
2.640729611488754,2.640729611488754
2.6473455101303776,2.6473455101303776
2.6539873765895994,2.6539873765895994
2.6606554020095565,2.6606554020095565
2.667349779049372,2.667349779049372
2.6740707019003667,2.6740707019003667
2.680818366302473,2.680818366302473
2.687592969560885,2.687592969560885
2.6943947105629276,2.6943947105629276
2.701223789795178,2.701223789795178
2.7080804093607815,2.7080804093607815
2.7149647729970297,2.7149647729970297
2.721877086093175,2.721877086093175
2.7288175557085,2.7288175557085
2.7357863905906132,2.7357863905906132
2.7427838011940153,2.7427838011940153
2.7498099996989103,2.7498099996989103
2.7568652000303024,2.7568652000303024
2.763949617877337,2.763949617877337
2.771063470712905,2.771063470712905
2.7782069778135483,2.7782069778135483
2.785380360279633,2.785380360279633
2.7925838410558095,2.7925838410558095
2.7998176449517396,2.7998176449517396
2.807081998663157,2.807081998663157
2.8143771307932073,2.8143771307932073
2.8217032718740858,2.8217032718740858
2.829060654388989,2.829060654388989
2.8364495127943914,2.8364495127943914
2.8438700835426394,2.8438700835426394
2.8513226051048686,2.8513226051048686
2.8588073179942355,2.8588073179942355
2.866324464789521,2.866324464789521
2.873874290159063,2.873874290159063
2.8814570408850244,2.8814570408850244
2.8890729658880354,2.8890729658880354
2.8967223162521836,2.8967223162521836
2.904405345250395,2.904405345250395
2.91212230837017,2.91212230837017
2.9198734633396897,2.9198734633396897
2.92765907015435,2.92765907015435
2.9354793911036636,2.9354793911036636
2.943334690798566,2.943334690798566
2.9512252361991336,2.9512252361991336
2.95915129664272,2.95915129664272
2.9671131438725356,2.9671131438725356
2.9751110520666266,2.9751110520666266
2.98314529786731,2.98314529786731
2.991216160411061,2.991216160411061
2.999323921358868,2.999323921358868
3.0074688649270254,3.0074688649270254
3.015651277918413,3.015651277918413
3.0238714497542634,3.0238714497542634
3.0321296725064313,3.0321296725064313
3.0404262409301364,3.0404262409301364
3.048761452497225,3.048761452497225
3.057135607429969,3.057135607429969
3.065549008735389,3.065549008735389
3.0740019622400965,3.0740019622400965
3.0824947766257056,3.0824947766257056
3.0910277634648033,3.0910277634648033
3.099601237257492,3.099601237257492
3.1082155154685105,3.1082155154685105
3.116870918564937,3.116870918564937
3.1255677700545155,3.1255677700545155
3.1343063965246065,3.1343063965246065
3.1430871276817363,3.1430871276817363
3.1519102963918013,3.1519102963918013
3.160776238720931,3.160776238720931
3.1696852939770213,3.1696852939770213
3.1786378047519386,3.1786378047519386
3.1876341169643965,3.1876341169643965
3.1966745799035783,3.1966745799035783
3.2057595462734674,3.2057595462734674
3.2148893722378875,3.2148893722378875
3.2240644174663293,3.2240644174663293
3.233285045180504,3.233285045180504
3.2425516222017094,3.2425516222017094
3.251864518998982,3.251864518998982
3.261224109738057,3.261224109738057
3.2706307723311396,3.2706307723311396
3.280084888487557,3.280084888487557
3.2895868437652593,3.2895868437652593
3.2991370276231913,3.2991370276231913
3.3087358334745507,3.3087358334745507
3.318383658741007,3.318383658741007
3.328080904907827,3.328080904907827
3.3378279775799498,3.3378279775799498
3.3476252865390497,3.3476252865390497
3.357473245801594,3.357473245801594
3.3673722736779257,3.3673722736779257
3.377322792832375,3.377322792832375
3.387325230344414,3.387325230344414
3.397380017770932,3.397380017770932
3.407487591209603,3.407487591209603
3.417648391363375,3.417648391363375
3.4278628636060997,3.4278628636060997
3.438131458049381,3.438131458049381
3.4484546296106133,3.4484546296106133
3.4588328380822335,3.4588328380822335
3.469266548202238,3.469266548202238
3.4797562297260005,3.4797562297260005
3.4903023574994023,3.4903023574994023
3.50090541153329,3.50090541153329
3.511565877079304,3.511565877079304
3.52228424470713,3.52228424470713
3.53306101038319,3.53306101038319
3.5438966755507675,3.5438966755507675
3.5547917472116515,3.5547917472116515
3.565746738009323,3.565746738009323
3.576762166313702,3.576762166313702
3.5878385563075033,3.5878385563075033
3.5989764380742084,3.5989764380742084
3.6101763476877498,3.6101763476877498
3.621438827303911,3.621438827303911
3.632764425253462,3.632764425253462
3.6441536961370877,3.6441536961370877
3.655607200922189,3.655607200922189
3.667125507041557,3.667125507041557
3.67870918849395,3.67870918849395
3.6903588259466553,3.6903588259466553
3.7020750068400856,3.7020750068400856
3.713858325494436,3.713858325494436
3.7257093832184447,3.7257093832184447
3.7376287884203214,3.7376287884203214
3.749617156720909,3.749617156720909
3.7616751110691187,3.7616751110691187
3.7738032818596894,3.7738032818596894
3.786002307053302,3.786002307053302
3.798272832299186,3.798272832299186
3.8106155110602065,3.8106155110602065
3.823031004740518,3.823031004740518
3.8355199828158213,3.8355199828158213
3.8480831229663583,3.8480831229663583
3.8607211112126474,3.8607211112126474
3.873434642054045,3.873434642054045
3.8862244186101997,3.8862244186101997
3.8990911527654966,3.8990911527654966
3.912035565316568,3.912035565316568
3.9250583861228914,3.9250583861228914
3.938160354260611,3.938160354260611
3.9513422181796702,3.9513422181796702
3.964604735864302,3.964604735864302
3.9779486749969815,3.9779486749969815
3.9913748131259226,3.9913748131259226
4.004883937836252,4.004883937836252
4.018476846924896,4.018476846924896
4.03215434857933,4.03215434857933
4.045917261560231,4.045917261560231
4.059766415388237,4.059766415388237
4.073702650534817,4.073702650534817
4.087726818617436,4.087726818617436
4.101839782599069,4.101839782599069
4.116042416992246,4.116042416992246
4.130335608067729,4.130335608067729
4.1447202540679235,4.1447202540679235
4.159197265425141,4.159197265425141
4.173767564984944,4.173767564984944
4.188432088234613,4.188432088234613
4.203191783536903,4.203191783536903
4.218047612369252,4.218047612369252
4.233000549568611,4.233000549568611
4.248051583582021,4.248051583582021
4.263201716723119,4.263201716723119
4.278451965434705,4.278451965434705
4.293803360557623,4.293803360557623
4.309256947606081,4.309256947606081
4.324813787049589,4.324813787049589
4.340474954601706,4.340474954601706
4.356241541515857,4.356241541515857
4.372114654888399,4.372114654888399
4.388095417969068,4.388095417969068
4.404184970479124,4.404184970479124
4.420384468937435,4.420384468937435
4.436695086994648,4.436695086994648
4.453118015775767,4.453118015775767
4.469654464231326,4.469654464231326
4.4863056594975035,4.4863056594975035
4.503072847265416,4.503072847265416
4.519957292159805,4.519957292159805
4.536960278127501,4.536960278127501
4.554083108835948,4.554083108835948
4.5713271080820705,4.5713271080820705
4.5886936202118385,4.5886936202118385
4.606184010550821,4.606184010550821
4.623799665846171,4.623799665846171
4.641541994720297,4.641541994720297
4.659412428136689,4.659412428136689
4.677412419878188,4.677412419878188
4.6955434470382285,4.6955434470382285
4.713807010525403,4.713807010525403
4.732204635581746,4.732204635581746
4.750737872315281,4.750737872315281
4.769408296247248,4.769408296247248
4.788217508874539,4.788217508874539
4.807167138247783,4.807167138247783
4.826258839565668,4.826258839565668
4.845494295786051,4.845494295786051
4.864875218254415,4.864875218254415
4.884403347350222,4.884403347350222
4.9040804531518765,4.9040804531518765
4.923908336120841,4.923908336120841
4.94388882780566,4.94388882780566
4.964023791566561,4.964023791566561
4.984315123321301,4.984315123321301
5.004764752313105,5.004764752313105
5.0253746419014345,5.0253746419014345
5.046146790376436,5.046146790376436
5.067083231797881,5.067083231797881
5.088186036859511,5.088186036859511
5.10945731377974,5.10945731377974
5.130899209219701,5.130899209219701
5.152513909229554,5.152513909229554
5.174303640224184,5.174303640224184
5.1962706699894285,5.1962706699894285
5.218417308719908,5.218417308719908
5.240745910089702,5.240745910089702
5.263258872357076,5.263258872357076
5.285958639504689,5.285958639504689
5.308847702416552,5.308847702416552
5.331928600093173,5.331928600093173
5.355203920906426,5.355203920906426
5.378676303895731,5.378676303895731
5.402348440107166,5.402348440107166
5.426223073977168,5.426223073977168
5.450303004762732,5.450303004762732
5.474591088019927,5.474591088019927
5.499090237132744,5.499090237132744
5.5238034248942975,5.5238034248942975
5.548733685142558,5.548733685142558
5.573884114452954,5.573884114452954
5.599257873890226,5.599257873890226
5.624858190821887,5.624858190821887
5.650688360796146,5.650688360796146
5.676751749486891,5.676751749486891
5.703051794708744,5.703051794708744
5.729592008505153,5.729592008505153
5.756375979312734,5.756375979312734
5.783407374205326,5.783407374205326
5.810689941221245,5.810689941221245
5.838227511777415,5.838227511777415
5.866024003174385,5.866024003174385
5.8940834211963695,5.8940834211963695
5.922409862810673,5.922409862810673
5.9510075189710125,5.9510075189710125
5.9798806775296836,5.9798806775296836
6.009033726263662,6.009033726263662
6.038471156020025,6.038471156020025
6.068197563986382,6.068197563986382
6.0982176570922855,6.0982176570922855
6.128536255548139,6.128536255548139
6.159158296528144,6.159158296528144
6.190088838004497,6.190088838004497
6.2213330627402765,6.2213330627402765
6.252896282449096,6.252896282449096
6.284783942129877,6.284783942129877
6.317001624585668,6.317001624585668
6.349555055135974,6.349555055135974
6.382450106532704,6.382450106532704
6.415692804090372,6.415692804090372
6.449289331041786,6.449289331041786
6.483246034131316,6.483246034131316
6.517569429458501,6.517569429458501
6.5522662085856345,6.5522662085856345
6.5873432449235905,6.5873432449235905
6.622807600411472,6.622807600411472
6.658666532506352,6.658666532506352
6.694927501500637,6.694927501500637
6.731598178185556,6.731598178185556
6.768686451880712,6.768686451880712
6.806200438850948,6.806200438850948
6.844148491133071,6.844148491133071
6.882539205796716,6.882539205796716
6.921381434665198,6.921381434665198
6.960684294524122,6.960684294524122
7.000457177847501,7.000457177847501
7.040709764073002,7.040709764073002
7.081452031460642,7.081452031460642
7.122694269571493,7.122694269571493
7.164447092405788,7.164447092405788
7.206721452242621,7.206721452242621
7.249528654226769,7.249528654226769
7.29288037175171,7.29288037175171
7.336788662691496,7.336788662691496
7.381265986538324,7.381265986538324
7.4263252225072875,7.4263252225072875
7.471979688674557,7.471979688674557
7.518243162220742,7.518243162220742
7.565129900856764,7.565129900856764
7.6126546655163665,7.6126546655163665
7.660832744406234,7.660832744406234
7.709679978512413,7.709679978512413
7.7592127886701965,7.7592127886701965
7.809448204313997,7.809448204313997
7.8604038940341,7.8604038940341
7.912098198078321,7.912098198078321
7.964550162949056,7.964550162949056
8.017779578260209,8.017779578260209
8.071807016033548,8.071807016033548
8.126653872631048,8.126653872631048
8.182342413538265,8.182342413538265
8.238895821234852,8.238895821234852
8.296338246411393,8.296338246411393
8.354694862817354,8.354694862817354
8.413991926053628,8.413991926053628
8.47425683665546,8.47425683665546
8.535518207847234,8.535518207847234
8.597805938390815,8.597805938390815
8.661151290994175,8.661151290994175
8.725586976797874,8.725586976797874
8.791147246514079,8.791147246514079
8.857867988857043,8.857867988857043
8.925786836976922,8.925786836976922
8.994943283691091,8.994943283691091
9.065378806401046,9.065378806401046
9.13713700268889,9.13713700268889
9.210263737708658,9.210263737708658
9.284807304626385,9.284807304626385
9.360818599520853,9.360818599520853
9.438351312338723,9.438351312338723
9.517462135706294,9.517462135706294
9.598210993641125,9.598210993641125
9.680661292484789,9.680661292484789
9.764880196700117,9.764880196700117
9.850938932550791,9.850938932550791
9.938913123117581,9.938913123117581
10.028883158615216,10.028883158615216
10.12093460657194,10.12093460657194
10.215158667136874,10.215158667136874
10.311652679609908,10.311652679609908
10.410520687271935,10.410520687271935
10.511874068761573,10.511874068761573
10.615832245637938,10.615832245637938
10.722523477439413,10.722523477439413
10.832085757557177,10.832085757557177
10.94466782567024,10.94466782567024
11.060430315435218,11.060430315435218
11.179547059718857,11.179547059718857
11.302206580068745,11.302206580068745
11.428613792549807,11.428613792549807
11.558991968807877,11.558991968807877
11.693584999618338,11.693584999618338
11.832660018714963,11.832660018714963
11.976510458005036,11.976510458005036
12.12545962221066,12.12545962221066
12.279864892683285,12.279864892683285
12.44012269818705,12.44012269818705
12.606674426999424,12.606674426999424
12.780013502751872,12.780013502751872
12.960693910281675,12.960693910281675
13.14934054346354,13.14934054346354
13.346661863323526,13.346661863323526
13.553465514609822,13.553465514609822
13.770677771641909,13.770677771641909
13.999367998850671,13.999367998850671
14.240779763011712,14.240779763011712
14.496370893766942,14.496370893766942
14.76786577103753,14.76786577103753
15.057324611270193,15.057324611270193
15.367236849656425,15.367236849656425
15.700649433136393,15.700649433136393
16.061346963798428,16.061346963798428
16.454111073331575,16.454111073331575
16.885104922050747,16.885104922050747
17.362463079544007,17.362463079544007
17.897234376579636,17.897234376579636
18.504966116430154,18.504966116430154
19.208536931050965,19.208536931050965
20.0436444601012,20.0436444601012
21.07063832019049,21.07063832019049
22.404234963395556,22.404234963395556
24.30827040877921,24.30827040877921
27.673147991566008,27.673147991566008
