-7.001897914705352,-7.001897914705352
-7.0370074415501636,-7.0370074415501636
-7.028656015273929,-7.028656015273929
-7.004037581330208,-7.004037581330208
-6.969202280882792,-6.969202280882792
-6.927031161573381,-6.927031161573381
-6.879222535347614,-6.879222535347614
-6.826898652011469,-6.826898652011469
-6.770856801586975,-6.770856801586975
-6.711692647949053,-6.711692647949053
-6.649868037494782,-6.649868037494782
-6.585751415418662,-6.585751415418662
-6.519643430042222,-6.519643430042222
-6.451793948221535,-6.451793948221535
-6.382413807776713,-6.382413807776713
-6.311683197243824,-6.311683197243824
-6.239757792560258,-6.239757792560258
-6.166773354508499,-6.166773354508499
-6.092849241231973,-6.092849241231973
-6.018091138113856,-6.018091138113856
-5.942593211526209,-5.942593211526209
-5.866439830819103,-5.866439830819103
-5.789706961561162,-5.789706961561162
-5.712463304881914,-5.712463304881914
-5.634771238198347,-5.634771238198347
-5.556687598760569,-5.556687598760569
-5.478264341489512,-5.478264341489512
-5.399549095304909,-5.399549095304909
-5.320585636756314,-5.320585636756314
-5.241414295732992,-5.241414295732992
-5.162072304967563,-5.162072304967563
-5.082594102702287,-5.082594102702287
-5.003011596071473,-5.003011596071473
-4.923354391335574,-4.923354391335574
-4.8436499959856585,-4.8436499959856585
-4.763923996850317,-4.763923996850317
-4.684200217627863,-4.684200217627863
-4.604500858695464,-4.604500858695464
-4.524846621583833,-4.524846621583833
-4.445256820128382,-4.445256820128382
-4.365749479997857,-4.365749479997857
-4.286341428045869,-4.286341428045869
-4.207048372718727,-4.207048372718727
-4.127884976576362,-4.127884976576362
-4.048864921835239,-4.048864921835239
-3.9700009697177814,-3.9700009697177814
-3.8913050142877963,-3.8913050142877963
-3.8127881313623604,-3.8127881313623604
-3.734460623014772,-3.734460623014772
-3.6563320581184344,-3.6563320581184344
-3.578411309326008,-3.578411309326008
-3.500706586830349,-3.500706586830349
-3.4232254692125434,-3.4232254692125434
-3.3459749316466314,-3.3459749316466314
-3.268961371699596,-3.268961371699596
-3.1921906329379532,-3.1921906329379532
-3.1156680265294017,-3.1156680265294017
-3.0393983510060463,-3.0393983510060463
-2.9633859103387894,-2.9633859103387894
-2.8876345304557067,-2.8876345304557067
-2.812147574323347,-2.812147574323347
-2.7369279556973054,-2.7369279556973054
-2.661978151637295,-2.661978151637295
-2.5873002138720453,-2.5873002138720453
-2.512895779090488,-2.512895779090488
-2.438766078227764,-2.438766078227764
-2.3649119448075036,-2.3649119448075036
-2.2913338223953734,-2.2913338223953734
-2.218031771213149,-2.218031771213149
-2.145005473957301,-2.145005473957301
-2.0722542408613136,-2.0722542408613136
-1.9997770140366502,-1.9997770140366502
-1.927572371123247,-1.927572371123247
-1.8556385282768075,-1.8556385282768075
-1.7839733425167874,-1.7839733425167874
-1.7125743134558187,-1.7125743134558187
-1.641438584428456,-1.641438584428456
-1.5705629430343595,-1.5705629430343595
-1.4999438211085208,-1.4999438211085208
-1.429577294128688,-1.429577294128688
-1.3594590800678776,-1.3594590800678776
-1.2895845376976367,-1.2895845376976367
-1.219948664345633,-1.219948664345633
-1.1505460931090867,-1.1505460931090867
-1.081371089523565,-1.081371089523565
-1.0124175476847157,-1.0124175476847157
-0.9436789858185507,-0.9436789858185507
-0.8751485412940178,-0.8751485412940178
-0.8068189650696087,-0.8068189650696087
-0.7386826155638825,-0.7386826155638825
-0.6707314519377426,-0.6707314519377426
-0.6029570267743825,-0.6029570267743825
-0.5353504781406746,-0.5353504781406746
-0.4679025210117378,-0.4679025210117378
-0.40060343803815496,-0.40060343803815496
-0.3334430696330835,-0.3334430696330835
-0.26641080335406137,-0.26641080335406137
-0.199495562551856,-0.199495562551856
-0.13268579425600877,-0.13268579425600877
-0.06596945626397531,-0.06596945626397531
0.0006659966022204093,0.0006659966022204093
0.06723362711104794,0.06723362711104794
0.13374703115083286,0.13374703115083286
0.20022035421960013,0.20022035421960013
0.2666683089254221,0.2666683089254221
0.3331061935514328,0.3331061935514328
0.3995499117441098,0.3995499117441098
0.46601599338821353,0.46601599338821353
0.5325216167369482,0.5325216167369482
0.5990846318715035,0.5990846318715035
0.6657235855701881,0.6657235855701881
0.7324577476739326,0.7324577476739326
0.799307139042085,0.799307139042085
0.8662925612001781,0.8662925612001781
0.9334356277897953,0.9334356277897953
1.0007587979399064,1.0007587979399064
1.0682854116890481,1.0682854116890481
1.1360397275988587,1.1360397275988587
1.2040469627113544,1.2040469627113544
1.2723333350157204,1.2723333350157204
1.3409261086047617,1.3409261086047617
1.4098536417171674,1.4098536417171674
1.4791454378792501,1.4791454378792501
1.5488322003791455,1.5488322003791455
1.6189458903277865,1.6189458903277865
1.689519788584496,1.689519788584496
1.760588561851121,1.760588561851121
1.8321883332674542,1.8321883332674542
1.9043567578727383,1.9043567578727383
1.9771331033335766,1.9771331033335766
2.050558336378167,2.050558336378167
2.124675215420833,2.124675215420833
2.1995283899100264,2.1995283899100264
2.275164506987959,2.275164506987959
2.3516323261115466,2.3516323261115466
2.428982842353369,2.428982842353369
2.5072694191788685,2.5072694191788685
2.58654793158319,2.58654793158319
2.6668769205694547,2.6668769205694547
2.748317760061116,2.748317760061116
2.8309348374669248,2.8309348374669248
2.914795749259097,2.914795749259097
2.9999715130874245,2.9999715130874245
3.086536798135867,3.086536798135867
3.1745701756385416,3.1745701756385416
3.264154391712099,3.264154391712099
3.3553766649368097,3.3553766649368097
3.4483290114349807,3.4483290114349807
3.543108600559533,3.543108600559533
3.639818144726094,3.639818144726094
3.7385663274088774,3.7385663274088774
3.83946827388571,3.83946827388571
3.942646069975674,3.942646069975674
4.048229334781065,4.048229334781065
4.156355854345441,4.156355854345441
4.267172284197049,4.267172284197049
4.380834929993847,4.380834929993847
4.49751061696176,4.49751061696176
4.6173776605697645,4.6173776605697645
4.740626952974047,4.740626952974047
4.867463182262946,4.867463182262946
4.998106204538813,4.998106204538813
5.132792592498833,5.132792592498833
5.271777388574741,5.271777388574741
5.415336096049198,5.415336096049198
5.563766948129212,5.563766948129212
5.717393503036068,5.717393503036068
5.876567623175395,5.876567623175395
6.041672908910216,6.041672908910216
6.213128673076824,6.213128673076824
6.391394562085471,6.391394562085471
6.57697595448308,6.57697595448308
6.770430299901761,6.770430299901761
6.9723746026700715,6.9723746026700715
7.183494308178696,7.183494308178696
7.404553920764147,7.404553920764147
7.636409775591081,7.636409775591081
7.880025512596428,7.880025512596428
8.13649097074944,8.13649097074944
8.407045454351156,8.407045454351156
8.69310664762837,8.69310664762837
8.996306911514509,8.996306911514509
9.318539352046942,9.318539352046942
9.662017005119546,9.662017005119546
10.029349901132857,10.029349901132857
10.423646924959693,10.423646924959693
10.848652727579411,10.848652727579411
11.308935270560935,11.308935270560935
11.810148326456776,11.810148326456776
12.359408102307931,12.359408102307931
12.96584935690571,12.96584935690571
13.641474774384662,13.641474774384662
14.40250561598599,14.40250561598599
15.27163739057099,15.27163739057099
16.282043773464146,16.282043773464146
17.485061124717532,17.485061124717532
18.96655590021172,18.96655590021172
20.887311351448872,20.887311351448872
23.60820569563148,23.60820569563148
28.283756598236582,28.283756598236582
