-5.278705492713723,-5.278705492713723
-5.306083398343415,-5.306083398343415
-5.331173761118802,-5.331173761118802
-5.354060957368627,-5.354060957368627
-5.374826406400061,-5.374826406400061
-5.39354866255951,-5.39354866255951
-5.4103035048416634,-5.4103035048416634
-5.425164024099886,-5.425164024099886
-5.4382007079103305,-5.4382007079103305
-5.44948152314113,-5.44948152314113
-5.459071996277289,-5.459071996277289
-5.467035291550964,-5.467035291550964
-5.473432286926008,-5.473432286926008
-5.478321647984831,-5.478321647984831
-5.481759899764787,-5.481759899764787
-5.483801496590505,-5.483801496590505
-5.484498889947747,-5.484498889947747
-5.483902594443644,-5.483902594443644
-5.482061251897278,-5.482061251897278
-5.479021693603914,-5.479021693603914
-5.4748290008153315,-5.4748290008153315
-5.46952656347801,-5.46952656347801
-5.4631561372701185,-5.4631561372701185
-5.45575789897759,-5.45575789897759
-5.44737050024875,-5.44737050024875
-5.438031119766334,-5.438031119766334
-5.42777551387495,-5.42777551387495
-5.416638065701373,-5.416638065701373
-5.4046518328043565,-5.4046518328043565
-5.391848593389961,-5.391848593389961
-5.3782588911277305,-5.3782588911277305
-5.363912078602365,-5.363912078602365
-5.348836359434894,-5.348836359434894
-5.333058829106693,-5.333058829106693
-5.316605514519061,-5.316605514519061
-5.299501412320422,-5.299501412320422
-5.281770526032594,-5.281770526032594
-5.263435902006969,-5.263435902006969
-5.2445196642408245,-5.2445196642408245
-5.225043048083379,-5.225043048083379
-5.205026432860629,-5.205026432860629
-5.184489373447415,-5.184489373447415
-5.1634506308145784,-5.1634506308145784
-5.141928201578523,-5.141928201578523
-5.1199393465799155,-5.1199393465799155
-5.097500618517707,-5.097500618517707
-5.0746278886641445,-5.0746278886641445
-5.0513363726858405,-5.0513363726858405
-5.0276406555955315,-5.0276406555955315
-5.003554715858532,-5.003554715858532
-4.979091948677458,-4.979091948677458
-4.9542651884782565,-4.9542651884782565
-4.9290867306200585,-4.9290867306200585
-4.903568352350921,-4.903568352350921
-4.877721333031014,-4.877721333031014
-4.851556473644342,-4.851556473644342
-4.8250841156196,-4.8250841156196
-4.798314158980337,-4.798314158980337
-4.771256079844116,-4.771256079844116
-4.743918947289904,-4.743918947289904
-4.7163114396125385,-4.7163114396125385
-4.688441859982599,-4.688441859982599
-4.660318151529653,-4.660318151529653
-4.631947911866401,-4.631947911866401
-4.6033384070708285,-4.6033384070708285
-4.574496585143059,-4.574496585143059
-4.545429088953224,-4.545429088953224
-4.516142268696246,-4.516142268696246
-4.486642193869071,-4.486642193869071
-4.456934664785471,-4.456934664785471
-4.427025223643199,-4.427025223643199
-4.396919165157882,-4.396919165157882
-4.36662154677769,-4.36662154677769
-4.336137198492462,-4.336137198492462
-4.305470732250616,-4.305470732250616
-4.274626550996833,-4.274626550996833
-4.243608857343151,-4.243608857343151
-4.212421661885817,-4.212421661885817
-4.181068791179842,-4.181068791179842
-4.1495538953829785,-4.1495538953829785
-4.117880455580448,-4.117880455580448
-4.086051790801483,-4.086051790801483
-4.05407106473844,-4.05407106473844
-4.021941292178903,-4.021941292178903
-3.989665345160994,-3.989665345160994
-3.957245958861709,-3.957245958861709
-3.9246857372279194,-3.9246857372279194
-3.891987158359341,-3.891987158359341
-3.85915257965253,-3.85915257965253
-3.826184242714694,-3.826184242714694
-3.7930842780558574,-3.7930842780558574
-3.75985470956765,-3.75985470956765
-3.726497458796749,-3.726497458796749
-3.6930143490207854,-3.6930143490207854
-3.65940710913423,-3.65940710913423
-3.6256773773516078,-3.6256773773516078
-3.5918267047351105,-3.5918267047351105
-3.557856558553493,-3.557856558553493
-3.523768325478873,-3.523768325478873
-3.489563314627913,-3.489563314627913
-3.4552427604535647,-3.4552427604535647
-3.4208078254934393,-3.4208078254934393
-3.386259602980596,-3.386259602980596
-3.3515991193224,-3.3515991193224
-3.3168273364528744,-3.3168273364528744
-3.2819451540638025,-3.2819451540638025
-3.2469534117196566,-3.2469534117196566
-3.2118528908612376,-3.2118528908612376
-3.1766443167027534,-3.1766443167027534
-3.1413283600268778,-3.1413283600268778
-3.1059056388821924,-3.1059056388821924
-3.0703767201872187,-3.0703767201872187
-3.034742121245126,-3.034742121245126
-2.999002311173022,-2.999002311173022
-2.963157712249593,-2.963157712249593
-2.927208701184725,-2.927208701184725
-2.891155610314587,-2.891155610314587
-2.8549987287254988,-2.8549987287254988
-2.8187383033098308,-2.8187383033098308
-2.7823745397569857,-2.7823745397569857
-2.7459076034824297,-2.7459076034824297
-2.7093376204975987,-2.7093376204975987
-2.6726646782233963,-2.6726646782233963
-2.6358888262498685,-2.6358888262498685
-2.5990100770445506,-2.5990100770445506
-2.562028406611845,-2.562028406611845
-2.5249437551057,-2.5249437551057
-2.487756027397765,-2.487756027397765
-2.450465093603058,-2.450465093603058
-2.4130707895651353,-2.4130707895651353
-2.3755729173026174,-2.3755729173026174
-2.337971245418869,-2.337971245418869
-2.300265509476501,-2.300265509476501
-2.2624554123383236,-2.2624554123383236
-2.2245406244762544,-2.2245406244762544
-2.1865207842496406,-2.1865207842496406
-2.148395498154349,-2.148395498154349
-2.1101643410439226,-2.1101643410439226
-2.0718268563240168,-2.0718268563240168
-2.033382556121266,-2.033382556121266
-1.9948309214276676,-1.9948309214276676
-1.9561714022214853,-1.9561714022214853
-1.9174034175656431,-1.9174034175656431
-1.878526355684487,-1.878526355684487
-1.8395395740197604,-1.8395395740197604
-1.8004423992665668,-1.8004423992665668
-1.7612341273900423,-1.7612341273900423
-1.7219140236234163,-1.7219140236234163
-1.6824813224480721,-1.6824813224480721
-1.642935227556198,-1.642935227556198
-1.603274911796535,-1.603274911796535
-1.5634995171037218,-1.5634995171037218
-1.5236081544116689,-1.5236081544116689
-1.4835999035513592,-1.4835999035513592
-1.4434738131334386,-1.4434738131334386
-1.4032289004159153,-1.4032289004159153
-1.3628641511572512,-1.3628641511572512
-1.3223785194550957,-1.3223785194550957
-1.2817709275708804,-1.2817709275708804
-1.24104026574045,-1.24104026574045
-1.2001853919708927,-1.2001853919708927
-1.1592051318236776,-1.1592051318236776
-1.1180982781842108,-1.1180982781842108
-1.0768635910178563,-1.0768635910178563
-1.0354997971124777,-1.0354997971124777
-0.9940055898075015,-0.9940055898075015
-0.9523796287094981,-0.9523796287094981
-0.9106205393942438,-0.9106205393942438
-0.8687269130952029,-0.8687269130952029
-0.8266973063783531,-0.8266973063783531
-0.7845302408032508,-0.7845302408032508
-0.7422242025702112,-0.7422242025702112
-0.6997776421534629,-0.6997776421534629
-0.6571889739201157,-0.6571889739201157
-0.6144565757347508,-0.6144565757347508
-0.571578788549441,-0.571578788549441
-0.5285539159789775,-0.5285539159789775
-0.48538022386106283,-0.48538022386106283
-0.4420559398012185,-0.4420559398012185
-0.3985792527021264,-0.3985792527021264
-0.35494831227712,-0.35494831227712
-0.3111612285475092,-0.3111612285475092
-0.2672160713234143,-0.2672160713234143
-0.22311086966776517,-0.22311086966776517
-0.17884361134309965,-0.17884361134309965
-0.13441224224078416,-0.13441224224078416
-0.08981466579225506,-0.08981466579225506
-0.04504874236186381,-0.04504874236186381
-0.00011228862089094331,-0.00011228862089094331
0.04499692309772825,0.04499692309772825
0.09028116546443912,0.09028116546443912
0.13574275683836154,0.13574275683836154
0.18138406197335627,0.18138406197335627
0.22720749274540147,0.22720749274540147
0.2732155089018392,0.2732155089018392
0.31941061883307165,0.31941061883307165
0.365795380367315,0.365795380367315
0.4123724015890384,0.4123724015890384
0.459144341681743,0.459144341681743
0.506113911795765,0.506113911795765
0.5532838759418063,0.5532838759418063
0.6006570519109333,0.6006570519109333
0.6482363122218079,0.6482363122218079
0.6960245850959484,0.6960245850959484
0.744024855461849,0.744024855461849
0.7922401659888164,0.7922401659888164
0.8406736181514255,0.8406736181514255
0.8893283733255221,0.8893283733255221
0.938207653916743,0.938207653916743
0.9873147445225635,0.9873147445225635
1.0366529931289203,1.0366529931289203
1.0862258123425022,1.0862258123425022
1.1360366806598414,1.1360366806598414
1.1860891437743906,1.1860891437743906
1.2363868159228126,1.2363868159228126
1.2869333812717567,1.2869333812717567
1.3377325953464545,1.3377325953464545
1.3887882865025236,1.3887882865025236
1.4401043574424008,1.4401043574424008
1.4916847867779182,1.4916847867779182
1.5435336306405627,1.5435336306405627
1.595655024341048,1.595655024341048
1.6480531840798665,1.6480531840798665
1.7007324087105833,1.7007324087105833
1.7536970815576731,1.7536970815576731
1.8069516722908006,1.8069516722908006
1.8605007388574961,1.8605007388574961
1.9143489294762714,1.9143489294762714
1.9685009846922867,1.9685009846922867
2.0229617394977657,2.0229617394977657
2.0777361255194498,2.0777361255194498
2.1328291732754554,2.1328291732754554
2.188246014503988,2.188246014503988
2.243991884566482,2.243991884566482
2.3000721249277967,2.3000721249277967
2.3564921857162284,2.3564921857162284
2.4132576283661824,2.4132576283661824
2.4703741283464677,2.4703741283464677
2.5278474779772573,2.5278474779772573
2.5856835893389154,2.5856835893389154
2.6438884972759653,2.6438884972759653
2.7024683624995993,2.7024683624995993
2.761429474792281,2.761429474792281
2.8207782563180768,2.8207782563180768
2.8805212650424985,2.8805212650424985
2.9406651982657985,2.9406651982657985
3.001216896273727,3.001216896273727
3.0621833461099808,3.0621833461099808
3.1235716854746567,3.1235716854746567
3.1853892067531975,3.1853892067531975
3.2476433611804643,3.2476433611804643
3.3103417631447187,3.3103417631447187
3.3734921946364658,3.3734921946364658
3.4371026098472677,3.4371026098472677
3.5011811399238004,3.5011811399238004
3.5657360978826103,3.5657360978826103
3.630775983691187,3.630775983691187
3.696309489521155,3.696309489521155
3.7623455051795847,3.7623455051795847
3.828893123724585,3.828893123724585
3.895961647271557,3.895961647271557
3.963560592996668,3.963560592996668
4.031699699344326,4.031699699344326
4.100388932445619,4.100388932445619
4.169638492754913,4.169638492754913
4.239458821912021,4.239458821912021
4.309860609837539,4.309860609837539
4.380854802069239,4.380854802069239
4.4524526073475705,4.4524526073475705
4.524665505458597,4.524665505458597
4.597505255342929,4.597505255342929
4.670983903479447,4.670983903479447
4.745113792552883,4.745113792552883
4.819907570414556,4.819907570414556
4.895378199345847,4.895378199345847
4.971538965634236,4.971538965634236
5.048403489472032,5.048403489472032
5.125985735188164,5.125985735188164
5.204300021823716,5.204300021823716
5.283361034062164,5.283361034062164
5.363183833525569,5.363183833525569
5.443783870448267,5.443783870448267
5.52517699573994,5.52517699573994
5.607379473450206,5.607379473450206
5.690407993647255,5.690407993647255
5.774279685723294,5.774279685723294
5.859012132139982,5.859012132139982
5.944623382627299,5.944623382627299
6.031131968849686,6.031131968849686
6.118556919553602,6.118556919553602
6.2069177762110135,6.2069177762110135
6.296234609173705,6.296234609173705
6.386528034353635,6.386528034353635
6.477819230444956,6.477819230444956
6.5701299567036955,6.5701299567036955
6.663482571301453,6.663482571301453
6.757900050269907,6.757900050269907
6.853406007053272,6.853406007053272
6.9500247126862975,6.9500247126862975
7.047781116615772,7.047781116615772
7.146700868183934,7.146700868183934
7.246810338792625,7.246810338792625
7.348136644767425,7.348136644767425
7.4507076709414655,7.4507076709414655
7.554552094979092,7.554552094979092
7.6596994124599,7.6596994124599
7.766179962744267,7.766179962744267
7.874024955641861,7.874024955641861
7.983266498905122,7.983266498905122
8.093937626570199,8.093937626570199
8.206072328168295,8.206072328168295
8.319705578830888,8.319705578830888
8.43487337031279,8.43487337031279
8.551612742957495,8.551612742957495
8.669961818629844,8.669961818629844
8.789959834641477,8.789959834641477
8.911647178695196,8.911647178695196
9.035065424874723,9.035065424874723
9.160257370707109,9.160257370707109
9.287267075325396,9.287267075325396
9.416139898759885,9.416139898759885
9.546922542386751,9.546922542386751
9.679663090563485,9.679663090563485
9.81441105348118,9.81441105348118
9.951217411264189,9.951217411264189
10.090134659348449,10.090134659348449
10.231216855170223,10.231216855170223
10.374519666197758,10.374519666197758
10.52010041933887,10.52010041933887
10.66801815175826,10.66801815175826
10.818333663138786,10.818333663138786
10.971109569421841,10.971109569421841
11.126410358062431,11.126410358062431
11.284302444835316,11.284302444835316
11.444854232229249,11.444854232229249
11.608136169467073,11.608136169467073
11.774220814190025,11.774220814190025
11.943182895845414,11.943182895845414
12.115099380817536,12.115099380817536
12.290049539342334,12.290049539342334
12.4681150142472,12.4681150142472
12.649379891557846,12.649379891557846
12.833930773015176,12.833930773015176
13.02185685054561,13.02185685054561
13.213249982729254,13.213249982729254
13.40820477331103,13.40820477331103
13.606818651800635,13.606818651800635
13.80919195620807,13.80919195620807
14.015428017962224,14.015428017962224
14.225633249060891,14.225633249060891
14.439917231501266,14.439917231501266
14.658392809041088,14.658392809041088
14.88117618134112,14.88117618134112
15.108387000540754,15.108387000540754
15.340148470319258,15.340148470319258
15.576587447496177,15.576587447496177
15.81783454622513,15.81783454622513
16.064024244836315,16.064024244836315
16.315294995383816,16.315294995383816
16.57178933595475,16.57178933595475
16.833654005798284,16.833654005798284
17.101040063333393,17.101040063333393
17.374103007095236,17.374103007095236
17.653002899681017,17.653002899681017
17.937904494757007,17.937904494757007
18.22897736718966,18.22897736718966
18.52639604636444,18.52639604636444
18.830340152757184,18.830340152757184
19.140994537823776,19.140994537823776
19.458549427274917,19.458549427274917
19.783200567803764,19.783200567803764
20.11514937733543,20.11514937733543
20.454603098868066,20.454603098868066
20.80177495797673,20.80177495797673
21.156884324051962,21.156884324051962
21.520156875346263,21.520156875346263
21.891824767902673,21.891824767902673
22.2721268084409,22.2721268084409
22.699458026545017,22.699458026545017
22.678312923763215,22.678312923763215
22.66357234320896,22.66357234320896
22.65558546782033,22.65558546782033
22.656557626035536,22.656557626035536
22.668027886527675,22.668027886527675
22.69028680033995,22.69028680033995
22.723633104168016,22.723633104168016
22.768373932442945,22.768373932442945
22.82482503418872,22.82482503418872
22.8933109947425,22.8933109947425
22.974165462427504,22.974165462427504
23.067731380268654,23.067731380268654
23.17436122284377,23.17436122284377
23.294417238363263,23.294417238363263
23.428271696073274,23.428271696073274
23.576307139077834,23.576307139077834
23.73891664267757,23.73891664267757
23.916504078323854,23.916504078323854
24.109484383287594,24.109484383287594
24.318283836144854,24.318283836144854
