-7.118942606472601,-7.118942606472601
-7.127965401635201,-7.127965401635201
-7.133421220488347,-7.133421220488347
-7.13730070582217,-7.13730070582217
-7.14014026793439,-7.14014026793439
-7.1422024382088924,-7.1422024382088924
-7.143644095903425,-7.143644095903425
-7.144569807816558,-7.144569807816558
-7.145054330697142,-7.145054330697142
-7.145153796967763,-7.145153796967763
-7.144911916124731,-7.144911916124731
-7.144363693899159,-7.144363693899159
-7.143537799699964,-7.143537799699964
-7.142458145930009,-7.142458145930009
-7.141144982234504,-7.141144982234504
-7.1396156777757875,-7.1396156777757875
-7.137885295394189,-7.137885295394189
-7.135967022588391,-7.135967022588391
-7.133872501351893,-7.133872501351893
-7.131612084906495,-7.131612084906495
-7.12919504053097,-7.12919504053097
-7.126629711932485,-7.126629711932485
-7.123923650772537,-7.123923650772537
-7.12108372434226,-7.12108372434226
-7.118116204560584,-7.118116204560584
-7.115026842177644,-7.115026842177644
-7.111820929135842,-7.111820929135842
-7.10850335136094,-7.10850335136094
-7.105078633751515,-7.105078633751515
-7.101550978756896,-7.101550978756896
-7.097924299646686,-7.097924299646686
-7.09420224935469,-7.09420224935469
-7.090388245609603,-7.090388245609603
-7.086485492931413,-7.086485492931413
-7.082497001967496,-7.082497001967496
-7.078425606558802,-7.078425606558802
-7.074273978859762,-7.074273978859762
-7.070044642781752,-7.070044642781752
-7.06573998598617,-7.06573998598617
-7.0613622706176455,-7.0613622706176455
-7.056913642938587,-7.056913642938587
-7.0523961420021495,-7.0523961420021495
-7.047811707480677,-7.047811707480677
-7.043162186749983,-7.043162186749983
-7.038449341315857,-7.038449341315857
-7.033674852657381,-7.033674852657381
-7.0288403275517926,-7.0288403275517926
-7.023947302937119,-7.023947302937119
-7.018997250361689,-7.018997250361689
-7.013991580063479,-7.013991580063479
-7.008931644717016,-7.008931644717016
-7.0038187428810135,-7.0038187428810135
-6.998654122176054,-6.998654122176054
-6.993438982218214,-6.993438982218214
-6.988174477331647,-6.988174477331647
-6.982861719060522,-6.982861719060522
-6.977501778498583,-6.977501778498583
-6.97209568845254,-6.97209568845254
-6.966644445453875,-6.966644445453875
-6.961149011632115,-6.961149011632115
-6.955610316461267,-6.955610316461267
-6.9500292583900105,-6.9500292583900105
-6.944406706365125,-6.944406706365125
-6.938743501256782,-6.938743501256782
-6.933040457193451,-6.933040457193451
-6.927298362813501,-6.927298362813501
-6.921517982439867,-6.921517982439867
-6.915700057183634,-6.915700057183634
-6.909845305981812,-6.909845305981812
-6.903954426574137,-6.903954426574137
-6.898028096423331,-6.898028096423331
-6.892066973582833,-6.892066973582833
-6.886071697515705,-6.886071697515705
-6.8800428898681005,-6.8800428898681005
-6.8739811552003935,-6.8739811552003935
-6.867887081678851,-6.867887081678851
-6.861761241730437,-6.861761241730437
-6.855604192663213,-6.855604192663213
-6.849416477254538,-6.849416477254538
-6.843198624309134,-6.843198624309134
-6.836951149188937,-6.836951149188937
-6.830674554316475,-6.830674554316475
-6.824369329653421,-6.824369329653421
-6.81803595315582,-6.81803595315582
-6.811674891207416,-6.811674891207416
-6.805286599032344,-6.805286599032344
-6.798871521088441,-6.798871521088441
-6.792430091442271,-6.792430091442271
-6.785962734126927,-6.785962734126927
-6.7794698634835875,-6.7794698634835875
-6.772951884487744,-6.772951884487744
-6.766409193060924,-6.766409193060924
-6.7598421763687435,-6.7598421763687435
-6.753251213106011,-6.753251213106011
-6.746636673769572,-6.746636673769572
-6.739998920919556,-6.739998920919556
-6.7333383094296435,-6.7333383094296435
-6.72665518672691,-6.72665518672691
-6.719949893021771,-6.719949893021771
-6.713222761528581,-6.713222761528581
-6.7064741186773045,-6.7064741186773045
-6.69970428431674,-6.69970428431674
-6.692913571909687,-6.692913571909687
-6.686102288720487,-6.686102288720487
-6.679270735995269,-6.679270735995269
-6.672419209135281,-6.672419209135281
-6.665547997863615,-6.665547997863615
-6.658657386385653,-6.658657386385653
-6.651747653543509,-6.651747653543509
-6.644819072964774,-6.644819072964774
-6.6378719132057835,-6.6378719132057835
-6.630906437889703,-6.630906437889703
-6.623922905839618,-6.623922905839618
-6.616921571206895,-6.616921571206895
-6.6099026835949894,-6.6099026835949894
-6.602866488178917,-6.602866488178917
-6.595813225820571,-6.595813225820571
-6.588743133180069,-6.588743133180069
-6.5816564428232915,-6.5816564428232915
-6.574553383325783,-6.574553383325783
-6.567434179373151,-6.567434179373151
-6.560299051858146,-6.560299051858146
-6.553148217974502,-6.553148217974502
-6.545981891307724,-6.545981891307724
-6.5388002819229225,-6.5388002819229225
-6.531603596449809,-6.531603596449809
-6.524392038164983,-6.524392038164983
-6.51716580707159,-6.51716580707159
-6.509925099976505,-6.509925099976505
-6.50267011056507,-6.50267011056507
-6.495401029473533,-6.495401029473533
-6.488118044359268,-6.488118044359268
-6.480821339968828,-6.480821339968828
-6.473511098203964,-6.473511098203964
-6.46618749818563,-6.46618749818563
-6.458850716316116,-6.458850716316116
-6.451500926339294,-6.451500926339294
-6.444138299399148,-6.444138299399148
-6.436763004096539,-6.436763004096539
-6.42937520654437,-6.42937520654437
-6.421975070421148,-6.421975070421148
-6.4145627570230035,-6.4145627570230035
-6.407138425314263,-6.407138425314263
-6.399702231976567,-6.399702231976567
-6.392254331456645,-6.392254331456645
-6.384794876012735,-6.384794876012735
-6.377324015759746,-6.377324015759746
-6.369841898713174,-6.369841898713174
-6.362348670831817,-6.362348670831817
-6.3548444760593465,-6.3548444760593465
-6.347329456364773,-6.347329456364773
-6.339803751781798,-6.339803751781798
-6.332267500447156,-6.332267500447156
-6.324720838637944,-6.324720838637944
-6.31716390080796,-6.31716390080796
-6.3095968196231125,-6.3095968196231125
-6.302019725995904,-6.302019725995904
-6.29443274911905,-6.29443274911905
-6.286836016498216,-6.286836016498216
-6.279229653983951,-6.279229653983951
-6.271613785802797,-6.271613785802797
-6.263988534587638,-6.263988534587638
-6.2563540214072795,-6.2563540214072795
-6.248710365795312,-6.248710365795312
-6.241057685778264,-6.241057685778264
-6.233396097903049,-6.233396097903049
-6.2257257172637805,-6.2257257172637805
-6.218046657527913,-6.218046657527913
-6.21035903096177,-6.21035903096177
-6.2026629484554645,-6.2026629484554645
-6.19495851954722,-6.19495851954722
-6.187245852447136,-6.187245852447136
-6.179525054060379,-6.179525054060379
-6.171796230009847,-6.171796230009847
-6.164059484658306,-6.164059484658306
-6.156314921130019,-6.156314921130019
-6.148562641331881,-6.148562641331881
-6.140802745974059,-6.140802745974059
-6.133035334590201,-6.133035334590201
-6.125260505557151,-6.125260505557151
-6.117478356114247,-6.117478356114247
-6.109688982382184,-6.109688982382184
-6.101892479381463,-6.101892479381463
-6.094088941050425,-6.094088941050425
-6.086278460262906,-6.086278460262906
-6.078461128845492,-6.078461128845492
-6.070637037594414,-6.070637037594414
-6.062806276292076,-6.062806276292076
-6.054968933723215,-6.054968933723215
-6.047125097690747,-6.047125097690747
-6.039274855031252,-6.039274855031252
-6.031418291630137,-6.031418291630137
-6.023555492436499,-6.023555492436499
-6.015686541477644,-6.015686541477644
-6.007811521873351,-6.007811521873351
-5.999930515849797,-5.999930515849797
-5.992043604753226,-5.992043604753226
-5.984150869063325,-5.984150869063325
-5.976252388406336,-5.976252388406336
-5.9683482415678935,-5.9683482415678935
-5.960438506505622,-5.960438506505622
-5.952523260361446,-5.952523260361446
-5.944602579473709,-5.944602579473709
-5.93667653938899,-5.93667653938899
-5.928745214873749,-5.928745214873749
-5.920808679925685,-5.920808679925685
-5.91286700778492,-5.91286700778492
-5.904920270944942,-5.904920270944942
-5.8969685411633375,-5.8969685411633375
-5.889011889472326,-5.889011889472326
-5.881050386189076,-5.881050386189076
-5.873084100925863,-5.873084100925863
-5.86511310259997,-5.86511310259997
-5.857137459443471,-5.857137459443471
-5.849157239012781,-5.849157239012781
-5.841172508198055,-5.841172508198055
-5.833183333232394,-5.833183333232394
-5.825189779700892,-5.825189779700892
-5.817191912549513,-5.817191912549513
-5.809189796093803,-5.809189796093803
-5.801183494027444,-5.801183494027444
-5.793173069430655,-5.793173069430655
-5.785158584778434,-5.785158584778434
-5.777140101948658,-5.777140101948658
-5.769117682230035,-5.769117682230035
-5.761091386329915,-5.761091386329915
-5.75306127438196,-5.75306127438196
-5.7450274059536754,-5.7450274059536754
-5.736989840053819,-5.736989840053819
-5.728948635139671,-5.728948635139671
-5.720903849124171,-5.720903849124171
-5.712855539382951,-5.712855539382951
-5.704803762761226,-5.704803762761226
-5.696748575580573,-5.696748575580573
-5.688690033645605,-5.688690033645605
-5.680628192250504,-5.680628192250504
-5.672563106185467,-5.672563106185467
-5.664494829743035,-5.664494829743035
-5.656423416724313,-5.656423416724313
-5.648348920445086,-5.648348920445086
-5.64027139374183,-5.64027139374183
-5.632190888977631,-5.632190888977631
-5.624107458047991,-5.624107458047991
-5.616021152386564,-5.616021152386564
-5.6079320229707585,-5.6079320229707585
-5.5998401203272845,-5.5998401203272845
-5.591745494537599,-5.591745494537599
-5.583648195243235,-5.583648195243235
-5.575548271651099,-5.575548271651099
-5.567445772538628,-5.567445772538628
-5.559340746258901,-5.559340746258901
-5.551233240745645,-5.551233240745645
-5.543123303518176,-5.543123303518176
-5.535010981686264,-5.535010981686264
-5.52689632195489,-5.52689632195489
-5.51877937062898,-5.51877937062898
-5.510660173618015,-5.510660173618015
-5.502538776440591,-5.502538776440591
-5.494415224228919,-5.494415224228919
-5.486289561733231,-5.486289561733231
-5.47816183332613,-5.47816183332613
-5.470032083006876,-5.470032083006876
-5.4619003544056,-5.4619003544056
-5.453766690787453,-5.453766690787453
-5.4456311350567,-5.4456311350567
-5.43749372976074,-5.43749372976074
-5.429354517094073,-5.429354517094073
-5.421213538902211,-5.421213538902211
-5.413070836685512,-5.413070836685512
-5.404926451602981,-5.404926451602981
-5.396780424475998,-5.396780424475998
-5.388632795791992,-5.388632795791992
-5.3804836057080685,-5.3804836057080685
-5.372332894054575,-5.372332894054575
-5.364180700338621,-5.364180700338621
-5.356027063747537,-5.356027063747537
-5.347872023152296,-5.347872023152296
-5.339715617110872,-5.339715617110872
-5.331557883871562,-5.331557883871562
-5.3233988613762495,-5.3233988613762495
-5.315238587263624,-5.315238587263624
-5.307077098872363,-5.307077098872363
-5.2989144332442555,-5.2989144332442555
-5.290750627127287,-5.290750627127287
-5.2825857169786845,-5.2825857169786845
-5.274419738967908,-5.274419738967908
-5.266252728979617,-5.266252728979617
-5.258084722616567,-5.258084722616567
-5.249915755202502,-5.249915755202502
-5.241745861784978,-5.241745861784978
-5.233575077138158,-5.233575077138158
-5.225403435765566,-5.225403435765566
-5.217230971902804,-5.217230971902804
-5.209057719520238,-5.209057719520238
-5.2008837123256315,-5.2008837123256315
-5.1927089837667575,-5.1927089837667575
-5.184533567033971,-5.184533567033971
-5.17635749506274,-5.17635749506274
-5.168180800536151,-5.168180800536151
-5.160003515887379,-5.160003515887379
-5.151825673302116,-5.151825673302116
-5.143647304720979,-5.143647304720979
-5.1354684418418755,-5.1354684418418755
-5.127289116122348,-5.127289116122348
-5.119109358781878,-5.119109358781878
-5.110929200804157,-5.110929200804157
-5.102748672939343,-5.102748672939343
-5.094567805706277,-5.094567805706277
-5.086386629394663,-5.086386629394663
-5.0782051740672305,-5.0782051740672305
-5.070023469561873,-5.070023469561873
-5.061841545493742,-5.061841545493742
-5.05365943125733,-5.05365943125733
-5.04547715602852,-5.04547715602852
-5.037294748766598,-5.037294748766598
-5.029112238216267,-5.029112238216267
-5.020929652909606,-5.020929652909606
-5.012747021168023,-5.012747021168023
-5.004564371104167,-5.004564371104167
-4.996381730623847,-4.996381730623847
-4.988199127427876,-4.988199127427876
-4.9800165890139425,-4.9800165890139425
-4.97183414267843,-4.97183414267843
-4.9636518155182205,-4.9636518155182205
-4.955469634432474,-4.955469634432474
-4.94728762612439,-4.94728762612439
-4.939105817102943,-4.939105817102943
-4.930924233684597,-4.930924233684597
-4.9227429019950035,-4.9227429019950035
-4.914561847970672,-4.914561847970672
-4.906381097360622,-4.906381097360622
-4.898200675728017,-4.898200675728017
-4.890020608451777,-4.890020608451777
-4.881840920728175,-4.881840920728175
-4.873661637572401,-4.873661637572401
-4.865482783820127,-4.865482783820127
-4.857304384129037,-4.857304384129037
-4.849126462980348,-4.849126462980348
-4.840949044680304,-4.840949044680304
-4.832772153361664,-4.832772153361664
-4.824595812985158,-4.824595812985158
-4.816420047340941,-4.816420047340941
-4.8082448800500135,-4.8082448800500135
-4.800070334565642,-4.800070334565642
-4.791896434174745,-4.791896434174745
-4.783723201999283,-4.783723201999283
-4.775550660997613,-4.775550660997613
-4.767378833965833,-4.767378833965833
-4.759207743539123,-4.759207743539123
-4.751037412193051,-4.751037412193051
-4.74286786224488,-4.74286786224488
-4.734699115854847,-4.734699115854847
-4.726531195027439,-4.726531195027439
-4.718364121612644,-4.718364121612644
-4.710197917307196,-4.710197917307196
-4.702032603655797,-4.702032603655797
-4.693868202052335,-4.693868202052335
-4.6857047337410815,-4.6857047337410815
-4.677542219817873,-4.677542219817873
-4.6693806812312895,-4.6693806812312895
-4.6612201387838095,-4.6612201387838095
-4.653060613132953,-4.653060613132953
-4.644902124792422,-4.644902124792422
-4.6367446941332116,-4.6367446941332116
-4.628588341384721,-4.628588341384721
-4.6204330866358525,-4.6204330866358525
-4.612278949836089,-4.612278949836089
-4.604125950796562,-4.604125950796562
-4.595974109191124,-4.595974109191124
-4.587823444557378,-4.587823444557378
-4.579673976297722,-4.579673976297722
-4.571525723680381,-4.571525723680381
-4.563378705840401,-4.563378705840401
-4.555232941780669,-4.555232941780669
-4.54708845037289,-4.54708845037289
-4.538945250358577,-4.538945250358577
-4.530803360350017,-4.530803360350017
-4.522662798831226,-4.522662798831226
-4.514523584158901,-4.514523584158901
-4.506385734563361,-4.506385734563361
-4.498249268149469,-4.498249268149469
-4.490114202897552,-4.490114202897552
-4.481980556664316,-4.481980556664316
-4.473848347183727,-4.473848347183727
-4.465717592067925,-4.465717592067925
-4.457588308808079,-4.457588308808079
-4.449460514775274,-4.449460514775274
-4.441334227221358,-4.441334227221358
-4.433209463279813,-4.433209463279813
-4.425086239966575,-4.425086239966575
-4.4169645741808825,-4.4169645741808825
-4.408844482706099,-4.408844482706099
-4.400725982210524,-4.400725982210524
-4.392609089248211,-4.392609089248211
-4.384493820259754,-4.384493820259754
-4.376380191573086,-4.376380191573086
-4.368268219404265,-4.368268219404265
-4.360157919858239,-4.360157919858239
-4.352049308929625,-4.352049308929625
-4.343942402503452,-4.343942402503452
-4.335837216355927,-4.335837216355927
-4.327733766155168,-4.327733766155168
-4.319632067461943,-4.319632067461943
-4.311532135730405,-4.311532135730405
-4.303433986308795,-4.303433986308795
-4.2953376344401715,-4.2953376344401715
-4.28724309526311,-4.28724309526311
-4.279150383812401,-4.279150383812401
-4.271059515019744,-4.271059515019744
-4.2629705037144285,-4.2629705037144285
-4.254883364624015,-4.254883364624015
-4.24679811237501,-4.24679811237501
-4.2387147614935134,-4.2387147614935134
-4.230633326405894,-4.230633326405894
-4.222553821439437,-4.222553821439437
-4.214476260822976,-4.214476260822976
-4.206400658687548,-4.206400658687548
-4.19832702906701,-4.19832702906701
-4.1902553858986735,-4.1902553858986735
-4.182185743023918,-4.182185743023918
-4.17411811418881,-4.17411811418881
-4.166052513044706,-4.166052513044706
-4.157988953148848,-4.157988953148848
-4.149927447964968,-4.149927447964968
-4.141868010863871,-4.141868010863871
-4.133810655124021,-4.133810655124021
-4.125755393932116,-4.125755393932116
-4.117702240383659,-4.117702240383659
-4.109651207483531,-4.109651207483531
-4.101602308146542,-4.101602308146542
-4.0935555551979945,-4.0935555551979945
-4.085510961374226,-4.085510961374226
-4.077468539323162,-4.077468539323162
-4.0694283016048445,-4.0694283016048445
-4.061390260691979,-4.061390260691979
-4.053354428970451,-4.053354428970451
-4.045320818739855,-4.045320818739855
-4.037289442214017,-4.037289442214017
-4.0292603115215,-4.0292603115215
-4.02123343870612,-4.02123343870612
-4.013208835727446,-4.013208835727446
-4.0051865144612995,-4.0051865144612995
-3.9971664867002494,-3.9971664867002494
-3.9891487641541024,-3.9891487641541024
-3.9811333584503856,-3.9811333584503856
-3.97312028113483,-3.97312028113483
-3.9651095436718435,-3.9651095436718435
-3.9571011574449817,-3.9571011574449817
-3.9490951337574187,-3.9490951337574187
-3.941091483832405,-3.941091483832405
-3.9330902188137298,-3.9330902188137298
-3.9250913497661686,-3.9250913497661686
-3.917094887675938,-3.917094887675938
-3.90910084345114,-3.90910084345114
-3.901109227922203,-3.901109227922203
-3.893120051842315,-3.893120051842315
-3.885133325887861,-3.885133325887861
-3.8771490606588515,-3.8771490606588515
-3.8691672666793444,-3.8691672666793444
-3.861187954397866,-3.861187954397866
-3.853211134187832,-3.853211134187832
-3.8452368163479567,-3.8452368163479567
-3.837265011102663,-3.837265011102663
-3.829295728602488,-3.829295728602488
-3.821328978924485,-3.821328978924485
-3.8133647720726196,-3.8133647720726196
-3.80540311797817,-3.80540311797817
-3.797444026500108,-3.797444026500108
-3.7894875074254935,-3.7894875074254935
-3.7815335704698567,-3.7815335704698567
-3.7735822252775746,-3.7735822252775746
-3.7656334814222525,-3.7656334814222525
-3.757687348407093,-3.757687348407093
-3.749743835665266,-3.749743835665266
-3.7418029525602794,-3.7418029525602794
-3.7338647083863337,-3.7338647083863337
-3.725929112368692,-3.725929112368692
-3.7179961736640257,-3.7179961736640257
-3.710065901360776,-3.710065901360776
-3.702138304479499,-3.702138304479499
-3.6942133919732125,-3.6942133919732125
-3.6862911727277425,-3.6862911727277425
-3.678371655562063,-3.678371655562063
-3.6704548492286295,-3.6704548492286295
-3.662540762413716,-3.662540762413716
-3.654629403737747,-3.654629403737747
-3.646720781755626,-3.646720781755626
-3.638814904957059,-3.638814904957059
-3.6309117817668755,-3.6309117817668755
-3.6230114205453527,-3.6230114205453527
-3.615113829588528,-3.615113829588528
-3.607219017128517,-3.607219017128517
-3.599326991333816,-3.599326991333816
-3.5914377603096197,-3.5914377603096197
-3.583551332098124,-3.583551332098124
-3.5756677146788234,-3.5756677146788234
-3.5677869159688154,-3.5677869159688154
-3.559908943823101,-3.559908943823101
-3.5520338060348693,-3.5520338060348693
-3.5441615103358015,-3.5441615103358015
-3.5362920643963487,-3.5362920643963487
-3.5284254758260287,-3.5284254758260287
-3.520561752173704,-3.520561752173704
-3.5127009009278636,-3.5127009009278636
-3.5048429295169057,-3.5048429295169057
-3.4969878453094125,-3.4969878453094125
-3.4891356556144237,-3.4891356556144237
-3.4812863676817085,-3.4812863676817085
-3.4734399887020357,-3.4734399887020357
-3.4655965258074404,-3.4655965258074404
-3.457755986071489,-3.457755986071489
-3.44991837650954,-3.44991837650954
-3.4420837040790055,-3.4420837040790055
-3.434251975679607,-3.434251975679607
-3.426423198153636,-3.426423198153636
-3.418597378286197,-3.418597378286197
-3.4107745228054682,-3.4107745228054682
-3.4029546383829468,-3.4029546383829468
-3.3951377316336915,-3.3951377316336915
-3.3873238091165736,-3.3873238091165736
-3.379512877334514,-3.379512877334514
-3.371704942734724,-3.371704942734724
-3.3639000117089464,-3.3639000117089464
-3.356098090593685,-3.356098090593685
-3.3482991856704443,-3.3482991856704443
-3.340503303165959,-3.340503303165959
-3.332710449252421,-3.332710449252421
-3.32492063004771,-3.32492063004771
-3.317133851615621,-3.317133851615621
-3.309350119966079,-3.309350119966079
-3.30156944105537,-3.30156944105537
-3.2937918207863586,-3.2937918207863586
-3.2860172650086974,-3.2860172650086974
-3.278245779519055,-3.278245779519055
-3.2704773700613234,-3.2704773700613234
-3.2627120423268265,-3.2627120423268265
-3.25494980195454,-3.25494980195454
-3.2471906545312885,-3.2471906545312885
-3.2394346055919585,-3.2394346055919585
-3.231681660619703,-3.231681660619703
-3.22393182504614,-3.22393182504614
-3.2161851042515592,-3.2161851042515592
-3.2084415035651155,-3.2084415035651155
-3.2007010282650286,-3.2007010282650286
-3.1929636835787805,-3.1929636835787805
-3.185229474683307,-3.185229474683307
-3.177498406705189,-3.177498406705189
-3.1697704847208485,-3.1697704847208485
-3.1620457137567284,-3.1620457137567284
-3.1543240987894885,-3.1543240987894885
-3.146605644746187,-3.146605644746187
-3.1388903565044615,-3.1388903565044615
-3.1311782388927165,-3.1311782388927165
-3.1234692966903004,-3.1234692966903004
-3.1157635346276864,-3.1157635346276864
-3.108060957386648,-3.108060957386648
-3.100361569600436,-3.100361569600436
-3.0926653758539544,-3.0926653758539544
-3.0849723806839275,-3.0849723806839275
-3.0772825885790773,-3.0772825885790773
-3.0695960039802905,-3.0695960039802905
-3.0619126312807867,-3.0619126312807867
-3.0542324748262817,-3.0542324748262817
-3.0465555389151566,-3.0465555389151566
-3.038881827798625,-3.038881827798625
-3.031211345680883,-3.031211345680883
-3.0235440967192857,-3.0235440967192857
-3.015880085024489,-3.015880085024489
-3.008219314660625,-3.008219314660625
-3.0005617896454444,-3.0005617896454444
-2.992907513950477,-2.992907513950477
-2.98525649150119,-2.98525649150119
-2.97760872617713,-2.97760872617713
-2.96996422181208,-2.96996422181208
-2.9623229821942103,-2.9623229821942103
-2.9546850110662213,-2.9546850110662213
-2.9470503121254965,-2.9470503121254965
-2.939418889024243,-2.939418889024243
-2.931790745369634,-2.931790745369634
-2.924165884723959,-2.924165884723959
-2.916544310604759,-2.916544310604759
-2.9089260264849672,-2.9089260264849672
-2.9013110357930496,-2.9013110357930496
-2.8936993419131447,-2.8936993419131447
-2.886090948185193,-2.886090948185193
-2.8784858579050803,-2.8784858579050803
-2.8708840743247634,-2.8708840743247634
-2.8632856006524103,-2.8632856006524103
-2.855690440052525,-2.855690440052525
-2.8480985956460834,-2.8480985956460834
-2.840510070510656,-2.840510070510656
-2.8329248676805423,-2.8329248676805423
-2.8253429901468907,-2.8253429901468907
-2.81776444085783,-2.81776444085783
-2.810189222718589,-2.810189222718589
-2.802617338591621,-2.802617338591621
-2.795048791296726,-2.795048791296726
-2.787483583611172,-2.787483583611172
-2.779921718269813,-2.779921718269813
-2.7723631979652072,-2.7723631979652072
-2.764808025347735,-2.764808025347735
-2.757256203025717,-2.757256203025717
-2.749707733565525,-2.749707733565525
-2.7421626194917015,-2.7421626194917015
-2.7346208632870654,-2.7346208632870654
-2.7270824673928282,-2.7270824673928282
-2.7195474342087063,-2.7195474342087063
-2.7120157660930277,-2.7120157660930277
-2.7044874653628397,-2.7044874653628397
-2.6969625342940167,-2.6969625342940167
-2.689440975121373,-2.689440975121373
-2.6819227900387568,-2.6819227900387568
-2.6744079811991663,-2.6744079811991663
-2.6668965507148408,-2.6668965507148408
-2.6593885006573763,-2.6593885006573763
-2.6518838330578163,-2.6518838330578163
-2.644382549906754,-2.644382549906754
-2.63688465315444,-2.63688465315444
-2.6293901447108654,-2.6293901447108654
-2.621899026445875,-2.621899026445875
-2.614411300189251,-2.614411300189251
-2.6069269677308164,-2.6069269677308164
-2.599446030820525,-2.599446030820525
-2.5919684911685583,-2.5919684911685583
-2.5844943504454116,-2.5844943504454116
-2.5770236102819943,-2.5770236102819943
-2.5695562722697125,-2.5695562722697125
-2.562092337960564,-2.562092337960564
-2.554631808867223,-2.554631808867223
-2.5471746864631313,-2.5471746864631313
-2.539720972182582,-2.539720972182582
-2.5322706674208098,-2.5322706674208098
-2.5248237735340675,-2.5248237735340675
-2.5173802918397215,-2.5173802918397215
-2.509940223616325,-2.509940223616325
-2.5025035701037055,-2.5025035701037055
-2.4950703325030466,-2.4950703325030466
-2.4876405119769625,-2.4876405119769625
-2.4802141096495878,-2.4802141096495878
-2.472791126606647,-2.472791126606647
-2.4653715638955336,-2.4653715638955336
-2.4579554225253952,-2.4579554225253952
-2.450542703467199,-2.450542703467199
-2.4431334076538143,-2.4431334076538143
-2.435727535980083,-2.435727535980083
-2.428325089302895,-2.428325089302895
-2.4209260684412626,-2.4209260684412626
-2.413530474176388,-2.413530474176388
-2.4061383072517395,-2.4061383072517395
-2.3987495683731157,-2.3987495683731157
-2.3913642582087227,-2.3913642582087227
-2.3839823773892372,-2.3839823773892372
-2.3766039265078738,-2.3766039265078738
-2.369228906120455,-2.369228906120455
-2.361857316745479,-2.361857316745479
-2.354489158864178,-2.354489158864178
-2.3471244329205923,-2.3471244329205923
-2.339763139321626,-2.339763139321626
-2.332405278437114,-2.332405278437114
-2.3250508505998835,-2.3250508505998835
-2.3176998561058184,-2.3176998561058184
-2.3103522952139124,-2.3103522952139124
-2.303008168146339,-2.303008168146339
-2.2956674750885018,-2.2956674750885018
-2.2883302161890997,-2.2883302161890997
-2.2809963915601794,-2.2809963915601794
-2.2736660012771956,-2.2736660012771956
-2.266339045379068,-2.266339045379068
-2.259015523868232,-2.259015523868232
-2.2516954367107003,-2.2516954367107003
-2.2443787838361087,-2.2443787838361087
-2.237065565137775,-2.237065565137775
-2.229755780472754,-2.229755780472754
-2.222449429661881,-2.222449429661881
-2.2151465124898295,-2.2151465124898295
-2.207847028705159,-2.207847028705159
-2.2005509780203667,-2.2005509780203667
-2.1932583601119306,-2.1932583601119306
-2.185969174620369,-2.185969174620369
-2.1786834211502732,-2.1786834211502732
-2.1714010992703687,-2.1714010992703687
-2.1641222085135494,-2.1641222085135494
-2.156846748376934,-2.156846748376934
-2.1495747183218996,-2.1495747183218996
-2.142306117774135,-2.142306117774135
-2.1350409461236777,-2.1350409461236777
-2.127779202724963,-2.127779202724963
-2.1205208868968577,-2.1205208868968577
-2.1132659979227086,-2.1132659979227086
-2.106014535050379,-2.106014535050379
-2.098766497492293,-2.098766497492293
-2.0915218844254673,-2.0915218844254673
-2.0842806949915595,-2.0842806949915595
-2.077042928296897,-2.077042928296897
-2.0698085834125193,-2.0698085834125193
-2.0625776593742144,-2.0625776593742144
-2.055350155182555,-2.055350155182555
-2.0481260698029304,-2.0481260698029304
-2.040905402165587,-2.040905402165587
-2.0336881511656557,-2.0336881511656557
-2.026474315663191,-2.026474315663191
-2.0192638944832004,-2.0192638944832004
-2.012056886415679,-2.012056886415679
-2.0048532902156375,-2.0048532902156375
-1.9976531046031372,-1.9976531046031372
-1.9904563282633159,-1.9904563282633159
-1.9832629598464233,-1.9832629598464233
-1.9760729979678422,-1.9760729979678422
-1.968886441208125,-1.968886441208125
-1.9617032881130148,-1.9617032881130148
-1.9545235371934762,-1.9545235371934762
-1.9473471869257213,-1.9473471869257213
-1.9401742357512357,-1.9401742357512357
-1.9330046820768,-1.9330046820768
-1.9258385242745217,-1.9258385242745217
-1.9186757606818514,-1.9186757606818514
-1.9115163896016136,-1.9115163896016136
-1.9043604093020232,-1.9043604093020232
-1.8972078180167122,-1.8972078180167122
-1.8900586139447466,-1.8900586139447466
-1.882912795250655,-1.882912795250655
-1.875770360064439,-1.875770360064439
-1.8686313064816038,-1.8686313064816038
-1.8614956325631682,-1.8614956325631682
-1.8543633363356886,-1.8543633363356886
-1.8472344157912743,-1.8472344157912743
-1.8401088688876088,-1.8401088688876088
-1.832986693547961,-1.832986693547961
-1.8258678876612073,-1.8258678876612073
-1.818752449081842,-1.818752449081842
-1.8116403756299972,-1.8116403756299972
-1.8045316650914538,-1.8045316650914538
-1.7974263152176575,-1.7974263152176575
-1.7903243237257316,-1.7903243237257316
-1.7832256882984874,-1.7832256882984874
-1.7761304065844425,-1.7761304065844425
-1.7690384761978268,-1.7690384761978268
-1.761949894718596,-1.761949894718596
-1.7548646596924404,-1.7548646596924404
-1.7477827686307974,-1.7477827686307974
-1.7407042190108601,-1.7407042190108601
-1.7336290082755847,-1.7336290082755847
-1.7265571338336996,-1.7265571338336996
-1.719488593059714,-1.719488593059714
-1.712423383293924,-1.712423383293924
-1.7053615018424189,-1.7053615018424189
-1.698302945977089,-1.698302945977089
-1.6912477129356287,-1.6912477129356287
-1.6841957999215442,-1.6841957999215442
-1.6771472041041544,-1.6771472041041544
-1.6701019226185967,-1.6701019226185967
-1.6630599525658325,-1.6630599525658325
-1.6560212910126444,-1.6560212910126444
-1.6489859349916445,-1.6489859349916445
-1.64195388150127,-1.64195388150127
-1.6349251275057897,-1.6349251275057897
-1.6278996699353014,-1.6278996699353014
-1.6208775056857314,-1.6208775056857314
-1.6138586316188366,-1.6138586316188366
-1.6068430445622004,-1.6068430445622004
-1.599830741309234,-1.599830741309234
-1.5928217186191727,-1.5928217186191727
-1.5858159732170705,-1.5858159732170705
-1.578813501793802,-1.578813501793802
-1.5718143010060566,-1.5718143010060566
-1.5648183674763312,-1.5648183674763312
-1.5578256977929281,-1.5578256977929281
-1.55083628850995,-1.55083628850995
-1.543850136147294,-1.543850136147294
-1.5368672371906418,-1.5368672371906418
-1.5298875880914558,-1.5298875880914558
-1.5229111852669721,-1.5229111852669721
-1.5159380251001902,-1.5159380251001902
-1.508968103939865,-1.508968103939865
-1.5020014181004975,-1.5020014181004975
-1.4950379638623261,-1.4950379638623261
-1.488077737471316,-1.488077737471316
-1.481120735139147,-1.481120735139147
-1.474166953043204,-1.474166953043204
-1.4672163873265642,-1.4672163873265642
-1.4602690340979856,-1.4602690340979856
-1.4533248894318926,-1.4533248894318926
-1.4463839493683632,-1.4463839493683632
-1.4394462099131173,-1.4394462099131173
-1.4325116670374989,-1.4325116670374989
-1.4255803166784626,-1.4255803166784626
-1.4186521547385569,-1.4186521547385569
-1.4117271770859108,-1.4117271770859108
-1.404805379554216,-1.404805379554216
-1.3978867579427081,-1.3978867579427081
-1.3909713080161499,-1.3909713080161499
-1.3840590255048155,-1.3840590255048155
-1.3771499061044687,-1.3771499061044687
-1.370243945476345,-1.370243945476345
-1.363341139247131,-1.363341139247131
-1.3564414830089464,-1.3564414830089464
-1.3495449723193218,-1.3495449723193218
-1.3426516027011757,-1.3426516027011757
-1.3357613696427941,-1.3357613696427941
-1.3288742685978117,-1.3288742685978117
-1.3219902949851832,-1.3219902949851832
-1.3151094441891629,-1.3151094441891629
-1.3082317115592788,-1.3082317115592788
-1.3013570924103137,-1.3013570924103137
-1.2944855820222723,-1.2944855820222723
-1.2876171756403632,-1.2876171756403632
-1.2807518684749657,-1.2807518684749657
-1.2738896557016093,-1.2738896557016093
-1.2670305324609454,-1.2670305324609454
-1.2601744938587167,-1.2601744938587167
-1.2533215349657312,-1.2533215349657312
-1.2464716508178353,-1.2464716508178353
-1.23962483641588,-1.23962483641588
-1.232781086725698,-1.232781086725698
-1.2259403966780658,-1.2259403966780658
-1.2191027611686802,-1.2191027611686802
-1.2122681750581206,-1.2122681750581206
-1.205436633171824,-1.205436633171824
-1.1986081303000446,-1.1986081303000446
-1.191782661197831,-1.191782661197831
-1.1849602205849825,-1.1849602205849825
-1.1781408031460243,-1.1781408031460243
-1.1713244035301642,-1.1713244035301642
-1.164511016351268,-1.164511016351268
-1.1577006361878146,-1.1577006361878146
-1.1508932575828663,-1.1508932575828663
-1.144088875044028,-1.144088875044028
-1.1372874830434148,-1.1372874830434148
-1.1304890760176096,-1.1304890760176096
-1.1236936483676303,-1.1236936483676303
-1.1169011944588845,-1.1169011944588845
-1.1101117086211383,-1.1101117086211383
-1.103325185148469,-1.103325185148469
-1.0965416182992322,-1.0965416182992322
-1.0897610022960134,-1.0897610022960134
-1.0829833313255948,-1.0829833313255948
-1.0762085995389061,-1.0762085995389061
-1.069436801050989,-1.069436801050989
-1.0626679299409467,-1.0626679299409467
-1.0559019802519107,-1.0559019802519107
-1.0491389459909854,-1.0491389459909854
-1.0423788211292135,-1.0423788211292135
-1.035621599601525,-1.035621599601525
-1.028867275306693,-1.028867275306693
-1.0221158421072898,-1.0221158421072898
-1.0153672938296399,-1.0153672938296399
-1.0086216242637682,-1.0086216242637682
-1.0018788271633587,-1.0018788271633587
-0.9951388962457032,-0.9951388962457032
-0.9884018251916535,-0.9884018251916535
-0.9816676076455705,-0.9816676076455705
-0.9749362372152753,-0.9749362372152753
-0.9682077074719999,-0.9682077074719999
-0.9614820119503368,-0.9614820119503368
-0.9547591441481837,-0.9547591441481837
-0.9480390975266951,-0.9480390975266951
-0.9413218655102292,-0.9413218655102292
-0.934607441486295,-0.934607441486295
-0.9278958188054959,-0.9278958188054959
-0.9211869907814793,-0.9211869907814793
-0.9144809506908796,-0.9144809506908796
-0.9077776917732656,-0.9077776917732656
-0.9010772072310799,-0.9010772072310799
-0.8943794902295861,-0.8943794902295861
-0.8876845338968122,-0.8876845338968122
-0.8809923313234914,-0.8809923313234914
-0.8743028755630041,-0.8743028755630041
-0.8676161596313204,-0.8676161596313204
-0.8609321765069398,-0.8609321765069398
-0.8542509191308343,-0.8542509191308343
-0.8475723804063832,-0.8475723804063832
-0.840896553199315,-0.840896553199315
-0.8342234303376483,-0.8342234303376483
-0.8275530046116262,-0.8275530046116262
-0.8208852687736544,-0.8208852687736544
-0.8142202155382393,-0.8142202155382393
-0.8075578375819239,-0.8075578375819239
-0.8008981275432246,-0.8008981275432246
-0.7942410780225624,-0.7942410780225624
-0.7875866815822028,-0.7875866815822028
-0.7809349307461866,-0.7809349307461866
-0.7742858180002644,-0.7742858180002644
-0.7676393357918287,-0.7676393357918287
-0.760995476529846,-0.760995476529846
-0.7543542325847914,-0.7543542325847914
-0.7477155962885774,-0.7477155962885774
-0.7410795599344827,-0.7410795599344827
-0.7344461157770852,-0.7344461157770852
-0.7278152560321904,-0.7278152560321904
-0.721186972876762,-0.721186972876762
-0.714561258448845,-0.714561258448845
-0.7079381048474979,-0.7079381048474979
-0.7013175041327195,-0.7013175041327195
-0.6946994483253743,-0.6946994483253743
-0.6880839294071169,-0.6880839294071169
-0.6814709393203197,-0.6814709393203197
-0.6748604699679954,-0.6748604699679954
-0.6682525132137253,-0.6682525132137253
-0.6616470608815761,-0.6616470608815761
-0.6550441047560269,-0.6550441047560269
-0.6484436365818934,-0.6484436365818934
-0.6418456480642446,-0.6418456480642446
-0.6352501308683266,-0.6352501308683266
-0.6286570766194827,-0.6286570766194827
-0.6220664769030735,-0.6220664769030735
-0.6154783232643959,-0.6154783232643959
-0.6088926072086002,-0.6088926072086002
-0.60230932020061,-0.60230932020061
-0.595728453665039,-0.595728453665039
-0.5891499989861081,-0.5891499989861081
-0.5825739475075598,-0.5825739475075598
-0.5760002905325742,-0.5760002905325742
-0.5694290193236853,-0.5694290193236853
-0.5628601251026951,-0.5628601251026951
-0.5562935990505856,-0.5562935990505856
-0.5497294323074305,-0.5497294323074305
-0.5431676159723118,-0.5431676159723118
-0.5366081411032291,-0.5366081411032291
-0.5300509987170094,-0.5300509987170094
-0.5234961797892175,-0.5234961797892175
-0.5169436752540699,-0.5169436752540699
-0.5103934760043388,-0.5103934760043388
-0.5038455728912622,-0.5038455728912622
-0.4972999567244525,-0.4972999567244525
-0.4907566182718033,-0.4907566182718033
-0.484215548259396,-0.484215548259396
-0.47767673737140376,-0.47767673737140376
-0.47114017624999804,-0.47114017624999804
-0.4646058554952547,-0.4646058554952547
-0.45807376566505575,-0.45807376566505575
-0.4515438972749915,-0.4515438972749915
-0.44501624079826513,-0.44501624079826513
-0.43849078666559377,-0.43849078666559377
-0.43196752526510995,-0.43196752526510995
-0.42544644694226147,-0.42544644694226147
-0.4189275419997099,-0.4189275419997099
-0.41241080069723257,-0.41241080069723257
-0.4058962132516196,-0.4058962132516196
-0.3993837698365702,-0.3993837698365702
-0.39287346058259004,-0.39287346058259004
-0.38636527557689054,-0.38636527557689054
-0.3798592048632814,-0.3798592048632814
-0.3733552384420657,-0.3733552384420657
-0.3668533662699334,-0.3668533662699334
-0.3603535782598596,-0.3603535782598596
-0.35385586428099114,-0.35385586428099114
-0.3473602141585418,-0.3473602141585418
-0.34086661767368226,-0.34086661767368226
-0.3343750645634348,-0.3343750645634348
-0.3278855445205553,-0.3278855445205553
-0.3213980471934319,-0.3213980471934319
-0.31491256218596414,-0.31491256218596414
-0.3084290790574598,-0.3084290790574598
-0.3019475873225119,-0.3019475873225119
-0.29546807645089657,-0.29546807645089657
-0.2889905358674469,-0.2889905358674469
-0.2825149549519452,-0.2825149549519452
-0.2760413230390057,-0.2760413230390057
-0.26956962941795737,-0.26956962941795737
-0.26309986333272417,-0.26309986333272417
-0.25663201398170915,-0.25663201398170915
-0.2501660705176768,-0.2501660705176768
-0.24370202204763128,-0.24370202204763128
-0.237239857632695,-0.237239857632695
-0.2307795662879882,-0.2307795662879882
-0.22432113698250922,-0.22432113698250922
-0.21786455863900964,-0.21786455863900964
-0.21140982013386866,-0.21140982013386866
-0.20495691029697188,-0.20495691029697188
-0.19850581791158578,-0.19850581791158578
-0.19205653171423143,-0.19205653171423143
-0.1856090403945555,-0.1856090403945555
-0.1791633325952046,-0.1791633325952046
-0.17271939691169888,-0.17271939691169888
-0.16627722189230013,-0.16627722189230013
-0.15983679603788187,-0.15983679603788187
-0.15339810780179888,-0.15339810780179888
-0.14696114558975737,-0.14696114558975737
-0.14052589775968113,-0.14052589775968113
-0.13409235262157798,-0.13409235262157798
-0.12766049843740496,-0.12766049843740496
-0.12123032342093643,-0.12123032342093643
-0.11480181573762693,-0.11480181573762693
-0.10837496350447269,-0.10837496350447269
-0.10194975478987557,-0.10194975478987557
-0.09552617761350692,-0.09552617761350692
-0.0891042199461666,-0.0891042199461666
-0.08268386970964124,-0.08268386970964124
-0.07626511477656639,-0.07626511477656639
-0.06984794297028422,-0.06984794297028422
-0.06343234206470061,-0.06343234206470061
-0.057018299784141184,-0.057018299784141184
-0.05060580380320712,-0.05060580380320712
-0.04419484174663211,-0.04419484174663211
-0.03778540118913379,-0.03778540118913379
-0.031377469655268025,-0.031377469655268025
-0.02497103461927982,-0.02497103461927982
-0.018566083504957594,-0.018566083504957594
-0.012162603685480788,-0.012162603685480788
-0.005760582483269905,-0.005760582483269905
0.0006399928301649801,0.0006399928301649801
0.007039135034374165,0.007039135034374165
0.013436856960124182,0.013436856960124182
0.019833171489554255,0.019833171489554255
0.02622809155632194,0.02622809155632194
0.032621630145772657,0.032621630145772657
0.03901380029508359,0.03901380029508359
0.04540461509343337,0.04540461509343337
0.051794087682148306,0.051794087682148306
0.058182231254876614,0.058182231254876614
0.06456905905773304,0.06456905905773304
0.0709545843894768,0.0709545843894768
0.0773388206016604,0.0773388206016604
0.08372178109880464,0.08372178109880464
0.09010347933855221,0.09010347933855221
0.09648392883184384,0.09648392883184384
0.10286314314307886,0.10286314314307886
0.10924113589028085,0.10924113589028085
0.11561792074527429,0.11561792074527429
0.1219935114338433,0.1219935114338433
0.12836792173591408,0.12836792173591408
0.1347411654857152,0.1347411654857152
0.14111325657195958,0.14111325657195958
0.14748420893801,0.14748420893801
0.15385403658206212,0.15385403658206212
0.1602227535573112,0.1602227535573112
0.1665903739721374,0.1665903739721374
0.17295691199027555,0.17295691199027555
0.1793223818310032,0.1793223818310032
0.18568679776930824,0.18568679776930824
0.19205017413608336,0.19205017413608336
0.1984125253182965,0.1984125253182965
0.2047738657591843,0.2047738657591843
0.21113420995842316,0.21113420995842316
0.21749357247233048,0.21749357247233048
0.2238519679140366,0.2238519679140366
0.2302094109536816,0.2302094109536816
0.2365659163185973,0.2365659163185973
0.24292149879350527,0.24292149879350527
0.2492761732206959,0.2492761732206959
0.25562995450023235,0.25562995450023235
0.2619828575901335,0.2619828575901335
0.2683348975065764,0.2683348975065764
0.2746860893240843,0.2746860893240843
0.28103644817572915,0.28103644817572915
0.2873859892533235,0.2873859892533235
0.2937347278076252,0.2937347278076252
0.3000826791485304,0.3000826791485304
0.30642985864528377,0.30642985864528377
0.31277628172666827,0.31277628172666827
0.3191219638812227,0.3191219638812227
0.3254669206574334,0.3254669206574334
0.331811167663951,0.331811167663951
0.3381547205697869,0.3381547205697869
0.34449759510453326,0.34449759510453326
0.35083980705855855,0.35083980705855855
0.35718137228323343,0.35718137228323343
0.36352230669112806,0.36352230669112806
0.3698626262562385,0.3698626262562385
0.37620234701418814,0.37620234701418814
0.38254148506245617,0.38254148506245617
0.38888005656058383,0.38888005656058383
0.3952180777303996,0.3952180777303996
0.4015555648562336,0.4015555648562336
0.4078925342851438,0.4078925342851438
0.41422900242713107,0.41422900242713107
0.4205649857553709,0.4205649857553709
0.4269005008064291,0.4269005008064291
0.4332355641804965,0.4332355641804965
0.4395701925416069,0.4395701925416069
0.44590440261787684,0.44590440261787684
0.45223821120172214,0.45223821120172214
0.45857163515010285,0.45857163515010285
0.46490469138474433,0.46490469138474433
0.4712373968923811,0.4712373968923811
0.47756976872498136,0.47756976872498136
0.48390182399999576,0.48390182399999576
0.49023357990058486,0.49023357990058486
0.4965650536758678,0.4965650536758678
0.5028962626411522,0.5028962626411522
0.5092272241781911,0.5092272241781911
0.5155579557354097,0.5155579557354097
0.5218884748281679,0.5218884748281679
0.5282187990389906,0.5282187990389906
0.5345489460178311,0.5345489460178311
0.5408789334823044,0.5408789334823044
0.5472087792179571,0.5472087792179571
0.5535385010784989,0.5535385010784989
0.5598681169860764,0.5598681169860764
0.5661976449315119,0.5661976449315119
0.5725271029745727,0.5725271029745727
0.5788565092442206,0.5788565092442206
0.5851858819388812,0.5851858819388812
0.5915152393266921,0.5915152393266921
0.5978445997457819,0.5978445997457819
0.604173981604519,0.604173981604519
0.6105034033817913,0.6105034033817913
0.6168328836272631,0.6168328836272631
0.6231624409616535,0.6231624409616535
0.6294920940769971,0.6294920940769971
0.6358218617369275,0.6358218617369275
0.6421517627769416,0.6421517627769416
0.6484818161046837,0.6484818161046837
0.6548120407002123,0.6548120407002123
0.6611424556162934,0.6611424556162934
0.667473079978663,0.667473079978663
0.6738039329863295,0.6738039329863295
0.6801350339118382,0.6801350339118382
0.686466402101572,0.686466402101572
0.6927980569760276,0.6927980569760276
0.699130018030114,0.699130018030114
0.7054623048334329,0.7054623048334329
0.7117949370305825,0.7117949370305825
0.718127934341439,0.718127934341439
0.7244613165614652,0.7244613165614652
0.7307951035619953,0.7307951035619953
0.7371293152905487,0.7371293152905487
0.7434639717711129,0.7434639717711129
0.7497990931044678,0.7497990931044678
0.7561346994684681,0.7561346994684681
0.7624708111183705,0.7624708111183705
0.7688074483871236,0.7688074483871236
0.775144631685696,0.775144631685696
0.7814823815033692,0.7814823815033692
0.7878207184080702,0.7878207184080702
0.7941596630466703,0.7941596630466703
0.800499236145319,0.800499236145319
0.8068394585097466,0.8068394585097466
0.8131803510255996,0.8131803510255996
0.8195219346587592,0.8195219346587592
0.8258642304556619,0.8258642304556619
0.8322072595436312,0.8322072595436312
0.8385510431312081,0.8385510431312081
0.8448956025084826,0.8448956025084826
0.8512409590474194,0.8512409590474194
0.8575871342021977,0.8575871342021977
0.8639341495095524,0.8639341495095524
0.8702820265891107,0.8702820265891107
0.8766307871437267,0.8766307871437267
0.8829804529598303,0.8829804529598303
0.889331045907775,0.889331045907775
0.895682587942184,0.895682587942184
0.902035101102292,0.902035101102292
0.9083886075123033,0.9083886075123033
0.9147431293817486,0.9147431293817486
0.9210986890058367,0.9210986890058367
0.9274553087658078,0.9274553087658078
0.9338130111293,0.9338130111293
0.9401718186507113,0.9401718186507113
0.9465317539715643,0.9465317539715643
0.9528928398208665,0.9528928398208665
0.9592550990154837,0.9592550990154837
0.9656185544605148,0.9656185544605148
0.971983229149661,0.971983229149661
0.978349146165598,0.978349146165598
0.9847163286803624,0.9847163286803624
0.9910847999557215,0.9910847999557215
0.9974545833435691,0.9974545833435691
1.0038257022862935,1.0038257022862935
1.0101981803171831,1.0101981803171831
1.016572041060797,1.016572041060797
1.0229473082333764,1.0229473082333764
1.0293240056432214,1.0293240056432214
1.0357021571910994,1.0357021571910994
1.0420817868706367,1.0420817868706367
1.0484629187687275,1.0484629187687275
1.054845577065929,1.054845577065929
1.0612297860368793,1.0612297860368793
1.0676155700506922,1.0676155700506922
1.0740029535713833,1.0740029535713833
1.0803919611582709,1.0803919611582709
1.0867826174664037,1.0867826174664037
1.093174947246971,1.093174947246971
1.0995689753477325,1.0995689753477325
1.1059647267134323,1.1059647267134323
1.11236222638624,1.11236222638624
1.1187614995061643,1.1187614995061643
1.1251625713115005,1.1251625713115005
1.131565467139249,1.131565467139249
1.1379702124255726,1.1379702124255726
1.1443768327062158,1.1443768327062158
1.150785353616967,1.150785353616967
1.157195800894088,1.157195800894088
1.1636082003747763,1.1636082003747763
1.1700225779976026,1.1700225779976026
1.1764389598029814,1.1764389598029814
1.18285737193361,1.18285737193361
1.1892778406349447,1.1892778406349447
1.1957003922556502,1.1957003922556502
1.202125053248076,1.202125053248076
1.208551850168715,1.208551850168715
1.2149808096786838,1.2149808096786838
1.2214119585441898,1.2214119585441898
1.2278453236370173,1.2278453236370173
1.2342809319349917,1.2342809319349917
1.2407188105224878,1.2407188105224878
1.247158986590889,1.247158986590889
1.2536014874390977,1.2536014874390977
1.2600463404740154,1.2600463404740154
1.266493573211046,1.266493573211046
1.2729432132745875,1.2729432132745875
1.2793952883985427,1.2793952883985427
1.285849826426813,1.285849826426813
1.2923068553138202,1.2923068553138202
1.2987664031250021,1.2987664031250021
1.3052284980373456,1.3052284980373456
1.3116931683398874,1.3116931683398874
1.3181604424342475,1.3181604424342475
1.324630348835146,1.324630348835146
1.3311029161709391,1.3311029161709391
1.337578173184138,1.337578173184138
1.3440561487319609,1.3440561487319609
1.3505368717868533,1.3505368717868533
1.3570203714370455,1.3570203714370455
1.3635066768870807,1.3635066768870807
1.3699958174583835,1.3699958174583835
1.3764878225897914,1.3764878225897914
1.3829827218381299,1.3829827218381299
1.3894805448787522,1.3894805448787522
1.395981321506123,1.395981321506123
1.4024850816343617,1.4024850816343617
1.4089918552978364,1.4089918552978364
1.4155016726517164,1.4155016726517164
1.4220145639725665,1.4220145639725665
1.4285305596589135,1.4285305596589135
1.4350496902318464,1.4350496902318464
1.4415719863355887,1.4415719863355887
1.4480974787381082,1.4480974787381082
1.4546261983316964,1.4546261983316964
1.461158176133584,1.461158176133584
1.4676934432865314,1.4676934432865314
1.4742320310594508,1.4742320310594508
1.4807739708480039,1.4807739708480039
1.4873192941752322,1.4873192941752322
1.493868032692163,1.493868032692163
1.5004202181784467,1.5004202181784467
1.506975882542974,1.506975882542974
1.5135350578245192,1.5135350578245192
1.5200977761923642,1.5200977761923642
1.526664069946953,1.526664069946953
1.533233971520521,1.533233971520521
1.5398075134777638,1.5398075134777638
1.5463847285164682,1.5463847285164682
1.5529656494681932,1.5529656494681932
1.559550309298908,1.559550309298908
1.5661387411096845,1.5661387411096845
1.5727309781373424,1.5727309781373424
1.5793270537551485,1.5793270537551485
1.585927001473473,1.585927001473473
1.592530854940497,1.592530854940497
1.599138647942889,1.599138647942889
1.6057504144064945,1.6057504144064945
1.6123661883970415,1.6123661883970415
1.618986004120846,1.618986004120846
1.625609895925514,1.625609895925514
1.6322378983006545,1.6322378983006545
1.6388700458785936,1.6388700458785936
1.6455063734351052,1.6455063734351052
1.652146915890136,1.652146915890136
1.6587917083085257,1.6587917083085257
1.6654407859007543,1.6654407859007543
1.672094184023684,1.672094184023684
1.6787519381813063,1.6787519381813063
1.6854140840254825,1.6854140840254825
1.6920806573567106,1.6920806573567106
1.6987516941248897,1.6987516941248897
1.70542723043008,1.70542723043008
1.7121073025232758,1.7121073025232758
1.7187919468071826,1.7187919468071826
1.7254811998370085,1.7254811998370085
1.7321750983212452,1.7321750983212452
1.7388736791224562,1.7388736791224562
1.745576979258084,1.745576979258084
1.7522850359012547,1.7522850359012547
1.7589978863815874,1.7589978863815874
1.7657155681860037,1.7657155681860037
1.7724381189595526,1.7724381189595526
1.7791655765062415,1.7791655765062415
1.7858979787898663,1.7858979787898663
1.7926353639348434,1.7926353639348434
1.7993777702270575,1.7993777702270575
1.8061252361147195,1.8061252361147195
1.812877800209214,1.812877800209214
1.8196355012859589,1.8196355012859589
1.8263983782852744,1.8263983782852744
1.8331664703132675,1.8331664703132675
1.8399398166427,1.8399398166427
1.8467184567138746,1.8467184567138746
1.8535024301355278,1.8535024301355278
1.8602917766857388,1.8602917766857388
1.8670865363128246,1.8670865363128246
1.8738867491362476,1.8738867491362476
1.8806924554475366,1.8806924554475366
1.887503695711218,1.887503695711218
1.8943205105657395,1.8943205105657395
1.9011429408244014,1.9011429408244014
1.907971027476314,1.907971027476314
1.9148048116873306,1.9148048116873306
1.9216443348010261,1.9216443348010261
1.9284896383396342,1.9284896383396342
1.9353407640050446,1.9353407640050446
1.9421977536797579,1.9421977536797579
1.94906064942789,1.94906064942789
1.955929493496142,1.955929493496142
1.9628043283148213,1.9628043283148213
1.969685196498826,1.969685196498826
1.976572140848677,1.976572140848677
1.9834652043515193,1.9834652043515193
1.990364430182167,1.990364430182167
1.997269861704122,1.997269861704122
2.0041815424706324,2.0041815424706324
2.0110995162257246,2.0110995162257246
2.0180238269052775,2.0180238269052775
2.0249545186380717,2.0249545186380717
2.031891635746878,2.031891635746878
2.038835222749522,2.038835222749522
2.045785324359987,2.045785324359987
2.0527419854894924,2.0527419854894924
2.0597052512476233,2.0597052512476233
2.06667516694341,2.06667516694341
2.073651778086481,2.073651778086481
2.080635130388165,2.080635130388165
2.0876252697626456,2.0876252697626456
2.094622242328094,2.094622242328094
2.101626094407832,2.101626094407832
2.1086368725314855,2.1086368725314855
2.115654623436162,2.115654623436162
2.1226793940676214,2.1226793940676214
2.1297112315814744,2.1297112315814744
2.1367501833443656,2.1367501833443656
2.143796296935195,2.143796296935195
2.1508496201463148,2.1508496201463148
2.1579102009847695,2.1579102009847695
2.1649780876735085,2.1649780876735085
2.1720533286526535,2.1720533286526535
2.1791359725807196,2.1791359725807196
2.186226068335903,2.186226068335903
2.1933236650173287,2.1933236650173287
2.2004288119463444,2.2004288119463444
2.207541558667798,2.207541558667798
2.2146619549513487,2.2146619549513487
2.2217900507927557,2.2217900507927557
2.22892589641522,2.22892589641522
2.2360695422706898,2.2360695422706898
2.2432210390412166,2.2432210390412166
2.250380437640283,2.250380437640283
2.257547789214186,2.257547789214186
2.264723145143382,2.264723145143382
2.2719065570438803,2.2719065570438803
2.2790980767686215,2.2790980767686215
2.2862977564088927,2.2862977564088927
2.293505648295716,2.293505648295716
2.3007218050012956,2.3007218050012956
2.3079462793404226,2.3079462793404226
2.315179124371946,2.315179124371946
2.3224203934002015,2.3224203934002015
2.3296701399764967,2.3296701399764967
2.33692841790057,2.33692841790057
2.3441952812220976,2.3441952812220976
2.351470784242181,2.351470784242181
2.358754981514857,2.358754981514857
2.3660479278486206,2.3660479278486206
2.3733496783079726,2.3733496783079726
2.3806602882149535,2.3806602882149535
2.3879798131506997,2.3879798131506997
2.3953083089570235,2.3953083089570235
2.4026458317379915,2.4026458317379915
2.409992437861525,2.409992437861525
2.4173481839609967,2.4173481839609967
2.4247131269368567,2.4247131269368567
2.4320873239582728,2.4320873239582728
2.43947083246477,2.43947083246477
2.4468637101678863,2.4468637101678863
2.454266015052845,2.454266015052845
2.4616778053802504,2.4616778053802504
2.46909913968778,2.46909913968778
2.4765300767918896,2.4765300767918896
2.483970675789543,2.483970675789543
2.491420996059963,2.491420996059963
2.49888109726637,2.49888109726637
2.506351039357753,2.506351039357753
2.5138308825706495,2.5138308825706495
2.521320687430949,2.521320687430949
2.5288205147557,2.5288205147557
2.536330425654923,2.536330425654923
2.5438504815334597,2.5438504815334597
2.5513807440928336,2.5513807440928336
2.55892127533311,2.55892127533311
2.566472137554773,2.566472137554773
2.5740333933606365,2.5740333933606365
2.581605105657757,2.581605105657757
2.589187337659367,2.589187337659367
2.596780152886805,2.596780152886805
2.60438361517149,2.60438361517149
2.6119977886569057,2.6119977886569057
2.61962273780058,2.61962273780058
2.627258527376101,2.627258527376101
2.634905222475139,2.634905222475139
2.6425628885095036,2.6425628885095036
2.6502315912131946,2.6502315912131946
2.6579113966444727,2.6579113966444727
2.665602371187959,2.665602371187959
2.673304581556754,2.673304581556754
2.6810180947945623,2.6810180947945623
2.688742978277827,2.688742978277827
2.6964792997179123,2.6964792997179123
2.704227127163275,2.704227127163275
2.711986529001676,2.711986529001676
2.7197575739623807,2.7197575739623807
2.7275403311184085,2.7275403311184085
2.7353348698887983,2.7353348698887983
2.743141260040867,2.743141260040867
2.7509595716925106,2.7509595716925106
2.758789875314515,2.758789875314515
2.7666322417329003,2.7666322417329003
2.774486742131262,2.774486742131262
2.782353448053146,2.782353448053146
2.790232431404441,2.790232431404441
2.798123764455798,2.798123764455798
2.806027519845066,2.806027519845066
2.8139437705797237,2.8139437705797237
2.82187259003939,2.82187259003939
2.829814051978287,2.829814051978287
2.8377682305277867,2.8377682305277867
2.845735200198928,2.845735200198928
2.853715035884993,2.853715035884993
2.8617078128640814,2.8617078128640814
2.8697136068017257,2.8697136068017257
2.8777324937535043,2.8777324937535043
2.885764550167713,2.885764550167713
2.8938098528880185,2.8938098528880185
2.901868479156174,2.901868479156174
2.909940506614722,2.909940506614722
2.918026013309757,2.918026013309757
2.926125077693674,2.926125077693674
2.9342377786279843,2.9342377786279843
2.942364195386107,2.942364195386107
2.9505044076562355,2.9505044076562355
2.9586584955441806,2.9586584955441806
2.9668265395762887,2.9668265395762887
2.9750086207023267,2.9750086207023267
2.9832048202984636,2.9832048202984636
2.9914152201702007,2.9914152201702007
2.999639902555404,2.999639902555404
3.007878950127291,3.007878950127291
3.0161324459975116,3.0161324459975116
3.024400473719204,3.024400473719204
3.0326831172901114,3.0326831172901114
3.0409804611556948,3.0409804611556948
3.0492925902123202,3.0492925902123202
3.057619589810419,3.057619589810419
3.06596154575773,3.06596154575773
3.0743185443225185,3.0743185443225185
3.082690672236884,3.082690672236884
3.0910780167000245,3.0910780167000245
3.099480665381615,3.099480665381615
3.107898706425135,3.107898706425135
3.1163322284512933,3.1163322284512933
3.124781320561428,3.124781320561428
3.1332460723409885,3.1332460723409885
3.141726573863006,3.141726573863006
3.150222915691632,3.150222915691632
3.158735188885674,3.158735188885674
3.167263485002201,3.167263485002201
3.1758078961001397,3.1758078961001397
3.1843685147439587,3.1843685147439587
3.1929454340073216,3.1929454340073216
3.201538747476839,3.201538747476839
3.2101485492557926,3.2101485492557926
3.21877493396796,3.21877493396796
3.227417996761405,3.227417996761405
3.236077833312373,3.236077833312373
3.2447545398291604,3.2447545398291604
3.253448213056071,3.253448213056071
3.262158950277363,3.262158950277363
3.2708868493212893,3.2708868493212893
3.2796320085641115,3.2796320085641115
3.288394526934211,3.288394526934211
3.297174503916185,3.297174503916185
3.305972039555044,3.305972039555044
3.314787234460371,3.314787234460371
3.32362018981061,3.32362018981061
3.332471007357303,3.332471007357303
3.341339789429447,3.341339789429447
3.350226638937847,3.350226638937847
3.3591316593795137,3.3591316593795137
3.3680549548421244,3.3680549548421244
3.376996630008514,3.376996630008514
3.3859567901612055,3.3859567901612055
3.394935541186987,3.394935541186987
3.403932989581535,3.403932989581535
3.412949242454095,3.412949242454095
3.421984407532185,3.421984407532185
3.4310385931663503,3.4310385931663503
3.440111908334971,3.440111908334971
3.449204462649131,3.449204462649131
3.4583163663575025,3.4583163663575025
3.467447730351296,3.467447730351296
3.476598666169255,3.476598666169255
3.4857692860027187,3.4857692860027187
3.49495970270071,3.49495970270071
3.50417002977507,3.50417002977507
3.5134003814056656,3.5134003814056656
3.522650872445655,3.522650872445655
3.5319216184267677,3.5319216184267677
3.5412127355646623,3.5412127355646623
3.550524340764341,3.550524340764341
3.559856551625621,3.559856551625621
3.5692094864486363,3.5692094864486363
3.5785832642394166,3.5785832642394166
3.5879780047155134,3.5879780047155134
3.597393828311701,3.597393828311701
3.6068308561857045,3.6068308561857045
3.616289210224005,3.616289210224005
3.625769013047703,3.625769013047703
3.635270388018442,3.635270388018442
3.644793459244393,3.644793459244393
3.6543383515862824,3.6543383515862824
3.6639051906635047,3.6639051906635047
3.673494102860297,3.673494102860297
3.683105215331967,3.683105215331967
3.692738656011177,3.692738656011177
3.702394553614304,3.702394553614304
3.712073037647893,3.712073037647893
3.7217742384151213,3.7217742384151213
3.731498287022361,3.731498287022361
3.7412453153858225,3.7412453153858225
3.751015456238239,3.751015456238239
3.760808843135653,3.760808843135653
3.7706256104642266,3.7706256104642266
3.7804658934471718,3.7804658934471718
3.7903298281517412,3.7903298281517412
3.800217551496272,3.800217551496272
3.8101292012573147,3.8101292012573147
3.8200649160768543,3.8200649160768543
3.830024835469589,3.830024835469589
3.8400090998303016,3.8400090998303016
3.850017850441277,3.850017850441277
3.860051229479843,3.860051229479843
3.870109380025971,3.870109380025971
3.880192446069955,3.880192446069955
3.890300572520168,3.890300572520168
3.90043390521092,3.90043390521092
3.910592590910399,3.910592590910399
3.920776777328687,3.920776777328687
3.9309866131258544,3.9309866131258544
3.941222247920168,3.941222247920168
3.9514838322963812,3.9514838322963812
3.9617715178141033,3.9617715178141033
3.972085457016262,3.972085457016262
3.9824258034376676,3.9824258034376676
3.992792711613676,3.992792711613676
4.003186337088938,4.003186337088938
4.013606836426226,4.013606836426226
4.0240543672154026,4.0240543672154026
4.034529088082464,4.034529088082464
4.0450311586986745,4.0450311586986745
4.055560739789813,4.055560739789813
4.066117993145541,4.066117993145541
4.07670308162884,4.07670308162884
4.087316169185588,4.087316169185588
4.097957420854215,4.097957420854215
4.108627002775489,4.108627002775489
4.119325082202415,4.119325082202415
4.130051827510229,4.130051827510229
4.140807408206503,4.140807408206503
4.151591994941386,4.151591994941386
4.162405759517962,4.162405759517962
4.173248874902701,4.173248874902701
4.184121515236048,4.184121515236048
4.19502385584313,4.19502385584313
4.205956073244597,4.205956073244597
4.216918345167576,4.216918345167576
4.2279108505567375,4.2279108505567375
4.238933769585523,4.238933769585523
4.249987283667499,4.249987283667499
4.261071575467805,4.261071575467805
4.272186828914787,4.272186828914787
4.283333229211723,4.283333229211723
4.294510962848714,4.294510962848714
4.305720217614716,4.305720217614716
4.316961182609701,4.316961182609701
4.328234048256951,4.328234048256951
4.339539006315525,4.339539006315525
4.350876249892876,4.350876249892876
4.362245973457583,4.362245973457583
4.37364837285226,4.37364837285226
4.385083645306622,4.385083645306622
4.396551989450705,4.396551989450705
4.408053605328246,4.408053605328246
4.419588694410198,4.419588694410198
4.431157459608451,4.431157459608451
4.442760105289699,4.442760105289699
4.454396837289477,4.454396837289477
4.466067862926358,4.466067862926358
4.47777339101633,4.47777339101633
4.489513631887382,4.489513631887382
4.501288797394217,4.501288797394217
4.513099100933153,4.513099100933153
4.524944757457263,4.524944757457263
4.53682598349164,4.53682598349164
4.548742997148873,4.548742997148873
4.5606960181447285,4.5606960181447285
4.572685267813995,4.572685267813995
4.584710969126576,4.584710969126576
4.596773346703737,4.596773346703737
4.608872626834568,4.608872626834568
4.621009037492669,4.621009037492669
4.633182808353045,4.633182808353045
4.645394170809196,4.645394170809196
4.657643357990431,4.657643357990431
4.669930604779412,4.669930604779412
4.682256147829916,4.682256147829916
4.694620225584835,4.694620225584835
4.70702307829436,4.70702307829436
4.719464948034472,4.719464948034472
4.73194607872562,4.73194607872562
4.744466716151653,4.744466716151653
4.757027107978994,4.757027107978994
4.769627503776068,4.769627503776068
4.782268155032997,4.782268155032997
4.79494931518153,4.79494931518153
4.807671239615226,4.807671239615226
4.820434185709931,4.820434185709931
4.833238412844521,4.833238412844521
4.846084182421899,4.846084182421899
4.858971757890269,4.858971757890269
4.871901404764717,4.871901404764717
4.884873390649068,4.884873390649068
4.897887985258031,4.897887985258031
4.910945460439625,4.910945460439625
4.924046090197934,4.924046090197934
6.263292530608888,6.263292530608888
6.258669913319499,6.258669913319499
6.25397973245961,6.25397973245961
6.249225214497362,6.249225214497362
6.244409371130512,6.244409371130512
6.239535025104624,6.239535025104624
6.234604831925229,6.234604831925229
6.229621298268789,6.229621298268789
6.224586797712348,6.224586797712348
6.2195035842651585,6.2195035842651585
6.214373804083091,6.214373804083091
6.209199505669069,6.209199505669069
6.20398264880302,6.20398264880302
6.198725112398629,6.198725112398629
6.193428701447983,6.193428701447983
6.188095153186629,6.188095153186629
6.182726142588689,6.182726142588689
6.177323287283479,6.177323287283479
6.171888151970176,6.171888151970176
6.166422252395176,6.166422252395176
6.160927058946905,6.160927058946905
6.155403999914368,6.155403999914368
6.149854464449656,6.149854464449656
6.144279805268331,6.144279805268331
6.138681341117359,6.138681341117359
6.133060359036021,6.133060359036021
6.127418116432135,6.127418116432135
6.12175584299291,6.12175584299291
6.116074742447336,6.116074742447336
6.110375994195067,6.110375994195067
6.104660754814848,6.104660754814848
6.098930159464073,6.098930159464073
6.093185323179778,6.093185323179778
6.0874273420900575,6.0874273420900575
6.081657294544095,6.081657294544095
6.0758762421680075,6.0758762421680075
6.070085230852978,6.070085230852978
6.064285291681477,6.064285291681477
6.058477441796706,6.058477441796706
6.052662685220124,6.052662685220124
6.04684201362112,6.04684201362112
6.0410164070426955,6.0410164070426955
6.035186834586716,6.035186834586716
6.029354255061715,6.029354255061715
6.023519617596265,6.023519617596265
6.017683862220425,6.017683862220425
6.011847920417575,6.011847920417575
6.006012715648997,6.006012715648997
6.000179163853024,6.000179163853024
5.994348173920532,5.994348173920532
5.988520648148632,5.988520648148632
5.982697482673963,5.982697482673963
5.976879567886947,5.976879567886947
5.971067788828417,5.971067788828417
5.965263025569792,5.965263025569792
5.959466153577804,5.959466153577804
5.953678044064963,5.953678044064963
5.947899564326576,5.947899564326576
5.942131578065213,5.942131578065213
5.936374945703496,5.936374945703496
5.930630524685989,5.930630524685989
5.924899169770773,5.924899169770773
5.919181733311442,5.919181733311442
5.913479065530153,5.913479065530153
5.907792014782304,5.907792014782304
5.902121427813292,5.902121427813292
5.896468150007949,5.896468150007949
5.890833025633039,5.890833025633039
5.88521689807341,5.88521689807341
5.879620610061995,5.879620610061995
5.8740450039042855,5.8740450039042855
5.8684909216973695,5.8684909216973695
5.862959205544222,5.862959205544222
5.857450697763285,5.857450697763285
5.8519662410937645,5.8519662410937645
5.8465066788969136,5.8465066788969136
5.841072855353659,5.841072855353659
5.8356656156587,5.8356656156587
5.830285806211372,5.830285806211372
5.824934274803594,5.824934274803594
5.819611870805058,5.819611870805058
5.814319445345818,5.814319445345818
5.809057851496602,5.809057851496602
5.803827944446951,5.803827944446951
5.7986305816814525,5.7986305816814525
5.793466623154147,5.793466623154147
5.788336931461396,5.788336931461396
5.78324237201321,5.78324237201321
5.778183813203443,5.778183813203443
5.773162126578737,5.773162126578737
5.768178187006597,5.768178187006597
5.763232872842527,5.763232872842527
5.758327066096552,5.758327066096552
5.753461652599171,5.753461652599171
5.748637522166842,5.748637522166842
5.743855568767173,5.743855568767173
5.739116690683964,5.739116690683964
5.734421790682153,5.734421790682153
5.729771776172838,5.729771776172838
5.72516755937847,5.72516755937847
5.720610057498277,5.720610057498277
5.716100192874176,5.716100192874176
5.711638893157126,5.711638893157126
5.707227091474047,5.707227091474047
5.702865726595547,5.702865726595547
5.698555743104437,5.698555743104437
5.694298091565091,5.694298091565091
5.69009372869391,5.69009372869391
5.685943617530889,5.685943617530889
5.6818487276124285,5.6818487276124285
5.677810035145336,5.677810035145336
5.673828523182489,5.673828523182489
5.6699051817997415,5.6699051817997415
5.666041008274711,5.666041008274711
5.662237007267099,5.662237007267099
5.658494191000895,5.658494191000895
5.654813579448522,5.654813579448522
5.651196200516971,5.651196200516971
5.647643090236047,5.647643090236047
5.644155292948881,5.644155292948881
5.640733861504702,5.640733861504702
5.637379857454096,5.637379857454096
5.6340943512468,5.6340943512468
5.630878422432014,5.630878422432014
5.62773315986163,5.62773315986163
5.6246596618962155,5.6246596618962155
5.621659036613995,5.621659036613995
5.618732402022805,5.618732402022805
5.615880886275443,5.615880886275443
5.613105627888088,5.613105627888088
5.610407775962349,5.610407775962349
5.607788490410681,5.607788490410681
5.605248942185542,5.605248942185542
5.602790313512437,5.602790313512437
5.600413798126656,5.600413798126656
5.598120601514225,5.598120601514225
5.595911941156981,5.595911941156981
5.593789046781969,5.593789046781969
5.591753160615291,5.591753160615291
5.5898055376405,5.5898055376405
5.587947445861804,5.587947445861804
5.586180166572134,5.586180166572134
5.584504994626233,5.584504994626233
5.582923238718919,5.582923238718919
5.5814362216688105,5.5814362216688105
5.580045280707449,5.580045280707449
5.578751767774181,5.578751767774181
5.577557049816917,5.577557049816917
5.576462509098876,5.576462509098876
5.575469543511632,5.575469543511632
5.574579566894549,5.574579566894549
5.573794009360785,5.573794009360785
5.573114317630188,5.573114317630188
5.572541955369177,5.572541955369177
5.572078403537852,5.572078403537852
5.571725160744565,5.571725160744565
5.5714837436081455,5.5714837436081455
5.571355687128104,5.571355687128104
5.571342545062895,5.571342545062895
5.571445890316682,5.571445890316682
5.5716673153346195,5.5716673153346195
5.572008432507227,5.572008432507227
5.5724708745838,5.5724708745838
5.5730562950953715,5.5730562950953715
5.573766368787395,5.573766368787395
5.574602792062555,5.574602792062555
5.575567283433885,5.575567283433885
5.5766615839885105,5.5766615839885105
5.57788745786262,5.57788745786262
5.579246692727603,5.579246692727603
5.580741100287991,5.580741100287991
5.58237251679142,5.58237251679142
5.584142803551153,5.584142803551153
5.586053847481397,5.586053847481397
5.588107561645857,5.588107561645857
5.5903058858199906,5.5903058858199906
5.592650787067379,5.592650787067379
5.595144260330681,5.595144260330681
5.597788329037618,5.597788329037618
5.600585045722349,5.600585045722349
5.603536492663087,5.603536492663087
5.606644782536065,5.606644782536065
5.6099120590866836,5.6099120590866836
5.613340497818166,5.613340497818166
5.61693230669859,5.61693230669859
5.620689726886658,5.620689726886658
5.624615033476863,5.624615033476863
5.628710536264841,5.628710536264841
5.632978580533342,5.632978580533342
5.637421547859887,5.637421547859887
5.642041856946414,5.642041856946414
5.646841964471896,5.646841964471896
5.651824365968858,5.651824365968858
5.6569915967241915,5.6569915967241915
5.662346232705593,5.662346232705593
5.667890891514108,5.667890891514108
5.673628233363976,5.673628233363976
5.679560962090557,5.679560962090557
5.685691826187513,5.685691826187513
5.692023619874041,5.692023619874041
5.6985591841934085,5.6985591841934085
5.705301408143956,5.705301408143956
5.712253229843528,5.712253229843528
5.7194176377287445,5.7194176377287445
5.72679767179033,5.72679767179033
5.734396424845761,5.734396424845761
5.742217043850706,5.742217043850706
5.750262731250652,5.750262731250652
5.758536746374177,5.758536746374177
5.767042406869562,5.767042406869562
5.775783090186307,5.775783090186307
5.784762235103226,5.784762235103226
5.793983343304918,5.793983343304918
5.803449981008611,5.803449981008611
5.813165780643187,5.813165780643187
5.823134442582512,5.823134442582512
5.8333597369350185,5.8333597369350185
5.843845505392182,5.843845505392182
5.854595663137815,5.854595663137815
5.865614200820797,5.865614200820797
5.876905186593848,5.876905186593848
5.888472768220897,5.888472768220897
5.900321175256055,5.900321175256055
5.912454721296905,5.912454721296905
5.924877806315362,5.924877806315362
5.937594919069264,5.937594919069264
5.950610639598211,5.950610639598211
5.963929641806986,5.963929641806986
5.977556696140524,5.977556696140524
5.991496672354324,5.991496672354324
6.0057545423843095,6.0057545423843095
6.020335383320603,6.020335383320603
6.0352443804896705,6.0352443804896705
6.0504868306497706,6.0504868306497706
6.066068145304677,6.066068145304677
6.081993854140909,6.081993854140909
6.098269608594252,6.098269608594252
6.114901185551106,6.114901185551106
6.1318944911915185,6.1318944911915185
6.149255564979654,6.149255564979654
6.166990583809049,6.166990583809049
6.185105866309992,6.185105866309992
6.203607877326383,6.203607877326383
6.222503232570528,6.222503232570528
6.24179870346397,6.24179870346397
6.261501222174011,6.261501222174011
6.281617886854877,6.281617886854877
6.302155967104103,6.302155967104103
6.323122909644522,6.323122909644522
6.3445263442432775,6.3445263442432775
6.366374089880028,6.366374089880028
6.388674161176735,6.388674161176735
6.411434775102768,6.411434775102768
6.434664357969324,6.434664357969324
6.458371552728804,6.458371552728804
6.48256522659468,6.48256522659468
6.507254478999181,6.507254478999181
6.532448649907167,6.532448649907167
6.5581573285051835,6.5581573285051835
6.584390362286345,6.584390362286345
6.611157866553035,6.611157866553035
6.638470234360559,6.638470234360559
6.666338146926752,6.666338146926752
6.6947725845338075,6.6947725845338075
6.72378483795064,6.72378483795064
6.75338652040624,6.75338652040624
6.783589580145667,6.783589580145667
6.814406313603635,6.814406313603635
6.845849379232159,6.845849379232159
6.877931812022028,6.877931812022028
6.91066703876002,6.91066703876002
6.94406889406735,6.94406889406735
6.9781516372676045,6.9781516372676045
7.01292997013665,7.01292997013665
7.04841905559027,7.04841905559027
7.084634537369517,7.084634537369517
7.1215925607888,7.1215925607888
7.159309794615993,7.159309794615993
7.197803454160162,7.197803454160162
7.237091325647059,7.237091325647059
7.277191791970338,7.277191791970338
7.318123859912426,7.318123859912426
7.359907188937084,7.359907188937084
7.402562121664045,7.402562121664045
7.446109716144636,7.446109716144636
7.49057178006863,7.49057178006863
7.535970907041962,7.535970907041962
7.582330515088079,7.582330515088079
7.629674887538697,7.629674887538697
7.678029216494236,7.678029216494236
7.727419649050249,7.727419649050249
7.777873336504091,7.777873336504091
7.829418486775533,7.829418486775533
7.882084420296751,7.882084420296751
7.935901629651306,7.935901629651306
7.990901843267849,7.990901843267849
8.047118093504482,8.047118093504482
8.104584789492167,8.104584789492167
8.163337795142585,8.163337795142585
8.223414512765842,8.223414512765842
8.284853972790215,8.284853972790215
8.347696930126125,8.347696930126125
8.411985967774452,8.411985967774452
8.477765608342672,8.477765608342672
8.545082434204998,8.545082434204998
8.613985217124004,8.613985217124004
8.68452505824231,8.68452505824231
8.75675553945658,8.75675553945658
8.830732887303821,8.830732887303821
8.906516150622398,8.906516150622398
8.984167393401945,8.984167393401945
9.063751904408242,9.063751904408242
9.145338425366022,9.145338425366022
9.228999399708197,9.228999399708197
9.314811244158157,9.314811244158157
9.40285464570773,9.40285464570773
9.493214886897546,9.493214886897546
9.585982202700588,9.585982202700588
9.681252172768577,9.681252172768577
9.779126153333202,9.779126153333202
9.879711753675178,9.879711753675178
9.98312336279836,9.98312336279836
10.089482732797748,10.089482732797748
10.19891962640898,10.19891962640898
10.3115725374078,10.3115725374078
10.427589493925488,10.427589493925488
10.547128956408123,10.547128956408123
10.670360823929506,10.670360823929506
10.797467564942599,10.797467564942599
10.928645491412066,10.928645491412066
11.064106198723193,11.064106198723193
11.20407819795298,11.20407819795298
11.348808772202132,11.348808772202132
11.498566094954581,11.498566094954581
11.653641656157335,11.653641656157335
11.81435305128982,11.81435305128982
11.981047200634299,11.981047200634299
12.154104080944741,12.154104080944741
12.333941070642702,12.333941070642702
12.521018033753002,12.521018033753002
12.715843298663156,12.715843298663156
12.918980727683108,12.918980727683108
13.131058125367224,13.131058125367224
13.352777301933305,13.352777301933305
13.584926198919545,13.584926198919545
13.828393606101812,13.828393606101812
14.084187164145455,14.084187164145455
14.353455574840575,14.353455574840575
14.637516257421776,14.637516257421776
14.937890136892975,14.937890136892975
15.25634589253806,15.25634589253806
15.594956932885927,15.594956932885927
15.956175760032195,15.956175760032195
16.34293251007933,16.34293251007933
16.75876776340507,16.75876776340507
17.208015005824464,17.208015005824464
17.696056832536833,17.696056832536833
18.229693836237026,18.229693836237026
18.81769145017443,18.81769145017443
19.47161888951884,19.47161888951884
20.20719009629609,20.20719009629609
21.04651683993857,21.04651683993857
22.022137668295844,22.022137668295844
23.18482260668743,23.18482260668743
24.62040226972137,24.62040226972137
26.49202899340764,26.49202899340764
29.174936275541572,29.174936275541572
33.93547557453243,33.93547557453243
