-7.287100181358965,-7.287100181358965
-7.284377319432636,-7.284377319432636
-7.279844852190838,-7.279844852190838
-7.274516763304789,-7.274516763304789
-7.2686662867698955,-7.2686662867698955
-7.262427149509822,-7.262427149509822
-7.255879261896484,-7.255879261896484
-7.249075887642904,-7.249075887642904
-7.242055105968025,-7.242055105968025
-7.234845509324605,-7.234845509324605
-7.227469362237325,-7.227469362237325
-7.219944495750471,-7.219944495750471
-7.212285513344211,-7.212285513344211
-7.2045045953987525,-7.2045045953987525
-7.196612056577125,-7.196612056577125
-7.188616744296393,-7.188616744296393
-7.180526331190851,-7.180526331190851
-7.1723475346426415,-7.1723475346426415
-7.1640862847922,-7.1640862847922
-7.1557478553118825,-7.1557478553118825
-7.147336966721815,-7.147336966721815
-7.138857869097835,-7.138857869097835
-7.130314409067517,-7.130314409067517
-7.121710084657282,-7.121710084657282
-7.1130480906258375,-7.1130480906258375
-7.104331356261531,-7.104331356261531
-7.095562577147524,-7.095562577147524
-7.0867442420522515,-7.0867442420522515
-7.077878655845926,-7.077878655845926
-7.068967959151175,-7.068967959151175
-7.060014145289704,-7.060014145289704
-7.051019074974667,-7.051019074974667
-7.041984489111619,-7.041984489111619
-7.03291202000293,-7.03291202000293
-7.023803201197107,-7.023803201197107
-7.014659476181882,-7.014659476181882
-7.00548220608592,-7.00548220608592
-6.996272676526578,-6.996272676526578
-6.98703210371888,-6.98703210371888
-6.977761639942748,-6.977761639942748
-6.968462378450593,-6.968462378450593
-6.95913535788512,-6.95913535788512
-6.949781566266927,-6.949781566266927
-6.940401944603069,-6.940401944603069
-6.930997390160559,-6.930997390160559
-6.921568759442802,-6.921568759442802
-6.912116870901955,-6.912116870901955
-6.902642507415826,-6.902642507415826
-6.893146418554343,-6.893146418554343
-6.883629322657478,-6.883629322657478
-6.874091908743815,-6.874091908743815
-6.864534838266702,-6.864534838266702
-6.854958746732872,-6.854958746732872
-6.845364245196762,-6.845364245196762
-6.835751921642239,-6.835751921642239
-6.826122342262115,-6.826122342262115
-6.816476052644765,-6.816476052644765
-6.806813578876108,-6.806813578876108
-6.797135428564367,-6.797135428564367
-6.787442091794268,-6.787442091794268
-6.777734042016635,-6.777734042016635
-6.768011736878766,-6.768011736878766
-6.758275619000423,-6.758275619000423
-6.748526116699852,-6.748526116699852
-6.738763644673741,-6.738763644673741
-6.728988604634759,-6.728988604634759
-6.719201385909903,-6.719201385909903
-6.709402366002632,-6.709402366002632
-6.699591911121481,-6.699591911121481
-6.689770376677634,-6.689770376677634
-6.67993810775366,-6.67993810775366
-6.670095439545533,-6.670095439545533
-6.660242697779751,-6.660242697779751
-6.650380199107318,-6.650380199107318
-6.640508251476178,-6.640508251476178
-6.630627154483526,-6.630627154483526
-6.6207371997093425,-6.6207371997093425
-6.610838671032422,-6.610838671032422
-6.600931844929982,-6.600931844929982
-6.591016990761929,-6.591016990761929
-6.5810943710407495,-6.5810943710407495
-6.571164241687916,-6.571164241687916
-6.561226852277659,-6.561226852277659
-6.551282446268835,-6.551282446268835
-6.541331261225667,-6.541331261225667
-6.531373529027947,-6.531373529027947
-6.521409476071385,-6.521409476071385
-6.5114393234586405,-6.5114393234586405
-6.5014632871815685,-6.5014632871815685
-6.491481578295205,-6.491481578295205
-6.481494403083943,-6.481494403083943
-6.47150196322031,-6.47150196322031
-6.46150445591679,-6.46150445591679
-6.451502074071056,-6.451502074071056
-6.4414950064049314,-6.4414950064049314
-6.431483437597487,-6.431483437597487
-6.421467548412505,-6.421467548412505
-6.411447515820648,-6.411447515820648
-6.401423513116598,-6.401423513116598
-6.39139571003142,-6.39139571003142
-6.381364272840371,-6.381364272840371
-6.371329364466438,-6.371329364466438
-6.36129114457973,-6.36129114457973
-6.351249769693026,-6.351249769693026
-6.341205393253571,-6.341205393253571
-6.331158165731373,-6.331158165731373
-6.321108234704135,-6.321108234704135
-6.311055744938972,-6.311055744938972
-6.3010008384710865,-6.3010008384710865
-6.290943654679533,-6.290943654679533
-6.280884330360194,-6.280884330360194
-6.2708229997961205,-6.2708229997961205
-6.2607597948253195,-6.2607597948253195
-6.250694844906145,-6.250694844906145
-6.2406282771803605,-6.2406282771803605
-6.2305602165339815,-6.2305602165339815
-6.220490785656041,-6.220490785656041
-6.210420105095286,-6.210420105095286
-6.200348293314959,-6.200348293314959
-6.190275466745732,-6.190275466745732
-6.180201739836832,-6.180201739836832
-6.170127225105507,-6.170127225105507
-6.1600520331848125,-6.1600520331848125
-6.149976272869869,-6.149976272869869
-6.139900051162589,-6.139900051162589
-6.129823473314983,-6.129823473314983
-6.119746642871066,-6.119746642871066
-6.1096696617074455,-6.1096696617074455
-6.099592630072619,-6.099592630072619
-6.089515646625061,-6.089515646625061
-6.079438808470108,-6.079438808470108
-6.069362211195734,-6.069362211195734
-6.059285948907219,-6.059285948907219
-6.049210114260761,-6.049210114260761
-6.039134798496102,-6.039134798496102
-6.029060091468153,-6.029060091468153
-6.0189860816777045,-6.0189860816777045
-6.008912856301218,-6.008912856301218
-5.998840501219761,-5.998840501219761
-5.988769101047091,-5.988769101047091
-5.9786987391569495,-5.9786987391569495
-5.968629497709551,-5.968629497709551
-5.958561457677351,-5.958561457677351
-5.948494698870059,-5.948494698870059
-5.938429299958978,-5.938429299958978
-5.928365338500648,-5.928365338500648
-5.918302890959851,-5.918302890959851
-5.908242032731982,-5.908242032731982
-5.8981828381648,-5.8981828381648
-5.888125380579615,-5.888125380579615
-5.878069732291891,-5.878069732291891
-5.868015964631296,-5.868015964631296
-5.857964147961228,-5.857964147961228
-5.847914351697833,-5.847914351697833
-5.837866644328514,-5.837866644328514
-5.827821093429971,-5.827821093429971
-5.817777765685757,-5.817777765685757
-5.807736726903412,-5.807736726903412
-5.797698042031136,-5.797698042031136
-5.787661775174049,-5.787661775174049
-5.777627989610051,-5.777627989610051
-5.767596747805261,-5.767596747805261
-5.757568111429107,-5.757568111429107
-5.74754214136901,-5.74754214136901
-5.737518897744731,-5.737518897744731
-5.727498439922358,-5.727498439922358
-5.717480826527951,-5.717480826527951
-5.707466115460872,-5.707466115460872
-5.69745436390678,-5.69745436390678
-5.687445628350324,-5.687445628350324
-5.6774399645875375,-5.6774399645875375
-5.6674374277379425,-5.6674374277379425
-5.657438072256354,-5.657438072256354
-5.647441951944438,-5.647441951944438
-5.637449119961978,-5.637449119961978
-5.627459628837896,-5.627459628837896
-5.617473530481016,-5.617473530481016
-5.607490876190581,-5.607490876190581
-5.5975117166665385,-5.5975117166665385
-5.587536102019599,-5.587536102019599
-5.577564081781047,-5.577564081781047
-5.567595704912361,-5.567595704912361
-5.557631019814611,-5.557631019814611
-5.54767007433764,-5.54767007433764
-5.537712915789054,-5.537712915789054
-5.527759590943024,-5.527759590943024
-5.5178101460488795,-5.5178101460488795
-5.50786462683953,-5.50786462683953
-5.497923078539703,-5.497923078539703
-5.487985545874011,-5.487985545874011
-5.478052073074834,-5.478052073074834
-5.468122703890052,-5.468122703890052
-5.458197481590609,-5.458197481590609
-5.448276448977918,-5.448276448977918
-5.438359648391114,-5.438359648391114
-5.428447121714158,-5.428447121714158
-5.41853891038279,-5.41853891038279
-5.408635055391353,-5.408635055391353
-5.398735597299463,-5.398735597299463
-5.388840576238551,-5.388840576238551
-5.378950031918286,-5.378950031918286
-5.369064003632833,-5.369064003632833
-5.359182530267035,-5.359182530267035
-5.349305650302433,-5.349305650302433
-5.339433401823191,-5.339433401823191
-5.329565822521886,-5.329565822521886
-5.319702949705208,-5.319702949705208
-5.309844820299526,-5.309844820299526
-5.2999914708563605,-5.2999914708563605
-5.290142937557749,-5.290142937557749
-5.280299256221498,-5.280299256221498
-5.270460462306359,-5.270460462306359
-5.260626590917077,-5.260626590917077
-5.250797676809363,-5.250797676809363
-5.240973754394766,-5.240973754394766
-5.231154857745457,-5.231154857745457
-5.221341020598922,-5.221341020598922
-5.211532276362571,-5.211532276362571
-5.201728658118252,-5.201728658118252
-5.191930198626696,-5.191930198626696
-5.182136930331875,-5.182136930331875
-5.172348885365273,-5.172348885365273
-5.162566095550093,-5.162566095550093
-5.152788592405379,-5.152788592405379
-5.143016407150066,-5.143016407150066
-5.133249570706958,-5.133249570706958
-5.123488113706645,-5.123488113706645
-5.11373206649132,-5.11373206649132
-5.103981459118571,-5.103981459118571
-5.094236321365076,-5.094236321365076
-5.0844966827302365,-5.0844966827302365
-5.074762572439766,-5.074762572439766
-5.065034019449195,-5.065034019449195
-5.05531105244733,-5.05531105244733
-5.04559369985964,-5.04559369985964
-5.035881989851605,-5.035881989851605
-5.026175950331977,-5.026175950331977
-5.016475608956022,-5.016475608956022
-5.006780993128677,-5.006780993128677
-4.997092130007669,-4.997092130007669
-4.987409046506579,-4.987409046506579
-4.977731769297854,-4.977731769297854
-4.968060324815766,-4.968060324815766
-4.95839473925933,-4.95839473925933
-4.948735038595166,-4.948735038595166
-4.939081248560318,-4.939081248560318
-4.929433394665022,-4.929433394665022
-4.919791502195441,-4.919791502195441
-4.910155596216338,-4.910155596216338
-4.900525701573723,-4.900525701573723
-4.890901842897443,-4.890901842897443
-4.881284044603743,-4.881284044603743
-4.871672330897774,-4.871672330897774
-4.8620667257760735,-4.8620667257760735
-4.852467253028993,-4.852467253028993
-4.842873936243102,-4.842873936243102
-4.8332867988035435,-4.8332867988035435
-4.823705863896354,-4.823705863896354
-4.814131154510752,-4.814131154510752
-4.804562693441385,-4.804562693441385
-4.795000503290551,-4.795000503290551
-4.785444606470372,-4.785444606470372
-4.775895025204945,-4.775895025204945
-4.766351781532457,-4.766351781532457
-4.756814897307267,-4.756814897307267
-4.747284394201959,-4.747284394201959
-4.7377602937093535,-4.7377602937093535
-4.7282426171445096,-4.7282426171445096
-4.718731385646672,-4.718731385646672
-4.70922662018121,-4.70922662018121
-4.699728341541511,-4.699728341541511
-4.690236570350862,-4.690236570350862
-4.680751327064287,-4.680751327064287
-4.67127263197037,-4.67127263197037
-4.661800505193044,-4.661800505193044
-4.652334966693358,-4.652334966693358
-4.642876036271212,-4.642876036271212
-4.633423733567073,-4.633423733567073
-4.623978078063668,-4.623978078063668
-4.614539089087645,-4.614539089087645
-4.605106785811211,-4.605106785811211
-4.595681187253755,-4.595681187253755
-4.586262312283436,-4.586262312283436
-4.576850179618764,-4.576850179618764
-4.5674448078301335,-4.5674448078301335
-4.558046215341367,-4.558046215341367
-4.548654420431211,-4.548654420431211
-4.53926944123482,-4.53926944123482
-4.529891295745225,-4.529891295745225
-4.520520001814777,-4.520520001814777
-4.511155577156561,-4.511155577156561
-4.501798039345815,-4.501798039345815
-4.492447405821297,-4.492447405821297
-4.483103693886661,-4.483103693886661
-4.473766920711798,-4.473766920711798
-4.46443710333417,-4.46443710333417
-4.455114258660112,-4.455114258660112
-4.445798403466129,-4.445798403466129
-4.436489554400168,-4.436489554400168
-4.427187727982878,-4.427187727982878
-4.417892940608844,-4.417892940608844
-4.408605208547821,-4.408605208547821
-4.3993245479459295,-4.3993245479459295
-4.390050974826855,-4.390050974826855
-4.380784505093018,-4.380784505093018
-4.37152515452674,-4.37152515452674
-4.362272938791383,-4.362272938791383
-4.353027873432478,-4.353027873432478
-4.343789973878845,-4.343789973878845
-4.33455925544369,-4.33455925544369
-4.325335733325683,-4.325335733325683
-4.316119422610048,-4.316119422610048
-4.306910338269604,-4.306910338269604
-4.297708495165813,-4.297708495165813
-4.288513908049812,-4.288513908049812
-4.2793265915634375,-4.2793265915634375
-4.270146560240215,-4.270146560240215
-4.260973828506359,-4.260973828506359
-4.251808410681755,-4.251808410681755
-4.242650320980923,-4.242650320980923
-4.233499573513962,-4.233499573513962
-4.224356182287509,-4.224356182287509
-4.215220161205661,-4.215220161205661
-4.206091524070889,-4.206091524070889
-4.196970284584952,-4.196970284584952
-4.187856456349799,-4.187856456349799
-4.178750052868432,-4.178750052868432
-4.169651087545802,-4.169651087545802
-4.160559573689663,-4.160559573689663
-4.151475524511425,-4.151475524511425
-4.142398953126994,-4.142398953126994
-4.133329872557607,-4.133329872557607
-4.1242682957306505,-4.1242682957306505
-4.115214235480476,-4.115214235480476
-4.106167704549197,-4.106167704549197
-4.097128715587481,-4.097128715587481
-4.088097281155343,-4.088097281155343
-4.079073413722894,-4.079073413722894
-4.070057125671134,-4.070057125671134
-4.061048429292682,-4.061048429292682
-4.052047336792539,-4.052047336792539
-4.043053860288812,-4.043053860288812
-4.03406801181345,-4.03406801181345
-4.025089803312958,-4.025089803312958
-4.016119246649116,-4.016119246649116
-4.007156353599667,-4.007156353599667
-3.9982011358590244,-3.9982011358590244
-3.989253605038953,-3.989253605038953
-3.9803137726692475,-3.9803137726692475
-3.971381650198399,-3.971381650198399
-3.9624572489942635,-3.9624572489942635
-3.953540580344712,-3.953540580344712
-3.944631655458281,-3.944631655458281
-3.9357304854648074,-3.9357304854648074
-3.926837081416064,-3.926837081416064
-3.917951454286386,-3.917951454286386
-3.9090736149732823,-3.9090736149732823
-3.9002035742980548,-3.9002035742980548
-3.891341343006396,-3.891341343006396
-3.8824869317689874,-3.8824869317689874
-3.8736403511820914,-3.8736403511820914
-3.864801611768135,-3.864801611768135
-3.8559707239762817,-3.8559707239762817
-3.8471476981830097,-3.8471476981830097
-3.8383325446926673,-3.8383325446926673
-3.829525273738041,-3.829525273738041
-3.820725895480897,-3.820725895480897
-3.8119344200125314,-3.8119344200125314
-3.803150857354312,-3.803150857354312
-3.7943752174582057,-3.7943752174582057
-3.78560751020731,-3.78560751020731
-3.776847745416375,-3.776847745416375
-3.7680959328323165,-3.7680959328323165
-3.7593520821347286,-3.7593520821347286
-3.750616202936388,-3.750616202936388
-3.741888304783751,-3.741888304783751
-3.7331683971574523,-3.7331683971574523
-3.7244564894727867,-3.7244564894727867
-3.7157525910801983,-3.7157525910801983
-3.7070567112657535,-3.7070567112657535
-3.6983688592516195,-3.6983688592516195
-3.6896890441965247,-3.6896890441965247
-3.681017275196225,-3.681017275196225
-3.6723535612839653,-3.6723535612839653
-3.6636979114309254,-3.6636979114309254
-3.6550503345466705,-3.6550503345466705
-3.6464108394795973,-3.6464108394795973
-3.6377794350173676,-3.6377794350173676
-3.629156129887344,-3.629156129887344
-3.6205409327570233,-3.6205409327570233
-3.611933852234454,-3.611933852234454
-3.603334896868661,-3.603334896868661
-3.5947440751500603,-3.5947440751500603
-3.5861613955108718,-3.5861613955108718
-3.5775868663255244,-3.5775868663255244
-3.5690204959110585,-3.5690204959110585
-3.5604622925275278,-3.5604622925275278
-3.5519122643783922,-3.5519122643783922
-3.5433704196109064,-3.5433704196109064
-3.5348367663165106,-3.5348367663165106
-3.5263113125312073,-3.5263113125312073
-3.5177940662359464,-3.5177940662359464
-3.509285035356994,-3.509285035356994
-3.5007842277663075,-3.5007842277663075
-3.492291651281898,-3.492291651281898
-3.483807313668199,-3.483807313668199
-3.4753312226364224,-3.4753312226364224
-3.466863385844913,-3.466863385844913
-3.458403810899507,-3.458403810899507
-3.4499525053538735,-3.4499525053538735
-3.4415094767098635,-3.4415094767098635
-3.4330747324178517,-3.4330747324178517
-3.424648279877074,-3.424648279877074
-3.4162301264359596,-3.4162301264359596
-3.4078202793924697,-3.4078202793924697
-3.399418745994417,-3.399418745994417
-3.391025533439797,-3.391025533439797
-3.382640648877107,-3.382640648877107
-3.374264099405665,-3.374264099405665
-3.3658958920759243,-3.3658958920759243
-3.3575360338897866,-3.3575360338897866
-3.3491845318009097,-3.3491845318009097
-3.340841392715017,-3.340841392715017
-3.3325066234901954,-3.3325066234901954
-3.3241802309371993,-3.3241802309371993
-3.3158622218197458,-3.3158622218197458
-3.3075526028548086,-3.3075526028548086
-3.299251380712911,-3.299251380712911
-3.2909585620184134,-3.2909585620184134
-3.2826741533497974,-3.2826741533497974
-3.274398161239951,-3.274398161239951
-3.266130592176447,-3.266130592176447
-3.2578714526018215,-3.2578714526018215
-3.2496207489138476,-3.2496207489138476
-3.241378487465807,-3.241378487465807
-3.233144674566761,-3.233144674566761
-3.224919316481817,-3.224919316481817
-3.2167024194323925,-3.2167024194323925
-3.2084939895964726,-3.2084939895964726
-3.2002940331088765,-3.2002940331088765
-3.19210255606151,-3.19210255606151
-3.1839195645036207,-3.1839195645036207
-3.1757450644420473,-3.1757450644420473
-3.167579061841472,-3.167579061841472
-3.159421562624668,-3.159421562624668
-3.1512725726727404,-3.1512725726727404
-3.143132097825373,-3.143132097825373
-3.135000143881064,-3.135000143881064
-3.1268767165973683,-3.1268767165973683
-3.1187618216911295,-3.1187618216911295
-3.1106554648387137,-3.1106554648387137
-3.1025576516762414,-3.1025576516762414
-3.0944683877998176,-3.0944683877998176
-3.086387678765756,-3.086387678765756
-3.078315530090805,-3.078315530090805
-3.070251947252372,-3.070251947252372
-3.062196935688739,-3.062196935688739
-3.0541505007992873,-3.0541505007992873
-3.0461126479447076,-3.0461126479447076
-3.03808338244722,-3.03808338244722
-3.0300627095907813,-3.0300627095907813
-3.0220506346212996,-3.0220506346212996
-3.014047162746841,-3.014047162746841
-3.006052299137835,-3.006052299137835
-2.9980660489272797,-2.9980660489272797
-2.9900884172109463,-2.9900884172109463
-2.982119409047579,-2.982119409047579
-2.974159029459091,-2.974159029459091
-2.9662072834307676,-2.9662072834307676
-2.958264175911456,-2.958264175911456
-2.950329711813761,-2.950329711813761
-2.9424038960142362,-2.9424038960142362
-2.934486733353578,-2.934486733353578
-2.926578228636806,-2.926578228636806
-2.918678386633457,-2.918678386633457
-2.9107872120777647,-2.9107872120777647
-2.9029047096688467,-2.9029047096688467
-2.895030884070884,-2.895030884070884
-2.8871657399133,-2.8871657399133
-2.8793092817909405,-2.8793092817909405
-2.87146151426425,-2.87146151426425
-2.8636224418594454,-2.8636224418594454
-2.8557920690686918,-2.8557920690686918
-2.8479704003502704,-2.8479704003502704
-2.840157440128753,-2.840157440128753
-2.832353192795168,-2.832353192795168
-2.82455766270717,-2.82455766270717
-2.816770854189202,-2.816770854189202
-2.808992771532662,-2.808992771532662
-2.801223418996066,-2.801223418996066
-2.793462800805208,-2.793462800805208
-2.785710921153321,-2.785710921153321
-2.777967784201236,-2.777967784201236
-2.7702333940775334,-2.7702333940775334
-2.762507754878708,-2.762507754878708
-2.7547908706693143,-2.7547908706693143
-2.7470827454821243,-2.7470827454821243
-2.739383383318278,-2.739383383318278
-2.731692788147433,-2.731692788147433
-2.7240109639079133,-2.7240109639079133
-2.7163379145068554,-2.7163379145068554
-2.7086736438203562,-2.7086736438203562
-2.701018155693618,-2.701018155693618
-2.6933714539410922,-2.6933714539410922
-2.685733542346616,-2.685733542346616
-2.678104424663563,-2.678104424663563
-2.6704841046149737,-2.6704841046149737
-2.6628725858937004,-2.6628725858937004
-2.65526987216254,-2.65526987216254
-2.6476759670543744,-2.6476759670543744
-2.6400908741723006,-2.6400908741723006
-2.632514597089766,-2.632514597089766
-2.6249471393507045,-2.6249471393507045
-2.61738850446966,-2.61738850446966
-2.609838695931924,-2.609838695931924
-2.602297717193662,-2.602297717193662
-2.5947655716820375,-2.5947655716820375
-2.587242262795344,-2.587242262795344
-2.5797277939031296,-2.5797277939031296
-2.572222168346317,-2.572222168346317
-2.564725389437332,-2.564725389437332
-2.5572374604602235,-2.5572374604602235
-2.5497583846707847,-2.5497583846707847
-2.542288165296673,-2.542288165296673
-2.53482680553753,-2.53482680553753
-2.527374308565097,-2.527374308565097
-2.519930677523336,-2.519930677523336
-2.5124959155285422,-2.5124959155285422
-2.505070025669459,-2.505070025669459
-2.4976530110073933,-2.4976530110073933
-2.4902448745763293,-2.4902448745763293
-2.482845619383036,-2.482845619383036
-2.475455248407182,-2.475455248407182
-2.4680737646014457,-2.4680737646014457
-2.460701170891622,-2.460701170891622
-2.453337470176729,-2.453337470176729
-2.4459826653291175,-2.4459826653291175
-2.4386367591945795,-2.4386367591945795
-2.4312997545924473,-2.4312997545924473
-2.4239716543157,-2.4239716543157
-2.4166524611310702,-2.4166524611310702
-2.4093421777791413,-2.4093421777791413
-2.4020408069744517,-2.4020408069744517
-2.394748351405597,-2.394748351405597
-2.3874648137353227,-2.3874648137353227
-2.380190196600632,-2.380190196600632
-2.3729245026128774,-2.3729245026128774
-2.36566773435786,-2.36566773435786
-2.3584198943959254,-2.3584198943959254
-2.3511809852620593,-2.3511809852620593
-2.343951009465982,-2.343951009465982
-2.3367299694922394,-2.3367299694922394
-2.3295178678003006,-2.3295178678003006
-2.322314706824647,-2.322314706824647
-2.3151204889748622,-2.3151204889748622
-2.307935216635725,-2.307935216635725
-2.300758892167298,-2.300758892167298
-2.293591517905016,-2.293591517905016
-2.2864330961597736,-2.2864330961597736
-2.2792836292180128,-2.2792836292180128
-2.272143119341811,-2.272143119341811
-2.2650115687689634,-2.2650115687689634
-2.2578889797130692,-2.2578889797130692
-2.250775354363618,-2.250775354363618
-2.24367069488607,-2.24367069488607
-2.236575003421938,-2.236575003421938
-2.229488282088874,-2.229488282088874
-2.2224105329807458,-2.2224105329807458
-2.215341758167717,-2.215341758167717
-2.208281959696332,-2.208281959696332
-2.2012311395895896,-2.2012311395895896
-2.1941892998470216,-2.1941892998470216
-2.187156442444774,-2.187156442444774
-2.1801325693356803,-2.1801325693356803
-2.173117682449339,-2.173117682449339
-2.166111783692188,-2.166111783692188
-2.1591148749475826,-2.1591148749475826
-2.152126958075865,-2.152126958075865
-2.145148034914439,-2.145148034914439
-2.138178107277848,-2.138178107277848
-2.131217176957836,-2.131217176957836
-2.1242652457234303,-2.1242652457234303
-2.117322315321007,-2.117322315321007
-2.110388387474359,-2.110388387474359
-2.1034634638847702,-2.1034634638847702
-2.096547546231082,-2.096547546231082
-2.0896406361697597,-2.0896406361697597
-2.082742735334964,-2.082742735334964
-2.0758538453386146,-2.0758538453386146
-2.0689739677704577,-2.0689739677704577
-2.0621031041981315,-2.0621031041981315
-2.055241256167232,-2.055241256167232
-2.0483884252013755,-2.0483884252013755
-2.0415446128022645,-2.0415446128022645
-2.034709820449751,-2.034709820449751
-2.0278840496018966,-2.0278840496018966
-2.0210673016950365,-2.0210673016950365
-2.0142595781438426,-2.0142595781438426
-2.007460880341381,-2.007460880341381
-2.0006712096591728,-2.0006712096591728
-1.9938905674472553,-1.9938905674472553
-1.9871189550342425,-1.9871189550342425
-1.9803563737273802,-1.9803563737273802
-1.9736028248126063,-1.9736028248126063
-1.9668583095546077,-1.9668583095546077
-1.9601228291968766,-1.9601228291968766
-1.9533963849617682,-1.9533963849617682
-1.9466789780505547,-1.9466789780505547
-1.9399706096434837,-1.9399706096434837
-1.9332712808998282,-1.9332712808998282
-1.9265809929579456,-1.9265809929579456
-1.91989974693533,-1.91989974693533
-1.9132275439286621,-1.9132275439286621
-1.9065643850138652,-1.9065643850138652
-1.8999102712461573,-1.8999102712461573
-1.8932652036601023,-1.8932652036601023
-1.88662918326966,-1.88662918326966
-1.880002211068236,-1.880002211068236
-1.8733842880287341,-1.8733842880287341
-1.8667754151036058,-1.8667754151036058
-1.8601755932248978,-1.8601755932248978
-1.853584823304299,-1.853584823304299
-1.8470031062331944,-1.8470031062331944
-1.8404304428827054,-1.8404304428827054
-1.833866834103742,-1.833866834103742
-1.8273122807270485,-1.8273122807270485
-1.8207667835632466,-1.8207667835632466
-1.8142303434028866,-1.8142303434028866
-1.807702961016486,-1.807702961016486
-1.8011846371545785,-1.8011846371545785
-1.7946753725477596,-1.7946753725477596
-1.7881751679067235,-1.7881751679067235
-1.7816840239223148,-1.7816840239223148
-1.7752019412655649,-1.7752019412655649
-1.768728920587737,-1.768728920587737
-1.7622649625203701,-1.7622649625203701
-1.7558100676753141,-1.7558100676753141
-1.7493642366447788,-1.7493642366447788
-1.7429274700013675,-1.7429274700013675
-1.7364997682981218,-1.7364997682981218
-1.7300811320685603,-1.7300811320685603
-1.7236715618267135,-1.7236715618267135
-1.7172710580671708,-1.7172710580671708
-1.7108796212651114,-1.7108796212651114
-1.7044972518763455,-1.7044972518763455
-1.6981239503373513,-1.6981239503373513
-1.6917597170653136,-1.6917597170653136
-1.6854045524581571,-1.6854045524581571
-1.6790584568945852,-1.6790584568945852
-1.6727214307341152,-1.6727214307341152
-1.6663934743171138,-1.6663934743171138
-1.6600745879648324,-1.6600745879648324
-1.653764771979439,-1.653764771979439
-1.6474640266440566,-1.6474640266440566
-1.6411723522227952,-1.6411723522227952
-1.634889748960782,-1.634889748960782
-1.6286162170842,-1.6286162170842
-1.6223517568003152,-1.6223517568003152
-1.6160963682975136,-1.6160963682975136
-1.6098500517453294,-1.6098500517453294
-1.6036128072944773,-1.6036128072944773
-1.5973846350768823,-1.5973846350768823
-1.5911655352057146,-1.5911655352057146
-1.5849555077754138,-1.5849555077754138
-1.5787545528617228,-1.5787545528617228
-1.5725626705217162,-1.5725626705217162
-1.5663798607938295,-1.5663798607938295
-1.5602061236978855,-1.5602061236978855
-1.5540414592351264,-1.5540414592351264
-1.5478858673882385,-1.5478858673882385
-1.5417393481213817,-1.5417393481213817
-1.5356019013802134,-1.5356019013802134
-1.5294735270919215,-1.5294735270919215
-1.5233542251652437,-1.5233542251652437
-1.5172439954904982,-1.5172439954904982
-1.5111428379396068,-1.5111428379396068
-1.5050507523661247,-1.5050507523661247
-1.4989677386052556,-1.4989677386052556
-1.4928937964738895,-1.4928937964738895
-1.4868289257706155,-1.4868289257706155
-1.480773126275753,-1.480773126275753
-1.4747263977513694,-1.4747263977513694
-1.4686887399413098,-1.4686887399413098
-1.4626601525712128,-1.4626601525712128
-1.4566406353485393,-1.4566406353485393
-1.4506301879625891,-1.4506301879625891
-1.444628810084528,-1.444628810084528
-1.4386365013674027,-1.4386365013674027
-1.4326532614461702,-1.4326532614461702
-1.4266790899377089,-1.4266790899377089
-1.4207139864408482,-1.4207139864408482
-1.4147579505363812,-1.4147579505363812
-1.4088109817870889,-1.4088109817870889
-1.4028730797377564,-1.4028730797377564
-1.3969442439151962,-1.3969442439151962
-1.3910244738282624,-1.3910244738282624
-1.3851137689678705,-1.3851137689678705
-1.3792121288070167,-1.3792121288070167
-1.3733195528007947,-1.3733195528007947
-1.367436040386412,-1.367436040386412
-1.3615615909832095,-1.3615615909832095
-1.3556962039926739,-1.3556962039926739
-1.3498398787984607,-1.3498398787984607
-1.3439926147664023,-1.3439926147664023
-1.3381544112445303,-1.3381544112445303
-1.3323252675630868,-1.3323252675630868
-1.326505183034542,-1.326505183034542
-1.3206941569536084,-1.3206941569536084
-1.314892188597253,-1.314892188597253
-1.3090992772247145,-1.3090992772247145
-1.3033154220775154,-1.3033154220775154
-1.2975406223794756,-1.2975406223794756
-1.291774877336728,-1.291774877336728
-1.286018186137726,-1.286018186137726
-1.2802705479532615,-1.2802705479532615
-1.274531961936474,-1.274531961936474
-1.2688024272228635,-1.2688024272228635
-1.263081942930304,-1.263081942930304
-1.2573705081590498,-1.2573705081590498
-1.2516681219917514,-1.2516681219917514
-1.245974783493465,-1.245974783493465
-1.2402904917116602,-1.2402904917116602
-1.2346152456762354,-1.2346152456762354
-1.2289490443995215,-1.2289490443995215
-1.223291886876296,-1.223291886876296
-1.2176437720837892,-1.2176437720837892
-1.2120046989816962,-1.2120046989816962
-1.206374666512183,-1.206374666512183
-1.2007536735998952,-1.2007536735998952
-1.1951417191519653,-1.1951417191519653
-1.1895388020580242,-1.1895388020580242
-1.1839449211902031,-1.1839449211902031
-1.178360075403146,-1.178360075403146
-1.1727842635340107,-1.1727842635340107
-1.1672174844024807,-1.1672174844024807
-1.1616597368107697,-1.1616597368107697
-1.1561110195436248,-1.1561110195436248
-1.1505713313683368,-1.1505713313683368
-1.1450406710347412,-1.1450406710347412
-1.1395190372752273,-1.1395190372752273
-1.1340064288047402,-1.1340064288047402
-1.128502844320785,-1.128502844320785
-1.1230082825034327,-1.1230082825034327
-1.1175227420153246,-1.1175227420153246
-1.1120462215016735,-1.1120462215016735
-1.106578719590269,-1.106578719590269
-1.1011202348914801,-1.1011202348914801
-1.0956707659982574,-1.0956707659982574
-1.0902303114861362,-1.0902303114861362
-1.0847988699132396,-1.0847988699132396
-1.079376439820277,-1.079376439820277
-1.0739630197305519,-1.0739630197305519
-1.0685586081499554,-1.0685586081499554
-1.063163203566975,-1.063163203566975
-1.0577768044526896,-1.0577768044526896
-1.0523994092607731,-1.0523994092607731
-1.047031016427495,-1.047031016427495
-1.0416716243717172,-1.0416716243717172
-1.0363212314948969,-1.0363212314948969
-1.0309798361810847,-1.0309798361810847
-1.0256474367969244,-1.0256474367969244
-1.0203240316916513,-1.0203240316916513
-1.0150096191970899,-1.0150096191970899
-1.0097041976276548,-1.0097041976276548
-1.0044077652803467,-1.0044077652803467
-0.9991203204347501,-0.9991203204347501
-0.9938418613530313,-0.9938418613530313
-0.9885723862799369,-0.9885723862799369
-0.9833118934427892,-0.9833118934427892
-0.978060381051482,-0.978060381051482
-0.9728178472984794,-0.9728178472984794
-0.9675842903588107,-0.9675842903588107
-0.9623597083900665,-0.9623597083900665
-0.9571440995323937,-0.9571440995323937
-0.9519374619084915,-0.9519374619084915
-0.9467397936236058,-0.9467397936236058
-0.9415510927655257,-0.9415510927655257
-0.9363713574045753,-0.9363713574045753
-0.93120058559361,-0.93120058559361
-0.9260387753680099,-0.9260387753680099
-0.9208859247456737,-0.9208859247456737
-0.9157420317270109,-0.9157420317270109
-0.9106070942949369,-0.9106070942949369
-0.9054811104148642,-0.9054811104148642
-0.9003640780346976,-0.9003640780346976
-0.8952559950848221,-0.8952559950848221
-0.8901568594780989,-0.8901568594780989
-0.8850666691098562,-0.8850666691098562
-0.8799854218578806,-0.8799854218578806
-0.8749131155824079,-0.8749131155824079
-0.8698497481261139,-0.8698497481261139
-0.8647953173141072,-0.8647953173141072
-0.8597498209539174,-0.8597498209539174
-0.8547132568354863,-0.8547132568354863
-0.8496856227311572,-0.8496856227311572
-0.8446669163956665,-0.8446669163956665
-0.8396571355661311,-0.8396571355661311
-0.8346562779620373,-0.8346562779620373
-0.8296643412852317,-0.8296643412852317
-0.8246813232199083,-0.8246813232199083
-0.8197072214325981,-0.8197072214325981
-0.8147420335721551,-0.8147420335721551
-0.8097857572697456,-0.8097857572697456
-0.8048383901388365,-0.8048383901388365
-0.7998999297751807,-0.7998999297751807
-0.7949703737568058,-0.7949703737568058
-0.7900497196439993,-0.7900497196439993
-0.7851379649792962,-0.7851379649792962
-0.7802351072874659,-0.7802351072874659
-0.7753411440754963,-0.7753411440754963
-0.7704560728325801,-0.7704560728325801
-0.7655798910301009,-0.7655798910301009
-0.7607125961216185,-0.7607125961216185
-0.7558541855428528,-0.7558541855428528
-0.7510046567116685,-0.7510046567116685
-0.7461640070280612,-0.7461640070280612
-0.7413322338741384,-0.7413322338741384
-0.7365093346141072,-0.7365093346141072
-0.7316953065942532,-0.7316953065942532
-0.7268901471429294,-0.7268901471429294
-0.7220938535705335,-0.7220938535705335
-0.7173064231694956,-0.7173064231694956
-0.7125278532142557,-0.7125278532142557
-0.707758140961252,-0.707758140961252
-0.7029972836488971,-0.7029972836488971
-0.6982452784975632,-0.6982452784975632
-0.6935021227095617,-0.6935021227095617
-0.6887678134691262,-0.6887678134691262
-0.6840423479423912,-0.6840423479423912
-0.6793257232773748,-0.6793257232773748
-0.674617936603957,-0.674617936603957
-0.669918985033862,-0.669918985033862
-0.665228865660636,-0.665228865660636
-0.6605475755596283,-0.6605475755596283
-0.6558751117879683,-0.6558751117879683
-0.6512114713845488,-0.6512114713845488
-0.6465566513699992,-0.6465566513699992
-0.641910648746669,-0.641910648746669
-0.6372734604986016,-0.6372734604986016
-0.6326450835915165,-0.6326450835915165
-0.6280255149727827,-0.6280255149727827
-0.6234147515714007,-0.6234147515714007
-0.6188127902979749,-0.6188127902979749
-0.6142196280446929,-0.6142196280446929
-0.6096352616853024,-0.6096352616853024
-0.6050596880750875,-0.6050596880750875
-0.6004929040508424,-0.6004929040508424
-0.5959349064308496,-0.5959349064308496
-0.5913856920148548,-0.5913856920148548
-0.5868452575840416,-0.5868452575840416
-0.5823135999010066,-0.5823135999010066
-0.5777907157097335,-0.5777907157097335
-0.5732766017355688,-0.5732766017355688
-0.5687712546851954,-0.5687712546851954
-0.564274671246605,-0.564274671246605
-0.5597868480890731,-0.5597868480890731
-0.5553077818631321,-0.5553077818631321
-0.5508374692005447,-0.5508374692005447
-0.5463759067142743,-0.5463759067142743
-0.5419230909984599,-0.5419230909984599
-0.5374790186283877,-0.5374790186283877
-0.5330436861604622,-0.5330436861604622
-0.5286170901321784,-0.5286170901321784
-0.5241992270620919,-0.5241992270620919
-0.5197900934497922,-0.5197900934497922
-0.5153896857758715,-0.5153896857758715
-0.5109980005018956,-0.5109980005018956
-0.5066150340703738,-0.5066150340703738
-0.5022407829047297,-0.5022407829047297
-0.4978752434092709,-0.4978752434092709
-0.4935184119691561,-0.4935184119691561
-0.4891702849503658,-0.4891702849503658
-0.48483085869967196,-0.48483085869967196
-0.4805001295446046,-0.4805001295446046
-0.47617809379342046,-0.47617809379342046
-0.47186474773507125,-0.47186474773507125
-0.46756008763917106,-0.46756008763917106
-0.463264109755964,-0.463264109755964
-0.45897681031628995,-0.45897681031628995
-0.45469818553155233,-0.45469818553155233
-0.4504282315936846,-0.4504282315936846
-0.4461669446751163,-0.4461669446751163
-0.4419143209287377,-0.4419143209287377
-0.4376703564878664,-0.4376703564878664
-0.4334350474662126,-0.4334350474662126
-0.42920838995784466,-0.42920838995784466
-0.4249903800371512,-0.4249903800371512
-0.42078101375880816,-0.42078101375880816
-0.41658028715774126,-0.41658028715774126
-0.4123881962490912,-0.4123881962490912
-0.40820473702817484,-0.40820473702817484
-0.40402990547045026,-0.40402990547045026
-0.3998636975314791,-0.3998636975314791
-0.3957061091468892,-0.3957061091468892
-0.39155713623233623,-0.39155713623233623
-0.3874167746834656,-0.3874167746834656
-0.38328502037587486,-0.38328502037587486
-0.3791618691650754,-0.3791618691650754
-0.3750473168864515,-0.3750473168864515
-0.37094135935522193,-0.37094135935522193
-0.3668439923664023,-0.3668439923664023
-0.3627552116947622,-0.3627552116947622
-0.3586750130947862,-0.3586750130947862
-0.3546033923006338,-0.3546033923006338
-0.35054034502609777,-0.35054034502609777
-0.3464858669645639,-0.3464858669645639
-0.3424399537889681,-0.3424399537889681
-0.3384026011517558,-0.3384026011517558
-0.33437380468483957,-0.33437380468483957
-0.33035355999955696,-0.33035355999955696
-0.3263418626866268,-0.3263418626866268
-0.32233870831610645,-0.32233870831610645
-0.31834409243734924,-0.31834409243734924
-0.3143580105789605,-0.3143580105789605
-0.31038045824875277,-0.31038045824875277
-0.3064114309337015,-0.3064114309337015
-0.30245092409990126,-0.30245092409990126
-0.2984989331925205,-0.2984989331925205
-0.29455545363575597,-0.29455545363575597
-0.29062048083278547,-0.29062048083278547
-0.2866940101657258,-0.2866940101657258
-0.2827760369955827,-0.2827760369955827
-0.27886655666220567,-0.27886655666220567
-0.2749655644842408,-0.2749655644842408
-0.271073055759084,-0.271073055759084
-0.2671890257628331,-0.2671890257628331
-0.2633134697502385,-0.2633134697502385
-0.2594463829546566,-0.2594463829546566
-0.255587760588001,-0.255587760588001
-0.2517375978406927,-0.2517375978406927
-0.24789588988161057,-0.24789588988161057
-0.24406263185804242,-0.24406263185804242
-0.24023781889563497,-0.24023781889563497
-0.23642144609834315,-0.23642144609834315
-0.2326135085483793,-0.2326135085483793
-0.2288140013061618,-0.2288140013061618
-0.22502291941026473,-0.22502291941026473
-0.2212402578773655,-0.2212402578773655
-0.21746601170219215,-0.21746601170219215
-0.21370017585747103,-0.21370017585747103
-0.2099427452938754,-0.2099427452938754
-0.2061937149399709,-0.2061937149399709
-0.2024530797021619,-0.2024530797021619
-0.19872083446463737,-0.19872083446463737
-0.19499697408931888,-0.19499697408931888
-0.1912814934158032,-0.1912814934158032
-0.18757438726130857,-0.18757438726130857
-0.18387565042061893,-0.18387565042061893
-0.18018527766602974,-0.18018527766602974
-0.1765032637472887,-0.1765032637472887
-0.17282960339154357,-0.17282960339154357
-0.1691642913032806,-0.1691642913032806
-0.16550732216427214,-0.16550732216427214
-0.16185869063351413,-0.16185869063351413
-0.15821839134717364,-0.15821839134717364
-0.15458641891852515,-0.15458641891852515
-0.15096276793789518,-0.15096276793789518
-0.14734743297260297,-0.14734743297260297
-0.14374040856690035,-0.14374040856690035
-0.14014168924191123,-0.14014168924191123
-0.13655126949557198,-0.13655126949557198
-0.13296914380257221,-0.13296914380257221
-0.12939530661429194,-0.12939530661429194
-0.12582975235874053,-0.12582975235874053
-0.12227247544049484,-0.12227247544049484
-0.11872347024063841,-0.11872347024063841
-0.11518273111669777,-0.11518273111669777
-0.11165025240257863,-0.11165025240257863
-0.10812602840850398,-0.10812602840850398
-0.10461005342095017,-0.10461005342095017
-0.10110232170258257,-0.10110232170258257
-0.09760282749219003,-0.09760282749219003
-0.09411156500462056,-0.09411156500462056
-0.09062852843071732,-0.09062852843071732
-0.08715371193725119,-0.08715371193725119
-0.08368710966685451,-0.08368710966685451
-0.08022871573795493,-0.08022871573795493
-0.0767785242447091,-0.0767785242447091
-0.07333652925693436,-0.07333652925693436
-0.06990272482004102,-0.06990272482004102
-0.06647710495496342,-0.06647710495496342
-0.06305966365809282,-0.06305966365809282
-0.05965039490120771,-0.05965039490120771
-0.056249292631402985,-0.056249292631402985
-0.05285635077102088,-0.05285635077102088
-0.04947156321758149,-0.04947156321758149
-0.04609492384371096,-0.04609492384371096
-0.04272642649706936,-0.04272642649706936
-0.03936606500028047,-0.03936606500028047
-0.03601383315085914,-0.03601383315085914
-0.032669724721138736,-0.032669724721138736
-0.029333733458197595,-0.029333733458197595
-0.02600585308378569,-0.02600585308378569
-0.022686077294251757,-0.022686077294251757
-0.019374399760467582,-0.019374399760467582
-0.016070814127753814,-0.016070814127753814
-0.012775314015804005,-0.012775314015804005
-0.00948789301861037,-0.00948789301861037
-0.006208544704386194,-0.006208544704386194
-0.0029372626154894246,-0.0029372626154894246
0.0003259597316544988,0.0003259597316544988
0.003581128846629007,0.003581128846629007
0.006828251265105805,0.006828251265105805
0.010067333548924562,0.010067333548924562
0.013298382286167082,0.013298382286167082
0.01652140409124371,0.01652140409124371
0.01973640560496655,0.01973640560496655
0.02294339349463598,0.02294339349463598
0.026142374454115103,0.026142374454115103
0.029333355203918453,0.029333355203918453
0.03251634249128575,0.03251634249128575
0.03569134309027245,0.03569134309027245
0.03885836380182564,0.03885836380182564
0.04201741145387306,0.04201741145387306
0.045168492901401486,0.045168492901401486
0.04831161502654634,0.04831161502654634
0.051446784738673534,0.051446784738673534
0.05457400897446383,0.05457400897446383
0.05769329469800283,0.05769329469800283
0.060804648900861805,0.060804648900861805
0.06390807860219068,0.06390807860219068
0.06700359084879964,0.06700359084879964
0.07009119271525174,0.07009119271525174
0.07317089130394756,0.07317089130394756
0.07624269374521789,0.07624269374521789
0.07930660719740906,0.07930660719740906
0.08236263884697732,0.08236263884697732
0.08541079590857496,0.08541079590857496
0.0884510856251466,0.0884510856251466
0.09148351526801414,0.09148351526801414
0.09450809213697606,0.09450809213697606
0.09752482356039416,0.09752482356039416
0.10053371689529206,0.10053371689529206
0.10353477952744247,0.10353477952744247
0.10652801887146954,0.10652801887146954
0.1095134423709366,0.1095134423709366
0.11249105749844616,0.11249105749844616
0.11546087175573287,0.11546087175573287
0.11842289267376441,0.11842289267376441
0.12137712781283232,0.12137712781283232
0.12432358476265631,0.12432358476265631
0.12726227114247723,0.12726227114247723
0.1301931946011603,0.1301931946011603
0.13311636281729072,0.13311636281729072
0.13603178349927725,0.13603178349927725
0.13893946438544907,0.13893946438544907
0.1418394132441611,0.1418394132441611
0.14473163787389184,0.14473163787389184
0.14761614610335008,0.14761614610335008
0.15049294579157224,0.15049294579157224
0.15336204482803284,0.15336204482803284
0.15622345113274191,0.15622345113274191
0.15907717265635607,0.15907717265635607
0.16192321738027793,0.16192321738027793
0.16476159331676843,0.16476159331676843
0.16759230850904655,0.16759230850904655
0.17041537103140422,0.17041537103140422
0.17323078898930694,0.17323078898930694
0.1760385705195088,0.1760385705195088
0.1788387237901556,0.1788387237901556
0.18163125700090088,0.18163125700090088
0.18441617838301064,0.18441617838301064
0.1871934961994791,0.1871934961994791
0.18996321874513666,0.18996321874513666
0.19272535434676624,0.19272535434676624
0.1954799113632118,0.1954799113632118
0.19822689818549716,0.19822689818549716
0.2009663232369355,0.2009663232369355
0.2036981949732492,0.2036981949732492
0.20642252188268032,0.20642252188268032
0.2091393124861132,0.2091393124861132
0.21184857533718474,0.21184857533718474
0.21455031902240893,0.21455031902240893
0.2172445521612896,0.2172445521612896
0.21993128340644477,0.21993128340644477
0.22261052144372048,0.22261052144372048
0.2252822749923185,0.2252822749923185
0.2279465528049109,0.2279465528049109
0.23060336366776799,0.23060336366776799
0.23325271640087458,0.23325271640087458
0.23589461985806087,0.23589461985806087
0.23852908292711877,0.23852908292711877
0.24115611452993435,0.24115611452993435
0.24377572362260674,0.24377572362260674
0.24638791919558042,0.24638791919558042
0.24899271027376602,0.24899271027376602
0.25159010591667574,0.25159010591667574
0.25418011521854345,0.25418011521854345
0.2567627473084624,0.2567627473084624
0.25933801135050744,0.25933801135050744
0.261905916543873,0.261905916543873
0.26446647212299884,0.26446647212299884
0.26701968735770787,0.26701968735770787
0.26956557155333294,0.26956557155333294
0.27210413405085787,0.27210413405085787
0.27463538422704564,0.27463538422704564
0.2771593314945797,0.2771593314945797
0.27967598530219545,0.27967598530219545
0.2821853551348214,0.2821853551348214
0.2846874505137128,0.2846874505137128
0.2871822809965956,0.2871822809965956
0.28966985617780094,0.28966985617780094
0.2921501856884102,0.2921501856884102
0.29462327919639053,0.29462327919639053
0.2970891464067447,0.2970891464067447
0.29954779706164464,0.29954779706164464
0.301999240940585,0.301999240940585
0.30444348786051867,0.30444348786051867
0.3068805476760095,0.3068805476760095
0.3093104302793729,0.3093104302793729
0.31173314560082827,0.31173314560082827
0.3141487036086411,0.3141487036086411
0.316557114309279,0.316557114309279
0.3189583877475539,0.3189583877475539
0.3213525340067795,0.3213525340067795
0.32373956320891656,0.32373956320891656
0.3261194855147331,0.3261194855147331
0.32849231112394733,0.32849231112394733
0.3308580502753944,0.3308580502753944
0.3332167132471689,0.3332167132471689
0.33556831035679224,0.33556831035679224
0.33791285196136,0.33791285196136
0.3402503484577094,0.3402503484577094
0.34258081028256826,0.34258081028256826
0.3449042479127242,0.3449042479127242
0.34722067186517763,0.34722067186517763
0.34953009269731067,0.34953009269731067
0.3518325210070422,0.3518325210070422
0.35412796743299857,0.35412796743299857
0.3564164426546753,0.3564164426546753
0.3586979573926012,0.3586979573926012
0.36097252240850636,0.36097252240850636
0.3632401485054918,0.3632401485054918
0.36550084652819675,0.36550084652819675
0.36775462736296594,0.36775462736296594
0.3700015019380218,0.3700015019380218
0.3722414812236387,0.3722414812236387
0.37447457623231417,0.37447457623231417
0.37670079801893985,0.37670079801893985
0.3789201576809778,0.3789201576809778
0.38113266635864007,0.38113266635864007
0.3833383352350624,0.3833383352350624
0.38553717553647987,0.38553717553647987
0.38772919853240956,0.38772919853240956
0.3899144155358307,0.3899144155358307
0.3920928379033655,0.3920928379033655
0.3942644770354584,0.3942644770354584
0.39642934437656185,0.39642934437656185
0.39858745141532304,0.39858745141532304
0.4007388096847671,0.4007388096847671
0.4028834307624824,0.4028834307624824
0.4050213262708101,0.4050213262708101
0.4071525078770347,0.4071525078770347
0.4092769872935729,0.4092769872935729
0.4113947762781626,0.4113947762781626
0.4135058866340601,0.4135058866340601
0.41561033021022764,0.41561033021022764
0.41770811890153653,0.41770811890153653
0.41979926464895334,0.41979926464895334
0.4218837794397464,0.4218837794397464
0.42396167530767626,0.42396167530767626
0.4260329643332028,0.4260329643332028
0.42809765864367844,0.42809765864367844
0.4301557704135577,0.4301557704135577
0.4322073118645928,0.4322073118645928
0.4342522952660465,0.4342522952660465
0.43629073293488946,0.43629073293488946
0.4383226372360156,0.4383226372360156
0.4403480205824424,0.4403480205824424
0.4423668954355275,0.4423668954355275
0.44437927430517377,0.44437927430517377
0.4463851697500472,0.4463851697500472
0.44838459437778405,0.44838459437778405
0.4503775608452124,0.4503775608452124
0.4523640818585609,0.4523640818585609
0.4543441701736854,0.4543441701736854
0.4563178385962768,0.4563178385962768
0.45828509998209244,0.45828509998209244
0.4602459672371669,0.4602459672371669
0.46220045331804543,0.46220045331804543
0.4641485712319981,0.4641485712319981
0.46609033403725425,0.46609033403725425
0.46802575484322245,0.46802575484322245
0.4699548468107251,0.4699548468107251
0.4718776231522216,0.4718776231522216
0.47379409713204873,0.47379409713204873
0.4757042820666419,0.4757042820666419
0.47760819132478133,0.47760819132478133
0.47950583832781757,0.47950583832781757
0.4813972365499159,0.4813972365499159
0.48328239951829055,0.48328239951829055
0.4851613408134477,0.4851613408134477
0.48703407406942373,0.48703407406942373
0.4889006129740339,0.4889006129740339
0.4907609712691089,0.4907609712691089
0.4926151627507508,0.4926151627507508
0.4944632012695713,0.4944632012695713
0.4963051007309491,0.4963051007309491
0.4981408750952736,0.4981408750952736
0.49997053837820465,0.49997053837820465
0.5017941046509196,0.5017941046509196
0.5036115880403749,0.5036115880403749
0.5054230027295584,0.5054230027295584
0.5072283629577533,0.5072283629577533
0.5090276830207923,0.5090276830207923
0.5108209772713279,0.5108209772713279
0.512608260119088,0.512608260119088
0.5143895460311482,0.5143895460311482
0.5161648495321937,0.5161648495321937
0.5179341852047933,0.5179341852047933
0.5196975676896644,0.5196975676896644
0.5214550116859519,0.5214550116859519
0.5232065319514952,0.5232065319514952
0.5249521433031116,0.5249521433031116
0.5266918606168656,0.5266918606168656
0.528425698828358,0.528425698828358
0.5301536729329963,0.5301536729329963
0.5318757979862883,0.5318757979862883
0.5335920891041174,0.5335920891041174
0.5353025614630388,0.5353025614630388
0.5370072303005573,0.5370072303005573
0.5387061109154294,0.5387061109154294
0.5403992186679438,0.5403992186679438
0.5420865689802259,0.5420865689802259
0.5437681773365255,0.5437681773365255
0.5454440592835224,0.5454440592835224
0.5471142304306176,0.5471142304306176
0.5487787064502451,0.5487787064502451
0.5504375030781653,0.5504375030781653
0.5520906361137805,0.5520906361137805
0.5537381214204342,0.5537381214204342
0.5553799749257287,0.5553799749257287
0.5570162126218292,0.5570162126218292
0.5586468505657844,0.5586468505657844
0.5602719048798371,0.5602719048798371
0.5618913917517464,0.5618913917517464
0.5635053274351032,0.5635053274351032
0.5651137282496584,0.5651137282496584
0.5667166105816401,0.5667166105816401
0.5683139908840865,0.5683139908840865
0.5699058856771685,0.5699058856771685
0.571492311548527,0.571492311548527
0.5730732851535973,0.5730732851535973
0.5746488232159549,0.5746488232159549
0.5762189425276407,0.5762189425276407
0.5777836599495126,0.5777836599495126
0.5793429924115757,0.5793429924115757
0.5808969569133383,0.5808969569133383
0.5824455705241449,0.5824455705241449
0.5839888503835375,0.5839888503835375
0.5855268137016005,0.5855268137016005
0.5870594777593119,0.5870594777593119
0.5885868599089015,0.5885868599089015
0.5901089775742114,0.5901089775742114
0.5916258482510537,0.5916258482510537
0.5931374895075726,0.5931374895075726
0.5946439189846098,0.5946439189846098
0.5961451543960745,0.5961451543960745
0.5976412135293151,0.5976412135293151
0.5991321142454838,0.5991321142454838
0.6006178744799194,0.6006178744799194
0.6020985122425232,0.6020985122425232
0.6035740456181408,0.6035740456181408
0.6050444927669396,0.6050444927669396
0.6065098719247978,0.6065098719247978
0.6079702014036948,0.6079702014036948
0.6094254995920997,0.6094254995920997
0.6108757849553623,0.6108757849553623
0.6123210760361107,0.6123210760361107
0.6137613914546545,0.6137613914546545
0.6151967499093804,0.6151967499093804
0.6166271701771583,0.6166271701771583
0.6180526711137467,0.6180526711137467
0.6194732716542076,0.6194732716542076
0.620888990813315,0.620888990813315
0.6222998476859701,0.6222998476859701
0.6237058614476194,0.6237058614476194
0.6251070513546794,0.6251070513546794
0.6265034367449583,0.6265034367449583
0.627895037038081,0.627895037038081
0.6292818717359203,0.6292818717359203
0.6306639604230331,0.6306639604230331
0.6320413227670938,0.6320413227670938
0.6334139785193306,0.6334139785193306
0.6347819475149692,0.6347819475149692
0.6361452496736828,0.6361452496736828
0.6375039050000346,0.6375039050000346
0.6388579335839285,0.6388579335839285
0.6402073556010655,0.6402073556010655
0.6415521913134034,0.6415521913134034
0.6428924610696172,0.6428924610696172
0.6442281853055574,0.6442281853055574
0.6455593845447217,0.6455593845447217
0.6468860793987289,0.6468860793987289
0.6482082905677876,0.6482082905677876
0.6495260388411725,0.6495260388411725
0.6508393450977117,0.6508393450977117
0.6521482303062623,0.6521482303062623
0.6534527155262069,0.6534527155262069
0.654752821907934,0.654752821907934
0.6560485706933437,0.6560485706933437
0.6573399832163344,0.6573399832163344
0.6586270809033147,0.6586270809033147
0.6599098852736991,0.6599098852736991
0.6611884179404252,0.6611884179404252
0.6624627006104555,0.6624627006104555
0.6637327550853069,0.6637327550853069
0.6649986032615549,0.6649986032615549
0.6662602671313721,0.6662602671313721
0.6675177687830403,0.6675177687830403
0.6687711304014972,0.6687711304014972
0.6700203742688546,0.6700203742688546
0.6712655227649525,0.6712655227649525
0.6725065983678871,0.6725065983678871
0.6737436236545705,0.6737436236545705
0.6749766213012699,0.6749766213012699
0.6762056140841699,0.6762056140841699
0.6774306248799248,0.6774306248799248
0.6786516766662267,0.6786516766662267
0.6798687925223654,0.6798687925223654
0.6810819956298071,0.6810819956298071
0.6822913092727595,0.6822913092727595
0.68349675683876,0.68349675683876
0.6846983618192524,0.6846983618192524
0.6858961478101787,0.6858961478101787
0.6870901385125663,0.6870901385125663
0.6882803577331297,0.6882803577331297
0.6894668293848657,0.6894668293848657
0.6906495774876635,0.6906495774876635
0.6918286261689081,0.6918286261689081
0.693003999664101,0.693003999664101
0.6941757223174713,0.6941757223174713
0.6953438185826079,0.6953438185826079
0.6965083130230756,0.6965083130230756
0.6976692303130613,0.6976692303130613
0.6988265952379961,0.6988265952379961
0.699980432695211,0.699980432695211
0.7011307676945727,0.7011307676945727
0.7022776253591438,0.7022776253591438
0.7034210309258299,0.7034210309258299
0.7045610097460516,0.7045610097460516
0.7056975872863989,0.7056975872863989
0.7068307891293146,0.7068307891293146
0.7079606409737602,0.7079606409737602
0.7090871686359049,0.7090871686359049
0.710210398049805,0.710210398049805
0.711330355268105,0.711330355268105
0.7124470664627243,0.7124470664627243
0.7135605579255678,0.7135605579255678
0.7146708560692281,0.7146708560692281
0.7157779874277033,0.7157779874277033
0.7168819786571087,0.7168819786571087
0.7179828565364108,0.7179828565364108
0.7190806479681435,0.7190806479681435
0.7201753799791583,0.7201753799791583
0.7212670797213502,0.7212670797213502
0.7223557744724177,0.7223557744724177
0.7234414916366021,0.7234414916366021
0.7245242587454571,0.7245242587454571
0.7256041034586063,0.7256041034586063
0.7266810535645123,0.7266810535645123
0.7277551369812522,0.7277551369812522
0.7288263817573063,0.7288263817573063
0.7298948160723385,0.7298948160723385
0.7309604682379911,0.7309604682379911
0.7320233666986857,0.7320233666986857
0.7330835400324328,0.7330835400324328
0.7341410169516417,0.7341410169516417
0.735195826303936,0.735195826303936
0.7362479970729833,0.7362479970729833
0.737297558379328,0.737297558379328
0.7383445394812286,0.7383445394812286
0.739388969775499,0.739388969775499
0.7404308787983629,0.7404308787983629
0.7414702962263159,0.7414702962263159
0.7425072518769871,0.7425072518769871
0.7435417757100088,0.7435417757100088
0.7445738978278961,0.7445738978278961
0.7456036484769415,0.7456036484769415
0.746631058048098,0.746631058048098
0.7476561570778817,0.7476561570778817
0.7486789762492783,0.7486789762492783
0.7496995463926637,0.7496995463926637
0.750717898486721,0.750717898486721
0.7517340636593676,0.7517340636593676
0.7527480731886952,0.7527480731886952
0.7537599585039161,0.7537599585039161
0.7547697511863138,0.7547697511863138
0.7557774829701983,0.7557774829701983
0.7567831857438766,0.7567831857438766
0.7577868915506322,0.7577868915506322
0.7587886325897044,0.7587886325897044
0.7597884412172746,0.7597884412172746
0.7607863499474732,0.7607863499474732
0.7617823914533858,0.7617823914533858
0.7627765985680666,0.7627765985680666
0.7637690042855616,0.7637690042855616
0.7647596417619404,0.7647596417619404
0.7657485443163445,0.7657485443163445
0.7667357454320284,0.7667357454320284
0.7677212787574195,0.7677212787574195
0.7687051781071836,0.7687051781071836
0.7696874774633073,0.7696874774633073
0.7706682109761769,0.7706682109761769
0.7716474129656693,0.7716474129656693
0.7726251179222581,0.7726251179222581
0.7736013605081286,0.7736013605081286
0.7745761755582944,0.7745761755582944
0.7755495980817263,0.7755495980817263
0.776521663262494,0.776521663262494
0.7774924064609193,0.7774924064609193
0.7784618632147297,0.7784618632147297
0.7794300692402282,0.7794300692402282
0.7803970604334725,0.7803970604334725
0.781362872871465,0.781362872871465
0.782327542813351,0.782327542813351
0.7832911067016233,0.7832911067016233
0.7842536011633444,0.7842536011633444
0.7852150630113766,0.7852150630113766
0.7861755292456252,0.7861755292456252
0.7871350370542739,0.7871350370542739
0.7880936238150656,0.7880936238150656
0.7890513270965583,0.7890513270965583
0.7900081846594199,0.7900081846594199
0.7909642344577095,0.7909642344577095
0.7919195146401933,0.7919195146401933
0.7928740635516531,0.7928740635516531
0.7938279197342202,0.7938279197342202
0.7947811219287043,0.7947811219287043
0.7957337090759561,0.7957337090759561
0.7966857203182185,0.7966857203182185
0.7976371950005092,0.7976371950005092
0.7985881726719984,0.7985881726719984
0.799538693087416,0.799538693087416
0.8004887962084494,0.8004887962084494
0.8014385222051831,0.8014385222051831
0.8023879114575125,0.8023879114575125
0.8033370045566133,0.8033370045566133
0.8042858423063808,0.8042858423063808
0.8052344657249246,0.8052344657249246
0.8061829160460313,0.8061829160460313
0.8071312347206864,0.8071312347206864
0.8080794634185684,0.8080794634185684
0.8090276440295888,0.8090276440295888
0.8099758186654196,0.8099758186654196
0.8109240296610569,0.8109240296610569
0.8118723195763795,0.8118723195763795
0.812820731197738,0.812820731197738
0.8137693075395398,0.8137693075395398
0.814718091845871,0.814718091845871
0.8156671275921082,0.8156671275921082
0.8166164584865663,0.8166164584865663
0.817566128472146,0.817566128472146
0.8185161817280076,0.8185161817280076
0.8194666626712458,0.8194666626712458
0.820417615958598,0.820417615958598
0.8213690864881508,0.8213690864881508
0.8223211194010773,0.8223211194010773
0.8232737600833713,0.8232737600833713
0.8242270541676223,0.8242270541676223
0.8251810475347793,0.8251810475347793
0.8261357863159579,0.8261357863159579
0.8270913168942368,0.8270913168942368
0.8280476859064997,0.8280476859064997
0.8290049402452612,0.8290049402452612
0.8299631270605485,0.8299631270605485
0.8309222937617583,0.8309222937617583
0.8318824880195693,0.8318824880195693
0.832843757767843,0.832843757767843
0.833806151205564,0.833806151205564
0.8347697167987789,0.8347697167987789
0.8357345032825741,0.8357345032825741
0.8367005596630516,0.8367005596630516
0.8376679352193396,0.8376679352193396
0.8386366795056096,0.8386366795056096
0.8396068423531249,0.8396068423531249
0.8405784738722962,0.8405784738722962
0.8415516244547655,0.8415516244547655
0.8425263447755021,0.8425263447755021
0.8435026857949308,0.8435026857949308
0.8444806987610602,0.8444806987610602
0.8454604352116587,0.8454604352116587
0.8464419469764181,0.8464419469764181
0.8474252861791717,0.8474252861791717
0.8484105052401102,0.8484105052401102
0.8493976568780253,0.8493976568780253
0.8503867941125749,0.8503867941125749
0.8513779702665795,0.8513779702665795
0.8523712389683237,0.8523712389683237
0.853366654153891,0.853366654153891
0.8543642700695162,0.8543642700695162
0.8553641412739711,0.8553641412739711
0.8563663226409601,0.8563663226409601
0.8573708693615425,0.8573708693615425
0.8583778369465812,0.8583778369465812
0.8593872812292201,0.8593872812292201
0.8603992583673794,0.8603992583673794
0.8614138248462662,0.8614138248462662
0.8624310374809316,0.8624310374809316
0.8634509534188357,0.8634509534188357
0.8644736301424517,0.8644736301424517
0.8654991254718727,0.8654991254718727
0.8665274975674689,0.8665274975674689
0.8675588049325672,0.8675588049325672
0.868593106416142,0.868593106416142
0.8696304612155461,0.8696304612155461
0.8706709288792632,0.8706709288792632
0.8717145693097015,0.8717145693097015
0.8727614427659909,0.8727614427659909
0.8738116098668283,0.8738116098668283
0.8748651315933408,0.8748651315933408
0.8759220692919922,0.8759220692919922
0.876982484677498,0.876982484677498
0.8780464398357853,0.8780464398357853
0.8791139972269765,0.8791139972269765
0.8801852196884101,0.8801852196884101
0.8812601704376842,0.8812601704376842
0.8823389130757318,0.8823389130757318
0.8834215115899324,0.8834215115899324
0.8845080303572561,0.8845080303572561
0.8855985341474385,0.8855985341474385
0.8866930881261779,0.8866930881261779
0.8877917578583806,0.8877917578583806
0.8888946093114419,0.8888946093114419
0.8900017088585436,0.8900017088585436
0.891113123281994,0.891113123281994
0.8922289197766111,0.8922289197766111
0.8933491659531332,0.8933491659531332
0.8944739298416675,0.8944739298416675
0.895603279895167,0.895603279895167
0.8967372849929539,0.8967372849929539
0.897876014444286,0.897876014444286
0.8990195379919401,0.8990195379919401
0.9001679258158481,0.9001679258158481
0.9013212485367699,0.9013212485367699
0.9024795772200062,0.9024795772200062
0.9036429833791471,0.9036429833791471
0.9048115389798591,0.9048115389798591
0.9059853164437183,0.9059853164437183
0.9071643886520832,0.9071643886520832
0.9083488289500105,0.9083488289500105
0.9095387111502038,0.9095387111502038
0.9107341095370142,0.9107341095370142
0.911935098870487,0.911935098870487
0.9131417543904458,0.9131417543904458
0.9143541518206135,0.9143541518206135
0.9155723673727953,0.9155723673727953
0.9167964777510991,0.9167964777510991
0.9180265601562027,0.9180265601562027
0.9192626922896573,0.9192626922896573
0.9205049523582591,0.9205049523582591
0.9217534190784529,0.9217534190784529
0.9230081716807965,0.9230081716807965
0.9242692899144539,0.9242692899144539
0.9255368540517571,0.9255368540517571
0.926810944892827,0.926810944892827
0.9280916437702107,0.9280916437702107
0.9293790325536067,0.9293790325536067
0.930673193654617,0.930673193654617
2.3394199937757643,2.3394199937757643
2.322380106887553,2.322380106887553
2.3052300160719055,2.3052300160719055
2.2879730154961564,2.2879730154961564
2.2706121542528894,2.2706121542528894
2.253150266590941,2.253150266590941
2.235589997172445,2.235589997172445
2.217933822362067,2.217933822362067
2.200184068316303,2.200184068316303
2.1823429264666245,2.1823429264666245
2.164412466860698,2.164412466860698
2.146394649728685,2.146394649728685
2.1282913355676296,2.1282913355676296
2.110104293979684,2.110104293979684
2.0918352114558054,2.0918352114558054
2.0734856982616634,2.0734856982616634
2.055057294554876,2.055057294554876
2.0365514758407155,2.0365514758407155
2.0179696578557245,2.0179696578557245
1.9993132009542913,1.9993132009542913
1.9805834140615648,1.9805834140615648
1.9617815582465603,1.9617815582465603
1.9429088499610607,1.9429088499610607
1.9239664639838168,1.9239664639838168
1.9049555361036479,1.9049555361036479
1.8858771655706148,1.8858771655706148
1.8667324173405548,1.8667324173405548
1.8475223241349097,1.8475223241349097
1.828247888335115,1.828247888335115
1.8089100837282404,1.8089100837282404
1.7895098571187873,1.7895098571187873
1.770048129819493,1.770048129819493
1.750525799032797,1.750525799032797
1.7309437391330569,1.7309437391330569
1.7113028028586008,1.7113028028586008
1.6916038224216514,1.6916038224216514
1.6718476105434217,1.6718476105434217
1.6520349614207337,1.6520349614207337
1.6321666516298752,1.6321666516298752
1.6122434409730717,1.6122434409730717
1.5922660732721567,1.5922660732721567
1.5722352771136165,1.5722352771136165
1.5521517665488327,1.5521517665488327
1.532016241753178,1.532016241753178
1.511829389646742,1.511829389646742
1.4915918844798828,1.4915918844798828
1.4713043883860433,1.4713043883860433
1.450967551904104,1.450967551904104
1.4305820144727068,1.4305820144727068
1.4101484048982273,1.4101484048982273
1.3896673417984413,1.3896673417984413
1.3691394340233956,1.3691394340233956
1.348565281055075,1.348565281055075
1.3279454733872882,1.3279454733872882
1.3072805928869666,1.3072805928869666
1.2865712131382487,1.2865712131382487
1.2658178997701919,1.2658178997701919
1.2450212107693979,1.2450212107693979
1.2241816967783379,1.2241816967783379
1.203299901380194,1.203299901380194
1.1823763613712526,1.1823763613712526
1.1614116070213445,1.1614116070213445
1.140406162323167,1.140406162323167
1.1193605452311424,1.1193605452311424
1.0982752678903607,1.0982752678903607
1.0771508368561875,1.0771508368561875
1.0559877533050823,1.0559877533050823
1.0347865132370693,1.0347865132370693
1.0135476076703904,1.0135476076703904
0.9922715228287338,0.9922715228287338
0.9709587403213327,0.9709587403213327
0.9496097373165622,0.9496097373165622
0.9282249867091128,0.9282249867091128
0.9068049572812509,0.9068049572812509
0.8853501138584354,0.8853501138584354
0.8638609174594727,0.8638609174594727
0.8423378254416471,0.8423378254416471
0.8207812916410671,0.8207812916410671
0.7991917665082688,0.7991917665082688
0.7775696972395973,0.7775696972395973
0.7559155279043281,0.7559155279043281
0.7342296995679547,0.7342296995679547
0.712512650411611,0.712512650411611
0.6907648158480182,0.6907648158480182
0.668986628633947,0.668986628633947
0.6471785189795529,0.6471785189795529
0.6253409146545135,0.6253409146545135
0.6034742410913427,0.6034742410913427
0.5815789214858107,0.5815789214858107
0.5596553768947956,0.5596553768947956
0.5377040263315234,0.5377040263315234
0.5157252868584337,0.5157252868584337
0.4937195736777191,0.4937195736777191
0.4716873002197204,0.4716873002197204
0.4496288782291309,0.4496288782291309
0.4275447178492655,0.4275447178492655
0.4054352277044728,0.4054352277044728
0.3833008149806236,0.3833008149806236
0.3611418855039812,0.3611418855039812
0.33895884381830754,0.33895884381830754
0.31675209326054166,0.31675209326054166
0.2945220360348273,0.2945220360348273
0.27226907328526906,0.27226907328526906
0.2499936051671927,0.2499936051671927
0.2276960309171816,0.2276960309171816
0.20537674892194424,0.20537674892194424
0.1830361567858496,0.1830361567858496
0.16067465139754766,0.16067465139754766
0.13829262899532502,0.13829262899532502
0.11589048523167023,0.11589048523167023
0.09346861523671102,0.09346861523671102
0.07102741368085752,0.07102741368085752
0.04856727483652712,0.04856727483652712
0.026088592639116115,0.026088592639116115
0.0035917607471560586,0.0035917607471560586
-0.018922827398235142,-0.018922827398235142
-0.0414547785145416,-0.0414547785145416
-0.06400369941977324,-0.06400369941977324
-0.08656919697489762,-0.08656919697489762
-0.10915087802685086,-0.10915087802685086
-0.13174834935218804,-0.13174834935218804
-0.15436121760100363,-0.15436121760100363
-0.17698908924157308,-0.17698908924157308
-0.19963157050518632,-0.19963157050518632
-0.22228826733158336,-0.22228826733158336
-0.2449587853145303,-0.2449587853145303
-0.2676427296479229,-0.2676427296479229
-0.2903397050720997,-0.2903397050720997
-0.3130493158203649,-0.3130493158203649
-0.335771165565939,-0.335771165565939
-0.35850485736886384,-0.35850485736886384
-0.3812499936233831,-0.3812499936233831
-0.40400617600520583,-0.40400617600520583
-0.4267730054191432,-0.4267730054191432
-0.44955008194666135,-0.44955008194666135
-0.4723370047936317,-0.4723370047936317
-0.49513337223804577,-0.49513337223804577
-0.5179387815779499,-0.5179387815779499
-0.5407528290790875,-0.5407528290790875
-0.5635751099227999,-0.5635751099227999
-0.5864052181537165,-0.5864052181537165
-0.6092427466274799,-0.6092427466274799
-0.6320872869583205,-0.6320872869583205
-0.6549384294665472,-0.6549384294665472
-0.6777957631258733,-0.6777957631258733
-0.7006588755106353,-0.7006588755106353
-0.723527352742801,-0.723527352742801
-0.7464007794387548,-0.7464007794387548
-0.7692787386558919,-0.7692787386558919
-0.7921608118389845,-0.7921608118389845
-0.8150465787662124,-0.8150465787662124
-0.8379356174949315,-0.8379356174949315
-0.8608275043071583,-0.8608275043071583
-0.8837218136546774,-0.8837218136546774
-0.9066181181037738,-0.9066181181037738
-0.9295159882796842,-0.9295159882796842
-0.9524149928105015,-0.9524149928105015
-0.9753146982707577,-0.9753146982707577
-0.9982146691244864,-0.9982146691244864
-1.021114467667875,-1.021114467667875
-1.0440136539714189,-1.0440136539714189
-1.066911785821457,-1.066911785821457
-1.089808418661267,-1.089808418661267
-1.1127031055316188,-1.1127031055316188
-1.1355953970105759,-1.1355953970105759
-1.1584848411528679,-1.1584848411528679
-1.1813709834285362,-1.1813709834285362
-1.2042533666608808,-1.2042533666608808
-1.2271315309637885,-1.2271315309637885
-1.2500050136783258,-1.2500050136783258
-1.2728733493085862,-1.2728733493085862
-1.2957360694567495,-1.2957360694567495
-1.3185927027573499,-1.3185927027573499
-1.3414427748108295,-1.3414427748108295
-1.36428580811606,-1.36428580811606
-1.3871213220021446,-1.3871213220021446
-1.4099488325592358,-1.4099488325592358
-1.4327678525684817,-1.4327678525684817
-1.4555778914309343,-1.4555778914309343
-1.4783784550955197,-1.4783784550955197
-1.501169045986006,-1.501169045986006
-1.5239491629268143,-1.5239491629268143
-1.5467183010679246,-1.5467183010679246
-1.5694759518084558,-1.5694759518084558
-1.5922216027192588,-1.5922216027192588
-1.6149547374642648,-1.6149547374642648
-1.637674835720592,-1.637674835720592
-1.6603813730974162,-1.6603813730974162
-1.6830738210536174,-1.6830738210536174
-1.705751646813983,-1.705751646813983
-1.7284143132841256,-1.7284143132841256
-1.7510612789639994,-1.7510612789639994
-1.773691997859908,-1.773691997859908
-1.7963059193951505,-1.7963059193951505
-1.8189024883190044,-1.8189024883190044
-1.841481144614181,-1.841481144614181
-1.8640413234028204,-1.8640413234028204
-1.8865824548506085,-1.8865824548506085
-1.9091039640692626,-1.9091039640692626
-1.9316052710174176,-1.9316052710174176
-1.9540857903994748,-1.9540857903994748
-1.9765449315628185,-1.9765449315628185
-1.9989820983929825,-1.9989820983929825
-2.0213966892069877,-2.0213966892069877
-2.0437880966445494,-2.0437880966445494
-2.0661557075573773,-2.0661557075573773
-2.0884989028961822,-2.0884989028961822
-2.1108170575957317,-2.1108170575957317
-2.1331095404574567,-2.1331095404574567
-2.155375714029879,-2.155375714029879
-2.1776149344866944,-2.1776149344866944
-2.1998265515023663,-2.1998265515023663
-2.22200990812523,-2.22200990812523
-2.244164340648201,-2.244164340648201
-2.2662891784765833,-2.2662891784765833
-2.288383743993334,-2.288383743993334
-2.3104473524216544,-2.3104473524216544
-2.332479311684436,-2.332479311684436
-2.354478922261084,-2.354478922261084
-2.376445477041047,-2.376445477041047
-2.3983782611744777,-2.3983782611744777
-2.420276551919529,-2.420276551919529
-2.4421396184865234,-2.4421396184865234
-2.4639667218784904,-2.4639667218784904
-2.485757114728674,-2.485757114728674
-2.507510041133952,-2.507510041133952
-2.5292247364849763,-2.5292247364849763
-2.550900427292383,-2.550900427292383
-2.5725363310091103,-2.5725363310091103
-2.5941316558487566,-2.5941316558487566
-2.615685600599811,-2.615685600599811
-2.637197354435684,-2.637197354435684
-2.6586660967202613,-2.6586660967202613
-2.6800909968092235,-2.6800909968092235
-2.7014712138464034,-2.7014712138464034
-2.722805896555741,-2.722805896555741
-2.744094183028073,-2.744094183028073
-2.76533520050309,-2.76533520050309
-2.786528065145924,-2.786528065145924
-2.807671881818532,-2.807671881818532
-2.8287657438454943,-2.8287657438454943
-2.849808732774152,-2.849808732774152
-2.8707999181289834,-2.8707999181289834
-2.891738357159796,-2.891738357159796
-2.9126230945838776,-2.9126230945838776
-2.9334531623215874,-2.9334531623215874
-2.954227579225514,-2.954227579225514
-2.9749453508026944,-2.9749453508026944
-2.99560546892993,-2.99560546892993
-3.0162069115617403,-3.0162069115617403
-3.036748642430977,-3.036748642430977
-3.0572296107416292,-3.0572296107416292
-3.0776487508538555,-3.0776487508538555
-3.0980049819605444,-3.0980049819605444
-3.118297207755666,-3.118297207755666
-3.138524316093786,-3.138524316093786
-3.158685178640498,-3.158685178640498
-3.178778650513711,-3.178778650513711
-3.1988035699151487,-3.1988035699151487
-3.218758757751873,-3.218758757751873
-3.2386430172478855,-3.2386430172478855
-3.258455133544655,-3.258455133544655
-3.278193873291018,-3.278193873291018
-3.297857984221528,-3.297857984221528
-3.317446194723342,-3.317446194723342
-3.3369572133906926,-3.3369572133906926
-3.3563897285670263,-3.3563897285670263
-3.375742407874119,-3.375742407874119
-3.3950138977277904,-3.3950138977277904
-3.4142028228397283,-3.4142028228397283
-3.4333077857049554,-3.4333077857049554
-3.4523273660743534,-3.4523273660743534
-3.471260120411997,-3.471260120411997
-3.4901045813362517,-3.4901045813362517
-3.50885925704463,-3.50885925704463
-3.527522630721273,-3.527522630721273
-3.546093159926949,-3.546093159926949
-3.564569275970503,-3.564569275970503
-3.5829493832613073,-3.5829493832613073
-3.6012318586419187,-3.6012318586419187
-3.6194150507003267,-3.6194150507003267
-3.6374972790608417,-3.6374972790608417
-3.65547683365305,-3.65547683365305
-3.673351973957643,-3.673351973957643
-3.691120928228788,-3.691120928228788
-3.7087818926916247,-3.7087818926916247
-3.726333030714133,-3.726333030714133
-3.7437724719525765,-3.7437724719525765
-3.7610983114688974,-3.7610983114688974
-3.7783086088198123,-3.7783086088198123
-3.7954013871158123,-3.7954013871158123
-3.812374632048927,-3.812374632048927
-3.829226290888478,-3.829226290888478
-3.8459542714429773,-3.8459542714429773
-3.862556440987209,-3.862556440987209
-3.879030625152665,-3.879030625152665
-3.8953746067802486,-3.8953746067802486
-3.9115861247333754,-3.9115861247333754
-3.927662872670023,-3.927662872670023
-3.943602497771769,-3.943602497771769
-3.959402599428178,-3.959402599428178
-3.9750607278747365,-3.9750607278747365
-3.990574382781884,-3.990574382781884
-4.005941011793668,-4.005941011793668
-4.0211580090131935,-4.0211580090131935
-4.036222713433,-4.036222713433
-4.051132407307772,-4.051132407307772
-4.065884314466627,-4.065884314466627
-4.080475598562566,-4.080475598562566
-4.094903361256219,-4.094903361256219
-4.109164640330504,-4.109164640330504
-4.1232564077335265,-4.1232564077335265
-4.137175567546164,-4.137175567546164
-4.150918953870759,-4.150918953870759
-4.164483328637412,-4.164483328637412
-4.177865379323663,-4.177865379323663
-4.19106171658384,-4.19106171658384
-4.204068871783341,-4.204068871783341
-4.2168832944335115,-4.2168832944335115
-4.22950134952198,-4.22950134952198
-4.241919314733649,-4.241919314733649
-4.254133377556535,-4.254133377556535
-4.266139632266996,-4.266139632266996
-4.277934076787974,-4.277934076787974
-4.289512609413996,-4.289512609413996
-4.300871025395933,-4.300871025395933
-4.312005013378365,-4.312005013378365
-4.322910151681614,-4.322910151681614
-4.333581904420587,-4.333581904420587
-4.344015617451387,-4.344015617451387
-4.354206514136601,-4.354206514136601
-4.3641496909194935,-4.3641496909194935
-4.373840112696479,-4.373840112696479
-4.3832726079767745,-4.3832726079767745
-4.39244186381756,-4.39244186381756
-4.401342420521649,-4.401342420521649
-4.409968666084452,-4.409968666084452
-4.418314830375858,-4.418314830375858
-4.426374979041407,-4.426374979041407
-4.434143007106682,-4.434143007106682
-4.441612632267037,-4.441612632267037
-4.448777387844306,-4.448777387844306
-4.45563061539004,-4.45563061539004
-4.462165456913794,-4.462165456913794
-4.4683748467138305,-4.4683748467138305
-4.474251502784878,-4.474251502784878
-4.479787917776961,-4.479787917776961
-4.484976349476468,-4.484976349476468
-4.4898088107789125,-4.4898088107789125
-4.494277059120475,-4.494277059120475
-4.4983725853328895,-4.4983725853328895
-4.50208660188314,-4.50208660188314
-4.505410030457303,-4.505410030457303
-4.508333488843506,-4.508333488843506
-4.510847277066413,-4.510847277066413
-4.512941362720957,-4.512941362720957
-4.5146053654494835,-4.5146053654494835
-4.515828540501267,-4.515828540501267
-4.516599761308488,-4.516599761308488
-4.516907501007331,-4.516907501007331
-4.516739812826319,-4.516739812826319
-4.516084309257665,-4.516084309257665
-4.5149281399196,-4.5149281399196
-4.513257968009813,-4.513257968009813
-4.511059945240839,-4.511059945240839
-4.508319685138308,-4.508319685138308
-4.50502223457199,-4.50502223457199
-4.50115204337721,-4.50115204337721
-4.496692931910924,-4.496692931910924
-4.491628056371114,-4.491628056371114
-4.485939871692341,-4.485939871692341
-4.47961009181043,-4.47961009181043
-4.47261964706966,-4.47261964706966
-4.464948638521821,-4.464948638521821
-4.456576288840826,-4.456576288840826
-4.447480889547153,-4.447480889547153
-4.437639744204396,-4.437639744204396
-4.4270291072125785,-4.4270291072125785
-4.415624117782246,-4.415624117782246
-4.403398728626102,-4.403398728626102
-4.390325628852917,-4.390325628852917
-4.376376160487865,-4.376376160487865
-4.361520227976527,-4.361520227976527
-4.345726199951866,-4.345726199951866
-4.3289608024565815,-4.3289608024565815
-4.311189002712504,-4.311189002712504
-4.292373882413771,-4.292373882413771
-4.272476499389845,-4.272476499389845
-4.2514557363320895,-4.2514557363320895
-4.2292681351041725,-4.2292681351041725
-4.205867714954554,-4.205867714954554
-4.18120577271572,-4.18120577271572
-4.155230662804759,-4.155230662804759
-4.1278875545217275,-4.1278875545217275
-4.099118163774992,-4.099118163774992
-4.0688604559281325,-4.0688604559281325
-4.037048315954564,-4.037048315954564
-4.003611181483692,-4.003611181483692
-3.968473633612395,-3.968473633612395
-3.93155493950682,-3.93155493950682
-3.8927685398116996,-3.8927685398116996
-3.85202147267388,-3.85202147267388
-3.8092137247309967,-3.8092137247309967
-3.7642374976577715,-3.7642374976577715
-3.716976376727927,-3.716976376727927
-3.6673043852451093,-3.6673043852451093
-3.615084905503302,-3.615084905503302
-3.560169443002559,-3.560169443002559
-3.5023962057665505,-3.5023962057665505
-3.441588464526837,-3.441588464526837
-3.3775526519039394,-3.3775526519039394
-3.310076149073028,-3.310076149073028
-3.2389246961343563,-3.2389246961343563
-3.1638393466823853,-3.1638393466823853
-3.0845328667490195,-3.0845328667490195
-3.0006854518142574,-3.0006854518142574
-2.9119396007523313,-2.9119396007523313
-2.817893939324979,-2.817893939324979
-2.718095723751768,-2.718095723751768
-2.6120316706091713,-2.6120316706091713
-2.4991166434920418,-2.4991166434920418
-2.378679565575611,-2.378679565575611
-2.249945699312511,-2.249945699312511
-2.112014107347603,-2.112014107347603
-1.9638286308951272,-1.9638286308951272
-1.8041400104122793,-1.8041400104122793
-1.631455691562424,-1.631455691562424
-1.44397217498459,-1.44397217498459
-1.239482075139048,-1.239482075139048
-1.0152436164217171,-1.0152436164217171
-0.7677927307824621,-0.7677927307824621
-0.4926645095418234,-0.4926645095418234
-0.1839658676327609,-0.1839658676327609
0.16630750022596352,0.16630750022596352
0.5694187926227943,0.5694187926227943
1.0419423483745387,1.0419423483745387
1.6097391651063409,1.6097391651063409
2.3165292280843204,2.3165292280843204
3.245418274385898,3.245418274385898
4.5875408828452615,4.5875408828452615
6.987944843456566,6.987944843456566
